-153.288 57.2225
-149.131 61.5922
-160.477 55.3493
-155.622 61.1082
141.596 -31.8757
-153.357 59.3702
-153.445 59.3626
-168.166 53.426
125.26 43.48
127.41 50.253
118.854 32.0517
123.578 41.8278
117.124 36.21
114.354 30.5428
-121.233 43.722
-121.355 43.6727
-121.145 43.6019
-128.113 52.1847
-140.148 -8.85492
142.184 27.0957
139.814 33.1153
142.593 44.1188
128.273 26.836
123.011 24.4672
-116.452 33.6125
-116.46 33.6056
-112.812 31.9559
-149.724 60.4814
-120.941 43.7921
-122.825 47.5641
-123.771 47.117
-111.851 -74.5476
-123.504 48.0575
-120.666 47.2545
-166.788 53.9148
-168.855 52.9721
-163.418 54.8564
-150.906 59.7511
-150.741 59.7417
-151.154 60.7683
-159.589 54.831
-145.75 60.5487
-171.704 63.7758
-148.926 61.771
-147.096 60.8792
-143.321 60.2805
-144.262 60.3351
-151.652 59.6572
-143.969 60.2361
-148.333 60.8584
-154.184 56.5593
-150.223 60.5117
-170.248 57.1766
-150.747 61.4636
-143.779 60.072
-149.453 60.1043
-166.505 53.8452
-143.284 60.1205
-121.81 46.7506
-122.249 47.5563
137.029 35.35
158.315 6.8367
98.9237 2.6938
62.871 -67.604
-122.972 47.7172
-123.799 46.4218
-121.803 47.4255
149.363 -35.315
143.175 -13.9574
140.746 -27.741
132.473 -12.6869
138.216 -30.4472
131.133 -12.8436
135.688 -27.7944
139.605 -20.5577
145.491 -37.5714
128.296 -25.0375
-116.422 32.892
-122.88 38.1448
-121.447 36.764
-117.434 34.5505
-118.83 35.1269
-116.921 34.2623
-115.454 33.6552
-115.998 34.0006
-117.659 34.2388
-118.026 34.3334
-118.415 33.4019
-118.08 36.4399
-115.381 34.6375
-118.334 34.2535
-117.009 33.65
-118.455 34.1062
-117.994 34.8811
-118.294 33.7126
-116.863 36.4672
-114.827 33.0515
-115.66 34.7846
-117.366 36.9961
-116.806 35.3018
-116.335 34.8294
-118.474 35.6628
-118.836 37.6302
-117.489 36.058
-119.814 34.8885
-117.195 33.6
-118.058 34.2236
-118.724 34.6145
-118.185 34.1714
-114.142 34.3034
-116.863 33.3536
-116.997 34.8753
-119.715 34.4408
-119.635 33.9954
-119.524 33.2479
-115.8 32.9451
-118.23 37.0542
-115.924 35.4358
-119.085 35.8409
110.523 -7.9125
114.142 22.2776
127.364 36.3772
103.773 1.3608
101.025 4.4795
116.215 6.0443
103.847 1.7922
100.649 5.2902
118.498 5.1777
-117.105 32.8889
118.388 24.4638
121.595 24.1738
120.954 23.7876
120.63 23.3005
121.08 22.8177
121.376 24.6695
121.297 23.3925
-123.755 45.2135
110.308 1.4733
-119.474 -80.017
