141.596 -31.8757
142.184 27.0957
142.593 44.1188
137.354 35.604
142.593 44.1188
140.79 37.869
133.876 33.7315
131.224 25.8198
138.257 38.04
138.183 34.6777
141.065 40.7895
123.011 24.4672
-116.452 33.6125
-116.46 33.6056
-107.785 32.5324
-112.812 31.9559
-109.736 35.1181
-122.825 47.5641
-123.771 47.117
-111.851 -74.5476
-120.666 47.2545
-121.81 46.7506
-122.249 47.5563
137.029 35.35
158.315 6.8367
98.9237 2.6938
62.871 -67.604
-122.972 47.7172
-121.651 45.3223
-123.799 46.4218
-121.803 47.4255
128.059 -30.779
132.473 -12.6869
128.296 -25.0375
105.652 -10.4807
-116.422 32.892
-116.848 33.63
-120.387 38.0345
-122.957 42.6071
-117.434 34.5505
-118.83 35.1269
-115.454 33.6552
-115.998 34.0006
-117.659 34.2388
-118.026 34.3334
-118.415 33.4019
-118.08 36.4399
-115.381 34.6375
-118.334 34.2535
-117.009 33.65
-117.994 34.8811
-114.827 33.0515
-115.66 34.7846
-116.806 35.3018
-116.335 34.8294
-115.145 34.1574
-118.474 35.6628
-118.836 37.6302
-117.489 36.058
-114.619 34.7676
-118.724 34.6145
-114.142 34.3034
-116.997 34.8753
-116.275 35.8996
-115.924 35.4358
-119.085 35.8409
110.523 -7.9125
114.142 22.2776
127.364 36.3772
101.025 4.4795
116.215 6.0443
103.847 1.7922
100.649 5.2902
118.498 5.1777
-117.105 32.8889
118.388 24.4638
121.595 24.1738
120.954 23.7876
120.63 23.3005
121.08 22.8177
121.376 24.6695
121.297 23.3925
110.308 1.4733
-119.474 -80.017
