40.7037 11.9892
41.0043 11.7926
148.396 -34.298
97.5 31
103.758 30.91
94.8145 36.1984
99.8167 39.4
103.844 36.087
92.25 32.25
98.52 25.029
69.0432 34.5408
73.7772 42.6615
71.9667 41.8
75.9422 42.4922
75.97 41.4222
82.2904 46.7937
57.761 19.0152
53.6449 12.6993
53.9327 12.563
53.5806 12.4176
123.258 44.1229
150.833 -9.4657
150.362 -9.3763
150.186 -9.4385
150.87 -9.2247
150.78 -9.2864
151.085 -8.5073
150.881 -9.9483
151.184 -8.8523
150.138 -9.2442
70.5115 43.1034
76.9658 43.2172
116.111 42.0066
151.629 -30.4183
145.692 -31.5375
149.363 -35.315
151.082 -25.3691
144.235 -26.5837
152.164 -4.1912
91.127 29.7031
146.255 -20.0882
38.6798 8.8952
108.924 34.0313
