97.5 31
103.758 30.91
99.8167 39.4
75.923 39.517
103.844 36.087
92.25 32.25
70.3885 53.0249
78.5304 50.6226
81.977 46.808
82.2904 46.7937
105.469 15.2773
70.5115 43.1034
78.5634 50.7216
78.5366 50.6424
78.5239 50.6028
78.4977 50.5236
78.6862 50.6019
78.6242 50.6102
78.5927 50.6144
78.5615 50.6185
78.4993 50.6269
78.4057 50.6394
102.74 25.1233
45.5032 23.5225
101.025 4.4795
116.215 6.0443
108.481 11.952
69.0432 34.5408
76.9658 43.2172
91.127 29.7031
107.053 47.8651
77.8048 41.7291
87.7049 43.8138
