-149.739 61.0889
-149.131 61.5922
-121.817 44.0597
-118.155 38.4328
-122.411 43.7941
-122.854 41.392
-121.839 41.7826
-115.585 38.3489
-121.81 46.7506
-145.775 61.1292
-171.704 63.7758
-148.332 61.807
-123.755 45.2135
158.315 6.8367
-123.771 47.117
-116.667 33.4915
-116.737 33.5654
-116.712 33.7141
-116.848 33.63
-117.171 33.4577
-116.613 33.5519
-116.426 33.5234
-116.675 33.5736
-117.434 34.5505
-118.83 35.1269
-116.672 32.68
-115.998 34.0006
-117.659 34.2388
-118.026 34.3334
-115.381 34.6375
-118.334 34.2535
-117.009 33.65
-118.455 34.1062
-117.994 34.8811
-116.863 36.4672
-114.827 33.0515
-115.66 34.7846
-116.806 35.3018
-116.335 34.8294
-115.145 34.1574
-117.682 35.4795
-118.836 37.6302
-117.489 36.058
-119.814 34.8885
-117.195 33.6
-118.058 34.2236
-114.619 34.7676
-118.724 34.6145
-114.142 34.3034
-120.546 35.4077
-116.863 33.3536
-118.404 33.7435
-116.997 34.8753
-119.635 33.9954
-117.662 33.5526
-116.275 35.8996
-119.996 35.3142
-117.098 34.1065
-115.8 32.9451
-118.23 37.0542
-115.924 35.4358
-119.085 35.8409
-117.33 34.5606
129.593 44.6176
-176.684 51.8823
-123.305 44.5855
146.255 -20.0882
125.579 7.0697
144.868 13.5893
150.77 59.5756
-110.785 32.3098
116.215 6.0443
110.308 1.4733
118.498 5.1777
-117.105 32.8889
-122.825 47.5641
-116.562 33.3516
-116.96 33.0262
158.65 53.0233
142.76 46.9587
