129.68 62.031
74.7513 42.9986
73.7772 42.6615
75.5966 42.9208
76.2417 42.2456
74.4997 43.2669
58.0164 50.4348
70.2828 53.0581
59.9431 49.2556
70.5115 43.1034
76.9658 43.2172
116.168 40.0183
109.494 30.2762
102.74 25.1233
91.127 29.7031
129.593 44.6176
121.191 31.0948
87.7049 43.8138
108.924 34.0313
58.5615 56.4293
103.644 51.6807
150.77 59.5756
138.204 36.5457
128.867 71.6341
107.053 47.8651
118.388 24.4638
121.595 24.1738
120.954 23.7876
120.63 23.3005
121.376 24.6695
121.297 23.3925
142.76 46.9587
