141.596 -31.8757
97.5 31
103.758 30.91
125.26 43.48
121.628 38.906
94.8145 36.1984
99.8167 39.4
106.664 26.46
127.41 50.253
111.564 40.85
75.923 39.517
112.47 34.55
103.844 36.087
118.854 32.0517
123.578 41.8278
117.124 36.21
98.52 25.029
114.354 30.5428
116.079 43.9
42.8466 11.5307
166.444 -22.0716
166.307 -22.0986
129.68 62.031
137.354 35.604
128.273 26.836
141.065 40.7895
123.011 24.4672
75.9422 42.4922
70.818 40.0575
72.5067 42.4894
78.4 42.5
70.2828 53.0581
78.6202 50.7154
81.977 46.808
148.628 -32.2334
138.636 -34.8916
148.996 -35.3188
151.967 -27.5452
97.9632 19.3148
59.9431 49.2556
70.5115 43.1034
76.9658 43.2172
78.5634 50.7216
78.5566 50.7017
78.55 50.682
78.5434 50.6622
78.5239 50.6028
78.5172 50.5831
78.5108 50.5632
78.5043 50.5433
78.4977 50.5236
78.6862 50.6019
78.6551 50.6061
78.6242 50.6102
78.5615 50.6185
78.4993 50.6269
78.469 50.6317
78.4368 50.6353
78.4057 50.6394
78.3746 50.6436
78.5304 50.6226
82.2904 46.7937
79.4849 43.3276
151.629 -30.4183
145.692 -31.5375
149.363 -35.315
151.082 -25.3691
151.158 -33.8294
145.491 -37.5714
148.396 -34.298
114.142 22.2776
116.168 40.0183
109.494 30.2762
91.127 29.7031
129.593 44.6176
58.5615 56.4293
178.053 -17.7448
73.2686 33.6506
80.7022 7.2728
56.2042 24.9453
159.947 -9.4387
150.77 59.5756
128.867 71.6341
107.053 47.8651
118.388 24.4638
121.595 24.1738
120.954 23.7876
120.63 23.3005
121.08 22.8177
121.376 24.6695
121.297 23.3925
69.0432 34.5408
158.65 53.0233
142.76 46.9587
151.025 -33.7846
