133.904 -23.666
134.351 -19.9428
134.355 -19.923
134.359 -19.9036
134.366 -19.8782
134.367 -19.855
134.38 -19.8408
134.381 -19.8139
134.384 -19.7914
134.339 -19.9243
134.365 -19.9254
134.372 -19.9587
134.34 -19.9619
134.339 -19.9426
134.362 -19.9469
134.387 -19.9485
134.407 -19.9503
134.453 -19.9542
134.476 -19.9552
134.501 -19.9558
134.515 -19.9577
147.409 -19.5774
98.9237 2.6938
136.059 -32.8102
143.175 -13.9574
128.059 -30.779
114.234 -22.643
140.746 -27.741
138.216 -30.4472
118.614 -26.6376
116.04 -29.0679
134.059 -30.2818
135.688 -27.7944
119.846 -21.5725
119.836 -21.5767
119.847 -21.5628
119.855 -21.5781
119.861 -21.5548
119.855 -21.5933
119.809 -21.5336
119.901 -21.5625
119.83 -21.4547
119.78 -21.6432
139.605 -20.5577
128.296 -25.0375
105.688 -10.4501
105.652 -10.4807
109.844 19.0291
146.255 -20.0882
125.579 7.0697
119.731 -21.159
117.239 -32.9277
147.16 -9.4047
101.025 4.4795
116.215 6.0443
103.847 1.7922
110.308 1.4733
100.649 5.2902
118.498 5.1777
112.214 2.4529
120.455 17.552
