-133.123 55.4689
-72.4125 -42.3787
-72.4034 -41.1384
-73.4779 -42.8324
-109.435 -27.1603
-121.368 43.8206
-121.233 43.722
-122.218 46.2753
-121.253 43.739
-121.815 46.8997
-121.963 44.2098
-122.224 46.2375
-122.217 46.1783
-121.355 43.6727
-121.664 44.2408
-122.189 46.2142
-121.817 44.0597
-128.113 52.1847
-57.5032 49.2562
-68.5451 63.7469
-79.1411 44.7695
-66.8332 54.8324
-95.875 50.2503
-114.484 62.4822
-114.61 62.5616
-71.1327 21.5115
-75.1108 19.9268
-39.6474 69.0922
-51.6679 64.1838
-72.0814 -45.573
-48.1712 61.2058
-16.9555 14.392
-99.1781 19.3297
-118.155 38.4328
-111.027 43.6381
-115.828 43.4151
-56.1395 72.7829
-74.5065 44.8399
-74.0119 41.414
-80.3618 27.0361
-80.907 25.8657
-91.4036 32.7032
-89.0573 32.6368
-84.7188 32.6686
-83.1066 32.6131
-95.8084 32.0015
-86.2677 31.9778
-82.4758 31.9263
-81.0261 31.9746
-89.4649 31.3876
-84.9274 31.4793
-93.1898 30.7498
-85.7467 30.616
-82.0223 30.7248
-84.4317 30.189
-82.5348 29.3689
-97.8082 28.8553
-69.0501 47.0819
-100.693 46.5748
-91.5542 46.6058
-84.3062 46.3665
-68.4623 46.422
-96.2929 45.8398
-88.1347 45.7587
-69.9664 45.8968
-69.1029 45.703
-68.3496 45.8633
-90.2006 45.2684
-70.5319 45.2186
-67.5632 45.2002
-87.7704 44.4697
-71.1559 44.5743
-93.4003 44.0149
-90.6177 43.8916
-88.9134 43.8908
-86.2348 44.0361
-82.8246 43.94
-71.3359 43.8743
-70.5809 44.0505
-84.8214 43.2382
-78.6392 43.2728
-77.8167 43.2657
-76.8579 43.276
-75.9968 43.4099
-75.2852 43.3603
-74.5041 43.4647
-72.5535 43.3462
-88.332 42.7044
-82.6231 42.7749
-76.5163 42.7313
-72.2345 42.6651
-96.3762 41.9666
-91.2218 42.0628
-89.667 42.004
-86.2955 42.0127
-84.4329 41.9438
-77.5591 42.1365
-75.0426 42.1902
-70.8391 41.9359
-88.0432 41.3882
-83.0428 41.4035
-81.357 41.5405
-77.128 41.3372
-72.0464 41.4038
-95.6424 40.8612
-93.235 40.7931
-90.8552 40.7077
-85.6942 40.8801
-84.1825 40.922
-82.3748 40.9183
-80.8377 40.8065
-76.7158 40.8396
-73.4677 40.9313
-84.3353 40.188
-81.8361 40.1158
-80.3778 40.1821
-93.5321 39.6248
-92.0483 39.5298
-89.5213 39.6409
-87.2067 39.6178
-85.4258 39.4605
-81.3896 39.4868
-78.0126 39.4835
-74.7919 39.6734
-89.0169 38.9033
-83.3456 39.026
-82.2669 38.9622
-80.8338 38.9836
-79.1871 39.0401
-98.7111 38.4225
-92.2684 38.2909
-85.1714 38.2916
-84.3274 38.2816
-80.1195 38.2825
-77.8787 37.9636
-75.339 38.3303
-93.3226 37.6909
-89.2551 37.6936
-83.5935 37.6392
-81.3114 37.7997
-78.9536 37.7605
-75.6727 37.6804
-96.5119 36.9162
-88.6459 37.0159
-87.1055 36.9881
-84.8384 37.0204
-79.2538 36.9983
-77.5541 36.9716
-94.3857 36.4394
-85.7796 36.5129
-81.8204 36.5209
-80.3829 36.3472
-86.8219 35.74
-82.8124 35.6694
-81.2149 35.8518
-76.5776 35.7912
-85.3119 35.2002
-83.9277 35.0935
-79.9928 35.1529
-87.0452 34.4517
-84.8574 34.5658
-79.3388 34.5548
-89.5431 33.8656
-86.4119 33.8577
-84.0626 33.864
-80.3915 34.017
-79.6665 33.9057
-78.2163 34.0046
-97.253 33.3309
-94.9852 33.2599
-88.0696 33.1989
-86.5222 39.1719
-90.4273 37.9812
-88.0991 38.7338
-88.0755 34.9824
-89.6997 36.4137
-92.3429 34.7751
-87.666 37.965
-95.3713 34.5892
-107.785 32.5324
-112.812 31.9559
-97.585 30.7827
-99.3939 28.3236
-110.576 44.3951
-87.9119 42.1782
-72.6802 42.4498
-70.6466 41.562
-105.944 40.8947
-81.2129 40.2493
-84.7164 39.5342
-82.1325 39.6337
-106.829 37.7461
-104.411 37.1388
-109.736 35.1181
-106.921 34.0739
-83.6567 42.3012
-82.982 40.2319
-95.8619 48.2977
-111.1 42.7654
-101.681 34.8837
-117.306 44.8525
-111.63 45.597
-109.558 42.7667
-99.7374 38.814
-77.8901 35.2393
-89.1369 46.1003
-104.196 48.4702
-112.813 40.195
-96.6141 43.7337
-109.755 48.024
-115.239 40.7448
-79.9891 42.1175
-91.4953 47.9462
-84.6175 44.8245
-119.533 46.3925
-114.414 43.5625
-111.565 41.6069
-99.8022 30.4794
-90.2481 42.9142
-96.6094 39.1009
-97.8929 27.5459
-106.223 46.6885
-110.4 44.5652
-74.5829 44.6197
-79.8456 39.6581
-93.5765 34.5454
-105.382 31.6985
-113.941 46.8292
-108.493 37.1996
-94.661 31.7598
-80.1778 33.1067
-123.869 47.3917
-69.2917 45.2644
-109.267 45.1221
-93.2153 41.9069
-105.501 37.7456
-83.549 36.5439
-90.5177 32.2185
-98.7807 34.7379
-132.347 56.4191
-111.374 35.5169
-118.637 42.4339
-117.228 45.9734
-118.274 47.8006
-123.504 48.0575
-119.333 48.3584
-121.677 48.8528
-111.851 -74.5476
-97.5606 -72.5301
-90.2364 38.6361
-98.5665 17.5627
-74.3984 42.6968
-72.9918 43.9537
-75.6549 43.981
-8.21994 37.8395
-102.567 22.7692
-121.651 45.3223
-122.249 47.5563
-110.957 43.4897
-73.6678 43.3843
-73.9602 40.7911
-73.4843 41.7261
-70.865 43.0927
-2.8379 -71.6707
-74.9508 44.5578
-122.143 42.9077
-121.529 45.4643
-4.48483 50.9943
-112.596 45.3625
-110.604 43.6124
-105.458 41.3016
-110.852 43.3624
-107.21 41.6889
-106.974 39.1776
-80.1448 41.6492
-78.8551 42.9273
-75.7682 41.557
-75.606 39.9324
-78.6042 42.4062
-120.941 43.7921
-122.972 47.7172
-124.566 47.9475
-122.825 47.5641
-123.755 45.2135
-120.666 47.2545
-123.799 46.4218
-121.803 47.4255
-123.771 47.117
-83.774 35.658
-116.667 33.4915
-116.737 33.5654
-116.712 33.7141
-116.848 33.63
-117.171 33.4577
-116.613 33.5519
-116.426 33.5234
-116.675 33.5736
-120.387 38.0345
-122.957 42.6071
-122.88 38.1448
-121.447 36.764
-117.434 34.5505
-118.83 35.1269
-119.104 35.3444
-116.921 34.2623
-115.454 33.6552
-115.998 34.0006
-117.659 34.2388
-118.026 34.3334
-118.415 33.4019
-118.08 36.4399
-115.381 34.6375
-118.334 34.2535
-117.009 33.65
-118.455 34.1062
-117.994 34.8811
-118.294 33.7126
-116.863 36.4672
-114.827 33.0515
-115.66 34.7846
-116.806 35.3018
-116.335 34.8294
-116.109 32.6501
-115.145 34.1574
-118.474 35.6628
-117.682 35.4795
-118.836 37.6302
-117.489 36.058
-119.814 34.8885
-117.195 33.6
-118.058 34.2236
-114.619 34.7676
-118.724 34.6145
-118.185 34.1714
-114.142 34.3034
-116.863 33.3536
-118.404 33.7435
-116.997 34.8753
-119.715 34.4408
-118.547 32.9799
-119.635 33.9954
-117.662 33.5526
-116.275 35.8996
-117.283 35.8909
-119.996 35.3142
-119.524 33.2479
-117.098 34.1065
-115.8 32.9451
-118.23 37.0542
-115.924 35.4358
-118.286 34.0192
-119.085 35.8409
-119.382 36.321
-117.33 34.5606
-25.5243 37.7637
-58.0637 -51.6753
-101.978 54.725
-36.4879 -54.2836
-109.334 -27.1267
-5.7455 -15.9594
-106.457 34.9459
-64.6963 32.3713
-123.305 44.5855
-81.4327 28.1103
-95.8384 29.9618
-71.5583 42.5064
-4.3499 39.5446
-104.036 44.1212
-50.6208 66.9961
-109.944 23.6858
-77.8876 40.6358
-110.785 32.3098
-86.2939 38.2289
-87.83 36.1297
-75.0514 44.1651
-74.2231 43.9735
-74.1435 41.7546
-74.6056 41.0829
-73.9079 41.0056
-74.7029 40.3769
-9.1505 38.7185
-92.2687 37.154
-89.932 35.123
-90.4297 36.7785
-89.2174 37.7148
-8.4124 40.208
-89.2315 13.6868
-110.699 44.0827
-73.8852 40.8603
-74.2244 41.145
-72.2255 41.7943
-105.664 26.9368
-112.241 27.3198
-4.85653 6.67015
-73.4744 -41.4053
-88.3896 38.3813
-80.675 41.4393
-105.149 38.9641
-75.9861 42.1993
-80.4205 37.2113
-87.0506 31.1687
-77.3732 38.2046
-83.4666 33.4112
-89.294 40.5559
-71.9259 44.2401
-117.123 48.2642
-119.474 -80.017
-92.1368 16.2818
-101.227 19.6467
-8.65267 37.3043
-6.7745 52.3743
-10.2442 51.9394
-7.5902 38.8672
-8.82683 37.1328
-17.1972 32.823
-7.7173 37.4037
-28.247 38.7208
-45.4188 61.1595
-31.3755 68.2035
