116.215 6.0443
118.498 5.1777
121.08 22.8177
116.215 6.0443
103.847 1.7922
118.498 5.1777
112.214 2.4529
121.08 22.8177
166.444 -22.0716
151.082 -25.3691
166.444 -22.0716
151.082 -25.3691
167.939 -29.0433
166.444 -22.0716
151.082 -25.3691
167.939 -29.0433
166.307 -22.0986
167.939 -29.0433
166.444 -22.0716
166.307 -22.0986
151.082 -25.3691
167.939 -29.0433
166.444 -22.0716
151.082 -25.3691
166.444 -22.0716
166.444 -22.0716
151.629 -30.4183
151.082 -25.3691
167.939 -29.0433
166.444 -22.0716
151.082 -25.3691
167.939 -29.0433
151.082 -25.3691
166.444 -22.0716
151.082 -25.3691
167.939 -29.0433
151.082 -25.3691
166.444 -22.0716
151.629 -30.4183
151.082 -25.3691
166.444 -22.0716
151.629 -30.4183
151.082 -25.3691
166.444 -22.0716
151.629 -30.4183
151.082 -25.3691
151.082 -25.3691
166.444 -22.0716
159.947 -9.4387
173.164 52.8821
109.494 30.2762
158.65 53.0233
108.924 34.0313
150.77 59.5756
109.494 30.2762
121.191 31.0948
150.77 59.5756
128.867 71.6341
-159.773 -21.2125
159.947 -9.4387
159.947 -9.4387
159.947 -9.4387
173.164 52.8821
140.11 36.2108
119.741 49.2704
116.168 40.0183
150.77 59.5756
138.204 36.5457
126.624 37.4776
103.644 51.6807
107.053 47.8651
129.591 44.617
121.191 31.0948
129.68 62.031
116.168 40.0183
107.053 47.8651
119.741 49.2704
166.444 -22.0716
166.307 -22.0986
166.444 -22.0716
166.444 -22.0716
147.16 -9.4047
121.297 23.3925
109.494 30.2762
102.74 25.1233
109.844 19.0291
121.08 22.8177
143.176 -13.9563
134.351 -19.9428
142.203 27.057
121.376 24.6695
121.297 23.3925
120.954 23.7876
102.74 25.1233
118.388 24.4638
109.844 19.0291
134.36 -19.9336
121.08 22.8177
143.176 -13.9563
125.639 -18.102
134.351 -19.9428
98.9237 2.6938
121.297 23.3925
120.63 23.3005
109.494 30.2762
102.74 25.1233
118.388 24.4638
109.844 19.0291
121.08 22.8177
134.351 -19.9428
166.307 -22.0986
166.307 -22.0986
151.082 -25.3691
159.947 -9.4387
166.307 -22.0986
166.307 -22.0986
151.628 -30.4198
166.307 -22.0986
166.307 -22.0986
159.947 -9.4387
-76.8422 -11.9875
-47.427 -23.5927
-152.315 63.8827
-171.704 63.7758
-170.248 57.1766
-167.927 65.5598
-166.505 53.8452
-155.284 58.2702
-152.084 63.4188
-168.855 52.9721
-152.189 62.8962
137.029 35.35
-170.248 57.1766
-166.505 53.8452
-160.477 55.3493
174.103 52.7308
139.814 33.1153
137.029 35.35
128.867 71.6341
120.63 23.3005
121.08 22.8177
102.74 25.1233
109.844 19.0291
147.16 -9.4047
102.74 25.1233
109.844 19.0291
147.16 -9.4047
166.444 -22.0716
151.629 -30.4183
151.082 -25.3691
167.939 -29.0433
97.5 31
103.758 30.91
94.8145 36.1984
99.8167 39.4
113.652 23.6525
111.564 40.85
112.47 34.55
103.844 36.087
118.854 32.0517
117.124 36.21
114.354 30.5428
109.844 19.0291
102.74 25.1233
120.455 17.552
118.388 24.4638
121.595 24.1738
120.954 23.7876
120.63 23.3005
121.08 22.8177
121.376 24.6695
121.297 23.3925
121.191 31.0948
128.867 71.6341
109.494 30.2762
103.644 51.6807
107.053 47.8651
97.5 31
103.758 30.91
94.8145 36.1984
99.8167 39.4
113.652 23.6525
111.564 40.85
112.47 34.55
103.844 36.087
118.854 32.0517
117.124 36.21
120.455 17.552
118.388 24.4638
121.595 24.1738
120.954 23.7876
120.63 23.3005
121.08 22.8177
121.376 24.6695
121.297 23.3925
121.191 31.0948
109.494 30.2762
107.053 47.8651
112.47 34.55
103.844 36.087
107.053 47.8651
-171.704 63.7758
129.591 44.617
-171.704 63.7758
106.664 26.46
112.47 34.55
117.124 36.21
123.011 24.4672
114.142 22.2776
100.649 5.2902
112.214 2.4529
108.481 11.952
118.388 24.4638
121.595 24.1738
120.954 23.7876
121.08 22.8177
121.376 24.6695
121.297 23.3925
109.844 19.0291
102.74 25.1233
121.08 22.8177
121.297 23.3925
109.494 30.2762
109.844 19.0291
102.74 25.1233
121.08 22.8177
121.297 23.3925
109.494 30.2762
109.844 19.0291
102.74 25.1233
134.36 -19.9336
144.868 13.5893
147.16 -9.4047
121.497 24.9735
118.388 24.4638
121.595 24.1738
120.954 23.7876
121.08 22.8177
121.297 23.3925
119.731 -21.159
109.494 30.2762
121.191 31.0948
109.844 19.0291
102.74 25.1233
118.388 24.4638
121.595 24.1738
120.954 23.7876
121.08 22.8177
121.297 23.3925
109.494 30.2762
134.351 -19.9428
106.664 26.46
113.652 23.6525
112.47 34.55
130.877 33.125
109.844 19.0291
102.74 25.1233
143.175 -13.9574
147.366 -2.0432
134.36 -19.9336
103.773 1.3608
101.025 4.4795
110.308 1.4733
100.649 5.2902
112.214 2.4529
108.481 11.952
118.388 24.4638
120.954 23.7876
121.08 22.8177
121.297 23.3925
109.494 30.2762
134.351 -19.9428
106.664 26.46
109.844 19.0291
102.74 25.1233
143.175 -13.9574
147.366 -2.0432
110.523 -7.9125
134.36 -19.9336
110.308 1.4733
108.481 11.952
134.393 -19.7671
134.351 -19.9428
134.355 -19.923
134.359 -19.9036
134.366 -19.8782
134.367 -19.855
134.38 -19.8408
134.381 -19.8139
134.384 -19.7914
134.339 -19.9243
134.365 -19.9254
134.34 -19.9619
134.54 -19.9597
134.339 -19.9426
134.362 -19.9469
134.387 -19.9485
134.407 -19.9503
134.43 -19.9522
134.453 -19.9542
134.501 -19.9558
134.515 -19.9577
106.664 26.46
113.652 23.6525
118.854 32.0517
114.354 30.5428
142.184 27.0957
130.877 33.125
123.011 24.4672
149.155 -9.3378
109.844 19.0291
102.74 25.1233
142.203 27.057
98.9237 2.6938
143.175 -13.9574
128.763 -15.6769
147.366 -2.0432
131.133 -12.8436
110.523 -7.9125
114.142 22.2776
119.752 -5.0142
134.36 -19.9336
144.868 13.5893
147.16 -9.4047
103.773 1.3608
101.025 4.4795
103.847 1.7922
110.308 1.4733
100.649 5.2902
112.214 2.4529
108.481 11.952
103.907 21.3252
118.388 24.4638
121.595 24.1738
120.954 23.7876
121.08 22.8177
121.376 24.6695
121.297 23.3925
109.494 30.2762
106.664 26.46
113.652 23.6525
112.47 34.55
123.011 24.4672
109.844 19.0291
102.74 25.1233
142.203 27.057
98.9237 2.6938
143.175 -13.9574
147.366 -2.0432
131.133 -12.8436
114.142 22.2776
134.36 -19.9336
103.773 1.3608
101.025 4.4795
110.308 1.4733
100.649 5.2902
112.214 2.4529
108.481 11.952
118.388 24.4638
121.595 24.1738
120.954 23.7876
121.08 22.8177
121.376 24.6695
121.297 23.3925
109.494 30.2762
134.351 -19.9428
106.664 26.46
149.155 -9.3378
109.844 19.0291
102.74 25.1233
98.9237 2.6938
143.175 -13.9574
147.366 -2.0432
110.523 -7.9125
114.142 22.2776
103.773 1.3608
101.025 4.4795
103.847 1.7922
110.308 1.4733
100.649 5.2902
112.214 2.4529
118.388 24.4638
121.08 22.8177
121.297 23.3925
109.494 30.2762
109.844 19.0291
114.142 22.2776
118.388 24.4638
121.595 24.1738
120.954 23.7876
121.08 22.8177
121.376 24.6695
121.297 23.3925
134.351 -19.9428
134.355 -19.923
134.359 -19.9036
134.366 -19.8782
134.339 -19.9243
134.339 -19.9426
134.362 -19.9469
102.74 25.1233
128.763 -15.6769
131.133 -12.8436
134.36 -19.9336
147.16 -9.4047
103.773 1.3608
101.025 4.4795
103.847 1.7922
110.308 1.4733
100.649 5.2902
108.481 11.952
103.907 21.3252
125.26 43.48
121.628 38.906
106.664 26.46
113.652 23.6525
127.41 50.253
111.564 40.85
112.47 34.55
118.854 32.0517
123.578 41.8278
116.079 43.9
121.595 24.1738
120.954 23.7876
120.63 23.3005
121.08 22.8177
121.376 24.6695
121.297 23.3925
121.191 31.0948
158.65 53.0233
142.76 46.9587
120.58 16.4108
143.157 42.015
120.954 23.7876
121.08 22.8177
121.297 23.3925
129.591 44.617
116.168 40.0183
108.924 34.0313
109.494 30.2762
-47.427 -23.5927
-70.5508 -40.7328
-73.0415 -12.6503
-72.24 -12.703
-71.9198 -13.4617
-68.8658 -16.4382
-68.6509 -15.7618
-67.867 -15.5044
-67.8871 -14.1448
-68.12 -13.768
-71.4508 -16.5579
-70.3739 -16.8862
-71.9471 -15.1755
-70.8964 -13.5262
-68.7471 -15.2397
-70.995 -17.3254
-71.3288 -14.1581
-69.703 -14.1899
142.76 46.9587
121.191 31.0948
120.58 16.4108
126.624 37.4776
120.954 23.7876
121.08 22.8177
121.297 23.3925
116.168 40.0183
129.591 44.617
143.157 42.015
108.924 34.0313
109.494 30.2762
125.26 43.48
121.628 38.906
111.564 40.85
112.47 34.55
123.578 41.8278
117.124 36.21
116.079 43.9
119.741 49.2704
118.498 5.1777
116.168 40.0183
129.591 44.617
108.924 34.0313
109.494 30.2762
-47.427 -23.5927
-68.1307 -16.2879
-70.5508 -40.7328
-74.8568 -13.3594
-74.4625 -13.3499
-74.2277 -13.1698
-73.0415 -12.6503
-72.24 -12.703
-76.5264 -11.9091
-76.1349 -11.6053
-75.3734 -11.0478
-75.2275 -10.9461
-75.5961 -11.8029
-72.915 -14.4288
-73.3446 -14.2053
-72.8781 -13.8788
-73.3121 -13.6667
-71.9198 -13.4617
-71.4246 -12.9736
-72.9327 -13.4927
-69.2138 -17.2897
-69.0032 -17.2131
-68.4203 -16.9754
-68.1928 -16.9833
-67.8172 -16.3486
-67.6986 -16.1968
-67.5646 -15.83
-68.8658 -16.4382
-68.6509 -15.7618
-67.5388 -14.4346
-68.7471 -15.2397
-69.6797 -17.575
-70.995 -17.3254
-70.3508 -15.3178
-69.5311 -15.2374
-71.4447 -14.7893
-71.3288 -14.1581
-69.703 -14.1899
-70.8964 -13.5262
-69.7142 -12.8745
-63.1831 -8.9489
-71.6198 -13.1971
-71.3644 -12.8305
-71.3438 -12.6673
-68.2867 -17.7916
-67.1365 -16.9061
-67.9538 -16.5478
-68.12 -13.768
-70.157 -17.9068
-69.96 -17.7783
-71.4508 -16.5579
-70.8996 -15.7274
-70.3739 -16.8862
-70.4287 -14.0759
-68.1307 -16.2879
-70.5508 -40.7328
-74.8568 -13.3594
-74.2277 -13.1698
-74.988 -12.7797
-72.8781 -13.8788
-71.4246 -12.9736
-75.0606 -14.6452
-72.9327 -13.4927
-71.3438 -12.6673
166.444 -22.0716
166.307 -22.0986
159.947 -9.4387
167.939 -29.0433
166.444 -22.0716
151.082 -25.3691
167.939 -29.0433
-68.1307 -16.2879
-70.5508 -40.7328
-74.2277 -13.1698
-74.988 -12.7797
-67.7464 -17.2828
-69.0032 -17.2131
-67.9538 -16.5478
-67.6986 -16.1968
-68.6509 -15.7618
-68.7471 -15.2397
-69.6797 -17.575
-71.4508 -16.5579
-70.8996 -15.7274
-70.3739 -16.8862
-71.3288 -14.1581
-69.703 -14.1899
-70.8964 -13.5262
-69.2138 -17.2897
-68.4203 -16.9754
-67.8172 -16.3486
-67.5646 -15.83
-67.8871 -14.1448
-70.157 -17.9068
-69.96 -17.7783
-70.995 -17.3254
121.628 38.906
127.41 50.253
111.564 40.85
112.47 34.55
123.578 41.8278
117.124 36.21
116.079 43.9
137.029 35.35
119.741 49.2704
103.644 51.6807
121.191 31.0948
116.168 40.0183
129.591 44.617
107.053 47.8651
174.103 52.7308
121.628 38.906
127.41 50.253
123.578 41.8278
-152.084 63.4188
128.867 71.6341
137.029 35.35
166.453 68.0653
-166.505 53.8452
-160.477 55.3493
174.103 52.7308
125.26 43.48
121.628 38.906
127.41 50.253
123.578 41.8278
116.079 43.9
142.184 27.0957
139.814 33.1153
-170.248 57.1766
128.867 71.6341
137.029 35.35
127.364 36.3772
174.103 52.7308
-166.013 54.0903
125.26 43.48
121.628 38.906
127.41 50.253
123.578 41.8278
116.079 43.9
-165.373 64.5646
-174.197 52.2016
-171.704 63.7758
-152.189 62.8962
-162.908 68.0541
128.867 71.6341
137.029 35.35
127.364 36.3772
166.453 68.0653
158.65 53.0233
116.168 40.0183
109.494 30.2762
119.741 49.2704
129.593 44.6176
109.844 19.0291
121.191 31.0948
108.924 34.0313
121.497 24.9735
118.388 24.4638
121.595 24.1738
120.63 23.3005
121.08 22.8177
121.376 24.6695
121.297 23.3925
142.76 46.9587
116.168 40.0183
109.494 30.2762
119.741 49.2704
108.924 34.0313
142.76 46.9587
167.203 -15.4471
166.307 -22.0986
151.629 -30.4183
151.082 -25.3691
159.947 -9.4387
172.923 1.3549
151.082 -25.3691
159.947 -9.4387
172.923 1.3549
151.082 -25.3691
159.061 -31.52
167.939 -29.0433
167.939 -29.0433
133.904 -23.666
134.351 -19.9428
134.355 -19.923
134.359 -19.9036
134.366 -19.8782
134.367 -19.855
134.38 -19.8408
134.381 -19.8139
134.384 -19.7914
134.339 -19.9243
134.365 -19.9254
134.372 -19.9587
134.34 -19.9619
134.339 -19.9426
134.362 -19.9469
134.387 -19.9485
134.407 -19.9503
134.453 -19.9542
134.476 -19.9552
134.501 -19.9558
134.515 -19.9577
147.409 -19.5774
98.9237 2.6938
136.059 -32.8102
143.175 -13.9574
128.059 -30.779
114.234 -22.643
140.746 -27.741
138.216 -30.4472
118.614 -26.6376
116.04 -29.0679
134.059 -30.2818
135.688 -27.7944
119.846 -21.5725
119.836 -21.5767
119.847 -21.5628
119.855 -21.5781
119.861 -21.5548
119.855 -21.5933
119.809 -21.5336
119.901 -21.5625
119.83 -21.4547
119.78 -21.6432
139.605 -20.5577
128.296 -25.0375
105.688 -10.4501
105.652 -10.4807
109.844 19.0291
146.255 -20.0882
125.579 7.0697
119.731 -21.159
117.239 -32.9277
147.16 -9.4047
101.025 4.4795
116.215 6.0443
103.847 1.7922
110.308 1.4733
100.649 5.2902
118.498 5.1777
112.214 2.4529
120.455 17.552
133.904 -23.666
134.351 -19.9428
134.355 -19.923
134.359 -19.9036
134.366 -19.8782
134.367 -19.855
134.38 -19.8408
134.381 -19.8139
134.384 -19.7914
134.339 -19.9243
134.365 -19.9254
134.372 -19.9587
134.34 -19.9619
134.339 -19.9426
134.362 -19.9469
134.387 -19.9485
134.407 -19.9503
134.453 -19.9542
134.501 -19.9558
134.515 -19.9577
98.9237 2.6938
128.059 -30.779
121.882 -31.3669
109.844 19.0291
134.36 -19.9336
125.579 7.0697
119.731 -21.159
117.239 -32.9277
147.16 -9.4047
101.025 4.4795
116.215 6.0443
103.847 1.7922
110.308 1.4733
100.649 5.2902
118.498 5.1777
112.214 2.4529
133.904 -23.666
134.351 -19.9428
98.9237 2.6938
101.025 4.4795
116.215 6.0443
103.847 1.7922
110.308 1.4733
100.649 5.2902
118.498 5.1777
112.214 2.4529
133.904 -23.666
116.215 6.0443
103.847 1.7922
118.498 5.1777
112.214 2.4529
133.904 -23.666
134.351 -19.9428
134.355 -19.923
134.359 -19.9036
134.366 -19.8782
134.367 -19.855
134.381 -19.8139
134.384 -19.7914
134.339 -19.9243
134.365 -19.9254
134.372 -19.9587
134.34 -19.9619
134.339 -19.9426
134.362 -19.9469
134.387 -19.9485
134.407 -19.9503
134.453 -19.9542
134.476 -19.9552
134.501 -19.9558
134.515 -19.9577
98.9237 2.6938
136.059 -32.8102
116.709 -30.6147
143.175 -13.9574
128.059 -30.779
114.234 -22.643
140.746 -27.741
121.882 -31.3669
138.216 -30.4472
147.366 -2.0432
118.614 -26.6376
116.04 -29.0679
134.059 -30.2818
116.208 -31.9783
135.688 -27.7944
119.846 -21.5725
119.836 -21.5767
119.847 -21.5628
119.855 -21.5781
119.822 -21.5689
119.861 -21.5548
119.855 -21.5933
119.809 -21.5336
119.901 -21.5625
119.83 -21.4547
119.78 -21.6432
139.605 -20.5577
144.235 -26.5837
152.164 -4.1912
128.296 -25.0375
105.688 -10.4501
110.523 -7.9125
109.844 19.0291
134.36 -19.9336
146.255 -20.0882
125.579 7.0697
119.731 -21.159
117.239 -32.9277
147.16 -9.4047
101.025 4.4795
116.215 6.0443
103.847 1.7922
100.649 5.2902
118.498 5.1777
112.214 2.4529
98.9237 2.6938
134.36 -19.9336
146.255 -20.0882
147.16 -9.4047
125.26 43.48
121.628 38.906
113.652 23.6525
127.41 50.253
111.564 40.85
112.47 34.55
118.854 32.0517
123.578 41.8278
117.124 36.21
116.079 43.9
118.388 24.4638
121.595 24.1738
120.954 23.7876
120.63 23.3005
121.08 22.8177
121.376 24.6695
121.297 23.3925
125.26 43.48
121.628 38.906
111.564 40.85
112.47 34.55
118.854 32.0517
123.578 41.8278
117.124 36.21
116.079 43.9
120.455 17.552
118.388 24.4638
121.595 24.1738
120.954 23.7876
120.63 23.3005
121.08 22.8177
121.376 24.6695
121.297 23.3925
125.26 43.48
121.628 38.906
127.41 50.253
112.47 34.55
123.578 41.8278
114.354 30.5428
116.079 43.9
120.455 17.552
128.083 41.9943
128.791 41.9458
125.26 43.48
121.628 38.906
127.41 50.253
111.564 40.85
112.47 34.55
118.854 32.0517
123.578 41.8278
117.124 36.21
114.354 30.5428
116.079 43.9
142.593 44.1188
141.065 40.7895
129.396 34.5275
123.011 24.4672
127.364 36.3772
121.595 24.1738
120.954 23.7876
121.08 22.8177
121.376 24.6695
121.297 23.3925
123.578 41.8278
117.124 36.21
116.168 40.0183
109.494 30.2762
129.593 44.6176
121.191 31.0948
108.924 34.0313
126.624 37.4777
120.954 23.7876
121.08 22.8177
121.297 23.3925
158.65 53.0233
142.76 46.9587
-70.2347 -27.5937
-70.7993 -30.1727
-71.9303 -35.0099
-71.0739 -28.2046
-71.0848 -34.3917
-70.6891 -30.8389
-71.2509 -33.8641
-71.1377 -33.2591
-70.9887 -33.7762
-71.6374 -33.0229
-70.5508 -32.7637
-78.8299 -33.6427
-71.6143 -33.6571
-61.7856 17.6685
-59.5588 13.1434
-79.8373 9.1665
-71.2878 18.9821
-87.273 14.057
-61.1463 14.735
-84.1114 10.0021
-52.6445 5.11011
-70.6749 -33.1436
-57.331 -26.3307
-67.1112 18.4675
-67.1096 18.0064
-66.5295 18.4771
-66.1068 17.9654
-68.9579 12.1803
-67.0442 17.9694
-60.8753 14.7745
-69.9169 18.4632
-66.754 18.3466
-66.6062 18.0428
-60.8588 14.447
-71.2817 18.1663
-70.7814 -34.7924
-84.9525 10.2908
-70.7005 -29.011
-68.9111 -22.6127
-78.4508 0.2376
-90.2861 -0.6742
-63.2426 17.6205
-62.9814 17.4928
-63.0746 18.05
-61.654 12.1324
-77.5345 18.226
-85.174 11.968
-86.6985 12.5
-84.3003 12.195
-61.066 14.518
-52.6445 5.11011
-84.9525 10.2908
-68.9111 -22.6127
-90.2861 -0.6742
-70.634 8.8839
-66.15 18.1091
159.947 -9.4387
-76.8422 -11.9875
121.08 22.8177
121.297 23.3925
121.595 24.1738
119.752 -5.0142
142.76 46.9587
134.36 -19.9336
121.297 23.3925
120.954 23.7876
103.907 21.3252
121.595 24.1738
120.954 23.7876
121.297 23.3925
97.5 31
103.758 30.91
94.8145 36.1984
106.664 26.46
112.47 34.55
103.844 36.087
92.25 32.25
98.52 25.029
70.5115 43.1034
78.6202 50.7154
82.2904 46.7937
151.082 -25.3691
103.907 21.3252
120.954 23.7876
69.0432 34.5408
110.523 -7.9125
118.388 24.4638
121.08 22.8177
121.297 23.3925
-152.057 61.1811
112.47 34.55
-160.651 65.5011
-158.363 65.1527
-163.554 62.7492
-159.078 63.3965
-155.621 63.994
-154.147 64.1767
-161.531 62.2938
-158.301 62.7161
-154.07 63.3569
-162.683 61.3416
-159.475 61.7105
-158.297 62.1344
-156.689 62.2195
-154.854 62.1816
-153.88 62.4787
-160.688 60.6947
-158.959 61.0224
-157.438 61.4009
-154.391 61.9037
-150.12 61.7531
-161.685 59.9237
-160.092 60.1686
-157.187 60.5269
-155.89 60.6801
-154.484 60.8132
-152.209 61.2001
-144.598 61.6061
-158.093 59.5938
-157.095 59.7733
-155.208 59.8542
-152.624 60.0815
-140.191 60.7718
-156.439 59.1953
-137.738 59.6304
-153.645 58.9287
-115.585 38.3489
-147.376 63.0753
-139.637 59.9534
-150.906 59.7511
-150.741 59.7417
-151.237 59.5251
-145.775 61.1292
-145.75 60.5487
-143.812 61.4417
-147.096 60.8792
-148.937 63.7318
-148.332 61.807
-147.329 61.832
-149.453 60.1043
-121.803 47.4255
139.605 -20.5577
-114.827 33.0515
-118.836 37.6302
-116.275 35.8996
114.142 22.2776
118.498 5.1777
121.595 24.1738
121.08 22.8177
121.376 24.6695
121.297 23.3925
118.388 24.4638
121.595 24.1738
120.954 23.7876
120.63 23.3005
121.08 22.8177
121.297 23.3925
-122.825 47.5641
-121.81 46.7506
-117.434 34.5505
-118.83 35.1269
-118.026 34.3334
-117.994 34.8811
-114.827 33.0515
-115.66 34.7846
-115.145 34.1574
-117.682 35.4795
-118.836 37.6302
-117.195 33.6
-118.724 34.6145
-116.275 35.8996
-153.288 57.2225
-149.131 61.5922
-160.477 55.3493
133.904 -23.666
141.596 -31.8757
134.351 -19.9428
-152.023 61.2913
125.26 43.48
121.628 38.906
127.41 50.253
112.47 34.55
123.578 41.8278
117.124 36.21
-121.817 44.0597
139.814 33.1153
128.273 26.836
123.011 24.4672
-112.812 31.9559
-120.666 47.2545
-168.855 52.9721
-163.418 54.8564
-144.605 60.9677
-150.987 64.0997
-150.906 59.7511
-151.237 59.5251
-145.775 61.1292
-145.75 60.5487
-145.923 61.4924
-148.937 63.7318
-147.329 61.832
-149.453 60.1043
-167.927 65.5598
-166.505 53.8452
-121.81 46.7506
137.029 35.35
98.9237 2.6938
62.871 -67.604
136.059 -32.8102
145.692 -31.5375
149.363 -35.315
143.175 -13.9574
114.234 -22.643
147.19 -42.4417
131.133 -12.8436
144.235 -26.5837
145.491 -37.5714
105.652 -10.4807
148.396 -34.298
-116.667 33.4915
-116.737 33.5654
-116.422 32.892
-116.848 33.63
-116.613 33.5519
-116.675 33.5736
-117.434 34.5505
-118.83 35.1269
-116.921 34.2623
-115.454 33.6552
-115.998 34.0006
-117.659 34.2388
-118.415 33.4019
-115.381 34.6375
-117.009 33.65
-118.455 34.1062
-117.994 34.8811
-116.863 36.4672
-114.827 33.0515
-115.66 34.7846
-117.366 36.9961
-116.806 35.3018
-116.335 34.8294
-117.682 35.4795
-118.836 37.6302
-117.489 36.058
-114.619 34.7676
-118.724 34.6145
-116.863 33.3536
-118.404 33.7435
-116.997 34.8753
-117.662 33.5526
-116.275 35.8996
-117.283 35.8909
-119.996 35.3142
-117.098 34.1065
-118.23 37.0542
-115.924 35.4358
-117.33 34.5606
110.523 -7.9125
103.773 1.3608
101.025 4.4795
116.215 6.0443
103.847 1.7922
118.498 5.1777
120.455 17.552
-117.105 32.8889
118.388 24.4638
121.595 24.1738
120.954 23.7876
120.63 23.3005
121.08 22.8177
121.376 24.6695
121.297 23.3925
-116.562 33.3516
110.308 1.4733
123.578 41.8278
114.354 30.5428
123.011 24.4672
137.029 35.35
118.498 5.1777
120.455 17.552
121.595 24.1738
120.954 23.7876
121.08 22.8177
121.297 23.3925
-153.288 57.2225
-149.131 61.5922
-160.477 55.3493
-155.622 61.1082
141.596 -31.8757
-153.357 59.3702
-153.445 59.3626
-168.166 53.426
125.26 43.48
127.41 50.253
118.854 32.0517
123.578 41.8278
117.124 36.21
114.354 30.5428
-121.233 43.722
-121.355 43.6727
-121.145 43.6019
-128.113 52.1847
-140.148 -8.85492
142.184 27.0957
139.814 33.1153
142.593 44.1188
128.273 26.836
123.011 24.4672
-116.452 33.6125
-116.46 33.6056
-112.812 31.9559
-149.724 60.4814
-120.941 43.7921
-122.825 47.5641
-123.771 47.117
-111.851 -74.5476
-123.504 48.0575
-120.666 47.2545
-166.788 53.9148
-168.855 52.9721
-163.418 54.8564
-150.906 59.7511
-150.741 59.7417
-151.154 60.7683
-159.589 54.831
-145.75 60.5487
-171.704 63.7758
-148.926 61.771
-147.096 60.8792
-143.321 60.2805
-144.262 60.3351
-151.652 59.6572
-143.969 60.2361
-148.333 60.8584
-154.184 56.5593
-150.223 60.5117
-170.248 57.1766
-150.747 61.4636
-143.779 60.072
-149.453 60.1043
-166.505 53.8452
-143.284 60.1205
-121.81 46.7506
-122.249 47.5563
137.029 35.35
158.315 6.8367
98.9237 2.6938
62.871 -67.604
-122.972 47.7172
-123.799 46.4218
-121.803 47.4255
149.363 -35.315
143.175 -13.9574
140.746 -27.741
132.473 -12.6869
138.216 -30.4472
131.133 -12.8436
135.688 -27.7944
139.605 -20.5577
145.491 -37.5714
128.296 -25.0375
-116.422 32.892
-122.88 38.1448
-121.447 36.764
-117.434 34.5505
-118.83 35.1269
-116.921 34.2623
-115.454 33.6552
-115.998 34.0006
-117.659 34.2388
-118.026 34.3334
-118.415 33.4019
-118.08 36.4399
-115.381 34.6375
-118.334 34.2535
-117.009 33.65
-118.455 34.1062
-117.994 34.8811
-118.294 33.7126
-116.863 36.4672
-114.827 33.0515
-115.66 34.7846
-117.366 36.9961
-116.806 35.3018
-116.335 34.8294
-118.474 35.6628
-118.836 37.6302
-117.489 36.058
-119.814 34.8885
-117.195 33.6
-118.058 34.2236
-118.724 34.6145
-118.185 34.1714
-114.142 34.3034
-116.863 33.3536
-116.997 34.8753
-119.715 34.4408
-119.635 33.9954
-119.524 33.2479
-115.8 32.9451
-118.23 37.0542
-115.924 35.4358
-119.085 35.8409
110.523 -7.9125
114.142 22.2776
127.364 36.3772
103.773 1.3608
101.025 4.4795
116.215 6.0443
103.847 1.7922
100.649 5.2902
118.498 5.1777
-117.105 32.8889
118.388 24.4638
121.595 24.1738
120.954 23.7876
120.63 23.3005
121.08 22.8177
121.376 24.6695
121.297 23.3925
-123.755 45.2135
110.308 1.4733
-119.474 -80.017
141.596 -31.8757
142.184 27.0957
142.593 44.1188
137.354 35.604
142.593 44.1188
140.79 37.869
133.876 33.7315
131.224 25.8198
138.257 38.04
138.183 34.6777
141.065 40.7895
123.011 24.4672
-116.452 33.6125
-116.46 33.6056
-107.785 32.5324
-112.812 31.9559
-109.736 35.1181
-122.825 47.5641
-123.771 47.117
-111.851 -74.5476
-120.666 47.2545
-121.81 46.7506
-122.249 47.5563
137.029 35.35
158.315 6.8367
98.9237 2.6938
62.871 -67.604
-122.972 47.7172
-121.651 45.3223
-123.799 46.4218
-121.803 47.4255
128.059 -30.779
132.473 -12.6869
128.296 -25.0375
105.652 -10.4807
-116.422 32.892
-116.848 33.63
-120.387 38.0345
-122.957 42.6071
-117.434 34.5505
-118.83 35.1269
-115.454 33.6552
-115.998 34.0006
-117.659 34.2388
-118.026 34.3334
-118.415 33.4019
-118.08 36.4399
-115.381 34.6375
-118.334 34.2535
-117.009 33.65
-117.994 34.8811
-114.827 33.0515
-115.66 34.7846
-116.806 35.3018
-116.335 34.8294
-115.145 34.1574
-118.474 35.6628
-118.836 37.6302
-117.489 36.058
-114.619 34.7676
-118.724 34.6145
-114.142 34.3034
-116.997 34.8753
-116.275 35.8996
-115.924 35.4358
-119.085 35.8409
110.523 -7.9125
114.142 22.2776
127.364 36.3772
101.025 4.4795
116.215 6.0443
103.847 1.7922
100.649 5.2902
118.498 5.1777
-117.105 32.8889
118.388 24.4638
121.595 24.1738
120.954 23.7876
120.63 23.3005
121.08 22.8177
121.376 24.6695
121.297 23.3925
110.308 1.4733
-119.474 -80.017
-158.414 56.3014
-160.477 55.3493
133.904 -23.666
141.596 -31.8757
134.351 -19.9428
125.26 43.48
121.628 38.906
123.578 41.8278
117.124 36.21
114.354 30.5428
-121.149 43.751
-121.233 43.722
-121.355 43.6727
-121.145 43.6019
123.305 -75.1065
142.184 27.0957
142.593 44.1188
137.354 35.604
139.814 33.1153
142.593 44.1188
140.79 37.869
128.273 26.836
138.257 38.04
141.065 40.7895
129.396 34.5275
145.786 15.2251
-130.009 45.9547
-125.405 44.5098
-112.812 31.9559
-155.89 60.6801
-154.484 60.8132
-154.32 60.1952
-152.624 60.0815
-155.229 59.3922
-153.645 58.9287
-152.394 58.6097
-120.941 43.7921
-123.771 47.117
-121.368 43.8206
-169.895 52.8235
-163.418 54.8564
-150.906 59.7511
-150.741 59.7417
-159.589 54.831
-151.237 59.5251
-151.652 59.6572
-166.505 53.8452
-122.218 46.2753
137.029 35.35
-123.799 46.4218
149.363 -35.315
143.175 -13.9574
132.473 -12.6869
131.133 -12.8436
139.605 -20.5577
128.296 -25.0375
-116.667 33.4915
-116.737 33.5654
-116.422 32.892
-116.848 33.63
-117.171 33.4577
-116.613 33.5519
-116.675 33.5736
-120.387 38.0345
-122.957 42.6071
-121.447 36.764
-117.434 34.5505
-118.83 35.1269
-119.104 35.3444
-116.921 34.2623
-115.454 33.6552
-115.998 34.0006
-117.659 34.2388
-118.026 34.3334
-118.415 33.4019
-118.08 36.4399
-115.381 34.6375
-118.334 34.2535
-117.009 33.65
-117.994 34.8811
-118.294 33.7126
-116.863 36.4672
-114.827 33.0515
-115.66 34.7846
-117.366 36.9961
-116.806 35.3018
-116.335 34.8294
-116.109 32.6501
-115.145 34.1574
-118.474 35.6628
-117.682 35.4795
-118.836 37.6302
-119.814 34.8885
-117.195 33.6
-118.058 34.2236
-114.619 34.7676
-118.724 34.6145
-118.185 34.1714
-114.142 34.3034
-120.546 35.4077
-116.863 33.3536
-118.404 33.7435
-116.997 34.8753
-119.715 34.4408
-118.547 32.9799
-119.635 33.9954
-117.662 33.5526
-116.275 35.8996
-119.996 35.3142
-119.524 33.2479
-117.098 34.1065
-115.8 32.9451
-118.23 37.0542
-115.924 35.4358
-118.286 34.0192
-119.085 35.8409
-119.382 36.321
127.364 36.3772
129.113 35.2486
127.975 36.873
127.396 35.4213
126.917 37.4939
101.025 4.4795
103.847 1.7922
100.649 5.2902
118.498 5.1777
112.214 2.4529
-117.105 32.8889
118.388 24.4638
121.595 24.1738
120.954 23.7876
120.63 23.3005
121.08 22.8177
121.376 24.6695
121.297 23.3925
-124.566 47.9475
-116.712 33.7141
110.308 1.4733
-152.057 61.1811
112.47 34.55
-163.554 62.7492
-159.078 63.3965
-155.621 63.994
-161.531 62.2938
-158.301 62.7161
-154.07 63.3569
-162.683 61.3416
-159.475 61.7105
-158.297 62.1344
-156.689 62.2195
-154.854 62.1816
-153.88 62.4787
-160.688 60.6947
-158.959 61.0224
-157.438 61.4009
-154.391 61.9037
-150.12 61.7531
-161.685 59.9237
-160.092 60.1686
-157.187 60.5269
-155.89 60.6801
-154.484 60.8132
-152.209 61.2001
-158.093 59.5938
-157.095 59.7733
-155.208 59.8542
-152.624 60.0815
-156.439 59.1953
-153.645 58.9287
-115.585 38.3489
-151.237 59.5251
-145.775 61.1292
-145.75 60.5487
-146.599 60.7277
-147.096 60.8792
-148.332 61.807
-147.329 61.832
-149.453 60.1043
-121.803 47.4255
139.605 -20.5577
-114.827 33.0515
-118.836 37.6302
-116.275 35.8996
114.142 22.2776
118.498 5.1777
121.595 24.1738
121.08 22.8177
121.376 24.6695
121.297 23.3925
98.9237 2.6938
121.595 24.1738
120.954 23.7876
121.08 22.8177
121.297 23.3925
-149.739 61.0889
141.596 -31.8757
142.76 46.9587
-122.825 47.5641
-121.651 45.3223
-144.605 60.9677
-145.775 61.1292
-145.75 60.5487
-163.418 54.8564
-171.704 63.7758
-148.332 61.807
-170.248 57.1766
-149.453 60.1043
-167.927 65.5598
-166.505 53.8452
-121.81 46.7506
158.315 6.8367
98.9237 2.6938
-116.675 33.5736
62.871 -67.604
-116.667 33.4915
-116.737 33.5654
-116.848 33.63
-117.171 33.4577
-116.613 33.5519
-116.426 33.5234
-117.434 34.5505
-118.83 35.1269
-119.104 35.3444
-115.454 33.6552
-115.998 34.0006
-117.659 34.2388
-118.026 34.3334
-118.415 33.4019
-115.381 34.6375
-117.009 33.65
-118.455 34.1062
-117.994 34.8811
-118.294 33.7126
-116.863 36.4672
-114.827 33.0515
-117.366 36.9961
-116.806 35.3018
-116.335 34.8294
-115.145 34.1574
-118.474 35.6628
-117.682 35.4795
-118.836 37.6302
-117.489 36.058
-118.058 34.2236
-118.724 34.6145
-114.142 34.3034
-116.863 33.3536
-118.404 33.7435
-116.997 34.8753
-119.715 34.4408
-119.635 33.9954
-117.662 33.5526
-116.275 35.8996
-117.283 35.8909
-119.996 35.3142
-119.524 33.2479
-117.098 34.1065
-115.8 32.9451
-118.23 37.0542
-115.924 35.4358
-118.286 34.0192
-119.085 35.8409
-117.33 34.5606
116.168 40.0183
109.494 30.2762
129.593 44.6176
109.844 19.0291
121.191 31.0948
-152.583 57.7828
147.32 -42.9099
110.535 -66.2792
-123.305 44.5855
144.868 13.5893
126.624 37.4777
-158.011 21.42
150.77 59.5756
-177.37 28.2156
117.239 -32.9277
158.65 53.0233
147.16 -9.4047
144.438 -89.9289
166.757 -77.8492
121.497 24.9735
-110.785 32.3098
118.388 24.4638
121.595 24.1738
120.954 23.7876
120.63 23.3005
121.08 22.8177
121.376 24.6695
121.297 23.3925
-123.755 45.2135
-116.712 33.7141
-116.562 33.3516
140.002 -66.6649
-153.288 57.2225
-149.131 61.5922
-160.477 55.3493
133.904 -23.666
141.596 -31.8757
134.351 -19.9428
-152.023 61.2913
125.26 43.48
121.628 38.906
106.664 26.46
127.41 50.253
112.47 34.55
123.578 41.8278
117.124 36.21
116.079 43.9
140.002 -66.6649
139.814 33.1153
130.877 33.125
128.273 26.836
123.011 24.4672
-112.812 31.9559
-120.666 47.2545
-144.605 60.9677
-151.237 59.5251
-145.775 61.1292
-145.75 60.5487
-163.418 54.8564
-145.923 61.4924
-168.855 52.9721
-147.329 61.832
-149.453 60.1043
-167.927 65.5598
-166.505 53.8452
-121.81 46.7506
98.9237 2.6938
-116.675 33.5736
62.871 -67.604
136.059 -32.8102
145.692 -31.5375
149.363 -35.315
143.175 -13.9574
114.234 -22.643
147.19 -42.4417
131.133 -12.8436
144.235 -26.5837
145.491 -37.5714
105.652 -10.4807
148.396 -34.298
-116.667 33.4915
-116.737 33.5654
-116.848 33.63
-116.613 33.5519
-117.434 34.5505
-118.83 35.1269
-116.921 34.2623
-115.454 33.6552
-115.998 34.0006
-117.659 34.2388
-118.415 33.4019
-115.381 34.6375
-117.009 33.65
-118.455 34.1062
-117.994 34.8811
-116.863 36.4672
-114.827 33.0515
-115.66 34.7846
-117.366 36.9961
-116.806 35.3018
-116.335 34.8294
-117.682 35.4795
-118.836 37.6302
-117.489 36.058
-114.619 34.7676
-118.724 34.6145
-116.863 33.3536
-118.404 33.7435
-116.997 34.8753
-117.662 33.5526
-116.275 35.8996
-117.283 35.8909
-119.996 35.3142
-117.098 34.1065
-118.23 37.0542
-115.924 35.4358
-117.33 34.5606
110.523 -7.9125
103.773 1.3608
101.025 4.4795
116.215 6.0443
118.498 5.1777
108.481 11.952
103.907 21.3252
120.455 17.552
118.388 24.4638
121.595 24.1738
120.954 23.7876
120.63 23.3005
121.08 22.8177
121.376 24.6695
121.297 23.3925
-116.562 33.3516
110.308 1.4733
133.904 -23.666
141.596 -31.8757
127.41 50.253
112.47 34.55
131.133 -12.8436
116.215 6.0443
110.308 1.4733
123.578 41.8278
114.354 30.5428
123.011 24.4672
118.498 5.1777
108.481 11.952
120.455 17.552
121.595 24.1738
120.954 23.7876
121.08 22.8177
121.297 23.3925
125.64 -18.0982
147.16 -9.4047
118.498 5.1777
134.351 -19.9428
134.355 -19.923
134.339 -19.9243
134.365 -19.9254
134.372 -19.9587
134.339 -19.9426
134.387 -19.9485
134.407 -19.9503
127.41 50.253
112.47 34.55
-117.306 44.8525
-143.454 61.2275
-147.74 62.5808
143.175 -13.9574
135.688 -27.7944
139.605 -20.5577
144.235 -26.5837
-117.434 34.5505
129.593 44.6176
146.255 -20.0882
147.16 -9.4047
-122.143 42.9077
145.692 -31.5375
149.363 -35.315
139.605 -20.5577
144.235 -26.5837
128.296 -25.0375
146.255 -20.0882
103.773 1.3608
140.002 -66.6649
98.9237 2.6938
109.494 30.2762
146.255 -20.0882
147.16 -9.4047
166.757 -77.8492
142.76 46.9587
-148.937 63.7318
-114.827 33.0515
129.593 44.6176
147.16 -9.4047
142.76 46.9587
116.168 40.0183
129.593 44.6176
147.16 -9.4047
148.396 -34.298
119.752 -5.0142
147.16 -9.4047
101.025 4.4795
118.498 5.1777
112.214 2.4529
110.308 1.4733
125.64 -18.0982
141.596 -31.8757
134.351 -19.9428
134.355 -19.923
134.359 -19.9036
134.366 -19.8782
134.367 -19.855
134.38 -19.8408
134.381 -19.8139
134.384 -19.7914
134.372 -19.9587
134.34 -19.9619
134.339 -19.9426
134.362 -19.9469
134.387 -19.9485
134.407 -19.9503
134.43 -19.9522
134.453 -19.9542
134.515 -19.9577
142.76 46.9587
-150.923 63.5527
-145.47 62.9699
-167.927 65.5598
98.9237 2.6938
136.059 -32.8102
145.692 -31.5375
149.363 -35.315
143.175 -13.9574
128.059 -30.779
131.133 -12.8436
148.396 -34.298
110.523 -7.9125
116.168 40.0183
129.593 44.6176
119.752 -5.0142
147.32 -42.9099
146.255 -20.0882
119.731 -21.159
101.025 4.4795
116.215 6.0443
103.847 1.7922
118.498 5.1777
112.214 2.4529
110.308 1.4733
141.596 -31.8757
145.692 -31.5375
149.363 -35.315
131.133 -12.8436
118.498 5.1777
125.64 -18.0982
119.752 -5.0142
147.16 -9.4047
118.498 5.1777
134.351 -19.9428
134.366 -19.8782
134.38 -19.8408
134.381 -19.8139
134.384 -19.7914
134.339 -19.9243
134.34 -19.9619
134.339 -19.9426
134.453 -19.9542
134.501 -19.9558
134.515 -19.9577
98.9237 2.6938
143.175 -13.9574
131.133 -12.8436
139.605 -20.5577
144.235 -26.5837
128.296 -25.0375
109.494 30.2762
119.752 -5.0142
147.16 -9.4047
116.215 6.0443
118.498 5.1777
112.214 2.4529
110.308 1.4733
134.366 -19.8782
134.384 -19.7914
134.339 -19.9243
134.34 -19.9619
134.339 -19.9426
134.362 -19.9469
134.387 -19.9485
134.407 -19.9503
134.43 -19.9522
143.175 -13.9574
131.133 -12.8436
139.605 -20.5577
144.235 -26.5837
128.296 -25.0375
119.752 -5.0142
146.255 -20.0882
119.731 -21.159
147.16 -9.4047
116.215 6.0443
118.498 5.1777
112.214 2.4529
110.308 1.4733
98.9237 2.6938
110.523 -7.9125
116.168 40.0183
109.494 30.2762
119.752 -5.0142
146.255 -20.0882
147.16 -9.4047
-133.525 68.3065
-146.887 64.7714
74.9478 42.6564
76.2417 42.2456
70.9797 52.7232
70.5115 43.1034
109.844 19.0291
69.0043 52.951
44.741 40.148
70.6152 53.6762
30.5093 37.8433
87.7049 43.8138
70.2828 53.058
33.331 34.9611
25.503 35.178
32.7934 39.868
38.4273 38.3134
74.4944 42.6333
75.2496 42.0778
75.5966 42.9208
70.5115 43.1034
147.16 -9.4047
78.553 17.417
91.127 29.7031
87.7049 43.8138
32.7934 39.868
-116.667 33.4915
-116.737 33.5654
-116.712 33.7141
-116.562 33.3516
-116.848 33.63
-116.613 33.5519
-116.426 33.5234
158.315 6.8367
98.9237 2.6938
-116.675 33.5736
-116.863 33.3536
-117.171 33.4577
120.63 23.3005
167.613 8.8019
-117.009 33.65
-120.546 35.4077
147.16 -9.4047
166.652 19.2834
-118.058 34.2236
-118.415 33.4019
120.954 23.7876
121.297 23.3925
-117.489 36.058
-115.381 34.6375
-117.283 35.8909
110.523 -7.9125
140.002 -66.6649
118.388 24.4638
-118.08 36.4399
110.535 -66.2792
138.204 36.5457
144.868 13.5893
166.757 -77.8492
146.255 -20.0882
-118.118 34.4837
-117.662 33.5526
-118.474 35.6628
-116.806 35.3018
-118.23 37.0542
-119.104 35.3444
103.773 1.3608
-118.026 34.3334
121.595 24.1738
-116.672 32.68
-114.827 33.0515
126.624 37.4776
121.497 24.9735
142.76 46.9587
134.36 -19.9336
121.08 22.8177
129.591 44.617
-118.724 34.6145
-117.33 34.5606
121.191 31.0948
-117.098 34.1065
125.579 7.0697
120.58 16.4108
147.16 -9.4047
121.297 23.3925
110.523 -7.9125
118.388 24.4638
138.204 36.5457
126.624 37.4776
0 -90
142.76 46.9587
137.029 35.35
121.08 22.8177
150.77 59.5756
121.191 31.0948
120.812 21.9409
120.58 16.4108
120.63 23.3005
117.886 36.3598
121.158 24.2527
147.16 -9.4047
120.954 23.7876
121.297 23.3925
117.089 36.4197
118.388 24.4638
138.204 36.5457
121.595 24.1738
142.76 46.9587
137.029 35.35
121.08 22.8177
129.591 44.617
120.812 21.9409
98.9237 2.6938
121.158 24.2527
120.954 23.7876
121.297 23.3925
117.767 37.7167
117.593 37.8263
117.392 38.2167
117.089 36.4197
116.425 38.4667
117.833 37.6667
138.204 36.5457
121.595 24.1738
121.08 22.8177
-120.387 38.0345
125.579 7.0697
120.58 16.4108
98.9237 2.6938
147.16 -9.4047
125.579 7.0697
120.58 16.4108
121.297 23.3925
121.595 24.1738
142.76 46.9587
129.591 44.617
120.58 16.4108
120.954 23.7876
121.297 23.3925
121.595 24.1738
121.08 22.8177
129.591 44.617
125.579 7.0697
120.63 23.3005
120.954 23.7876
121.297 23.3925
121.595 24.1738
121.158 24.2527
138.204 36.5457
119.946 26.1515
121.595 24.1738
126.624 37.4776
142.76 46.9587
137.029 35.35
121.08 22.8177
129.591 44.617
125.579 7.0697
-64.0489 -64.7744
110.535 -66.2792
166.757 -77.8492
142.76 46.9587
167.613 8.8019
138.204 36.5457
121.595 24.1738
126.624 37.4776
121.497 24.9735
142.76 46.9587
121.08 22.8177
129.591 44.617
125.579 7.0697
138.204 36.5457
166.757 -77.8492
121.595 24.1738
126.624 37.4776
121.497 24.9735
142.76 46.9587
129.591 44.617
125.579 7.0697
-116.675 33.5736
70.5115 43.1034
82.2904 46.7937
-118.836 37.6302
82.2904 46.7937
102.74 25.1233
87.7049 43.8138
121.08 22.8177
109.494 30.2762
82.2904 46.7937
81.977 46.808
-145.775 61.1292
-145.75 60.5487
-148.937 63.7318
-149.453 60.1043
-150.289 63.4502
-118.836 37.6302
121.595 24.1738
121.376 24.6695
121.297 23.3925
-114.827 33.0515
121.08 22.8177
141.595 -31.8769
148.996 -35.3187
-116.059 30.8484
147.16 -9.4047
-116.848 33.63
161.853 -77.5173
140.11 36.2108
-111.003 32.219
129.591 44.617
-115.145 34.1574
138.204 36.5457
144.438 -89.9289
166.757 -77.8492
137.029 35.35
140.002 -66.6649
126.624 37.4776
147.16 -9.4047
-112.856 27.2933
-118.836 37.6302
-122.825 47.5641
-117.682 35.4795
-110.785 32.3098
158.65 53.0233
-121.5 39.5545
-115.145 34.1574
-117.434 34.5505
-121.81 46.7506
-122.957 42.6071
-118.83 35.1269
-117.994 34.8811
-119.319 37.3236
-120.303 41.9025
-122.71 41.732
-114.827 33.0515
-123.305 44.5855
-118.724 34.6145
-122.443 38.8787
-118.026 34.3334
150.77 59.5756
141.595 -31.8769
142.76 46.9587
129.591 44.617
116.168 40.0183
141.595 -31.8769
129.591 44.617
109.494 30.2762
116.168 40.0183
147.16 -9.4047
82.2904 46.7937
70.2828 53.058
87.7049 43.8138
44.741 40.148
69.0043 52.951
70.9797 52.7232
151.628 -30.4198
73.6941 42.1311
74.7513 42.9986
74.9478 42.6564
78.6202 50.7154
82.2904 46.7937
146.255 -20.0882
44.741 40.148
116.168 40.0183
107.053 47.8651
151.082 -25.3691
108.924 34.0313
91.127 29.7031
151.628 -30.4198
73.6941 42.1311
73.7772 42.6615
75.2496 42.0778
78.6202 50.7154
82.2904 46.7937
87.7049 43.8138
146.255 -20.0882
116.168 40.0183
151.082 -25.3691
108.924 34.0313
38.6798 8.8952
128.867 71.6341
119.741 49.2704
91.127 29.7031
151.628 -30.4198
166.444 -22.0716
82.2904 46.7937
151.082 -25.3691
140.11 36.2108
143.157 42.015
150.77 59.5756
142.76 46.9587
120.58 16.4108
121.191 31.0948
121.297 23.3925
126.624 37.4776
121.08 22.8177
118.388 24.4638
138.204 36.5457
-145.75 60.5487
121.595 24.1738
121.376 24.6695
121.297 23.3925
-118.836 37.6302
-116.275 35.8996
-114.827 33.0515
121.08 22.8177
-145.75 60.5487
-149.131 61.5922
148.396 -34.298
100.649 5.2902
143.176 -13.9563
140.002 -66.6649
140.11 36.2108
121.595 24.1738
121.297 23.3925
120.954 23.7876
121.08 22.8177
138.204 36.5457
140.11 36.2108
146.255 -20.0882
125.64 -18.0982
116.215 6.0443
144.868 13.5893
138.204 36.5457
134.36 -19.9336
-145.75 60.5487
-171.704 63.7758
-149.739 61.0889
-170.248 57.1766
-149.131 61.5922
-160.477 55.3493
-116.737 33.5654
-116.602 33.4947
-116.712 33.7141
-116.562 33.3516
-116.423 32.8927
-116.848 33.63
-116.613 33.5519
-116.675 33.5736
-122.224 46.2375
-121.403 36.598
-122.707 48.7197
-123.504 48.0575
-121.989 47.1881
-123.559 45.9306
-121.459 45.8839
-122.478 45.2059
-121.317 45.2422
-122.186 44.6837
-121.227 44.6473
-123.83 44.0035
-121.268 44.1626
-123.602 42.156
-120.74 38.7552
-121.839 41.7826
-121.146 41.3593
-120.477 41.2047
-122.788 40.1767
-122.032 39.9971
-123.338 39.469
-122.015 38.6333
-120.936 38.2571
-120.076 38.7028
-119.047 38.089
-119.849 37.8817
-118.171 37.4993
-120.783 36.3627
-115.998 34.0006
-122.716 39.6547
-115.8 32.9451
-120.873 43.811
-117.366 36.9961
-122.458 38.3453
-121.757 37.6221
-118.334 34.2535
-122.957 42.6071
-123.048 48.0737
-119.085 35.8409
-118.404 33.7435
-116.863 36.4672
-123.07 44.0292
150.77 59.5756
-119.814 34.8885
158.65 53.0233
-123.072 38.9935
-119.715 34.4408
142.76 46.9587
-122.71 41.732
146.255 -20.0882
120.58 16.4108
-116.101 32.6591
-117.171 33.4577
-117.659 34.2388
-119.066 34.1082
-119.244 36.3052
-122.825 47.5641
-115.145 34.1574
-116.997 34.8753
-116.96 33.0262
-115.381 34.6375
-118.637 42.4339
-121.287 37.008
-117.434 34.5505
-116.806 35.3018
-118.23 37.0542
-116.667 33.4915
-118.83 35.1269
-117.994 34.8811
-119.635 33.9954
-115.924 35.4358
116.215 6.0443
110.308 1.4733
-117.105 32.8889
-120.728 40.6183
-121.461 40.8161
-119.023 36.6801
-114.524 33.7503
-118.455 34.1062
-116.596 33.0859
-118.836 37.6302
-116.275 35.8996
-121.866 37.954
-116.335 34.8294
-118.118 34.4837
-120.303 41.9025
-120.542 35.9452
-118.724 34.6145
-121.5 39.5545
-114.827 33.0515
-117.009 33.65
-110.785 32.3098
-119.319 37.3236
-111.374 35.5169
-119.709 37.0069
-122.096 48.2641
-122.972 47.7172
-122.803 47.1109
-123.563 46.5459
-122.72 46.5934
-121.761 46.5605
-122.419 45.9325
-122.854 41.392
-122.122 41.2742
-123.306 40.822
-121.086 40.32
-120.918 39.962
-120.608 39.3028
-119.451 38.5226
-121.328 37.5049
-120.33 37.346
-120.12 36.3356
-121.236 36.0214
-118.026 34.3334
-112.32 30.5
-109.636 28.9183
129.591 44.617
-116.672 32.68
-118.058 34.2236
-116.863 33.3536
-117.662 33.5526
-117.098 34.1065
144.868 13.5893
-117.33 34.5606
-123.305 44.5855
-152.583 57.7828
-116.455 33.6092
-121.989 47.1881
-120.477 41.2047
-119.849 37.8817
150.77 59.5756
158.65 53.0233
-115.145 34.1574
-117.434 34.5505
-120.728 40.6183
-121.461 40.8161
-118.836 37.6302
-116.275 35.8996
-114.827 33.0515
-110.785 32.3098
-119.319 37.3236
-122.096 48.2641
-120.936 38.2571
-120.33 37.346
145.491 -37.5714
142.76 46.9587
120.58 16.4108
125.64 -18.0982
110.308 1.4733
129.591 44.617
146.255 -20.0882
120.58 16.4108
125.64 -18.0982
116.215 6.0443
110.308 1.4733
129.591 44.617
134.36 -19.9336
140.11 36.2108
120.58 16.4108
121.595 24.1738
121.297 23.3925
120.954 23.7876
129.591 44.617
121.08 22.8177
120.58 16.4108
116.215 6.0443
110.308 1.4733
100.649 5.2902
109.844 19.0291
129.591 44.617
110.308 1.4733
121.595 24.1738
121.376 24.6695
121.297 23.3925
120.63 23.3005
120.954 23.7876
-171.704 63.7758
-149.739 61.0889
-149.453 60.1043
174.103 52.7308
-122.218 46.2753
-116.863 36.4672
150.77 59.5756
142.76 46.9587
146.255 -20.0882
-122.825 47.5641
121.376 24.6695
121.297 23.3925
126.624 37.4776
-122.854 41.392
129.591 44.617
144.868 13.5893
138.204 36.5457
-152.583 57.7828
-44.7361 -60.7381
-73.6678 43.3843
-95.8619 48.2977
-96.6141 43.7337
-99.8022 30.4794
-66.521 17.8934
-111.1 42.7654
-75.9861 42.1993
-77.3732 38.2046
-99.7374 38.814
-89.4092 34.5118
-71.9259 44.2401
-111.32 43.3474
-78.4508 0.2376
-110.604 43.6124
-110.852 43.3624
-89.2174 37.7148
-95.8384 29.9618
-70.634 8.8839
39.585 -69.0067
-35.9014 -5.8274
-80.4205 37.2113
-91.4953 47.9462
-65.5527 18.0972
-87.83 36.1297
-90.2364 38.6361
-88.2763 20.2263
-65.8566 18.2717
-89.6997 36.4137
-61.1463 14.735
-144.605 60.9677
-145.775 61.1292
-144.07 63.6482
-145.75 60.5487
-148.937 63.7318
-139.401 59.667
-149.739 61.0889
-150.289 63.4502
-133.123 55.4689
-149.131 61.5922
-135.324 57.0569
-135.329 59.4601
-116.562 33.3516
-116.613 33.5519
-116.675 33.5736
-122.224 46.2375
-114.619 34.7676
-128.113 52.1847
-133.525 68.3065
-95.875 50.2503
-146.887 64.7714
-118.155 38.4328
69.0432 34.5408
128.273 26.836
71.9667 41.8
70.2828 53.0581
76.9658 43.2172
78.6202 50.7154
82.2904 46.7937
25.2002 47.644
-107.785 32.5324
-105.149 38.9641
-106.829 37.7461
-104.411 37.1388
-106.921 34.0739
-115.998 34.0006
-118.404 33.7435
59.9431 49.2556
70.5115 43.1034
-117.366 36.9961
-118.415 33.4019
-118.23 37.0542
-115.454 33.6552
-118.474 35.6628
-122.825 47.5641
-123.755 45.2135
-118.058 34.2236
-121.81 46.7506
-119.996 35.3142
-150.906 59.7511
-117.434 34.5505
-117.682 35.4795
-116.863 33.3536
15.8939 38.2603
-114.142 34.3034
-116.806 35.3018
-118.724 34.6145
-118.286 34.0192
-117.098 34.1065
-117.009 33.65
-118.294 33.7126
-119.524 33.2479
98.9237 2.6938
-116.997 34.8753
-115.8 32.9451
-116.863 36.4672
-119.715 34.4408
-118.334 34.2535
-117.195 33.6
-118.836 37.6302
-115.145 34.1574
-117.489 36.058
-116.667 33.4915
-116.712 33.7141
-117.171 33.4577
-118.83 35.1269
-117.994 34.8811
-115.66 34.7846
-118.185 34.1714
-116.275 35.8996
110.523 -7.9125
103.847 1.7922
100.649 5.2902
118.498 5.1777
-92.3429 34.7751
121.08 22.8177
121.297 23.3925
-115.381 34.6375
-117.662 33.5526
-118.455 34.1062
-120.546 35.4077
-119.814 34.8885
-114.827 33.0515
-116.921 34.2623
-116.335 34.8294
9.378 39.496
13.5782 49.1309
-90.4297 36.7785
34.9512 29.6699
-134.883 60.6597
-146.887 64.7714
69.0432 34.5408
74.4944 42.6333
74.7513 42.9986
74.9478 42.6564
75.5966 42.9208
76.2417 42.2456
74.4997 43.2669
71.9667 41.8
76.9658 43.2172
78.6202 50.7154
82.2904 46.7937
25.2002 47.644
7.2993 46.3633
59.9431 49.2556
70.5115 43.1034
19.7984 50.2195
14.5242 35.8373
15.8939 38.2603
29.2242 50.7012
98.9237 2.6938
10.3864 44.1594
23.235 42.618
131.133 -12.8436
110.523 -7.9125
11.2203 49.6909
103.847 1.7922
100.649 5.2902
112.214 2.4529
-92.3429 34.7751
118.388 24.4638
121.595 24.1738
120.954 23.7876
120.63 23.3005
121.08 22.8177
121.376 24.6695
121.297 23.3925
6.678 45.052
16.3222 50.3502
13.405 42.354
13.5782 49.1309
34.9512 29.6699
74.4944 42.6333
73.6941 42.1311
74.7513 42.9986
73.7772 42.6615
74.9478 42.6564
75.2496 42.0778
75.5966 42.9208
74.5134 42.2275
74.4997 43.2669
70.2828 53.0581
82.2904 46.7937
70.9797 52.7232
70.5115 43.1034
38.6798 8.8952
103.644 51.6807
58.5615 56.4293
107.053 47.8651
42.6863 43.9553
44.741 40.148
146.255 -20.0882
82.2904 46.7937
70.5115 43.1034
42.6863 43.9553
44.741 40.148
-144.605 60.9677
-145.775 61.1292
-150.289 63.4502
-149.131 61.5922
141.596 -31.8757
134.351 -19.9428
-116.562 33.3516
-116.675 33.5736
127.41 50.253
-121.81 46.7506
-152.084 63.4188
-151.237 59.5251
-145.923 61.4924
-148.937 63.7318
-152.189 62.8962
-147.329 61.832
136.059 -32.8102
145.692 -31.5375
149.363 -35.315
143.175 -13.9574
147.19 -42.4417
131.133 -12.8436
105.652 -10.4807
110.523 -7.9125
103.773 1.3608
118.498 5.1777
-117.009 33.65
-152.315 63.8827
-145.775 61.1292
-144.07 63.6482
-145.75 60.5487
-149.739 61.0889
-149.453 60.1043
-150.289 63.4502
-116.737 33.5654
-116.613 33.5519
-116.426 33.5234
-116.675 33.5736
75.923 39.517
98.52 25.029
-128.113 52.1847
-125.365 50.0315
-139.394 64.0647
-133.525 68.3065
-127.433 50.7067
-118.133 51.1685
-122.921 50.1266
34.9512 29.6699
28.4128 44.4581
-146.887 64.7714
69.0432 34.5408
74.7513 42.9986
73.7772 42.6615
74.9478 42.6564
75.2496 42.0778
75.5966 42.9208
76.2417 42.2456
74.4997 43.2669
58.0164 50.4348
70.2828 53.0581
70.3885 53.0249
76.9658 43.2172
78.6202 50.7154
82.2904 46.7937
25.2002 47.644
-121.34 44.3386
-122.705 40.974
-105.944 40.8947
-108.242 40.1348
-115.585 38.3489
-109.736 35.1181
-119.504 44.082
-121.989 47.1881
-118.96 45.2904
-117.682 35.4795
59.9431 49.2556
70.5115 43.1034
15.5232 47.2505
13.3447 47.0784
-116 45.0876
-110.957 43.4897
-110.4 44.5652
-116.863 36.4672
15.8939 38.2603
10.3864 44.1594
-149.299 64.1732
-152.084 63.4188
-147.805 64.6453
-147.376 63.0753
-145.234 66.5657
-171.704 63.7758
-145.923 61.4924
-148.937 63.7318
-148.232 64.9602
-150.744 65.0304
-145.47 62.9699
-152.189 62.8962
-148.86 63.4056
-147.329 61.832
-143.99 63.9761
-148.092 64.4716
-115.924 35.4358
-109.267 45.1221
10.2635 46.6202
99.1212 14.3948
-118.23 37.0542
29.2242 50.7012
-117.306 44.8525
98.9237 2.6938
-116.275 35.8996
-115.454 33.6552
-110.699 44.0827
-110.604 43.6124
-105.458 41.3016
-110.754 43.4599
-110.524 39.1108
-121.81 46.7506
-119.085 35.8409
23.235 42.618
58.1189 37.9304
-117.366 36.9961
152.164 -4.1912
-116.667 33.4915
-116.422 32.892
-117.659 34.2388
-117.994 34.8811
-117.489 36.058
-114.619 34.7676
-118.185 34.1714
16.3222 50.3502
119.752 -5.0142
103.773 1.3608
101.025 4.4795
116.215 6.0443
103.847 1.7922
110.308 1.4733
100.649 5.2902
112.214 2.4529
108.481 11.952
103.907 21.3252
-114.524 33.7503
-117.662 33.5526
-117.221 40.4314
36.5674 55.1146
32.7934 39.868
58.5615 56.4293
-118.118 34.4837
-122.109 43.2405
-121.754 42.6246
-122.854 41.392
166.453 68.0653
44.741 40.148
13.5782 49.1309
91.127 29.7031
147.16 -9.4047
75.923 39.517
98.52 25.029
69.0432 34.5408
74.7513 42.9986
73.7772 42.6615
74.9478 42.6564
75.2496 42.0778
75.5966 42.9208
76.2417 42.2456
70.2828 53.0581
76.9658 43.2172
82.2904 46.7937
59.9431 49.2556
70.5115 43.1034
-147.376 63.0753
97.9632 19.3148
98.9237 2.6938
58.1189 37.9304
152.164 -4.1912
103.847 1.7922
110.308 1.4733
112.214 2.4529
108.481 11.952
103.907 21.3252
69.0432 34.5408
76.9658 43.2172
82.2904 46.7937
133.904 -23.666
59.9431 49.2556
70.5115 43.1034
98.9237 2.6938
112.214 2.4529
120.954 23.7876
121.297 23.3925
29.2242 50.7012
13.5782 49.1309
-148.332 61.807
-149.453 60.1043
-106.829 37.7461
59.9431 49.2556
70.5115 43.1034
58.5625 56.4302
9.34732 46.4722
98.9237 2.6938
-74.7029 40.3769
112.214 2.4529
120.954 23.7876
121.297 23.3925
87.7049 43.8138
13.5782 49.1309
44.741 40.148
147.16 -9.4047
59.9431 49.2556
70.5115 43.1034
9.34732 46.4722
98.9237 2.6938
112.214 2.4529
120.954 23.7876
121.297 23.3925
13.5782 49.1309
125.26 43.48
94.8145 36.1984
111.564 40.85
103.844 36.087
116.079 43.9
69.0432 34.5408
74.3289 41.8544
78.6202 50.7154
82.2904 46.7937
70.5115 43.1034
76.9658 43.2172
82.2904 46.7937
70.5115 43.1034
44.741 40.148
70.2828 53.0581
82.2904 46.7937
70.5115 43.1034
44.741 40.148
-149.739 61.0889
-149.453 60.1043
-167.927 65.5598
-166.505 53.8452
-146.887 64.7714
74.7513 42.9986
73.7772 42.6615
74.9478 42.6564
75.2496 42.0778
75.5966 42.9208
76.2417 42.2456
74.4997 43.2669
82.2904 46.7937
140.11 36.2108
70.5115 43.1034
-163.418 54.8564
-148.937 63.7318
36.5674 55.1146
44.741 40.148
158.65 53.0233
119.741 49.2704
158.315 6.8367
-155.533 19.7573
143.157 42.015
96.8349 -12.1901
80.7022 7.2728
45.5032 23.5225
147.32 -42.9099
-176.684 51.8823
-171.777 -13.9093
-147.862 64.8736
138.204 36.5457
166.652 19.2834
91.127 29.7031
58.1189 37.9304
116.168 40.0183
129.591 44.617
146.255 -20.0882
166.307 -22.0986
103.644 51.6807
38.6798 8.8952
107.053 47.8651
51.861 -46.43
70.2828 53.0581
42.6863 43.9553
108.924 34.0313
82.2904 46.7937
140.11 36.2108
70.5115 43.1034
44.741 40.148
158.315 6.8367
143.157 42.015
91.127 29.7031
146.255 -20.0882
38.6798 8.8952
51.861 -46.43
108.924 34.0313
133.904 -23.666
148.396 -34.298
97.5 31
103.758 30.91
94.8145 36.1984
99.8167 39.4
111.564 40.85
103.844 36.087
98.52 25.029
69.0432 34.5408
74.7513 42.9986
73.7772 42.6615
77.6672 42.7861
75.97 41.4222
82.2904 46.7937
140.11 36.2108
123.258 44.1229
70.5115 43.1034
76.9658 43.2172
44.741 40.148
137.029 35.35
143.157 42.015
121.568 44.1859
151.629 -30.4183
145.692 -31.5375
149.363 -35.315
151.082 -25.3691
114.234 -22.643
116.04 -29.0679
144.235 -26.5837
152.164 -4.1912
148.996 -35.3187
91.127 29.7031
125.218 42.4564
124.053 42.8599
127.816 42.7654
127.988 47.6717
146.255 -20.0882
108.924 34.0313
97.5 31
103.758 30.91
94.8145 36.1984
99.8167 39.4
103.844 36.087
98.52 25.029
69.0432 34.5408
73.7772 42.6615
74.4997 43.2669
77.6672 42.7861
75.97 41.4222
82.2904 46.7937
70.5115 43.1034
76.9658 43.2172
44.741 40.148
151.629 -30.4183
145.692 -31.5375
151.082 -25.3691
144.235 -26.5837
152.164 -4.1912
146.255 -20.0882
40.8585 13.204
41.4422 11.5607
40.316 12.0681
40.4612 12.2526
40.9849 12.4948
40.7037 11.9892
39.5343 12.7832
40.977 12.0401
41.0043 11.7926
40.3148 12.4812
133.904 -23.666
148.396 -34.298
97.5 31
103.758 30.91
121.628 38.906
94.8145 36.1984
99.8167 39.4
127.41 50.253
111.564 40.85
75.923 39.517
103.844 36.087
92.25 32.25
123.578 41.8278
117.124 36.21
98.52 25.029
116.079 43.9
166.444 -22.0716
178.053 -17.7448
69.0432 34.5408
142.593 44.1188
74.7513 42.9986
73.7772 42.6615
74.9478 42.6564
75.2496 42.0778
75.5966 42.9208
76.2417 42.2456
74.4997 43.2669
77.6672 42.7861
71.9667 41.8
73.7936 42.6719
74.6127 42.8418
75.97 41.4222
58.0164 50.4348
70.3885 53.0249
78.5304 50.6226
78.6202 50.7154
82.2904 46.7937
55.9722 18.9663
56.5529 19.092
53.6449 12.6993
57.2081 19.2702
57.465 19.5008
122.41 42.8204
126.654 43.0745
128.753 43.393
122.35 44.1095
125.34 44.3552
129.601 44.1076
117.063 44.8025
116.164 45.5353
119.954 44.3083
129.736 45.107
130.535 45.4624
129.689 45.8258
117.915 46.1709
118.801 46.2132
125.09 46.1856
127.88 46.1191
131.427 46.1078
120.732 46.9265
122.43 46.927
123.343 46.896
126.63 47.312
129.795 46.9462
120.286 47.4937
132.599 47.6744
132.526 47.2994
179.3 -16.5409
-178.814 -18.2032
149.388 -9.9312
150.833 -9.4657
150.362 -9.3763
149.672 -10.3383
150.87 -9.2247
150.102 -10.0946
150.78 -9.2864
151.085 -8.5073
150.881 -9.9483
149.794 -9.6207
149.467 -9.7562
151.184 -8.8523
150.138 -9.2442
150.532 -9.3548
59.9431 49.2556
70.5115 43.1034
78.5634 50.7216
78.5566 50.7017
78.55 50.682
78.5434 50.6622
78.5366 50.6424
78.5239 50.6028
78.5172 50.5831
78.5108 50.5632
78.5043 50.5433
78.4977 50.5236
78.6862 50.6019
78.6551 50.6061
78.6242 50.6102
78.5927 50.6144
78.5615 50.6185
78.4993 50.6269
78.469 50.6317
78.4368 50.6353
78.4057 50.6394
78.3746 50.6436
150.621 -10.0805
150.2 -9.9505
149.934 -8.8702
76.9658 43.2172
-150.987 64.0997
-152.084 63.4188
-148.232 64.9602
-150.744 65.0304
-148.092 64.4716
118.803 43.4251
120.603 43.3725
-179.906 -16.7089
44.741 40.148
119.741 49.2704
137.029 35.35
158.315 6.8367
39.7418 9.5827
143.157 42.015
150.35 -9.7494
90.058 23.815
116.111 42.0066
118.15 42.3784
116.082 42.6961
117.07 42.6708
118.772 42.9024
120.584 42.5254
121.547 42.6822
116.123 43.3073
116.958 43.4028
121.495 43.3884
115.956 44.24
117.053 44.1316
118.984 44.0618
121.568 44.1859
117.814 44.7865
120.704 45.0041
121.739 44.8796
118.028 45.4442
120.636 46.1764
122.508 46.3497
123.289 46.1681
126.056 46.2072
124.206 46.8931
-179.335 -17.728
177.495 -17.7233
178.454 -18.1146
150.707 -9.9434
-176.171 -21.3521
149.668 -8.9998
151.629 -30.4183
136.059 -32.8102
145.692 -31.5375
151.082 -25.3691
159.061 -31.52
139.605 -20.5577
144.235 -26.5837
152.164 -4.1912
145.491 -37.5714
128.296 -25.0375
148.996 -35.3187
45.5032 23.5225
56.2042 24.9453
-147.862 64.8736
159.947 -9.4387
126.624 37.4776
172.923 1.3549
47.3388 29.8032
149.667 -9.3332
121.495 45.4249
179.952 -18.5663
91.127 29.7031
58.1189 37.9304
116.168 40.0183
129.591 44.617
125.218 42.4564
121.514 46.7856
124.053 42.8599
123.287 42.9786
127.816 42.7654
124.318 43.4586
129.674 43.3914
122.845 44.8973
123.727 44.8374
124.54 44.8055
130.543 44.8533
131.201 45.2959
116.976 45.4352
120.576 45.5346
125.97 45.4855
130.532 46.2147
133.656 45.9943
125.959 46.8976
128.057 47.0656
131.921 46.7781
121.292 47.5623
127.988 47.6717
146.255 -20.0882
166.307 -22.0986
103.644 51.6807
38.6798 8.8952
107.053 47.8651
58.5615 56.4293
70.2828 53.0581
42.6863 43.9553
108.924 34.0313
40.9849 12.4948
-160.477 55.3493
-155.622 61.1082
133.904 -23.666
97.5 31
103.758 30.91
94.8145 36.1984
99.8167 39.4
111.564 40.85
103.844 36.087
92.25 32.25
117.124 36.21
69.0432 34.5408
142.593 44.1188
74.7513 42.9986
73.7772 42.6615
74.9478 42.6564
77.6672 42.7861
75.9422 42.4922
74.6127 42.8418
75.97 41.4222
82.2904 46.7937
149.388 -9.9312
150.833 -9.4657
150.362 -9.3763
150.186 -9.4385
149.672 -10.3383
150.87 -9.2247
150.78 -9.2864
151.085 -8.5073
150.881 -9.9483
149.467 -9.7562
150.532 -9.3548
70.5115 43.1034
76.9658 43.2172
44.741 40.148
118.15 42.3784
121.568 44.1859
151.629 -30.4183
145.692 -31.5375
151.082 -25.3691
139.605 -20.5577
144.235 -26.5837
152.164 -4.1912
91.127 29.7031
146.255 -20.0882
38.6798 8.8952
108.924 34.0313
40.7037 11.9892
41.0043 11.7926
148.396 -34.298
97.5 31
103.758 30.91
94.8145 36.1984
99.8167 39.4
103.844 36.087
92.25 32.25
98.52 25.029
69.0432 34.5408
73.7772 42.6615
71.9667 41.8
75.9422 42.4922
75.97 41.4222
82.2904 46.7937
57.761 19.0152
53.6449 12.6993
53.9327 12.563
53.5806 12.4176
123.258 44.1229
150.833 -9.4657
150.362 -9.3763
150.186 -9.4385
150.87 -9.2247
150.78 -9.2864
151.085 -8.5073
150.881 -9.9483
151.184 -8.8523
150.138 -9.2442
70.5115 43.1034
76.9658 43.2172
116.111 42.0066
151.629 -30.4183
145.692 -31.5375
149.363 -35.315
151.082 -25.3691
144.235 -26.5837
152.164 -4.1912
91.127 29.7031
146.255 -20.0882
38.6798 8.8952
108.924 34.0313
94.8145 36.1984
75.923 39.517
103.844 36.087
92.25 32.25
98.52 25.029
116.079 43.9
69.0432 34.5408
73.7772 42.6615
71.9667 41.8
70.818 40.0575
58.0164 50.4348
82.2904 46.7937
70.5115 43.1034
78.5366 50.6424
78.5239 50.6028
78.5172 50.5831
78.5108 50.5632
78.5043 50.5433
78.4977 50.5236
78.6862 50.6019
78.6551 50.6061
78.6242 50.6102
78.5927 50.6144
78.5615 50.6185
78.4993 50.6269
78.4057 50.6394
44.741 40.148
119.741 49.2704
151.082 -25.3691
56.2042 24.9453
91.127 29.7031
58.1189 37.9304
116.168 40.0183
146.255 -20.0882
103.644 51.6807
38.6798 8.8952
70.2828 53.0581
42.6863 43.9553
103.758 30.91
94.8145 36.1984
99.8167 39.4
75.923 39.517
103.844 36.087
92.25 32.25
70.818 40.0575
82.2904 46.7937
59.9431 49.2556
70.5115 43.1034
69.0432 34.5408
74.4944 42.6333
73.6941 42.1311
74.7513 42.9986
73.7772 42.6615
74.9478 42.6564
75.5966 42.9208
76.2417 42.2456
74.4997 43.2669
70.2828 53.0581
82.2904 46.7937
70.5115 43.1034
129.68 62.031
103.644 51.6807
78.6202 50.7154
45.5032 23.5225
58.1189 37.9304
91.127 29.7031
107.053 47.8651
87.7049 43.8138
-44.7361 -60.7381
-79.1411 44.7695
-66.8332 54.8324
-61.1463 14.735
5.52838 22.7915
-4.85656 6.67016
-68.019 46.6713
-64.9622 18.3533
-110.576 44.3951
-105.944 40.8947
-83.6567 42.3012
-82.982 40.2319
-75.9861 42.1993
-99.7374 38.814
-89.1369 46.1003
-104.196 48.4702
-96.6141 43.7337
-79.9891 42.1175
-91.4953 47.9462
-84.6175 44.8245
-89.294 40.5559
-114.414 43.5625
-99.8022 30.4794
-90.2481 42.9142
-71.9259 44.2401
-74.5829 44.6197
-93.5765 34.5454
-89.4092 34.5118
-109.267 45.1221
-90.5177 32.2185
-110.604 43.6124
-7.7173 37.4037
-74.2236 43.9708
-88.2763 20.2263
-105.458 41.3016
-110.852 43.3624
-106.974 39.1776
-80.1448 41.6492
-71.6537 43.4701
-78.4508 0.2376
-35.9014 -5.8274
-70.634 8.8839
-66.15 18.1091
-77.8876 40.6358
-86.2939 38.2289
-73.5883 44.835
-74.1435 41.7546
-73.9079 41.0056
-63.2426 17.6205
-63.0746 18.05
-88.0991 38.7338
-90.4297 36.7785
-89.2174 37.7148
-92.3429 34.7751
-87.666 37.965
-110.699 44.0827
-73.6678 43.3843
-89.6997 36.4137
-7.5902 38.8672
-106.524 42.6507
-95.8619 48.2977
-80.4205 37.2113
-77.3732 38.2046
-86.9978 33.0399
-79.8456 39.6581
-94.661 31.7598
-80.1778 33.1067
-69.2917 45.2644
-105.501 37.7456
-90.2364 38.6361
39.585 -69.0067
-87.83 36.1297
-4.2718 31.8634
74.4944 42.6333
73.6941 42.1311
74.7513 42.9986
73.7772 42.6615
74.9478 42.6564
75.2496 42.0778
75.5966 42.9208
74.5134 42.2275
76.2417 42.2456
74.4997 43.2669
70.2828 53.0581
70.6152 53.6762
82.2904 46.7937
70.5115 43.1034
70.9797 52.7232
45.5032 23.5225
58.1189 37.9304
103.644 51.6807
69.0043 52.951
91.127 29.7031
107.053 47.8651
166.453 68.0653
129.68 62.031
87.7049 43.8138
97.5 31
103.758 30.91
99.8167 39.4
75.923 39.517
103.844 36.087
92.25 32.25
70.3885 53.0249
78.5304 50.6226
81.977 46.808
82.2904 46.7937
105.469 15.2773
70.5115 43.1034
78.5634 50.7216
78.5366 50.6424
78.5239 50.6028
78.4977 50.5236
78.6862 50.6019
78.6242 50.6102
78.5927 50.6144
78.5615 50.6185
78.4993 50.6269
78.4057 50.6394
102.74 25.1233
45.5032 23.5225
101.025 4.4795
116.215 6.0443
108.481 11.952
69.0432 34.5408
76.9658 43.2172
91.127 29.7031
107.053 47.8651
77.8048 41.7291
87.7049 43.8138
-84.1114 10.0021
5.52838 22.7915
-4.85656 6.67016
-5.1525 35.4026
-5.639 35.3086
-4.9863 35.2275
-5.1145 35.0273
-5.3197 33.7205
-4.6171 32.2317
-5.415 36.3932
-5.0434 36.5282
-4.8195 34.15
-78.4508 0.2376
-35.9014 -5.8274
-70.634 8.8839
-3.7359 34.8894
-5.2325 36.8235
140.11 36.2108
120.58 16.4108
110.523 -7.9125
118.388 24.4638
121.08 22.8177
121.297 23.3925
142.76 46.9587
143.157 42.015
-116.667 33.4915
-116.613 33.5519
-117.594 36.277
120.58 16.4108
-116.672 32.68
-114.827 33.0515
-116.806 35.3018
-118.474 35.6628
-118.836 37.6302
-118.058 34.2236
-116.863 33.3536
-117.283 35.8909
-117.098 34.1065
-118.23 37.0542
-117.33 34.5606
138.204 36.5457
147.16 -9.4047
121.497 24.9735
103.773 1.3608
118.388 24.4638
121.595 24.1738
120.954 23.7876
120.63 23.3005
121.08 22.8177
121.297 23.3925
142.76 46.9587
129.591 44.617
158.65 53.0233
120.58 16.4108
118.388 24.4638
121.595 24.1738
120.954 23.7876
120.63 23.3005
121.08 22.8177
121.297 23.3925
142.76 46.9587
129.591 44.617
140.11 36.2108
98.9237 2.6938
121.595 24.1738
120.954 23.7876
121.08 22.8177
121.297 23.3925
-122.854 41.392
-115.585 38.3489
-117.434 34.5505
-118.83 35.1269
-117.994 34.8811
-114.827 33.0515
-115.66 34.7846
-115.145 34.1574
-118.836 37.6302
-118.724 34.6145
-116.275 35.8996
158.65 53.0233
120.58 16.4108
98.9237 2.6938
110.308 1.4733
118.498 5.1777
137.029 35.35
120.58 16.4108
96.7692 -82.0086
-115.924 35.4358
119.752 -5.0142
146.255 -20.0882
144.868 13.5893
138.204 36.5457
116.215 6.0443
118.498 5.1777
142.76 46.9587
143.157 42.015
129.591 44.617
123.578 41.8278
137.029 35.35
120.58 16.4108
142.203 27.057
147.366 -2.0432
152.164 -4.1912
121.595 24.1738
121.376 24.6695
121.297 23.3925
142.76 46.9587
143.157 42.015
129.591 44.617
123.578 41.8278
114.354 30.5428
123.011 24.4672
140.11 36.2108
137.029 35.35
120.58 16.4108
118.498 5.1777
108.481 11.952
120.455 17.552
121.595 24.1738
120.954 23.7876
121.08 22.8177
121.297 23.3925
129.591 44.617
125.26 43.48
117.124 36.21
110.308 1.4733
118.498 5.1777
108.481 11.952
120.455 17.552
121.595 24.1738
120.954 23.7876
120.63 23.3005
121.376 24.6695
121.297 23.3925
125.26 43.48
117.124 36.21
114.354 30.5428
130.877 33.125
128.273 26.836
139.605 -20.5577
116.215 6.0443
118.498 5.1777
-97.5606 -72.5301
-4.2718 31.8634
99.8167 39.4
103.844 36.087
92.25 32.25
78.6202 50.7154
81.977 46.808
70.5115 43.1034
76.9658 43.2172
82.2904 46.7937
-116.675 33.5736
-118.836 37.6302
69.0432 34.5408
82.2904 46.7937
121.08 22.8177
109.494 30.2762
-68.5451 63.7469
-118.474 35.6628
-118.836 37.6302
-119.715 34.4408
-118.286 34.0192
-117.33 34.5606
-114.827 33.0515
-118.404 33.7435
-116.806 35.3018
-73.9079 41.0056
103.758 30.91
99.8167 39.4
112.47 34.55
34.9512 29.6699
78.6202 50.7154
82.2904 46.7937
133.904 -23.666
97.5 31
103.758 30.91
106.664 26.46
75.923 39.517
112.47 34.55
92.25 32.25
118.854 32.0517
98.52 25.029
114.354 30.5428
-86.4158 80.0532
-94.0866 58.7616
-67.2715 49.5223
-134.883 60.6597
34.9512 29.6699
-146.887 64.7714
123.011 24.4672
74.4944 42.6333
73.6941 42.1311
74.7513 42.9986
74.9478 42.6564
75.2496 42.0778
75.5966 42.9208
74.5134 42.2275
76.2417 42.2456
74.4997 43.2669
27.88 39.64
74.3289 41.8544
75.9422 42.4922
70.818 40.0575
77.1944 42.1272
75.97 41.4222
78.6202 50.7154
81.977 46.808
-8.5057 70.9866
16.3683 78.1823
-78.75 41.13
25.2002 47.644
-79.3733 47.0904
-76.657 47.152
-87.914 46.4301
-88.1347 45.7587
-87.6861 45.2572
-76.2594 44.593
-86.3889 43.4354
-82.6231 42.7749
-75.405 40.3177
-88.1565 38.8948
-87.5114 38.2124
-84.3274 38.2816
-83.5834 38.3001
-87.7153 37.6849
-86.0569 37.6574
-85.2875 37.7849
-87.8941 37.0417
-87.1055 36.9881
-86.3943 37.1094
-79.7758 35.8875
-79.115 35.794
-80.094 34.4643
-79.6665 33.9057
100.229 18.4989
100.616 7.17583
99.1212 14.3948
-89.094 50.254
38.7937 38.2174
34.7451 39.4523
36.7763 38.3476
37.136 38.0842
34.9903 38.5906
35.5496 38.3631
35.9024 38.1646
36.4592 37.9181
34.889 38.2967
35.1502 38.0292
35.8772 37.6727
37.2226 36.9321
33.8726 38.2751
34.3305 38.0579
34.612 37.8467
35.991 36.9918
32.253 38.5137
33.8631 37.9145
35.0873 37.0837
32.3623 37.4495
34.1213 36.6013
34.9629 38.2207
30.0923 40.2844
30.2349 40.3599
30.3102 40.3777
30.3291 40.8033
30.4084 40.42
30.4972 40.3004
30.4792 40.6275
-83.9064 32.3132
59.9431 49.2556
70.5115 43.1034
76.9658 43.2172
82.2904 46.7937
15.8939 38.2603
6.678 45.052
-116.054 44.4109
-148.092 64.4716
7.2993 46.3633
-115.476 44.0206
98.9237 2.6938
19.7984 50.2195
-110.699 44.0827
-88.3871 37.8302
14.5242 35.8373
14.915 55.114
131.133 -12.8436
105.652 -10.4807
16.3222 50.3502
13.5782 49.1309
110.523 -7.9125
114.142 22.2776
11.2203 49.6909
101.025 4.4795
103.847 1.7922
110.308 1.4733
100.649 5.2902
112.214 2.4529
-86.5222 39.1719
-92.3429 34.7751
-87.666 37.965
108.481 11.952
103.907 21.3252
118.388 24.4638
120.954 23.7876
120.63 23.3005
121.08 22.8177
121.376 24.6695
121.297 23.3925
69.0432 34.5408
-93.035 46.657
-92.31 46.248
36.9266 38.804
37.1963 37.4836
35.5147 37.9051
13.405 42.354
29.2242 50.7012
20.3131 49.4189
15.5232 47.2505
-18.655 76.7713
77.8048 41.7291
9.8803 47.2867
10.3864 44.1594
23.235 42.618
16.7583 39.1794
97.5 31
103.758 30.91
94.8145 36.1984
99.8167 39.4
106.664 26.46
113.652 23.6525
111.564 40.85
75.923 39.517
112.47 34.55
92.25 32.25
118.854 32.0517
117.124 36.21
98.52 25.029
114.354 30.5428
34.9512 29.6699
-146.887 64.7714
74.4944 42.6333
73.6941 42.1311
74.7513 42.9986
73.7772 42.6615
74.9478 42.6564
75.2496 42.0778
75.5966 42.9208
74.5134 42.2275
76.2417 42.2456
74.4997 43.2669
75.9422 42.4922
70.818 40.0575
77.1944 42.1272
75.97 41.4222
70.2828 53.0581
78.6202 50.7154
81.977 46.808
25.2002 47.644
-147.862 64.8735
99.7929 12.4726
100.616 7.17583
37.0573 39.3806
38.1385 38.6278
38.7937 38.2174
35.6665 39.6731
34.7451 39.4523
36.0603 38.6277
36.7763 38.3476
37.136 38.0842
37.52 37.7466
34.1573 39.3639
34.9903 38.5906
35.5496 38.3631
36.4592 37.9181
37.5501 37.2527
33.3776 39.179
34.0045 38.764
34.5084 38.5727
34.889 38.2967
35.1502 38.0292
35.8772 37.6727
37.2226 36.9321
33.2447 38.4684
33.8726 38.2751
34.3305 38.0579
35.0198 37.6876
36.4138 36.6193
32.253 38.5137
32.8781 38.2999
33.3797 38.0085
33.8631 37.9145
34.8818 37.4756
33.3254 37.565
34.3637 37.0163
34.1213 36.6013
59.9431 49.2556
70.5115 43.1034
76.9658 43.2172
82.2904 46.7937
15.8939 38.2603
6.678 45.052
-142.346 61.036
-145.75 60.5487
-145.234 66.5657
-142.361 60.9231
-142.723 60.2474
-143.024 61.3836
-142.467 61.1871
-144.846 63.7399
-147.329 61.832
-142.829 60.7541
-148.551 62.8295
-148.585 62.9628
-147.942 62.8349
98.9237 2.6938
19.7984 50.2195
14.5242 35.8373
16.3222 50.3502
13.5782 49.1309
101.025 4.4795
100.649 5.2902
112.214 2.4529
108.481 11.952
103.907 21.3252
-146.948 64.4091
120.954 23.7876
121.08 22.8177
121.297 23.3925
69.0432 34.5408
36.9266 38.804
37.1963 37.4836
35.5147 37.9051
32.4513 38.8489
9.34732 46.4722
13.405 42.354
15.5232 47.2505
58.1189 37.9304
26.7347 58.462
10.3864 44.1594
17.2367 53.2697
23.235 42.618
13.3447 47.0784
16.7583 39.1794
74.4944 42.6333
73.6941 42.1311
74.7513 42.9986
74.9478 42.6564
75.2496 42.0778
75.5966 42.9208
74.5134 42.2275
76.2417 42.2456
82.2904 46.7937
-150.204 67.2269
-150.923 63.5527
166.453 68.0653
98.9237 2.6938
102.74 25.1233
91.127 29.7031
87.7049 43.8138
103.644 51.6807
129.68 62.031
110.308 1.4733
100.649 5.2902
107.053 47.8651
73.6941 42.1311
74.7513 42.9986
73.7772 42.6615
74.9478 42.6564
75.2496 42.0778
75.5966 42.9208
74.5134 42.2275
76.2417 42.2456
74.4997 43.2669
78.6202 50.7154
70.5115 43.1034
76.9658 43.2172
82.2904 46.7937
58.1189 37.9304
102.74 25.1233
91.127 29.7031
87.7049 43.8138
42.6863 43.9553
32.7934 39.868
44.741 40.148
150.77 59.5756
-155.533 19.7573
125.64 -18.0982
143.175 -13.9574
132.473 -12.6869
128.763 -15.6769
131.133 -12.8436
144.235 -26.5837
146.255 -20.0882
147.16 -9.4047
116.215 6.0443
110.308 1.4733
112.214 2.4529
141.596 -31.8757
125.26 43.48
117.124 36.21
142.76 46.9587
142.593 44.1188
125.64 -18.0982
132.473 -12.6869
128.763 -15.6769
139.605 -20.5577
152.164 -4.1912
128.296 -25.0375
129.593 44.6176
119.752 -5.0142
134.36 -19.9336
-117.105 32.8889
121.595 24.1738
120.954 23.7876
121.297 23.3925
110.523 -7.9125
118.388 24.4638
121.08 22.8177
121.297 23.3925
-149.739 61.0889
-158.414 56.3014
-153.288 57.2225
-149.131 61.5922
-155.622 61.1082
-156.012 62.9301
141.596 -31.8757
134.351 -19.9428
134.355 -19.923
134.359 -19.9036
134.366 -19.8782
134.367 -19.855
134.38 -19.8408
134.381 -19.8139
134.384 -19.7914
134.339 -19.9243
134.372 -19.9587
134.34 -19.9619
134.339 -19.9426
134.362 -19.9469
134.387 -19.9485
134.407 -19.9503
134.43 -19.9522
134.453 -19.9542
134.476 -19.9552
134.501 -19.9558
134.515 -19.9577
-153.445 59.3626
-152.155 61.2655
-121.368 43.8206
-121.149 43.751
-121.815 46.8997
-121.355 43.6727
-121.664 44.2408
-118.155 38.4328
-115.828 43.4151
137.354 35.604
142.593 44.1188
138.257 38.04
138.183 34.6777
130.453 31.5093
123.011 24.4672
-116.452 33.6125
-116.46 33.6056
130.833 -12.44
-107.785 32.5324
-112.812 31.9559
-149.724 60.4814
-115.239 40.7448
-119.533 46.3925
-123.869 47.3917
-116.249 36.9488
-111.374 35.5169
-171.202 -84.7199
-122.986 44.1973
-120.941 43.7921
-121.651 45.3223
-121.81 46.7506
-123.799 46.4218
-150.741 59.7417
-145.775 61.1292
-171.704 63.7758
-148.926 61.771
-143.321 60.2805
-144.262 60.3351
-143.251 60.4427
-148.458 61.4131
-148.333 60.8584
-148.332 61.807
-150.747 61.4636
-123.504 48.0575
137.029 35.35
98.9237 2.6938
125.64 -18.0982
-123.244 43.1187
-122.972 47.7172
-121.803 47.4255
-123.771 47.117
149.363 -35.315
140.746 -27.741
132.473 -12.6869
128.763 -15.6769
138.216 -30.4472
135.688 -27.7944
119.846 -21.5725
119.836 -21.5767
119.847 -21.5628
119.855 -21.5781
119.861 -21.5548
119.809 -21.5336
119.901 -21.5625
119.78 -21.6432
139.605 -20.5577
144.235 -26.5837
145.491 -37.5714
128.296 -25.0375
-116.712 33.7141
-116.848 33.63
-116.613 33.5519
-116.426 33.5234
-120.387 38.0345
-122.957 42.6071
-118.83 35.1269
-116.672 32.68
-115.454 33.6552
-117.659 34.2388
-118.08 36.4399
-115.381 34.6375
-118.334 34.2535
-117.994 34.8811
-116.863 36.4672
-114.827 33.0515
-115.66 34.7846
-116.806 35.3018
-116.109 32.6501
-118.474 35.6628
-117.682 35.4795
-118.836 37.6302
-117.489 36.058
-117.195 33.6
-114.142 34.3034
-116.863 33.3536
-116.275 35.8996
-117.098 34.1065
-115.8 32.9451
-118.23 37.0542
-115.924 35.4358
-119.085 35.8409
-117.33 34.5606
114.142 22.2776
129.593 44.6176
119.752 -5.0142
134.36 -19.9336
-123.305 44.5855
146.255 -20.0882
125.579 7.0697
144.868 13.5893
126.624 37.4777
-169.529 16.7329
-158.011 21.42
150.77 59.5756
138.204 36.5457
117.239 -32.9277
147.16 -9.4047
-155.533 19.7573
121.497 24.9735
-110.785 32.3098
166.652 19.2834
116.215 6.0443
103.847 1.7922
110.308 1.4733
100.649 5.2902
118.498 5.1777
112.214 2.4529
118.388 24.4638
121.595 24.1738
120.954 23.7876
120.63 23.3005
121.08 22.8177
121.376 24.6695
121.297 23.3925
-122.825 47.5641
-121.689 47.6947
-117.306 44.8525
96.7558 -82.0104
158.65 53.0233
142.76 46.9587
-121.803 47.4255
-114.827 33.0515
-118.836 37.6302
-116.275 35.8996
114.142 22.2776
118.498 5.1777
121.595 24.1738
121.08 22.8177
121.376 24.6695
121.297 23.3925
98.9237 2.6938
-116.667 33.4915
-116.737 33.5654
-116.712 33.7141
-116.848 33.63
-116.613 33.5519
-117.248 32.841
-116.426 33.5234
-116.675 33.5736
-116.672 32.68
-118.08 36.4399
-115.381 34.6375
-117.009 33.65
-114.827 33.0515
-116.806 35.3018
-117.489 36.058
-118.058 34.2236
-116.863 33.3536
-118.404 33.7435
-117.662 33.5526
-117.283 35.8909
-117.098 34.1065
-118.23 37.0542
129.593 44.6176
121.191 31.0948
134.36 -19.9336
146.255 -20.0882
125.579 7.0697
126.624 37.4777
150.77 59.5756
138.204 36.5457
-110.785 32.3098
121.595 24.1738
120.954 23.7876
120.63 23.3005
121.08 22.8177
121.297 23.3925
-116.562 33.3516
98.9237 2.6938
121.595 24.1738
120.954 23.7876
121.08 22.8177
121.297 23.3925
158.315 6.8367
167.613 8.8019
110.535 -66.2792
146.255 -20.0882
125.579 7.0697
144.868 13.5893
141.596 -31.8757
134.36 -19.9336
146.255 -20.0882
147.16 -9.4047
-149.739 61.0889
-149.131 61.5922
-121.817 44.0597
-118.155 38.4328
-122.411 43.7941
-122.854 41.392
-121.839 41.7826
-115.585 38.3489
-121.81 46.7506
-145.775 61.1292
-171.704 63.7758
-148.332 61.807
-123.755 45.2135
158.315 6.8367
-123.771 47.117
-116.667 33.4915
-116.737 33.5654
-116.712 33.7141
-116.848 33.63
-117.171 33.4577
-116.613 33.5519
-116.426 33.5234
-116.675 33.5736
-117.434 34.5505
-118.83 35.1269
-116.672 32.68
-115.998 34.0006
-117.659 34.2388
-118.026 34.3334
-115.381 34.6375
-118.334 34.2535
-117.009 33.65
-118.455 34.1062
-117.994 34.8811
-116.863 36.4672
-114.827 33.0515
-115.66 34.7846
-116.806 35.3018
-116.335 34.8294
-115.145 34.1574
-117.682 35.4795
-118.836 37.6302
-117.489 36.058
-119.814 34.8885
-117.195 33.6
-118.058 34.2236
-114.619 34.7676
-118.724 34.6145
-114.142 34.3034
-120.546 35.4077
-116.863 33.3536
-118.404 33.7435
-116.997 34.8753
-119.635 33.9954
-117.662 33.5526
-116.275 35.8996
-119.996 35.3142
-117.098 34.1065
-115.8 32.9451
-118.23 37.0542
-115.924 35.4358
-119.085 35.8409
-117.33 34.5606
129.593 44.6176
-176.684 51.8823
-123.305 44.5855
146.255 -20.0882
125.579 7.0697
144.868 13.5893
150.77 59.5756
-110.785 32.3098
116.215 6.0443
110.308 1.4733
118.498 5.1777
-117.105 32.8889
-122.825 47.5641
-116.562 33.3516
-116.96 33.0262
158.65 53.0233
142.76 46.9587
-122.854 41.392
-115.585 38.3489
-121.81 46.7506
-117.434 34.5505
-118.83 35.1269
-118.026 34.3334
-117.994 34.8811
-114.827 33.0515
-115.66 34.7846
-115.145 34.1574
-118.836 37.6302
-118.724 34.6145
-116.275 35.8996
-122.825 47.5641
141.596 -31.8757
125.64 -18.0982
110.308 1.4733
118.498 5.1777
141.596 -31.8757
134.351 -19.9428
134.355 -19.923
134.359 -19.9036
134.366 -19.8782
134.367 -19.855
134.38 -19.8408
134.381 -19.8139
134.384 -19.7914
134.365 -19.9254
134.34 -19.9619
134.339 -19.9426
134.362 -19.9469
134.387 -19.9485
134.407 -19.9503
134.43 -19.9522
134.453 -19.9542
134.501 -19.9558
134.515 -19.9577
162.565 -78.9276
152.735 -81.3466
-155.022 -78.0297
-171.202 -84.7199
-111.778 -79.4181
137.029 35.35
98.9237 2.6938
125.64 -18.0982
136.059 -32.8102
116.709 -30.6147
145.692 -31.5375
149.363 -35.315
128.059 -30.779
114.234 -22.643
128.763 -15.6769
147.366 -2.0432
118.614 -26.6376
131.133 -12.8436
144.235 -26.5837
152.164 -4.1912
-115.924 35.4358
129.593 44.6176
119.752 -5.0142
134.36 -19.9336
146.255 -20.0882
125.579 7.0697
138.204 36.5457
119.731 -21.159
147.16 -9.4047
101.025 4.4795
116.215 6.0443
103.847 1.7922
110.308 1.4733
100.649 5.2902
112.214 2.4529
118.388 24.4638
121.595 24.1738
121.08 22.8177
121.297 23.3925
-53.2006 -82.8619
-68.5525 -85.6124
142.76 46.9587
141.596 -31.8757
-155.022 -78.0297
-171.202 -84.7199
-111.778 -79.4181
137.029 35.35
125.64 -18.0982
147.366 -2.0432
152.164 -4.1912
116.215 6.0443
110.308 1.4733
123.011 24.4672
137.029 35.35
118.498 5.1777
108.481 11.952
121.595 24.1738
120.954 23.7876
121.08 22.8177
121.297 23.3925
114.142 22.2776
101.025 4.4795
116.215 6.0443
110.308 1.4733
100.649 5.2902
118.498 5.1777
141.446 42.8427
137.354 35.604
133.114 35.0018
142.593 44.1188
141.065 40.7895
135.399 35.2857
110.308 1.4733
118.498 5.1777
108.481 11.952
121.595 24.1738
120.954 23.7876
120.63 23.3005
121.376 24.6695
121.297 23.3925
137.354 35.604
130.453 31.5093
135.399 35.2857
-122.476 46.3381
-122.666 46.2162
141.596 -31.8757
97.5 31
103.758 30.91
125.26 43.48
121.628 38.906
94.8145 36.1984
99.8167 39.4
106.664 26.46
127.41 50.253
111.564 40.85
75.923 39.517
112.47 34.55
103.844 36.087
118.854 32.0517
123.578 41.8278
117.124 36.21
98.52 25.029
114.354 30.5428
116.079 43.9
42.8466 11.5307
166.444 -22.0716
166.307 -22.0986
129.68 62.031
137.354 35.604
128.273 26.836
141.065 40.7895
123.011 24.4672
75.9422 42.4922
70.818 40.0575
72.5067 42.4894
78.4 42.5
70.2828 53.0581
78.6202 50.7154
81.977 46.808
148.628 -32.2334
138.636 -34.8916
148.996 -35.3188
151.967 -27.5452
97.9632 19.3148
59.9431 49.2556
70.5115 43.1034
76.9658 43.2172
78.5634 50.7216
78.5566 50.7017
78.55 50.682
78.5434 50.6622
78.5239 50.6028
78.5172 50.5831
78.5108 50.5632
78.5043 50.5433
78.4977 50.5236
78.6862 50.6019
78.6551 50.6061
78.6242 50.6102
78.5615 50.6185
78.4993 50.6269
78.469 50.6317
78.4368 50.6353
78.4057 50.6394
78.3746 50.6436
78.5304 50.6226
82.2904 46.7937
79.4849 43.3276
151.629 -30.4183
145.692 -31.5375
149.363 -35.315
151.082 -25.3691
151.158 -33.8294
145.491 -37.5714
148.396 -34.298
114.142 22.2776
116.168 40.0183
109.494 30.2762
91.127 29.7031
129.593 44.6176
58.5615 56.4293
178.053 -17.7448
73.2686 33.6506
80.7022 7.2728
56.2042 24.9453
159.947 -9.4387
150.77 59.5756
128.867 71.6341
107.053 47.8651
118.388 24.4638
121.595 24.1738
120.954 23.7876
120.63 23.3005
121.08 22.8177
121.376 24.6695
121.297 23.3925
69.0432 34.5408
158.65 53.0233
142.76 46.9587
151.025 -33.7846
129.68 62.031
74.7513 42.9986
73.7772 42.6615
75.5966 42.9208
76.2417 42.2456
74.4997 43.2669
58.0164 50.4348
70.2828 53.0581
59.9431 49.2556
70.5115 43.1034
76.9658 43.2172
116.168 40.0183
109.494 30.2762
102.74 25.1233
91.127 29.7031
129.593 44.6176
121.191 31.0948
87.7049 43.8138
108.924 34.0313
58.5615 56.4293
103.644 51.6807
150.77 59.5756
138.204 36.5457
128.867 71.6341
107.053 47.8651
118.388 24.4638
121.595 24.1738
120.954 23.7876
120.63 23.3005
121.376 24.6695
121.297 23.3925
142.76 46.9587
75.5966 42.9208
70.2828 53.0581
70.5115 43.1034
121.595 24.1738
120.954 23.7876
120.63 23.3005
121.297 23.3925
97.5 31
103.758 30.91
94.8145 36.1984
99.8167 39.4
106.664 26.46
112.47 34.55
103.844 36.087
98.52 25.029
78.6202 50.7154
81.977 46.808
70.5115 43.1034
82.2904 46.7937
137.029 35.35
151.082 -25.3691
103.907 21.3252
120.954 23.7876
69.0432 34.5408
97.5 31
103.758 30.91
125.26 43.48
99.8167 39.4
106.664 26.46
113.652 23.6525
127.41 50.253
111.564 40.85
112.47 34.55
103.844 36.087
118.854 32.0517
123.578 41.8278
117.124 36.21
114.354 30.5428
116.079 43.9
42.8466 11.5307
166.444 -22.0716
142.184 27.0957
137.354 35.604
133.114 35.0018
142.593 44.1188
140.79 37.869
131.224 25.8198
128.273 26.836
138.257 38.04
138.183 34.6777
130.453 31.5093
141.065 40.7895
129.396 34.5275
123.011 24.4672
70.2828 53.0581
81.977 46.808
82.2904 46.7937
79.4849 43.3276
137.029 35.35
151.629 -30.4183
145.692 -31.5375
151.082 -25.3691
114.142 22.2776
116.168 40.0183
109.494 30.2762
102.74 25.1233
91.127 29.7031
129.593 44.6176
121.191 31.0948
87.7049 43.8138
108.924 34.0313
72.4525 -7.4121
55.4792 -4.6737
80.7022 7.2728
56.2042 24.9453
159.947 -9.4387
126.624 37.4777
138.204 36.5457
128.867 71.6341
107.053 47.8651
127.364 36.3772
103.907 21.3252
118.388 24.4638
121.595 24.1738
120.954 23.7876
120.63 23.3005
121.08 22.8177
121.376 24.6695
121.297 23.3925
142.76 46.9587
129.68 62.031
74.4944 42.6333
74.7513 42.9986
73.7772 42.6615
75.5966 42.9208
76.2417 42.2456
74.4997 43.2669
81.977 46.808
158.315 6.8367
116.168 40.0183
109.494 30.2762
102.74 25.1233
91.127 29.7031
129.593 44.6176
121.191 31.0948
87.7049 43.8138
108.924 34.0313
58.5615 56.4293
167.613 8.8019
147.32 -42.9099
103.644 51.6807
126.624 37.4777
150.77 59.5756
138.204 36.5457
128.867 71.6341
107.053 47.8651
166.652 19.2834
118.388 24.4638
121.595 24.1738
120.954 23.7876
120.63 23.3005
121.297 23.3925
158.65 53.0233
142.76 46.9587
103.758 30.91
94.8145 36.1984
99.8167 39.4
75.923 39.517
103.844 36.087
98.52 25.029
-122.224 46.2375
73.6941 42.1311
73.7772 42.6615
74.9478 42.6564
75.5966 42.9208
77.6672 42.7861
75.9422 42.4922
70.818 40.0575
59.9431 49.2556
70.5115 43.1034
82.2904 46.7937
98.9237 2.6938
103.773 1.3608
69.0432 34.5408
97.5 31
94.8145 36.1984
99.8167 39.4
75.923 39.517
103.844 36.087
98.52 25.029
73.6941 42.1311
77.6672 42.7861
70.818 40.0575
81.977 46.808
82.2904 46.7937
103.907 21.3252
69.0432 34.5408
103.758 30.91
94.8145 36.1984
103.844 36.087
98.52 25.029
73.6941 42.1311
76.2417 42.2456
74.6284 42.8123
81.977 46.808
59.9431 49.2556
70.5115 43.1034
76.9658 43.2172
82.2904 46.7937
69.0432 34.5408
-150.262 62.4058
97.5 31
103.758 30.91
94.8145 36.1984
99.8167 39.4
103.844 36.087
98.52 25.029
-21.9497 70.4856
86.8117 27.9587
74.7513 42.9986
73.7772 42.6615
75.5966 42.9208
76.2417 42.2456
35.8472 38.8522
37.2097 37.1722
75.9422 42.4922
70.818 40.0575
71.8044 39.4833
74.6284 42.8123
77.1944 42.1272
72.5067 42.4894
78.4 42.5
70.2828 53.0581
81.977 46.808
100.616 7.17583
59.9431 49.2556
70.5115 43.1034
76.9658 43.2172
82.2904 46.7937
79.4849 43.3276
-165.373 64.5646
-145.75 60.5487
-148.458 61.4131
103.773 1.3608
69.0432 34.5408
26.7347 58.462
82.2904 46.7937
69.0432 34.5408
74.7513 42.9986
73.7772 42.6615
75.5966 42.9208
76.2417 42.2456
70.2828 53.0581
70.5115 43.1034
82.2904 46.7937
91.127 29.7031
87.7049 43.8138
103.644 51.6807
166.453 68.0653
150.77 59.5756
107.053 47.8651
129.68 62.031
78.6202 50.7154
-133.123 55.4689
-72.4125 -42.3787
-72.4034 -41.1384
-73.4779 -42.8324
-109.435 -27.1603
-121.368 43.8206
-121.233 43.722
-122.218 46.2753
-121.253 43.739
-121.815 46.8997
-121.963 44.2098
-122.224 46.2375
-122.217 46.1783
-121.355 43.6727
-121.664 44.2408
-122.189 46.2142
-121.817 44.0597
-128.113 52.1847
-57.5032 49.2562
-68.5451 63.7469
-79.1411 44.7695
-66.8332 54.8324
-95.875 50.2503
-114.484 62.4822
-114.61 62.5616
-71.1327 21.5115
-75.1108 19.9268
-39.6474 69.0922
-51.6679 64.1838
-72.0814 -45.573
-48.1712 61.2058
-16.9555 14.392
-99.1781 19.3297
-118.155 38.4328
-111.027 43.6381
-115.828 43.4151
-56.1395 72.7829
-74.5065 44.8399
-74.0119 41.414
-80.3618 27.0361
-80.907 25.8657
-91.4036 32.7032
-89.0573 32.6368
-84.7188 32.6686
-83.1066 32.6131
-95.8084 32.0015
-86.2677 31.9778
-82.4758 31.9263
-81.0261 31.9746
-89.4649 31.3876
-84.9274 31.4793
-93.1898 30.7498
-85.7467 30.616
-82.0223 30.7248
-84.4317 30.189
-82.5348 29.3689
-97.8082 28.8553
-69.0501 47.0819
-100.693 46.5748
-91.5542 46.6058
-84.3062 46.3665
-68.4623 46.422
-96.2929 45.8398
-88.1347 45.7587
-69.9664 45.8968
-69.1029 45.703
-68.3496 45.8633
-90.2006 45.2684
-70.5319 45.2186
-67.5632 45.2002
-87.7704 44.4697
-71.1559 44.5743
-93.4003 44.0149
-90.6177 43.8916
-88.9134 43.8908
-86.2348 44.0361
-82.8246 43.94
-71.3359 43.8743
-70.5809 44.0505
-84.8214 43.2382
-78.6392 43.2728
-77.8167 43.2657
-76.8579 43.276
-75.9968 43.4099
-75.2852 43.3603
-74.5041 43.4647
-72.5535 43.3462
-88.332 42.7044
-82.6231 42.7749
-76.5163 42.7313
-72.2345 42.6651
-96.3762 41.9666
-91.2218 42.0628
-89.667 42.004
-86.2955 42.0127
-84.4329 41.9438
-77.5591 42.1365
-75.0426 42.1902
-70.8391 41.9359
-88.0432 41.3882
-83.0428 41.4035
-81.357 41.5405
-77.128 41.3372
-72.0464 41.4038
-95.6424 40.8612
-93.235 40.7931
-90.8552 40.7077
-85.6942 40.8801
-84.1825 40.922
-82.3748 40.9183
-80.8377 40.8065
-76.7158 40.8396
-73.4677 40.9313
-84.3353 40.188
-81.8361 40.1158
-80.3778 40.1821
-93.5321 39.6248
-92.0483 39.5298
-89.5213 39.6409
-87.2067 39.6178
-85.4258 39.4605
-81.3896 39.4868
-78.0126 39.4835
-74.7919 39.6734
-89.0169 38.9033
-83.3456 39.026
-82.2669 38.9622
-80.8338 38.9836
-79.1871 39.0401
-98.7111 38.4225
-92.2684 38.2909
-85.1714 38.2916
-84.3274 38.2816
-80.1195 38.2825
-77.8787 37.9636
-75.339 38.3303
-93.3226 37.6909
-89.2551 37.6936
-83.5935 37.6392
-81.3114 37.7997
-78.9536 37.7605
-75.6727 37.6804
-96.5119 36.9162
-88.6459 37.0159
-87.1055 36.9881
-84.8384 37.0204
-79.2538 36.9983
-77.5541 36.9716
-94.3857 36.4394
-85.7796 36.5129
-81.8204 36.5209
-80.3829 36.3472
-86.8219 35.74
-82.8124 35.6694
-81.2149 35.8518
-76.5776 35.7912
-85.3119 35.2002
-83.9277 35.0935
-79.9928 35.1529
-87.0452 34.4517
-84.8574 34.5658
-79.3388 34.5548
-89.5431 33.8656
-86.4119 33.8577
-84.0626 33.864
-80.3915 34.017
-79.6665 33.9057
-78.2163 34.0046
-97.253 33.3309
-94.9852 33.2599
-88.0696 33.1989
-86.5222 39.1719
-90.4273 37.9812
-88.0991 38.7338
-88.0755 34.9824
-89.6997 36.4137
-92.3429 34.7751
-87.666 37.965
-95.3713 34.5892
-107.785 32.5324
-112.812 31.9559
-97.585 30.7827
-99.3939 28.3236
-110.576 44.3951
-87.9119 42.1782
-72.6802 42.4498
-70.6466 41.562
-105.944 40.8947
-81.2129 40.2493
-84.7164 39.5342
-82.1325 39.6337
-106.829 37.7461
-104.411 37.1388
-109.736 35.1181
-106.921 34.0739
-83.6567 42.3012
-82.982 40.2319
-95.8619 48.2977
-111.1 42.7654
-101.681 34.8837
-117.306 44.8525
-111.63 45.597
-109.558 42.7667
-99.7374 38.814
-77.8901 35.2393
-89.1369 46.1003
-104.196 48.4702
-112.813 40.195
-96.6141 43.7337
-109.755 48.024
-115.239 40.7448
-79.9891 42.1175
-91.4953 47.9462
-84.6175 44.8245
-119.533 46.3925
-114.414 43.5625
-111.565 41.6069
-99.8022 30.4794
-90.2481 42.9142
-96.6094 39.1009
-97.8929 27.5459
-106.223 46.6885
-110.4 44.5652
-74.5829 44.6197
-79.8456 39.6581
-93.5765 34.5454
-105.382 31.6985
-113.941 46.8292
-108.493 37.1996
-94.661 31.7598
-80.1778 33.1067
-123.869 47.3917
-69.2917 45.2644
-109.267 45.1221
-93.2153 41.9069
-105.501 37.7456
-83.549 36.5439
-90.5177 32.2185
-98.7807 34.7379
-132.347 56.4191
-111.374 35.5169
-118.637 42.4339
-117.228 45.9734
-118.274 47.8006
-123.504 48.0575
-119.333 48.3584
-121.677 48.8528
-111.851 -74.5476
-97.5606 -72.5301
-90.2364 38.6361
-98.5665 17.5627
-74.3984 42.6968
-72.9918 43.9537
-75.6549 43.981
-8.21994 37.8395
-102.567 22.7692
-121.651 45.3223
-122.249 47.5563
-110.957 43.4897
-73.6678 43.3843
-73.9602 40.7911
-73.4843 41.7261
-70.865 43.0927
-2.8379 -71.6707
-74.9508 44.5578
-122.143 42.9077
-121.529 45.4643
-4.48483 50.9943
-112.596 45.3625
-110.604 43.6124
-105.458 41.3016
-110.852 43.3624
-107.21 41.6889
-106.974 39.1776
-80.1448 41.6492
-78.8551 42.9273
-75.7682 41.557
-75.606 39.9324
-78.6042 42.4062
-120.941 43.7921
-122.972 47.7172
-124.566 47.9475
-122.825 47.5641
-123.755 45.2135
-120.666 47.2545
-123.799 46.4218
-121.803 47.4255
-123.771 47.117
-83.774 35.658
-116.667 33.4915
-116.737 33.5654
-116.712 33.7141
-116.848 33.63
-117.171 33.4577
-116.613 33.5519
-116.426 33.5234
-116.675 33.5736
-120.387 38.0345
-122.957 42.6071
-122.88 38.1448
-121.447 36.764
-117.434 34.5505
-118.83 35.1269
-119.104 35.3444
-116.921 34.2623
-115.454 33.6552
-115.998 34.0006
-117.659 34.2388
-118.026 34.3334
-118.415 33.4019
-118.08 36.4399
-115.381 34.6375
-118.334 34.2535
-117.009 33.65
-118.455 34.1062
-117.994 34.8811
-118.294 33.7126
-116.863 36.4672
-114.827 33.0515
-115.66 34.7846
-116.806 35.3018
-116.335 34.8294
-116.109 32.6501
-115.145 34.1574
-118.474 35.6628
-117.682 35.4795
-118.836 37.6302
-117.489 36.058
-119.814 34.8885
-117.195 33.6
-118.058 34.2236
-114.619 34.7676
-118.724 34.6145
-118.185 34.1714
-114.142 34.3034
-116.863 33.3536
-118.404 33.7435
-116.997 34.8753
-119.715 34.4408
-118.547 32.9799
-119.635 33.9954
-117.662 33.5526
-116.275 35.8996
-117.283 35.8909
-119.996 35.3142
-119.524 33.2479
-117.098 34.1065
-115.8 32.9451
-118.23 37.0542
-115.924 35.4358
-118.286 34.0192
-119.085 35.8409
-119.382 36.321
-117.33 34.5606
-25.5243 37.7637
-58.0637 -51.6753
-101.978 54.725
-36.4879 -54.2836
-109.334 -27.1267
-5.7455 -15.9594
-106.457 34.9459
-64.6963 32.3713
-123.305 44.5855
-81.4327 28.1103
-95.8384 29.9618
-71.5583 42.5064
-4.3499 39.5446
-104.036 44.1212
-50.6208 66.9961
-109.944 23.6858
-77.8876 40.6358
-110.785 32.3098
-86.2939 38.2289
-87.83 36.1297
-75.0514 44.1651
-74.2231 43.9735
-74.1435 41.7546
-74.6056 41.0829
-73.9079 41.0056
-74.7029 40.3769
-9.1505 38.7185
-92.2687 37.154
-89.932 35.123
-90.4297 36.7785
-89.2174 37.7148
-8.4124 40.208
-89.2315 13.6868
-110.699 44.0827
-73.8852 40.8603
-74.2244 41.145
-72.2255 41.7943
-105.664 26.9368
-112.241 27.3198
-4.85653 6.67015
-73.4744 -41.4053
-88.3896 38.3813
-80.675 41.4393
-105.149 38.9641
-75.9861 42.1993
-80.4205 37.2113
-87.0506 31.1687
-77.3732 38.2046
-83.4666 33.4112
-89.294 40.5559
-71.9259 44.2401
-117.123 48.2642
-119.474 -80.017
-92.1368 16.2818
-101.227 19.6467
-8.65267 37.3043
-6.7745 52.3743
-10.2442 51.9394
-7.5902 38.8672
-8.82683 37.1328
-17.1972 32.823
-7.7173 37.4037
-28.247 38.7208
-45.4188 61.1595
-31.3755 68.2035
-57.5032 49.2562
-68.5451 63.7469
-66.8332 54.8324
-74.5657 40.6827
-92.3429 34.7751
-73.6678 43.3843
-73.9602 40.7911
-2.8379 -71.6707
-80.1448 41.6492
-123.244 43.1187
-122.825 47.5641
-123.755 45.2135
-116.667 33.4915
-116.737 33.5654
-116.712 33.7141
-116.848 33.63
-116.613 33.5519
-117.248 32.841
-116.426 33.5234
-116.675 33.5736
-116.672 32.68
-118.026 34.3334
-118.415 33.4019
-115.381 34.6375
-117.009 33.65
-118.455 34.1062
-114.827 33.0515
-116.806 35.3018
-118.836 37.6302
-117.489 36.058
-118.058 34.2236
-118.724 34.6145
-120.546 35.4077
-116.863 33.3536
-118.404 33.7435
-119.715 34.4408
-117.662 33.5526
-117.283 35.8909
-119.524 33.2479
-117.098 34.1065
-118.23 37.0542
-118.286 34.0192
-118.118 34.4837
-117.33 34.5606
-101.978 54.725
-106.457 34.9459
-64.6963 32.3713
-123.305 44.5855
-81.4327 28.1103
-95.8384 29.9618
-4.3499 39.5446
-77.8876 40.6358
-110.785 32.3098
-73.9079 41.0056
-89.932 35.123
-73.8852 40.8603
-116.562 33.3516
-89.6997 36.4137
-92.3429 34.7751
-87.666 37.965
-73.6678 43.3843
-103.668 29.334
-88.0991 38.7338
-92.3429 34.7751
-87.666 37.965
-76.72 40.23
-97.585 30.7827
-110.576 44.3951
-95.7919 35.9104
-83.774 35.658
-92.2687 37.154
120.58 16.4108
147.16 -9.4047
146.255 -20.0882
134.36 -19.9336
129.593 44.6176
125.579 7.0697
138.204 36.5457
166.757 -77.8492
103.773 1.3608
121.08 22.8177
121.297 23.3925
140.002 -66.6649
167.613 8.8019
110.535 -66.2792
125.579 7.0697
144.868 13.5893
166.757 -77.8492
103.773 1.3608
-149.739 61.0889
-153.288 57.2225
174.103 52.7308
-155.622 61.1082
-123.452 48.6498
130.453 31.5093
129.396 34.5275
135.399 35.2857
-121.34 44.3386
-154.854 62.1816
-155.89 60.6801
-154.484 60.8132
-155.208 59.8542
-149.724 60.4814
-122.825 47.5641
-122.218 46.2753
-123.504 48.0575
-123.771 47.117
-150.906 59.7511
-150.741 59.7417
-151.237 59.5251
-146.503 60.396
-151.652 59.6572
-148.333 60.8584
-154.184 56.5593
-150.747 61.4636
-149.453 60.1043
137.029 35.35
-121.803 47.4255
-116.863 36.4672
129.593 44.6176
-152.583 57.7828
125.579 7.0697
144.868 13.5893
126.624 37.4777
150.77 59.5756
138.204 36.5457
127.364 36.3772
121.297 23.3925
-121.81 46.7506
142.76 46.9587
-111.565 41.6069
-80.421 37.2113
-99.7374 38.814
-35.9014 -5.8274
-89.2174 37.7148
-111.1 42.7654
-99.8022 30.4794
-93.5765 34.5454
-110.4 44.5652
-95.8384 29.9618
-91.4953 47.9462
-89.4092 34.5118
-70.634 8.8839
-66.15 18.1091
-90.2364 38.6361
70.2828 53.0581
70.5115 43.1034
82.2904 46.7937
