-8.412399999999999878e+00 4.020799999999999841e+01
-8.954309999999999548e+01 3.386560000000000059e+01
1.780529999999999973e+02 -1.774480000000000146e+01
-8.461750000000000682e+01 4.482450000000000045e+01
-1.532880000000000109e+02 5.722249999999999659e+01
-1.454699999999999989e+02 6.296990000000000265e+01
-7.505140000000000100e+01 4.416510000000000247e+01
-1.128130000000000024e+02 4.019500000000000028e+01
-7.063400000000000034e+01 8.883900000000000574e+00
-6.756319999999999482e+01 4.520020000000000238e+01
-8.482139999999999702e+01 4.323819999999999908e+01
3.333100000000000307e+01 3.496110000000000184e+01
-1.521889999999999930e+02 6.289620000000000033e+01
-1.679269999999999925e+02 6.555979999999999563e+01
-9.234290000000000020e+01 3.477510000000000190e+01
-8.485739999999999839e+01 3.456580000000000297e+01
-8.042050000000000409e+01 3.721130000000000138e+01
-6.774499999999999744e+00 5.237429999999999808e+01
-8.042100000000000648e+01 3.721130000000000138e+01
-1.445980000000000132e+02 6.160609999999999786e+01
1.431570000000000107e+02 4.201500000000000057e+01
-4.819499999999999673e+00 3.414999999999999858e+01
5.811889999999999645e+01 3.793039999999999878e+01
1.159560000000000031e+02 4.424000000000000199e+01
-9.756059999999999377e+01 -7.253010000000000446e+01
-7.035080000000000666e+01 -1.531780000000000008e+01
-7.293269999999999698e+01 -1.349269999999999925e+01
1.205799999999999983e+02 1.641079999999999828e+01
-1.203870000000000005e+02 3.803450000000000131e+01
-1.207399999999999949e+02 3.875520000000000209e+01
-1.209360000000000070e+02 3.825710000000000122e+01
-1.200759999999999934e+02 3.870280000000000342e+01
7.780480000000000018e+01 4.172910000000000252e+01
-1.323470000000000084e+02 5.641910000000000025e+01
-9.537130000000000507e+01 3.458919999999999817e+01
-8.704519999999999413e+01 3.445170000000000243e+01
4.070369999999999777e+01 1.198920000000000030e+01
1.324730000000000132e+02 -1.268689999999999962e+01
-1.482319999999999993e+02 6.496020000000000039e+01
-1.480920000000000130e+02 6.447159999999999513e+01
-6.921380000000000621e+01 -1.728969999999999985e+01
-6.900320000000000675e+01 -1.721310000000000073e+01
-6.967969999999999686e+01 -1.757499999999999929e+01
-6.995999999999999375e+01 -1.777830000000000155e+01
1.054689999999999941e+02 1.527730000000000032e+01
1.209539999999999935e+02 2.378760000000000119e+01
1.206299999999999955e+02 2.330049999999999955e+01
-1.606879999999999882e+02 6.069469999999999743e+01
-1.600920000000000130e+02 6.016859999999999786e+01
-8.202230000000000132e+01 3.072479999999999833e+01
1.493880000000000052e+02 -9.931200000000000472e+00
1.497940000000000111e+02 -9.620699999999999363e+00
1.494670000000000130e+02 -9.756199999999999761e+00
1.422030000000000030e+02 2.705699999999999861e+01
1.421839999999999975e+02 2.709570000000000078e+01
1.304530000000000030e+02 3.150929999999999964e+01
1.280829999999999984e+02 4.199430000000000263e+01
1.287909999999999968e+02 4.194579999999999842e+01
7.051149999999999807e+01 4.310340000000000060e+01
-7.058089999999999975e+01 4.405049999999999955e+01
-8.777039999999999509e+01 4.446970000000000312e+01
-6.727150000000000318e+01 4.952230000000000132e+01
-1.164219999999999970e+02 3.289200000000000301e+01
-1.161089999999999947e+02 3.265010000000000190e+01
-1.166719999999999970e+02 3.267999999999999972e+01
-1.164230000000000018e+02 3.289269999999999783e+01
-1.161009999999999991e+02 3.265910000000000224e+01
-1.113199999999999932e+02 4.334740000000000038e+01
-1.110270000000000010e+02 4.363810000000000144e+01
1.186140000000000043e+02 -2.663759999999999906e+01
-1.478050000000000068e+02 6.464530000000000598e+01
-1.478619999999999948e+02 6.487359999999999616e+01
3.474510000000000076e+01 3.945230000000000103e+01
-1.478619999999999948e+02 6.487350000000000705e+01
3.415729999999999933e+01 3.936390000000000100e+01
1.312009999999999934e+02 4.529590000000000316e+01
-7.161979999999999791e+01 -1.319710000000000072e+01
-7.078140000000000498e+01 -3.479240000000000066e+01
-8.298199999999999932e+01 4.023190000000000310e+01
-7.334459999999999980e+01 -1.420529999999999937e+01
-8.237479999999999336e+01 4.091830000000000211e+01
1.462549999999999955e+02 -2.008820000000000050e+01
1.273640000000000043e+02 3.637720000000000198e+01
1.279749999999999943e+02 3.687299999999999756e+01
-1.233379999999999939e+02 3.946900000000000119e+01
-8.346659999999999968e+01 3.341120000000000090e+01
9.347319999999999851e+00 4.647220000000000084e+01
1.799519999999999982e+02 -1.856629999999999825e+01
1.407460000000000093e+02 -2.774099999999999966e+01
-7.142459999999999809e+01 -1.297359999999999935e+01
-7.134380000000000166e+01 -1.266729999999999912e+01
-7.755410000000000537e+01 3.697160000000000224e+01
9.892369999999999663e+01 2.693799999999999972e+00
-1.193190000000000026e+02 3.732359999999999900e+01
-1.198490000000000038e+02 3.788170000000000215e+01
-1.197090000000000032e+02 3.700690000000000168e+01
-9.122180000000000177e+01 4.206280000000000285e+01
-8.652219999999999800e+01 3.917190000000000083e+01
-8.652670000000000528e+00 3.730429999999999779e+01
-7.055079999999999529e+01 -3.276370000000000005e+01
-5.264450000000000074e+01 5.110109999999999708e+00
1.278160000000000025e+02 4.276539999999999964e+01
-1.590780000000000030e+02 6.339650000000000318e+01
1.386359999999999957e+02 -3.489159999999999684e+01
-1.195330000000000013e+02 4.639249999999999829e+01
-7.390789999999999793e+01 4.100560000000000116e+01
-7.348430000000000462e+01 4.172610000000000241e+01
-1.552079999999999984e+02 5.985419999999999874e+01
-1.552290000000000134e+02 5.939220000000000255e+01
-4.484829999999999650e+00 5.099430000000000263e+01
9.225000000000000000e+01 3.225000000000000000e+01
-4.856559999999999988e+00 6.670160000000000089e+00
1.457860000000000014e+02 1.522509999999999941e+01
7.596999999999999886e+01 4.142219999999999658e+01
-1.159240000000000066e+02 3.543580000000000041e+01
5.994310000000000116e+01 4.925560000000000116e+01
1.162150000000000034e+02 6.044299999999999784e+00
-1.509869999999999948e+02 6.409969999999999857e+01
-6.774639999999999418e+01 -1.728280000000000172e+01
-7.042870000000000630e+01 -1.407590000000000074e+01
1.291129999999999995e+02 3.524860000000000326e+01
1.216280000000000001e+02 3.890599999999999881e+01
-9.028610000000000468e+01 -6.742000000000000215e-01
-1.016809999999999974e+02 3.488369999999999749e+01
1.510819999999999936e+02 -2.536909999999999954e+01
-1.229569999999999936e+02 4.260710000000000264e+01
-1.221430000000000007e+02 4.290769999999999840e+01
1.170699999999999932e+02 4.267079999999999984e+01
1.212920000000000016e+02 4.756230000000000047e+01
-1.139410000000000025e+02 4.682920000000000016e+01
7.592300000000000182e+01 3.951700000000000301e+01
1.252600000000000051e+02 4.347999999999999687e+01
-1.253649999999999949e+02 5.003150000000000119e+01
-1.224779999999999944e+02 4.520589999999999975e+01
-1.224189999999999969e+02 4.593249999999999744e+01
-1.185469999999999970e+02 3.297990000000000066e+01
5.364489999999999981e+01 1.269929999999999914e+01
-6.178560000000000230e+01 1.766850000000000165e+01
5.393269999999999698e+01 1.256300000000000061e+01
-1.653729999999999905e+02 6.456459999999999866e+01
-1.107849999999999966e+02 3.230980000000000274e+01
1.282729999999999961e+02 2.683599999999999852e+01
-8.569419999999999504e+01 4.088009999999999877e+01
-1.540699999999999932e+02 6.335690000000000310e+01
-1.492990000000000066e+02 6.417319999999999425e+01
3.554959999999999809e+01 3.836310000000000286e+01
3.590240000000000009e+01 3.816460000000000008e+01
3.515019999999999811e+01 3.802920000000000300e+01
3.584720000000000084e+01 3.885220000000000340e+01
1.143539999999999992e+02 3.054279999999999973e+01
-1.097549999999999955e+02 4.802400000000000091e+01
-1.044110000000000014e+02 3.713880000000000337e+01
-7.671580000000000155e+01 4.083959999999999724e+01
-7.671999999999999886e+01 4.022999999999999687e+01
-7.255349999999999966e+01 4.334620000000000317e+01
1.454910000000000139e+02 -3.757139999999999702e+01
-7.299179999999999779e+01 4.395369999999999777e+01
-7.522750000000000625e+01 -1.094609999999999950e+01
1.162079999999999984e+02 -3.197830000000000084e+01
-1.040360000000000014e+02 4.412120000000000175e+01
-1.194740000000000038e+02 -8.001699999999999591e+01
-9.661409999999999343e+01 4.373369999999999891e+01
-7.113269999999999982e+01 2.151150000000000162e+01
-8.517140000000000555e+01 3.829160000000000252e+01
-8.909399999999999409e+01 5.025399999999999778e+01
-6.953109999999999502e+01 -1.523739999999999917e+01
1.741030000000000086e+02 5.273080000000000211e+01
1.280589999999999975e+02 -3.077899999999999991e+01
1.632219999999999871e+01 5.035020000000000095e+01
1.038469999999999942e+02 1.792200000000000015e+00
1.037729999999999961e+02 1.360800000000000010e+00
1.189839999999999947e+02 4.406179999999999808e+01
7.696580000000000155e+01 4.321719999999999828e+01
-1.377379999999999995e+02 5.963040000000000163e+01
-8.807550000000000523e+01 3.498239999999999839e+01
-1.216509999999999962e+02 4.532229999999999848e+01
-1.214590000000000032e+02 4.588389999999999702e+01
-1.213169999999999931e+02 4.524219999999999686e+01
-1.215289999999999964e+02 4.546430000000000149e+01
-5.062080000000000268e+01 6.699609999999999843e+01
3.641380000000000194e+01 3.661930000000000263e+01
1.308770000000000095e+02 3.312500000000000000e+01
-1.335250000000000057e+02 6.830649999999999977e+01
1.224099999999999966e+02 4.282039999999999935e+01
7.843680000000000518e+01 5.063530000000000086e+01
7.859269999999999357e+01 5.061440000000000339e+01
-8.804319999999999879e+01 4.138819999999999766e+01
-1.616850000000000023e+02 5.992369999999999663e+01
7.852389999999999759e+01 5.060280000000000200e+01
-1.571870000000000118e+02 6.052689999999999770e+01
-1.217540000000000049e+02 4.262460000000000093e+01
2.520019999999999882e+01 4.764399999999999835e+01
-8.905729999999999791e+01 3.263680000000000092e+01
1.198299999999999983e+02 -2.145469999999999899e+01
1.197309999999999945e+02 -2.115899999999999892e+01
-8.037779999999999347e+01 4.018209999999999837e+01
-8.083769999999999811e+01 4.080649999999999977e+01
1.198460000000000036e+02 -2.157250000000000156e+01
1.198359999999999985e+02 -2.157669999999999888e+01
1.198469999999999942e+02 -2.156279999999999930e+01
1.198550000000000040e+02 -2.157809999999999917e+01
1.198610000000000042e+02 -2.155480000000000018e+01
1.198550000000000040e+02 -2.159329999999999927e+01
1.343650000000000091e+02 -1.992539999999999978e+01
-6.652949999999999875e+01 1.847710000000000008e+01
-6.675400000000000489e+01 1.834659999999999869e+01
-6.615000000000000568e+01 1.810910000000000153e+01
-6.660620000000000118e+01 1.804279999999999973e+01
-7.599679999999999325e+01 4.340990000000000038e+01
-7.528520000000000323e+01 4.336030000000000229e+01
-7.565489999999999782e+01 4.398100000000000165e+01
-1.173659999999999997e+02 3.699609999999999843e+01
-1.174890000000000043e+02 3.605799999999999983e+01
-1.175939999999999941e+02 3.627700000000000102e+01
-7.652639999999999532e+01 -1.190910000000000046e+01
1.122139999999999986e+02 2.452900000000000080e+00
-1.483329999999999984e+02 6.085840000000000316e+01
-5.639000000000000234e+00 3.530859999999999843e+01
1.675829999999999842e+01 3.917940000000000111e+01
-8.923149999999999693e+01 1.368679999999999986e+01
1.381829999999999927e+02 3.467770000000000152e+01
-1.761709999999999923e+02 -2.135210000000000008e+01
-1.523149999999999977e+02 6.388269999999999982e+01
-1.520840000000000032e+02 6.341879999999999740e+01
-9.564239999999999498e+01 4.086119999999999663e+01
-8.083379999999999654e+01 3.898360000000000269e+01
-8.011950000000000216e+01 3.828249999999999886e+01
-6.886579999999999302e+01 -1.643819999999999837e+01
-6.813070000000000448e+01 -1.628790000000000049e+01
-6.842029999999999745e+01 -1.697540000000000049e+01
-6.819280000000000541e+01 -1.698329999999999984e+01
1.038640000000000008e+01 4.415939999999999799e+01
-3.735899999999999999e+00 3.488940000000000197e+01
-7.223999999999999488e+01 -1.270299999999999940e+01
1.204549999999999983e+02 1.755199999999999960e+01
1.232579999999999956e+02 4.412290000000000134e+01
1.237270000000000039e+02 4.483740000000000236e+01
1.266539999999999964e+02 4.307450000000000045e+01
1.199009999999999962e+02 -2.156250000000000000e+01
1.198220000000000027e+02 -2.156889999999999930e+01
-1.209180000000000064e+02 3.996200000000000330e+01
-1.206080000000000041e+02 3.930279999999999774e+01
3.705729999999999791e+01 3.938060000000000116e+01
1.343400000000000034e+02 -1.996189999999999998e+01
9.979290000000000305e+01 1.247259999999999991e+01
-8.247580000000000666e+01 3.192630000000000123e+01
1.496719999999999970e+02 -1.033830000000000027e+01
-1.123199999999999932e+02 3.050000000000000000e+01
-8.791190000000000282e+01 4.217819999999999681e+01
1.448679999999999950e+02 1.358929999999999971e+01
7.081799999999999784e+01 4.005749999999999744e+01
-8.226690000000000680e+01 3.896220000000000283e+01
-7.304149999999999920e+01 -1.265029999999999966e+01
-7.053189999999999316e+01 4.521860000000000213e+01
-1.512369999999999948e+02 5.952510000000000190e+01
-1.164260000000000019e+02 3.352340000000000231e+01
-1.166020000000000039e+02 3.349470000000000169e+01
-1.169599999999999937e+02 3.302620000000000289e+01
-1.164549999999999983e+02 3.360920000000000130e+01
-1.165960000000000036e+02 3.308590000000000231e+01
-1.166670000000000016e+02 3.349150000000000205e+01
-1.167369999999999948e+02 3.356539999999999679e+01
-1.168479999999999990e+02 3.363000000000000256e+01
-1.166129999999999995e+02 3.355190000000000339e+01
-1.166749999999999972e+02 3.357359999999999900e+01
-1.110999999999999943e+02 4.276539999999999964e+01
-1.719719999999999871e+01 3.282300000000000040e+01
-1.773700000000000045e+02 2.821559999999999846e+01
-8.334560000000000457e+01 3.902600000000000335e+01
-7.914109999999999445e+01 4.476950000000000074e+01
-1.473760000000000048e+02 6.307529999999999859e+01
3.412129999999999797e+01 3.660130000000000194e+01
-6.555270000000000152e+01 1.809720000000000084e+01
-6.585660000000000025e+01 1.827169999999999916e+01
-7.132880000000000109e+01 -1.415809999999999924e+01
-7.098869999999999436e+01 -3.377620000000000289e+01
-7.067489999999999384e+01 -3.314359999999999928e+01
-1.274330000000000069e+02 5.070669999999999789e+01
1.499339999999999975e+02 -8.870200000000000529e+00
1.496680000000000064e+02 -8.999800000000000466e+00
-1.230720000000000027e+02 3.899349999999999739e+01
-1.199959999999999951e+02 3.531419999999999959e+01
-1.190849999999999937e+02 3.584089999999999776e+01
-1.191039999999999992e+02 3.534440000000000026e+01
-1.511539999999999964e+02 6.076830000000000354e+01
-1.113739999999999952e+02 3.551689999999999969e+01
-9.140359999999999729e+01 3.270320000000000249e+01
1.197519999999999953e+02 -5.014199999999999768e+00
-8.390640000000000498e+01 3.231320000000000192e+01
-8.310660000000000025e+01 3.261310000000000286e+01
-1.438120000000000118e+02 6.144169999999999732e+01
-1.434540000000000077e+02 6.122749999999999915e+01
-1.430240000000000009e+02 6.138360000000000127e+01
7.849930000000000518e+01 5.062689999999999912e+01
1.161110000000000042e+02 4.200659999999999883e+01
1.160819999999999936e+02 4.269610000000000127e+01
1.207039999999999935e+02 4.500410000000000110e+01
1.205759999999999934e+02 4.553459999999999752e+01
7.432890000000000441e+01 4.185439999999999827e+01
1.664530000000000030e+02 6.806529999999999347e+01
-1.238689999999999998e+02 4.739170000000000016e+01
1.344759999999999991e+02 -1.995520000000000138e+01
-1.237710000000000008e+02 4.711699999999999733e+01
-1.190229999999999961e+02 3.668010000000000304e+01
-1.193820000000000050e+02 3.632099999999999795e+01
-1.192439999999999998e+02 3.630519999999999925e+01
-9.438569999999999993e+01 3.643939999999999912e+01
-2.837899999999999867e+00 -7.167069999999999652e+01
-1.213679999999999950e+02 4.382059999999999889e+01
-1.695550000000000068e+01 1.439199999999999946e+01
-1.099440000000000026e+02 2.368580000000000041e+01
-1.233059999999999974e+02 4.082200000000000273e+01
-7.388519999999999754e+01 4.086030000000000229e+01
-7.396020000000000039e+01 4.079110000000000014e+01
-7.346769999999999357e+01 4.093130000000000024e+01
-6.929170000000000584e+01 4.526440000000000197e+01
-6.996639999999999304e+01 4.589679999999999893e+01
-6.910290000000000532e+01 4.570300000000000296e+01
-1.552839999999999918e+02 5.827020000000000266e+01
-1.096359999999999957e+02 2.891829999999999856e+01
-7.446250000000000568e+01 -1.334989999999999988e+01
-7.422769999999999868e+01 -1.316980000000000040e+01
-1.227069999999999936e+02 4.871970000000000312e+01
-1.220960000000000036e+02 4.826409999999999911e+01
-1.502620000000000005e+02 6.240579999999999927e+01
-1.156599999999999966e+02 3.478459999999999752e+01
-1.151449999999999960e+02 3.415740000000000265e+01
-1.159980000000000047e+02 3.400059999999999860e+01
-1.153810000000000002e+02 3.463750000000000284e+01
-9.024809999999999377e+01 4.291420000000000101e+01
1.198089999999999975e+02 -2.153359999999999985e+01
1.197800000000000011e+02 -2.164320000000000022e+01
1.199459999999999980e+02 2.615149999999999864e+01
-1.507439999999999998e+02 6.503040000000000020e+01
-7.875000000000000000e+01 4.113000000000000256e+01
-7.089639999999999986e+01 -1.352619999999999933e+01
1.293959999999999866e+02 3.452750000000000341e+01
-9.917810000000000059e+01 1.932969999999999899e+01
-1.660130000000000052e+02 5.409029999999999916e+01
-1.221089999999999947e+02 4.324049999999999727e+01
-1.224110000000000014e+02 4.379410000000000025e+01
-1.181550000000000011e+02 3.843280000000000030e+01
-9.020059999999999434e+01 4.526839999999999975e+01
5.720810000000000173e+01 1.927019999999999911e+01
5.746500000000000341e+01 1.950080000000000169e+01
5.776100000000000279e+01 1.901520000000000010e+01
-4.817119999999999891e+01 6.120580000000000354e+01
-2.552430000000000021e+01 3.776370000000000005e+01
1.215139999999999958e+02 4.678560000000000230e+01
-1.095580000000000069e+02 4.276670000000000016e+01
1.252180000000000035e+02 4.245640000000000214e+01
1.456920000000000073e+02 -3.153750000000000142e+01
-1.626829999999999927e+02 6.134159999999999968e+01
-1.184150000000000063e+02 3.340189999999999770e+01
-1.184039999999999964e+02 3.374349999999999739e+01
-1.182939999999999969e+02 3.371260000000000190e+01
-9.042969999999999686e+01 3.677850000000000108e+01
-1.544840000000000089e+02 6.081320000000000192e+01
-1.543199999999999932e+02 6.019519999999999982e+01
-7.107389999999999475e+01 -2.820459999999999923e+01
-1.580929999999999893e+02 5.959380000000000166e+01
-7.537340000000000373e+01 -1.104780000000000051e+01
-7.559610000000000696e+01 -1.180289999999999928e+01
1.141419999999999959e+02 2.227759999999999962e+01
-2.824699999999999989e+01 3.872079999999999700e+01
1.167090000000000032e+02 -3.061469999999999914e+01
3.656739999999999924e+01 5.511460000000000292e+01
1.305430000000000064e+02 4.485329999999999728e+01
1.338760000000000048e+02 3.373149999999999693e+01
1.181500000000000057e+02 4.237839999999999918e+01
1.187720000000000056e+02 4.290240000000000009e+01
-9.321529999999999916e+01 4.190690000000000026e+01
-1.171230000000000047e+02 4.826420000000000243e+01
-6.788710000000000377e+01 -1.414480000000000004e+01
-6.753879999999999484e+01 -1.443459999999999965e+01
1.345010000000000048e+02 -1.995579999999999998e+01
1.180280000000000058e+02 4.544420000000000215e+01
9.851999999999999602e+01 2.502899999999999991e+01
-1.212330000000000041e+02 4.372200000000000131e+01
-9.303499999999999659e+01 4.665699999999999648e+01
-1.393940000000000055e+02 6.406470000000000198e+01
-8.574670000000000414e+01 3.061599999999999966e+01
-1.218169999999999931e+02 4.405969999999999942e+01
-1.212270000000000039e+02 4.464730000000000132e+01
-1.212680000000000007e+02 4.416259999999999764e+01
-1.213400000000000034e+02 4.433859999999999957e+01
-1.216640000000000015e+02 4.424080000000000013e+01
-1.219629999999999939e+02 4.420980000000000132e+01
-8.966700000000000159e+01 4.200399999999999778e+01
3.645920000000000272e+01 3.791810000000000258e+01
-6.165400000000000347e+01 1.213240000000000052e+01
1.230109999999999957e+02 2.446719999999999828e+01
-8.833199999999999363e+01 4.270439999999999969e+01
-1.217570000000000050e+02 3.762210000000000321e+01
-1.212870000000000061e+02 3.700800000000000267e+01
-1.218659999999999997e+02 3.795400000000000063e+01
-1.213280000000000030e+02 3.750489999999999924e+01
-9.583839999999999293e+01 2.996180000000000021e+01
-8.993200000000000216e+01 3.512299999999999756e+01
-6.711119999999999663e+01 1.846750000000000114e+01
-6.710960000000000036e+01 1.800639999999999930e+01
-8.430620000000000402e+01 4.636650000000000205e+01
-8.014480000000000359e+01 4.164920000000000044e+01
-1.533569999999999993e+02 5.937019999999999698e+01
-1.534449999999999932e+02 5.936260000000000048e+01
-8.067499999999999716e+01 4.143930000000000291e+01
1.287630000000000052e+02 -1.567689999999999984e+01
0.000000000000000000e+00 -9.000000000000000000e+01
7.326860000000000639e+01 3.365059999999999718e+01
-1.541469999999999914e+02 6.417669999999999675e+01
-9.789289999999999736e+01 2.754589999999999961e+01
-7.598609999999999332e+01 4.219930000000000092e+01
-7.504259999999999309e+01 4.219019999999999726e+01
1.094939999999999998e+02 3.027619999999999933e+01
-1.525829999999999984e+02 5.778280000000000172e+01
-9.226869999999999550e+01 3.715400000000000347e+01
-8.483839999999999293e+01 3.702040000000000219e+01
-1.483319999999999936e+02 6.180700000000000216e+01
-1.489259999999999877e+02 6.177100000000000080e+01
-1.484579999999999984e+02 6.141310000000000002e+01
7.299299999999999677e+00 4.636330000000000240e+01
7.369410000000000593e+01 4.213110000000000355e+01
7.377719999999999345e+01 4.266149999999999665e+01
7.379359999999999786e+01 4.267190000000000083e+01
1.343619999999999948e+02 -1.994689999999999941e+01
1.344070000000000107e+02 -1.995029999999999859e+01
-1.401910000000000025e+02 6.077179999999999893e+01
-5.745499999999999829e+00 -1.595940000000000047e+01
1.039069999999999965e+02 2.132519999999999882e+01
-6.874710000000000321e+01 -1.523969999999999914e+01
-1.440699999999999932e+02 6.364820000000000277e+01
-1.448460000000000036e+02 6.373989999999999867e+01
-1.555329999999999870e+02 1.975730000000000075e+01
-3.590140000000000242e+01 -5.827399999999999913e+00
-1.207279999999999944e+02 4.061829999999999785e+01
-9.580840000000000600e+01 3.200150000000000006e+01
1.010250000000000057e+02 4.479499999999999815e+00
1.255789999999999935e+02 7.069700000000000095e+00
4.085849999999999937e+01 1.320400000000000063e+01
-1.160540000000000020e+02 4.441089999999999804e+01
3.713600000000000279e+01 3.808420000000000272e+01
-1.206659999999999968e+02 4.725450000000000017e+01
-1.128119999999999976e+02 3.195589999999999975e+01
-7.458289999999999509e+01 4.461970000000000169e+01
-8.505699999999999150e+00 7.098659999999999570e+01
-7.495080000000000098e+01 4.455780000000000030e+01
-7.450650000000000261e+01 4.483990000000000009e+01
-3.137549999999999883e+01 6.820350000000000534e+01
-1.193329999999999984e+02 4.835840000000000316e+01
-7.998909999999999343e+01 4.211749999999999972e+01
7.856340000000000146e+01 5.072160000000000224e+01
1.287529999999999859e+02 4.339300000000000068e+01
1.115639999999999930e+02 4.085000000000000142e+01
-2.194969999999999999e+01 7.048560000000000514e+01
-8.213249999999999318e+01 3.963369999999999749e+01
-9.587500000000000000e+01 5.025030000000000285e+01
-7.479189999999999827e+01 3.967340000000000089e+01
-1.169210000000000065e+02 3.426230000000000331e+01
-1.163349999999999937e+02 3.482939999999999969e+01
-1.169969999999999999e+02 3.487530000000000285e+01
-1.115649999999999977e+02 4.160690000000000310e+01
9.005800000000000693e+01 2.381500000000000128e+01
-6.683320000000000505e+01 5.483239999999999981e+01
-8.358339999999999748e+01 3.830010000000000048e+01
7.948489999999999611e+01 4.332759999999999678e+01
-7.911499999999999488e+01 3.579399999999999693e+01
-7.999280000000000257e+01 3.515290000000000248e+01
-7.977580000000000382e+01 3.588750000000000284e+01
6.677999999999999936e+00 4.505199999999999960e+01
-1.477400000000000091e+02 6.258080000000000354e+01
-1.479420000000000073e+02 6.283489999999999753e+01
3.461200000000000188e+01 3.784669999999999845e+01
3.488179999999999836e+01 3.747560000000000002e+01
3.436370000000000147e+01 3.701630000000000109e+01
1.197409999999999997e+02 4.927040000000000219e+01
1.334469999999999956e+01 4.707840000000000202e+01
-1.198139999999999930e+02 3.488850000000000051e+01
-1.197150000000000034e+02 3.444080000000000297e+01
-1.190660000000000025e+02 3.410819999999999652e+01
1.486279999999999859e+02 -3.223340000000000316e+01
-9.149530000000000030e+01 4.794619999999999749e+01
-7.925379999999999825e+01 3.699830000000000041e+01
-1.433209999999999980e+02 6.028050000000000352e+01
-1.439689999999999941e+02 6.023610000000000042e+01
-1.437789999999999964e+02 6.007200000000000273e+01
-1.432839999999999918e+02 6.012049999999999983e+01
1.793000000000000114e+02 -1.654090000000000060e+01
-1.432510000000000048e+02 6.044270000000000209e+01
-1.221889999999999930e+02 4.621419999999999817e+01
1.160789999999999935e+02 4.389999999999999858e+01
1.161230000000000047e+02 4.330729999999999791e+01
1.169579999999999984e+02 4.340279999999999916e+01
1.207319999999999993e+02 4.692649999999999721e+01
1.206359999999999957e+02 4.617640000000000100e+01
-7.737319999999999709e+01 3.820459999999999923e+01
1.240529999999999973e+02 4.285990000000000322e+01
1.279879999999999995e+02 4.767170000000000130e+01
-1.062229999999999990e+02 4.668849999999999767e+01
-1.237990000000000066e+02 4.642179999999999751e+01
-1.235630000000000024e+02 4.654590000000000316e+01
-8.605689999999999884e+01 3.765740000000000265e+01
-8.639430000000000121e+01 3.710940000000000083e+01
-7.590200000000000280e+00 3.886719999999999686e+01
3.040840000000000032e+01 4.042000000000000171e+01
3.049719999999999942e+01 4.030040000000000333e+01
3.032910000000000039e+01 4.080330000000000013e+01
-9.318980000000000530e+01 3.074980000000000047e+01
3.009230000000000160e+01 4.028439999999999799e+01
3.023489999999999966e+01 4.035990000000000322e+01
5.620420000000000016e+01 2.494529999999999959e+01
3.031019999999999825e+01 4.037769999999999726e+01
3.047919999999999874e+01 4.062749999999999773e+01
-1.594749999999999943e+02 6.171050000000000324e+01
-1.195040000000000049e+02 4.408200000000000074e+01
-6.855249999999999488e+01 -8.561239999999999384e+01
-7.366779999999999973e+01 4.338430000000000319e+01
-8.623480000000000700e+01 4.403609999999999758e+01
-1.152390000000000043e+02 4.074479999999999791e+01
-1.036680000000000064e+02 2.933399999999999963e+01
-5.319700000000000095e+00 3.372050000000000125e+01
1.172390000000000043e+02 -3.292770000000000152e+01
1.173919999999999959e+02 3.821670000000000300e+01
-8.090699999999999648e+01 2.586570000000000036e+01
1.501999999999999886e+02 -9.950499999999999901e+00
1.501860000000000070e+02 -9.438499999999999446e+00
1.505320000000000107e+02 -9.354799999999999116e+00
-1.595889999999999986e+02 5.483100000000000307e+01
1.508329999999999984e+02 -9.465700000000000003e+00
1.508700000000000045e+02 -9.224700000000000344e+00
1.503499999999999943e+02 -9.749399999999999622e+00
1.038439999999999941e+02 3.608700000000000330e+01
-1.509230000000000018e+02 6.355270000000000152e+01
-1.154539999999999935e+02 3.365520000000000067e+01
-1.502889999999999873e+02 6.345020000000000238e+01
-1.104000000000000057e+02 4.456519999999999726e+01
-1.106989999999999981e+02 4.408270000000000266e+01
-1.105759999999999934e+02 4.439509999999999934e+01
-9.061769999999999925e+01 4.389159999999999684e+01
1.026350000000000051e+01 4.662019999999999698e+01
-1.788139999999999930e+02 -1.820319999999999894e+01
-5.750319999999999965e+01 4.925619999999999976e+01
-7.037390000000000612e+01 -1.688619999999999877e+01
-7.291500000000000625e+01 -1.442880000000000074e+01
7.180440000000000111e+01 3.948329999999999984e+01
9.796320000000000050e+01 1.931480000000000175e+01
-8.135699999999999932e+01 4.154050000000000153e+01
1.979840000000000089e+01 5.021949999999999648e+01
-1.227879999999999967e+02 4.017669999999999675e+01
-1.227049999999999983e+02 4.097399999999999665e+01
-1.105240000000000009e+02 3.911079999999999757e+01
1.521639999999999873e+02 -4.191200000000000259e+00
-1.025669999999999931e+02 2.276920000000000144e+01
1.214950000000000045e+02 4.542490000000000094e+01
-1.092669999999999959e+02 4.512210000000000321e+01
3.867980000000000018e+01 8.895200000000000884e+00
-7.657760000000000389e+01 3.579120000000000346e+01
1.124699999999999989e+02 3.454999999999999716e+01
7.862019999999999698e+01 5.071540000000000248e+01
7.849769999999999470e+01 5.052360000000000184e+01
-1.054579999999999984e+02 4.130160000000000053e+01
7.854340000000000543e+01 5.066219999999999857e+01
7.851720000000000255e+01 5.058310000000000173e+01
-9.042730000000000246e+01 3.798120000000000118e+01
1.729230000000000018e+02 1.354899999999999993e+00
4.284660000000000224e+01 1.153069999999999951e+01
-1.543909999999999911e+02 6.190370000000000061e+01
1.431759999999999877e+02 -1.395630000000000059e+01
-1.465989999999999895e+02 6.072769999999999868e+01
-1.465029999999999859e+02 6.039600000000000080e+01
-7.651630000000000109e+01 4.273129999999999740e+01
-1.584139999999999873e+02 5.630140000000000100e+01
-1.051490000000000009e+02 3.896410000000000196e+01
-7.128780000000000427e+01 1.898209999999999908e+01
-7.128170000000000073e+01 1.816629999999999967e+01
-8.531189999999999429e+01 3.520020000000000238e+01
-9.150499999999999190e+00 3.871849999999999881e+01
1.160400000000000063e+02 -2.906790000000000163e+01
9.676919999999999789e+01 -8.200860000000000127e+01
9.675579999999999359e+01 -8.201040000000000418e+01
7.250669999999999504e+01 4.248940000000000339e+01
1.305349999999999966e+02 4.546240000000000236e+01
1.188029999999999973e+02 4.342510000000000048e+01
-6.318310000000000315e+01 -8.948900000000000077e+00
-7.208140000000000214e+01 -4.557300000000000040e+01
-9.629290000000000305e+01 4.583979999999999677e+01
-9.323499999999999943e+01 4.079310000000000258e+01
2.550300000000000011e+01 3.517799999999999727e+01
-6.786700000000000443e+01 -1.550440000000000040e+01
9.880300000000000082e+00 4.728670000000000329e+01
1.382160000000000082e+02 -3.044719999999999871e+01
8.681170000000000186e+01 2.795870000000000033e+01
-9.651189999999999714e+01 3.691620000000000346e+01
-7.560599999999999454e+01 3.993240000000000123e+01
1.414459999999999980e+02 4.284270000000000067e+01
-6.854510000000000502e+01 6.374689999999999657e+01
-1.216889999999999930e+02 4.769469999999999743e+01
-1.218029999999999973e+02 4.742549999999999955e+01
-1.219890000000000043e+02 4.718809999999999860e+01
-1.172210000000000036e+02 4.043139999999999645e+01
1.056880000000000024e+02 -1.045010000000000083e+01
1.056520000000000010e+02 -1.048070000000000057e+01
1.618530000000000086e+02 -7.751730000000000587e+01
-8.921739999999999782e+01 3.771479999999999677e+01
-8.925509999999999877e+01 3.769360000000000355e+01
-7.882989999999999498e+01 -3.364269999999999783e+01
-1.712019999999999982e+02 -8.471989999999999554e+01
3.677629999999999910e+01 3.834759999999999991e+01
3.692660000000000053e+01 3.880400000000000205e+01
3.606029999999999802e+01 3.862769999999999726e+01
-1.082420000000000044e+02 4.013479999999999848e+01
1.256389999999999958e+02 -1.810200000000000031e+01
1.256400000000000006e+02 -1.809819999999999851e+01
-1.331229999999999905e+02 5.546889999999999787e+01
-8.891339999999999577e+01 4.389079999999999870e+01
-1.214470000000000027e+02 3.676400000000000290e+01
-1.214030000000000058e+02 3.659799999999999898e+01
-1.212360000000000042e+02 3.602139999999999986e+01
-1.171949999999999932e+02 3.360000000000000142e+01
-1.170090000000000003e+02 3.364999999999999858e+01
-1.176620000000000061e+02 3.355259999999999820e+01
-1.171710000000000065e+02 3.345770000000000266e+01
1.589390000000000036e+01 3.826030000000000086e+01
-8.940919999999999845e+01 3.451180000000000092e+01
-6.704420000000000357e+01 1.796940000000000026e+01
7.840000000000000568e+01 4.250000000000000000e+01
-1.536450000000000102e+02 5.892869999999999919e+01
-1.165619999999999976e+02 3.335159999999999769e+01
-7.576819999999999311e+01 4.155700000000000216e+01
-1.523940000000000055e+02 5.860969999999999658e+01
-9.226839999999999975e+01 3.829090000000000060e+01
-8.432739999999999725e+01 3.828159999999999741e+01
-8.017780000000000484e+01 3.310669999999999646e+01
-1.485509999999999877e+02 6.282950000000000301e+01
-1.485850000000000080e+02 6.296280000000000143e+01
3.337760000000000105e+01 3.917900000000000205e+01
-7.347440000000000282e+01 -4.140529999999999688e+01
1.288669999999999902e+02 7.163410000000000366e+01
1.199539999999999935e+02 4.430830000000000268e+01
1.235780000000000030e+02 4.182780000000000342e+01
6.287100000000000222e+01 -6.760399999999999920e+01
1.233430000000000035e+02 4.689600000000000080e+01
1.232890000000000015e+02 4.616810000000000258e+01
-1.203029999999999973e+02 4.190250000000000341e+01
-1.204770000000000039e+02 4.120470000000000255e+01
-7.439839999999999520e+01 4.269680000000000319e+01
1.590610000000000070e+02 -3.151999999999999957e+01
-8.720669999999999789e+01 3.961780000000000257e+01
-1.160000000000000000e+02 4.508760000000000190e+01
-1.799060000000000059e+02 -1.670889999999999986e+01
-1.211449999999999960e+02 4.360190000000000055e+01
1.583149999999999977e+02 6.836700000000000443e+00
3.719630000000000081e+01 3.748360000000000269e+01
3.752000000000000313e+01 3.774660000000000082e+01
3.755010000000000048e+01 3.725269999999999726e+01
3.720969999999999800e+01 3.717219999999999658e+01
9.912120000000000175e+01 1.439480000000000004e+01
-8.253480000000000416e+01 2.936890000000000001e+01
-1.564389999999999930e+02 5.919530000000000314e+01
-1.168629999999999995e+02 3.646719999999999828e+01
-1.162489999999999952e+02 3.694879999999999853e+01
5.801639999999999731e+01 5.043480000000000274e+01
1.774950000000000045e+02 -1.772329999999999828e+01
1.183880000000000052e+02 2.446379999999999910e+01
1.164249999999999972e+02 3.846670000000000300e+01
-1.146189999999999998e+02 3.476760000000000161e+01
-1.141419999999999959e+02 3.430340000000000344e+01
-7.086499999999999488e+01 4.309270000000000067e+01
1.471599999999999966e+02 -9.404700000000000060e+00
-8.495250000000000057e+01 1.029080000000000084e+01
-1.162750000000000057e+02 3.589959999999999951e+01
-1.168059999999999974e+02 3.530180000000000007e+01
-8.359350000000000591e+01 3.763920000000000243e+01
-7.933880000000000621e+01 3.455480000000000018e+01
4.733879999999999910e+01 2.980320000000000036e+01
-1.473290000000000077e+02 6.183200000000000074e+01
1.314269999999999925e+02 4.610779999999999745e+01
1.319209999999999923e+02 4.677810000000000201e+01
1.161640000000000015e+02 4.553529999999999944e+01
1.169759999999999991e+02 4.543520000000000181e+01
4.550319999999999965e+01 2.352250000000000085e+01
8.770489999999999498e+01 4.381380000000000052e+01
-1.353290000000000077e+02 5.946009999999999707e+01
1.245400000000000063e+02 4.480550000000000210e+01
1.491499999999999915e+01 5.511399999999999721e+01
-1.196350000000000051e+02 3.399539999999999651e+01
-1.195240000000000009e+02 3.324790000000000134e+01
2.673470000000000013e+01 5.846200000000000330e+01
-9.155419999999999447e+01 4.660580000000000211e+01
1.202860000000000014e+02 4.749369999999999692e+01
1.353990000000000009e+02 3.528569999999999851e+01
-7.712800000000000011e+01 4.133720000000000283e+01
-1.164519999999999982e+02 3.361249999999999716e+01
-1.167120000000000033e+02 3.371410000000000196e+01
1.243179999999999978e+02 4.345859999999999701e+01
-1.635540000000000020e+02 6.274920000000000186e+01
1.278799999999999955e+02 4.611910000000000309e+01
-1.237549999999999955e+02 4.521350000000000335e+01
-1.235589999999999975e+02 4.593059999999999832e+01
-5.166790000000000305e+01 6.418380000000000507e+01
-1.556210000000000093e+02 6.399399999999999977e+01
-7.099500000000000455e+01 -1.732539999999999836e+01
-7.015699999999999648e+01 -1.790680000000000049e+01
-9.871110000000000184e+01 3.842249999999999943e+01
1.625649999999999977e+02 -7.892759999999999820e+01
-6.905010000000000048e+01 4.708189999999999742e+01
-1.580109999999999957e+02 2.142000000000000171e+01
2.787999999999999901e+01 3.964000000000000057e+01
1.471899999999999977e+02 -4.244169999999999732e+01
1.473199999999999932e+02 -4.290990000000000038e+01
-1.117780000000000058e+02 -7.941809999999999548e+01
-1.144839999999999947e+02 6.248219999999999885e+01
-1.146099999999999994e+02 6.256159999999999854e+01
1.177669999999999959e+02 3.771670000000000300e+01
1.175930000000000035e+02 3.782630000000000337e+01
1.178329999999999984e+02 3.766669999999999874e+01
7.196670000000000300e+01 4.179999999999999716e+01
7.524960000000000093e+01 4.207780000000000342e+01
7.559659999999999513e+01 4.292079999999999984e+01
7.594219999999999970e+01 4.249219999999999686e+01
-4.541879999999999740e+01 6.115950000000000131e+01
-8.121490000000000009e+01 3.585179999999999723e+01
-1.056640000000000015e+02 2.693680000000000163e+01
-1.502230000000000132e+02 6.051169999999999760e+01
-1.157999999999999972e+02 3.294509999999999650e+01
-9.085519999999999641e+01 4.070770000000000266e+01
-7.801260000000000616e+01 3.948349999999999937e+01
-1.468870000000000005e+02 6.477139999999999986e+01
-7.089960000000000662e+01 -1.572739999999999938e+01
-1.469480000000000075e+02 6.440909999999999513e+01
1.396049999999999898e+02 -2.055770000000000053e+01
1.179150000000000063e+02 4.617090000000000316e+01
-7.287810000000000343e+01 -1.387880000000000003e+01
1.214950000000000045e+02 4.338839999999999719e+01
-8.183610000000000184e+01 4.011580000000000013e+01
-8.121290000000000475e+01 4.024929999999999808e+01
-8.626770000000000493e+01 3.197779999999999845e+01
-1.227099999999999937e+02 4.173199999999999932e+01
-1.228539999999999992e+02 4.139200000000000301e+01
-1.221219999999999999e+02 4.127420000000000044e+01
-1.180799999999999983e+02 3.643990000000000151e+01
1.006159999999999997e+02 7.175830000000000375e+00
-6.469629999999999370e+01 3.237129999999999797e+01
2.841280000000000072e+01 4.445810000000000173e+01
1.215679999999999978e+02 4.418589999999999662e+01
1.217390000000000043e+02 4.487960000000000349e+01
-6.298140000000000072e+01 1.749279999999999902e+01
-7.625939999999999941e+01 4.459300000000000352e+01
-1.583009999999999877e+02 6.271609999999999729e+01
-1.582969999999999970e+02 6.213439999999999941e+01
1.491550000000000011e+02 -9.337799999999999656e+00
-1.059440000000000026e+02 4.089470000000000027e+01
1.496670000000000016e+02 -9.333199999999999719e+00
-1.182740000000000009e+02 4.780060000000000286e+01
1.474089999999999918e+02 -1.957740000000000080e+01
1.184980000000000047e+02 5.177699999999999747e+00
1.370289999999999964e+02 3.535000000000000142e+01
1.373540000000000134e+02 3.560399999999999920e+01
-7.685790000000000077e+01 4.327600000000000335e+01
-9.725300000000000011e+01 3.333089999999999975e+01
-9.357649999999999579e+01 3.454540000000000077e+01
1.027399999999999949e+02 2.512330000000000041e+01
3.236229999999999762e+01 3.744950000000000045e+01
1.427599999999999909e+02 4.695870000000000033e+01
5.547919999999999874e+01 -4.673700000000000188e+00
-7.191979999999999507e+01 -1.346170000000000044e+01
-1.583629999999999995e+02 6.515269999999999584e+01
1.357820000000000071e+01 4.913089999999999691e+01
1.343389999999999986e+02 -1.994259999999999877e+01
-6.781719999999999970e+01 -1.634860000000000113e+01
-6.769859999999999900e+01 -1.619679999999999964e+01
-6.713649999999999807e+01 -1.690609999999999857e+01
-6.795380000000000109e+01 -1.654779999999999873e+01
-6.970300000000000296e+01 -1.418989999999999974e+01
-6.828669999999999618e+01 -1.779159999999999897e+01
-7.136440000000000339e+01 -1.283050000000000068e+01
-5.320060000000000144e+01 -8.286190000000000566e+01
1.340499999999999936e+01 4.235399999999999920e+01
4.474099999999999966e+01 4.014800000000000324e+01
1.224300000000000068e+02 4.692699999999999960e+01
1.225079999999999956e+02 4.634969999999999857e+01
-7.533899999999999864e+01 3.833030000000000115e+01
-8.864589999999999748e+01 3.701590000000000202e+01
-8.838710000000000377e+01 3.783019999999999783e+01
5.597220000000000084e+01 1.896630000000000038e+01
-1.218100000000000023e+02 4.675059999999999860e+01
-1.217609999999999957e+02 4.656049999999999756e+01
-1.218149999999999977e+02 4.689970000000000283e+01
-8.219939999999999358e+00 3.783950000000000102e+01
-8.826829999999999288e+00 3.713280000000000314e+01
-8.969970000000000709e+01 3.641369999999999862e+01
-6.895789999999999509e+01 1.218030000000000079e+01
1.507700000000000102e+02 5.957560000000000144e+01
-1.457750000000000057e+02 6.112919999999999732e+01
-1.459230000000000018e+02 6.149240000000000350e+01
8.197700000000000387e+01 4.680799999999999983e+01
-6.114629999999999654e+01 1.473499999999999943e+01
-6.106600000000000250e+01 1.451800000000000068e+01
-9.780819999999999936e+01 2.885529999999999973e+01
-1.215000000000000000e+02 3.955449999999999733e+01
-1.171050000000000040e+02 3.288889999999999958e+01
-1.172480000000000047e+02 3.284100000000000108e+01
-8.418250000000000455e+01 4.092199999999999704e+01
-8.433530000000000371e+01 4.018800000000000239e+01
7.840569999999999595e+01 5.063940000000000197e+01
-6.610680000000000689e+01 1.796539999999999893e+01
-6.652100000000000080e+01 1.789339999999999975e+01
6.904319999999999879e+01 3.454079999999999728e+01
-4.856530000000000236e+00 6.670149999999999579e+00
1.382570000000000050e+02 3.803999999999999915e+01
-7.540500000000000114e+01 4.031770000000000209e+01
-9.204829999999999757e+01 3.952980000000000160e+01
-8.471639999999999304e+01 3.953419999999999845e+01
7.855660000000000309e+01 5.070170000000000243e+01
7.850430000000000064e+01 5.054330000000000211e+01
7.868619999999999948e+01 5.060190000000000055e+01
7.856149999999999523e+01 5.061849999999999739e+01
-8.009399999999999409e+01 3.446430000000000149e+01
7.865510000000000446e+01 5.060609999999999786e+01
7.853660000000000707e+01 5.064240000000000208e+01
7.862420000000000186e+01 5.061019999999999897e+01
7.846899999999999409e+01 5.063170000000000215e+01
3.324470000000000169e+01 3.846840000000000259e+01
1.037579999999999956e+02 3.091000000000000014e+01
-1.489370000000000118e+02 6.373179999999999978e+01
-1.488600000000000136e+02 6.340559999999999974e+01
-5.415000000000000036e+00 3.639320000000000022e+01
3.337969999999999970e+01 3.800849999999999795e+01
3.387259999999999849e+01 3.827510000000000190e+01
-4.349899999999999878e+00 3.954460000000000264e+01
8.070220000000000482e+01 7.272800000000000153e+00
-1.281129999999999995e+02 5.218469999999999942e+01
-7.347790000000000532e+01 -4.283239999999999981e+01
-1.205460000000000065e+02 3.540769999999999840e+01
-1.205420000000000016e+02 3.594519999999999982e+01
-9.231000000000000227e+01 4.624799999999999756e+01
-8.443170000000000641e+01 3.018900000000000006e+01
-6.812000000000000455e+01 -1.376800000000000068e+01
9.481449999999999534e+01 3.619839999999999947e+01
1.260559999999999974e+02 4.620720000000000027e+01
-1.245660000000000025e+02 4.794749999999999801e+01
-7.422310000000000230e+01 4.397350000000000136e+01
-7.422360000000000468e+01 4.397079999999999700e+01
1.452420000000000044e+01 3.583729999999999905e+01
5.358059999999999690e+01 1.241760000000000019e+01
-8.751139999999999475e+01 3.821240000000000236e+01
-7.450409999999999400e+01 4.346470000000000056e+01
-9.466100000000000136e+01 3.175979999999999848e+01
-1.793350000000000080e+02 -1.772800000000000153e+01
-1.606510000000000105e+02 6.550109999999999388e+01
5.186099999999999710e+01 -4.642999999999999972e+01
1.122029999999999994e+01 4.969089999999999918e+01
3.722259999999999991e+01 3.693209999999999837e+01
7.097969999999999402e+01 5.272319999999999851e+01
-1.865500000000000114e+01 7.677129999999999654e+01
1.667570000000000050e+02 -7.784919999999999618e+01
1.274099999999999966e+02 5.025300000000000011e+01
-8.430029999999999291e+01 1.219500000000000028e+01
-4.742699999999999960e+01 -2.359270000000000067e+01
-1.597729999999999961e+02 -2.121249999999999858e+01
-1.604770000000000039e+02 5.534929999999999950e+01
-9.586190000000000566e+01 4.829769999999999897e+01
1.233050000000000068e+02 -7.510649999999999693e+01
-8.354900000000000659e+01 3.654390000000000072e+01
-7.966649999999999920e+01 3.390570000000000306e+01
-1.470960000000000036e+02 6.087919999999999732e+01
-6.307459999999999667e+01 1.805000000000000071e+01
-7.789010000000000389e+01 3.523930000000000007e+01
1.070529999999999973e+02 4.786509999999999820e+01
7.855299999999999727e+01 1.741700000000000159e+01
1.511579999999999870e+02 -3.382939999999999969e+01
1.510250000000000057e+02 -3.378459999999999752e+01
-1.110030000000000001e+02 3.221900000000000119e+01
4.144219999999999970e+01 1.156070000000000064e+01
4.100430000000000064e+01 1.179260000000000019e+01
5.655290000000000106e+01 1.909199999999999875e+01
-7.023470000000000368e+01 -2.759369999999999834e+01
-8.946490000000000009e+01 3.138759999999999906e+01
1.212969999999999970e+02 2.339249999999999829e+01
-7.788760000000000616e+01 4.063580000000000325e+01
-1.233050000000000068e+02 4.458550000000000324e+01
-1.238299999999999983e+02 4.400350000000000250e+01
-1.230699999999999932e+02 4.402920000000000300e+01
7.854999999999999716e+01 5.068200000000000216e+01
-8.143269999999999698e+01 2.811029999999999873e+01
-7.358830000000000382e+01 4.483500000000000085e+01
-1.629079999999999870e+02 6.805410000000000537e+01
-8.682189999999999941e+01 3.574000000000000199e+01
1.345399999999999920e+02 -1.995970000000000155e+01
1.343870000000000005e+02 -1.994849999999999923e+01
-9.980219999999999914e+01 3.047939999999999827e+01
1.213760000000000048e+02 2.466949999999999932e+01
1.215949999999999989e+02 2.417379999999999995e+01
1.214969999999999999e+02 2.497350000000000136e+01
1.211580000000000013e+02 2.425270000000000081e+01
-1.634180000000000064e+02 5.485640000000000072e+01
-1.069740000000000038e+02 3.917759999999999820e+01
-8.131140000000000612e+01 3.779970000000000141e+01
-1.212530000000000001e+02 4.373899999999999721e+01
1.473660000000000139e+02 -2.043200000000000127e+00
-9.408660000000000423e+01 5.876160000000000139e+01
-8.629550000000000409e+01 4.201270000000000238e+01
-7.684220000000000539e+01 -1.198750000000000071e+01
-7.613490000000000180e+01 -1.160529999999999973e+01
-1.181329999999999956e+02 5.116850000000000165e+01
-1.155849999999999937e+02 3.834890000000000043e+01
1.105349999999999966e+02 -6.627920000000000300e+01
1.297949999999999875e+02 4.694619999999999749e+01
1.171239999999999952e+02 3.621000000000000085e+01
-1.717040000000000077e+02 6.377579999999999671e+01
1.178859999999999957e+02 3.635979999999999990e+01
1.170889999999999986e+02 3.641969999999999885e+01
-8.036180000000000234e+01 2.703610000000000113e+01
1.731639999999999873e+02 5.288210000000000122e+01
-1.501200000000000045e+02 6.175310000000000343e+01
-1.507470000000000141e+02 6.146359999999999957e+01
-4.986299999999999955e+00 3.522749999999999915e+01
-1.423609999999999900e+02 6.092309999999999803e+01
-1.427230000000000132e+02 6.024739999999999895e+01
-1.428290000000000077e+02 6.075410000000000110e+01
1.215469999999999970e+02 4.268220000000000169e+01
-1.665049999999999955e+02 5.384519999999999840e+01
-1.667880000000000109e+02 5.391479999999999961e+01
-7.125090000000000146e+01 -3.386410000000000053e+01
-7.113769999999999527e+01 -3.325909999999999656e+01
-7.163739999999999952e+01 -3.302289999999999992e+01
-7.161430000000000007e+01 -3.365709999999999980e+01
-9.856650000000000489e+01 1.756269999999999953e+01
1.250900000000000034e+02 4.618560000000000088e+01
1.259590000000000032e+02 4.689759999999999707e+01
-1.224759999999999991e+02 4.633809999999999718e+01
-1.226659999999999968e+02 4.621620000000000061e+01
-1.222180000000000035e+02 4.627530000000000143e+01
-1.222240000000000038e+02 4.623749999999999716e+01
-1.227199999999999989e+02 4.659340000000000259e+01
-1.188359999999999985e+02 3.763020000000000209e+01
-1.182300000000000040e+02 3.705420000000000158e+01
-1.181710000000000065e+02 3.749929999999999808e+01
4.031600000000000250e+01 1.206809999999999938e+01
4.046119999999999806e+01 1.225259999999999927e+01
4.098490000000000322e+01 1.249479999999999968e+01
4.097699999999999676e+01 1.204010000000000069e+01
4.031479999999999819e+01 1.248119999999999941e+01
-9.051770000000000493e+01 3.221849999999999881e+01
-1.541839999999999975e+02 5.655930000000000035e+01
3.587720000000000198e+01 3.767269999999999897e+01
3.508729999999999905e+01 3.708370000000000033e+01
3.551469999999999771e+01 3.790509999999999735e+01
3.501979999999999649e+01 3.768760000000000332e+01
1.344530000000000030e+02 -1.995420000000000016e+01
-4.473610000000000042e+01 -6.073810000000000286e+01
1.510850000000000080e+02 -8.507300000000000750e+00
1.511839999999999975e+02 -8.852299999999999613e+00
-1.741970000000000027e+02 5.220159999999999911e+01
-1.160589999999999975e+02 3.084840000000000160e+01
-7.506059999999999377e+01 -1.464520000000000088e+01
-1.300089999999999861e+02 4.595470000000000255e+01
-9.332259999999999422e+01 3.769089999999999918e+01
-8.528749999999999432e+01 3.778490000000000038e+01
-1.491310000000000002e+02 6.159219999999999828e+01
-1.497390000000000043e+02 6.108890000000000242e+01
3.245130000000000337e+01 3.884890000000000043e+01
3.225300000000000011e+01 3.851370000000000005e+01
3.287810000000000343e+01 3.829990000000000094e+01
-7.753449999999999420e+01 1.822599999999999909e+01
-7.144469999999999743e+01 -1.478930000000000078e+01
-3.648790000000000333e+01 -5.428359999999999985e+01
-1.041959999999999980e+02 4.847019999999999840e+01
1.636830000000000140e+01 7.818229999999999791e+01
7.245250000000000057e+01 -7.412099999999999689e+00
-1.216770000000000067e+02 4.885280000000000200e+01
-8.913689999999999714e+01 4.610029999999999717e+01
7.851080000000000325e+01 5.056320000000000192e+01
1.188539999999999992e+02 3.205169999999999675e+01
1.345149999999999864e+02 -1.995769999999999911e+01
-7.567270000000000607e+01 3.768039999999999878e+01
1.410649999999999977e+02 4.078949999999999676e+01
-8.838960000000000150e+01 3.838130000000000308e+01
-8.815649999999999409e+01 3.889479999999999649e+01
-1.615310000000000059e+02 6.229379999999999740e+01
-8.809910000000000707e+01 3.873380000000000223e+01
-1.570949999999999989e+02 5.977329999999999899e+01
2.031309999999999860e+01 4.941890000000000072e+01
-1.218389999999999986e+02 4.178260000000000218e+01
-1.211460000000000008e+02 4.135929999999999751e+01
-8.952129999999999654e+01 3.964090000000000202e+01
-1.516519999999999868e+02 5.965720000000000312e+01
-1.457500000000000000e+02 6.054869999999999663e+01
3.974179999999999779e+01 9.582700000000000884e+00
-7.165370000000000061e+01 4.347010000000000218e+01
-8.813469999999999516e+01 4.575869999999999749e+01
-7.133589999999999520e+01 4.387429999999999808e+01
-1.176820000000000022e+02 3.547950000000000159e+01
-1.172830000000000013e+02 3.589090000000000202e+01
1.676129999999999995e+02 8.801899999999999835e+00
-8.443290000000000362e+01 4.194380000000000308e+01
-1.222169999999999987e+02 4.617830000000000013e+01
1.501020000000000039e+02 -1.009459999999999980e+01
1.506210000000000093e+02 -1.008050000000000068e+01
-7.192589999999999861e+01 4.424009999999999820e+01
-8.827630000000000621e+01 2.022629999999999839e+01
-7.485680000000000689e+01 -1.335940000000000083e+01
-1.094350000000000023e+02 -2.716029999999999944e+01
-7.115590000000000259e+01 4.457430000000000092e+01
-1.093340000000000032e+02 -2.712669999999999959e+01
1.218820000000000050e+02 -3.136690000000000111e+01
-1.526239999999999952e+02 6.008149999999999835e+01
-1.125960000000000036e+02 4.536249999999999716e+01
-8.471880000000000166e+01 3.266859999999999786e+01
3.386310000000000286e+01 3.791449999999999676e+01
3.332540000000000191e+01 3.756499999999999773e+01
1.672030000000000030e+02 -1.544710000000000072e+01
-1.688549999999999898e+02 5.297209999999999752e+01
-1.452340000000000089e+02 6.656570000000000675e+01
-6.496219999999999573e+01 1.835330000000000084e+01
1.103080000000000069e+02 1.473300000000000054e+00
-1.207830000000000013e+02 3.636269999999999669e+01
-1.201200000000000045e+02 3.633559999999999945e+01
1.006490000000000009e+02 5.290199999999999569e+00
-8.492740000000000578e+01 3.147929999999999851e+01
1.415960000000000036e+02 -3.187569999999999837e+01
1.415949999999999989e+02 -3.187689999999999912e+01
1.723669999999999902e+01 5.326970000000000027e+01
1.208119999999999976e+02 2.194089999999999918e+01
1.266299999999999955e+02 4.731199999999999761e+01
-1.077849999999999966e+02 3.253240000000000265e+01
-1.209410000000000025e+02 4.379209999999999781e+01
-1.208730000000000047e+02 4.381099999999999994e+01
-1.128559999999999945e+02 2.729329999999999856e+01
-5.613949999999999818e+01 7.278289999999999793e+01
-1.122409999999999997e+02 2.731980000000000075e+01
-7.470289999999999964e+01 4.037689999999999912e+01
-7.456570000000000675e+01 4.068269999999999698e+01
-8.766599999999999682e+01 3.796500000000000341e+01
-1.766839999999999975e+02 5.188230000000000075e+01
-8.789409999999999457e+01 3.704169999999999874e+01
-8.771529999999999916e+01 3.768489999999999895e+01
-1.560120000000000005e+02 6.293010000000000304e+01
-1.566889999999999930e+02 6.221949999999999648e+01
2.922419999999999973e+01 5.070120000000000005e+01
-7.717299999999999827e+00 3.740370000000000061e+01
7.061520000000000152e+01 5.367620000000000147e+01
7.028279999999999461e+01 5.305799999999999983e+01
7.028279999999999461e+01 5.305810000000000315e+01
7.038849999999999341e+01 5.302490000000000236e+01
-1.072099999999999937e+02 4.168889999999999674e+01
-8.281239999999999668e+01 3.566940000000000310e+01
-8.791400000000000148e+01 4.643010000000000304e+01
-1.235040000000000049e+02 4.805749999999999744e+01
-1.230480000000000018e+02 4.807370000000000232e+01
-1.234519999999999982e+02 4.864979999999999905e+01
1.489960000000000093e+02 -3.531869999999999976e+01
1.489960000000000093e+02 -3.531880000000000308e+01
-8.365670000000000073e+01 4.230120000000000147e+01
9.378000000000000114e+00 3.949600000000000222e+01
-7.937330000000000041e+01 4.709040000000000248e+01
1.066640000000000015e+02 2.646000000000000085e+01
-8.262309999999999377e+01 4.277490000000000236e+01
-7.083910000000000196e+01 4.193589999999999662e+01
-7.064660000000000650e+01 4.156199999999999761e+01
1.343509999999999991e+02 -1.994279999999999831e+01
1.343600000000000136e+02 -1.993359999999999843e+01
1.343930000000000007e+02 -1.976709999999999923e+01
1.343549999999999898e+02 -1.992299999999999827e+01
1.343590000000000089e+02 -1.990360000000000085e+01
1.343660000000000139e+02 -1.987819999999999965e+01
1.343669999999999902e+02 -1.985500000000000043e+01
1.343799999999999955e+02 -1.984080000000000155e+01
1.343810000000000002e+02 -1.981390000000000029e+01
1.343839999999999861e+02 -1.979139999999999944e+01
-8.039149999999999352e+01 3.401700000000000301e+01
-8.392770000000000152e+01 3.509349999999999881e+01
-8.377400000000000091e+01 3.565800000000000125e+01
1.205840000000000032e+02 4.252539999999999765e+01
-1.144140000000000015e+02 4.356250000000000000e+01
7.494780000000000086e+01 4.265639999999999787e+01
7.449439999999999884e+01 4.263329999999999842e+01
7.475130000000000052e+01 4.299860000000000326e+01
7.451340000000000430e+01 4.222749999999999915e+01
7.461270000000000380e+01 4.284179999999999922e+01
7.462839999999999918e+01 4.281230000000000047e+01
-6.324260000000000304e+01 1.762049999999999983e+01
-1.353240000000000123e+02 5.705689999999999884e+01
1.398139999999999930e+02 3.311529999999999774e+01
1.242060000000000031e+02 4.689309999999999690e+01
1.273960000000000008e+02 3.542130000000000223e+01
-1.065240000000000009e+02 4.265070000000000050e+01
-1.211490000000000009e+02 4.375099999999999767e+01
-1.401479999999999961e+02 -8.854919999999999902e+00
1.444379999999999882e+02 -8.992889999999999873e+01
1.312239999999999895e+02 2.581980000000000075e+01
4.268630000000000280e+01 4.395530000000000115e+01
-7.079930000000000234e+01 -3.017269999999999897e+01
-7.068909999999999627e+01 -3.083889999999999887e+01
9.981669999999999732e+01 3.939999999999999858e+01
1.210799999999999983e+02 2.281769999999999854e+01
-7.781669999999999732e+01 4.326570000000000249e+01
-1.232439999999999998e+02 4.311869999999999692e+01
3.953430000000000177e+01 1.278320000000000078e+01
1.105229999999999961e+02 -7.912499999999999645e+00
-8.102609999999999957e+01 3.197459999999999880e+01
1.527350000000000136e+02 -8.134659999999999513e+01
1.036440000000000055e+02 5.168070000000000164e+01
-1.556220000000000141e+02 6.110819999999999652e+01
-1.154759999999999991e+02 4.402060000000000173e+01
1.311330000000000098e+02 -1.284360000000000035e+01
1.211910000000000025e+02 3.109479999999999933e+01
-8.182040000000000646e+01 3.652089999999999748e+01
-8.638890000000000668e+01 4.343540000000000134e+01
-1.053820000000000050e+02 3.169849999999999923e+01
1.136520000000000010e+02 2.365249999999999986e+01
-7.885509999999999309e+01 4.292730000000000246e+01
-7.860420000000000584e+01 4.240619999999999834e+01
1.297359999999999900e+02 4.510699999999999932e+01
1.296889999999999930e+02 4.582580000000000098e+01
9.750000000000000000e+01 3.100000000000000000e+01
1.519670000000000130e+02 -2.754520000000000124e+01
-1.106039999999999992e+02 4.361240000000000094e+01
-1.108520000000000039e+02 4.336240000000000094e+01
-1.107540000000000049e+02 4.345989999999999753e+01
9.112699999999999534e+01 2.970309999999999917e+01
-1.109569999999999936e+02 4.348969999999999914e+01
-6.865089999999999293e+01 -1.576179999999999914e+01
2.323499999999999943e+01 4.261800000000000210e+01
-1.164599999999999937e+02 3.360560000000000258e+01
-7.895359999999999445e+01 3.776050000000000040e+01
-9.213679999999999382e+01 1.628180000000000049e+01
-1.423460000000000036e+02 6.103600000000000136e+01
-1.424670000000000130e+02 6.118710000000000093e+01
1.170630000000000024e+02 4.480250000000000199e+01
1.170529999999999973e+02 4.413159999999999883e+01
1.178139999999999930e+02 4.478649999999999665e+01
-7.108480000000000132e+01 -3.439170000000000016e+01
-1.348830000000000098e+02 6.065970000000000084e+01
1.516289999999999907e+02 -3.041829999999999856e+01
1.516279999999999859e+02 -3.041979999999999862e+01
1.401100000000000136e+02 3.621079999999999899e+01
1.259699999999999989e+02 4.548550000000000182e+01
-1.228029999999999973e+02 4.711090000000000089e+01
-1.228250000000000028e+02 4.756410000000000338e+01
-1.222489999999999952e+02 4.755630000000000024e+01
-1.181179999999999950e+02 3.448369999999999891e+01
-1.229719999999999942e+02 4.771719999999999828e+01
-1.180259999999999962e+02 3.433339999999999748e+01
-1.187240000000000038e+02 3.461449999999999960e+01
1.339039999999999964e+02 -2.366600000000000037e+01
-1.184549999999999983e+02 3.410620000000000118e+01
-1.183340000000000032e+02 3.425350000000000250e+01
-1.180580000000000069e+02 3.422359999999999758e+01
-1.181850000000000023e+02 3.417139999999999844e+01
-1.182860000000000014e+02 3.401919999999999789e+01
3.599099999999999966e+01 3.699179999999999779e+01
-7.204640000000000555e+01 4.140379999999999683e+01
1.089240000000000066e+02 3.403130000000000166e+01
-7.222549999999999670e+01 4.179429999999999978e+01
-1.228799999999999955e+02 3.814479999999999649e+01
-1.224429999999999978e+02 3.887870000000000203e+01
-1.220150000000000006e+02 3.863329999999999842e+01
-1.224579999999999984e+02 3.834530000000000172e+01
-1.189599999999999937e+02 4.529039999999999822e+01
-6.834959999999999525e+01 4.586330000000000240e+01
1.679389999999999930e+02 -2.904329999999999856e+01
-5.733100000000000307e+01 -2.633070000000000022e+01
7.853040000000000020e+01 5.062259999999999849e+01
1.344300000000000068e+02 -1.995220000000000127e+01
-1.006929999999999978e+02 4.657480000000000331e+01
-9.637619999999999720e+01 4.196659999999999968e+01
-8.577960000000000207e+01 3.651290000000000191e+01
-1.494530000000000030e+02 6.010430000000000206e+01
-1.497239999999999895e+02 6.048140000000000072e+01
3.279339999999999833e+01 3.986800000000000210e+01
1.425929999999999893e+02 4.411880000000000024e+01
-5.043400000000000105e+00 3.652819999999999823e+01
-5.232499999999999929e+00 3.682350000000000279e+01
-7.194710000000000605e+01 -1.517549999999999955e+01
1.336560000000000059e+02 4.599430000000000263e+01
1.188010000000000019e+02 4.621320000000000050e+01
-1.084929999999999950e+02 3.719959999999999667e+01
-7.241249999999999432e+01 -4.237870000000000203e+01
-1.695289999999999964e+02 1.673290000000000077e+01
-6.971420000000000528e+01 -1.287449999999999939e+01
1.664439999999999884e+02 -2.207160000000000011e+01
1.663069999999999879e+02 -2.209860000000000113e+01
1.282959999999999923e+02 -2.503750000000000142e+01
1.223499999999999943e+02 4.410949999999999704e+01
1.228449999999999989e+02 4.489730000000000132e+01
-1.254050000000000011e+02 4.450979999999999848e+01
9.683490000000000464e+01 -1.219009999999999927e+01
-9.660939999999999372e+01 3.910090000000000288e+01
-1.214609999999999985e+02 4.081609999999999872e+01
-1.210859999999999985e+02 4.032000000000000028e+01
-1.172279999999999944e+02 4.597339999999999804e+01
-8.901690000000000680e+01 3.890330000000000155e+01
1.784540000000000077e+02 -1.811459999999999937e+01
1.308329999999999984e+02 -1.243999999999999950e+01
-1.538799999999999955e+02 6.247870000000000346e+01
-7.983729999999999905e+01 9.166499999999999204e+00
-9.758499999999999375e+01 3.078269999999999840e+01
-7.155830000000000268e+01 4.250639999999999930e+01
1.442350000000000136e+02 -2.658370000000000033e+01
-8.517400000000000659e+01 1.196799999999999997e+01
-1.174339999999999975e+02 3.455049999999999955e+01
-1.179939999999999998e+02 3.488110000000000355e+01
-1.176590000000000060e+02 3.423879999999999768e+01
1.493629999999999995e+02 -3.531499999999999773e+01
-1.170979999999999990e+02 3.410649999999999693e+01
-1.173299999999999983e+02 3.456060000000000088e+01
1.343720000000000141e+02 -1.995870000000000033e+01
1.599470000000000027e+02 -9.438700000000000756e+00
-8.641580000000000439e+01 8.005320000000000391e+01
-1.012270000000000039e+02 1.964669999999999916e+01
1.508810000000000002e+02 -9.948299999999999699e+00
1.501380000000000052e+02 -9.244199999999999307e+00
1.507069999999999936e+02 -9.943400000000000460e+00
-8.727299999999999613e+01 1.405700000000000038e+01
1.382040000000000077e+02 3.654569999999999652e+01
1.503619999999999948e+02 -9.376300000000000523e+00
1.507800000000000011e+02 -9.286400000000000432e+00
-1.168629999999999995e+02 3.335360000000000014e+01
1.356879999999999882e+02 -2.779439999999999955e+01
-1.520569999999999879e+02 6.118110000000000070e+01
-1.522090000000000032e+02 6.120009999999999906e+01
-1.520229999999999961e+02 6.129129999999999967e+01
-1.521550000000000011e+02 6.126550000000000296e+01
-8.406260000000000332e+01 3.386399999999999721e+01
-8.038290000000000646e+01 3.634720000000000084e+01
-1.446049999999999898e+02 6.096770000000000067e+01
-1.442620000000000005e+02 6.033509999999999707e+01
-1.681659999999999968e+02 5.342600000000000193e+01
3.495120000000000005e+01 2.966989999999999839e+01
-4.271799999999999820e+00 3.186339999999999861e+01
-1.698950000000000102e+02 5.282350000000000279e+01
1.232870000000000061e+02 4.297860000000000014e+01
1.266239999999999952e+02 3.747760000000000247e+01
1.098439999999999941e+02 1.902909999999999968e+01
1.266239999999999952e+02 3.747769999999999868e+01
1.269170000000000016e+02 3.749389999999999645e+01
-1.203299999999999983e+02 3.734599999999999653e+01
7.766719999999999402e+01 4.278609999999999758e+01
7.719440000000000168e+01 4.212720000000000198e+01
-9.973739999999999384e+01 3.881400000000000006e+01
-9.579189999999999827e+01 3.591040000000000276e+01
-1.024419999999999931e+01 5.193939999999999912e+01
8.229040000000000532e+01 4.679370000000000118e+01
-6.087530000000000285e+01 1.477449999999999974e+01
-6.085880000000000223e+01 1.444699999999999918e+01
-7.414350000000000307e+01 4.175460000000000349e+01
-7.401189999999999714e+01 4.141400000000000148e+01
-7.460559999999999548e+01 4.108290000000000219e+01
-7.422440000000000282e+01 4.114500000000000313e+01
-8.782999999999999829e+01 3.612969999999999970e+01
-8.710550000000000637e+01 3.698810000000000286e+01
1.431750000000000114e+02 -1.395739999999999981e+01
-8.768609999999999616e+01 4.525719999999999743e+01
1.002289999999999992e+02 1.849889999999999901e+01
1.483959999999999866e+02 -3.429800000000000182e+01
-5.806369999999999720e+01 -5.167530000000000001e+01
-8.304279999999999973e+01 4.140350000000000108e+01
-5.152499999999999858e+00 3.540259999999999962e+01
-5.114499999999999602e+00 3.502729999999999677e+01
3.450840000000000174e+01 3.857269999999999754e+01
3.499029999999999774e+01 3.859060000000000201e+01
3.488900000000000290e+01 3.829670000000000130e+01
3.433050000000000068e+01 3.805789999999999651e+01
1.280569999999999879e+02 4.706560000000000343e+01
3.496289999999999765e+01 3.822070000000000078e+01
3.400450000000000017e+01 3.876400000000000290e+01
-1.148269999999999982e+02 3.305149999999999721e+01
-1.145240000000000009e+02 3.375030000000000285e+01
-8.282460000000000377e+01 4.393999999999999773e+01
-7.331210000000000093e+01 -1.366670000000000051e+01
1.340589999999999975e+02 -3.028180000000000049e+01
-1.116299999999999955e+02 4.559700000000000131e+01
-6.756459999999999866e+01 -1.583000000000000007e+01
5.856150000000000233e+01 5.642929999999999779e+01
5.856250000000000000e+01 5.643019999999999925e+01
-7.984560000000000457e+01 3.965809999999999746e+01
-7.918710000000000093e+01 3.904010000000000247e+01
-1.439900000000000091e+02 6.397610000000000241e+01
1.161680000000000064e+02 4.001830000000000354e+01
1.206029999999999944e+02 4.337250000000000227e+01
-7.511079999999999757e+01 1.992680000000000007e+01
-7.055079999999999529e+01 -4.073279999999999745e+01
7.449970000000000425e+01 4.326689999999999969e+01
-1.396370000000000005e+02 5.995340000000000202e+01
-1.394010000000000105e+02 5.966700000000000159e+01
1.360589999999999975e+02 -3.281020000000000181e+01
-7.787869999999999493e+01 3.796359999999999957e+01
-8.705060000000000286e+01 3.116870000000000118e+01
-1.190469999999999970e+02 3.808899999999999864e+01
-1.194509999999999934e+02 3.852259999999999707e+01
-6.991689999999999827e+01 1.846320000000000050e+01
-8.629389999999999361e+01 3.822890000000000299e+01
3.050929999999999964e+01 3.784329999999999927e+01
-7.070050000000000523e+01 -2.901099999999999923e+01
1.084809999999999945e+02 1.195199999999999996e+01
-7.755910000000000082e+01 4.213649999999999807e+01
-1.069210000000000065e+02 3.407390000000000185e+01
-1.236020000000000039e+02 4.215599999999999881e+01
-1.064569999999999936e+02 3.494590000000000174e+01
-9.878069999999999595e+01 3.473790000000000333e+01
-5.955879999999999797e+01 1.314339999999999975e+01
-9.498520000000000607e+01 3.325990000000000180e+01
-8.699779999999999802e+01 3.303990000000000293e+01
-8.641190000000000282e+01 3.385770000000000124e+01
-1.558899999999999864e+02 6.068010000000000304e+01
-1.158280000000000030e+02 4.341510000000000247e+01
1.296740000000000066e+02 4.339139999999999731e+01
-9.939390000000000214e+01 2.832359999999999900e+01
-1.068289999999999935e+02 3.774609999999999843e+01
-8.138960000000000150e+01 3.948680000000000234e+01
1.552319999999999922e+01 4.725050000000000239e+01
-1.229210000000000065e+02 5.012660000000000338e+01
-1.118509999999999991e+02 -7.454760000000000275e+01
-1.502040000000000077e+02 6.722690000000000055e+01
-7.863920000000000243e+01 4.327279999999999660e+01
1.295910000000000082e+02 4.461699999999999733e+01
3.879370000000000118e+01 3.821739999999999782e+01
3.813850000000000051e+01 3.862780000000000058e+01
1.295929999999999893e+02 4.461760000000000304e+01
3.842730000000000246e+01 3.831340000000000146e+01
1.296009999999999991e+02 4.410759999999999792e+01
1.325989999999999895e+02 4.767439999999999856e+01
1.325260000000000105e+02 4.729939999999999856e+01
-1.097360000000000042e+02 3.511809999999999832e+01
-7.498799999999999955e+01 -1.277970000000000006e+01
-1.509060000000000059e+02 5.975110000000000099e+01
-1.507410000000000139e+02 5.974170000000000158e+01
1.666519999999999868e+02 1.928340000000000032e+01
-7.821630000000000393e+01 3.400460000000000349e+01
3.958500000000000085e+01 -6.900669999999999504e+01
-3.964739999999999753e+01 6.909220000000000539e+01
7.837460000000000093e+01 5.064359999999999928e+01
-7.193030000000000257e+01 -3.500990000000000180e+01
-1.550219999999999914e+02 -7.802970000000000539e+01
1.407899999999999920e+02 3.786899999999999977e+01
1.253400000000000034e+02 4.435520000000000351e+01
1.343389999999999986e+02 -1.992429999999999879e+01
-1.221860000000000070e+02 4.468370000000000175e+01
-1.229860000000000042e+02 4.419729999999999848e+01
-1.188299999999999983e+02 3.512689999999999912e+01
-1.184740000000000038e+02 3.566279999999999717e+01
-9.023640000000000327e+01 3.863609999999999900e+01
-1.548540000000000134e+02 6.218160000000000309e+01
3.566649999999999920e+01 3.967309999999999803e+01
1.296800000000000068e+02 6.203099999999999881e+01
-7.665699999999999648e+01 4.715200000000000102e+01
-7.223449999999999704e+01 4.266510000000000247e+01
-7.268019999999999925e+01 4.244980000000000331e+01
-1.589590000000000032e+02 6.102239999999999753e+01
-1.055010000000000048e+02 3.774560000000000315e+01
-1.220319999999999965e+02 3.999710000000000321e+01
-1.227159999999999940e+02 3.965469999999999828e+01
-1.186370000000000005e+02 4.243390000000000128e+01
1.400020000000000095e+02 -6.666490000000000293e+01
-6.801900000000000546e+01 4.667130000000000223e+01
-6.846229999999999905e+01 4.642199999999999704e+01
1.142339999999999947e+02 -2.264300000000000068e+01
1.305320000000000107e+02 4.621470000000000056e+01
-1.019779999999999944e+02 5.472500000000000142e+01
1.331140000000000043e+02 3.500180000000000291e+01
-1.702479999999999905e+02 5.717660000000000053e+01
-6.404890000000000327e+01 -6.477439999999999998e+01
1.586500000000000057e+02 5.302329999999999899e+01
-8.669849999999999568e+01 1.250000000000000000e+01
-8.411140000000000327e+01 1.000210000000000043e+01
-9.353209999999999980e+01 3.962480000000000047e+01
-7.845080000000000098e+01 2.376000000000000056e-01
-8.542579999999999529e+01 3.946050000000000324e+01
-4.617099999999999760e+00 3.223169999999999646e+01
-7.145080000000000098e+01 -1.655790000000000006e+01
6.900430000000000064e+01 5.295100000000000051e+01
-7.240340000000000487e+01 -4.113839999999999719e+01
7.624169999999999447e+01 4.224560000000000315e+01
-9.340030000000000143e+01 4.401489999999999725e+01
-8.806959999999999411e+01 3.319890000000000185e+01
5.528380000000000294e+00 2.279149999999999920e+01
-8.929399999999999693e+01 4.055590000000000117e+01
-6.891110000000000468e+01 -2.261270000000000024e+01
-1.717769999999999868e+02 -1.390930000000000000e+01
-1.574379999999999882e+02 6.140090000000000003e+01
-1.213550000000000040e+02 4.367269999999999897e+01
-1.173059999999999974e+02 4.485249999999999915e+01
