0.80 0.48
0.90 0.34
0.90 0.45
0.80 0.55
1.00 0.73
0.70 0.77
0.90 0.94
0.80 0.36
1.50 0.21
2.00 0.44
1.00 0.25
2.00 0.34
1.90 0.16
1.50 0.34
0.80 0.44
2.40 0.37
1.80 0.43
2.20 0.56
2.30 0.57
2.10 0.47
2.00 0.27
2.30 0.35
1.80 0.36
1.70 0.32
1.10 0.44
1.90 0.51
0.70 0.45
1.30 0.90
0.90 1.04
0.70 1.16
0.70 1.20
0.50 0.61
0.90 0.31
1.50 0.79
0.70 0.76
0.50 0.35
0.70 0.43
1.00 0.50
0.90 0.27
0.70 0.72
0.50 0.80
1.10 0.40
0.70 0.49
1.10 0.58
1.20 0.43
1.00 0.29
0.90 0.14
1.20 0.05
1.10 0.08
1.10 0.26
1.40 0.54
0.60 0.51
0.80 0.60
0.90 0.33
1.00 0.58
0.60 0.77
1.00 0.29
1.40 0.69
1.20 0.35
1.10 0.20
0.60 0.20
0.90 0.35
1.40 0.52
1.10 0.74
0.80 0.49
1.00 0.47
0.60 0.82
0.60 0.37
0.50 0.58
0.70 0.50
0.90 0.41
0.90 1.58
1.70 1.32
0.70 1.16
0.60 0.23
1.20 0.45
0.80 0.91
0.60 0.28
0.50 0.48
1.20 0.87
1.30 0.48
0.70 0.57
1.10 0.34
1.40 0.24
1.20 0.30
1.00 0.20
0.50 0.09
1.00 0.42
1.00 0.45
1.30 0.28
1.50 0.52
1.10 0.40
1.10 1.58
1.40 1.66
0.80 0.32
1.40 0.30
0.80 0.25
1.70 0.20
1.80 0.85
1.60 0.48
1.50 0.54
1.70 0.16
0.80 0.29
1.50 0.43
1.30 0.37
1.50 0.57
1.20 0.40
1.50 0.45
1.50 0.45
1.40 0.50
1.20 0.44
1.10 0.34
0.90 0.30
0.70 0.46
0.50 0.30
0.70 0.37
