1.50 1.15
1.50 1.16
0.60 0.75
1.80 1.66
1.30 1.29
1.10 1.16
1.30 1.37
2.00 1.91
0.90 1.15
1.70 1.64
1.70 2.05
1.60 1.83
0.70 0.58
1.30 1.23
0.50 1.12
1.10 1.36
2.00 1.55
1.80 1.69
1.40 1.08
1.00 0.87
0.70 0.79
1.10 0.90
1.00 0.99
0.70 0.58
0.90 0.94
0.70 0.74
0.80 0.64
0.60 0.64
0.80 1.21
0.50 0.93
1.60 1.51
1.60 1.30
2.00 1.77
1.70 1.32
1.50 1.22
0.60 0.32
1.00 0.84
1.20 1.14
1.10 1.07
0.90 0.86
1.00 1.08
1.00 1.31
0.80 1.21
0.70 1.00
0.60 0.72
0.60 0.81
0.90 0.46
0.70 0.62
1.70 1.20
1.00 0.50
1.10 0.90
1.00 1.12
0.80 0.70
1.60 1.49
0.70 1.07
1.30 1.00
1.30 0.85
0.60 0.56
0.50 0.75
0.80 0.71
0.60 0.67
0.60 0.75
1.00 1.19
1.00 0.92
0.50 0.56
0.80 0.59
1.10 0.76
0.80 0.66
1.00 0.84
0.80 0.70
0.90 0.77
0.70 0.74
0.90 1.03
0.90 0.88
0.60 0.68
0.60 0.40
0.50 0.54
1.10 1.00
0.70 0.91
0.70 0.68
0.80 0.79
0.60 0.90
1.20 0.79
1.30 1.63
1.50 1.57
1.10 1.18
1.20 1.80
1.60 1.40
1.50 1.20
1.30 1.17
1.40 1.14
1.40 1.13
1.20 1.17
1.10 0.96
1.30 1.07
