1362494 1670626
1362494 2427823
1362494 3287001
1388755 2425674
1388755 9951393
1388787 926544
1388787 2009482
1388787 2287137
1388787 251211
1388787 2579960
1388787 3207524
1388787 3333415
1441973 1257572
1833055 2276285
1833055 2292909
1833055 10394345
2188466 2425674
2735515 975946
2735515 10958985
2876682 1584889
2876682 1952015
2876682 2839155
2876682 2876716
2876682 10801956
2876688 1179530
2876688 3277780
2876688 10801956
2876688 10967590
3202775 1293514
3318957 3319468
3318957 5157946
3322252 1039338
3322252 5195908
4873335 1039338
4813335 2476415
5166221 2850834
5183873 3318415
9376197 2874365
9376197 3318415
10937540 2009482
10937540 2276285
10937540 2425804
10937540 2704829
10937540 2728435
10937540 2841270
10937540 3322252
10937540 4819551
10937540 5112137
10937540 5167348
