2.511886431509579437e-02 6.344924335091393086e-01
2.526405161860213050e-02 6.402390733317390170e-01
2.541007810627042562e-02 6.430898974999611495e-01
2.555694862859406516e-02 6.485072814466040780e-01
2.570466806410236227e-02 6.543623098494877333e-01
2.585324131952258450e-02 6.614402886487822375e-01
2.600267332994290678e-02 6.691706439973328369e-01
2.615296905897638788e-02 6.776556292727656805e-01
2.630413349892583852e-02 6.867786756245868318e-01
2.645617167094958117e-02 6.965561435932163814e-01
2.660908862522835469e-02 7.069839430435496119e-01
2.676288944113292337e-02 7.181377414750296229e-01
2.691757922739292791e-02 7.301279725354931083e-01
2.707316312226650673e-02 7.429750869004650982e-01
2.722964629371095457e-02 7.566729493672883500e-01
2.738703393955444973e-02 7.712624612870130347e-01
2.754533128766867636e-02 7.867804338755848281e-01
2.770454359614242176e-02 8.032759487542643351e-01
2.786467615345633933e-02 8.208103579496274227e-01
2.802573427865854422e-02 8.357250356102039479e-01
2.818772332154127064e-02 8.442018406154265797e-01
2.835064866281864979e-02 8.484146797736314971e-01
2.851451571430539678e-02 8.510425915786280493e-01
2.867932991909653145e-02 8.538422890580370517e-01
2.884509675174826843e-02 8.577626835562305319e-01
2.901182171845980567e-02 8.631841576379785108e-01
2.917951035725619563e-02 8.693439011061886434e-01
2.934816823817239240e-02 8.732295294559890841e-01
2.951780096343814899e-02 8.741293591791008399e-01
2.968841416766421215e-02 8.738369145190895138e-01
2.986001351802944001e-02 8.732274843884365589e-01
3.003260471446899879e-02 8.730925099299698955e-01
3.020619348986378766e-02 8.737837427627238585e-01
3.038078561023081769e-02 8.753461743728542244e-01
3.055638687491469066e-02 8.771969605078906440e-01
3.073300311678033025e-02 8.791786309662888987e-01
3.091064020240668481e-02 8.816981541910018372e-01
3.108930403228154019e-02 8.849027750458108299e-01
3.126900054099761295e-02 8.889765496104440334e-01
3.144973569744963920e-02 8.940176411274219914e-01
3.163151550503255638e-02 8.986435839312371110e-01
3.181434600184106232e-02 9.000935368259785907e-01
3.199823326087009728e-02 8.984861137296926703e-01
3.218318339021652985e-02 8.953755659822996149e-01
3.236920253328214730e-02 8.913181519580869461e-01
3.255629686897762443e-02 8.869335271254699116e-01
3.274447261192782455e-02 8.825407220226426652e-01
3.293373601267822470e-02 8.736651288446772856e-01
3.312409335790250653e-02 8.587872624000462141e-01
3.331555097061136145e-02 8.417313990119745792e-01
3.350811521036261426e-02 8.242910629240277620e-01
3.370179247347232510e-02 8.078507648692663246e-01
3.389658919322740410e-02 7.930649264644991092e-01
3.409251184009919750e-02 7.805572933132464142e-01
3.428956692195841288e-02 7.708145914930096820e-01
3.448776098429136294e-02 7.638552266117617506e-01
3.468710061041735404e-02 7.595933058322962284e-01
3.488759242170727526e-02 7.580165587492982970e-01
3.508924307780367929e-02 7.591045346872423716e-01
3.529205927684192501e-02 7.629063152673893899e-01
3.549604775567258980e-02 7.694791623812098358e-01
3.570121529008542238e-02 7.788435267042290722e-01
3.590756869503420462e-02 7.910628053305754914e-01
3.611511482486330638e-02 8.062351615027704144e-01
3.632386057353523962e-02 8.244914795441752320e-01
3.653381287485973905e-02 8.412017265158701074e-01
3.674497870272393912e-02 8.497439736827737677e-01
3.695736507132423021e-02 8.508769411068735078e-01
3.717097903539903075e-02 8.473042080926094233e-01
3.738582769046329413e-02 8.407170455059213010e-01
3.760191817304411876e-02 8.325817667819706003e-01
3.781925766091774610e-02 8.204606513981452798e-01
3.803785337334809891e-02 8.042228150310841706e-01
3.825771257132654091e-02 7.868295154968454330e-01
3.847884255781295476e-02 7.694791623812098358e-01
3.870125067797849233e-02 7.530756755423939630e-01
3.892494431944945599e-02 7.382387104488135066e-01
3.914993091255265789e-02 7.252116301392190767e-01
3.937621793056233360e-02 7.136590435349964290e-01
3.960381288994833243e-02 7.034582465829937181e-01
3.983272335062570252e-02 6.947196729310476382e-01
4.006295691620595512e-02 6.875189900786013997e-01
4.029452123424955012e-02 6.823306536978414050e-01
4.052742399651988042e-02 6.791219427079272508e-01
4.076167293923887297e-02 6.776372236647929537e-01
4.099727584334383890e-02 6.778417304200455851e-01
4.123424053474603751e-02 6.797129672306073678e-01
4.147257488459059338e-02 6.835086126080966995e-01
4.171228680951784978e-02 6.892061708094358030e-01
4.195338427192649156e-02 6.966195406873447737e-01
4.219587528023795858e-02 7.058468854843448215e-01
4.243976788916238585e-02 7.169925036456147316e-01
4.268507019996626434e-02 7.293365313926652993e-01
4.293179036074151744e-02 7.421345641363766843e-01
4.317993656667604152e-02 7.558037956574644722e-01
4.342951706032609216e-02 7.704996510899205786e-01
4.368054013188996804e-02 7.865145750937563296e-01
4.393301411948334623e-02 7.979710435230104038e-01
4.418694740941636612e-02 8.025601751108800697e-01
4.444234843647213579e-02 8.048322451617371254e-01
4.469922568418681352e-02 8.067198425127192207e-01
4.495758768513159753e-02 8.097608579633261972e-01
4.521744302119593689e-02 8.134624302333993695e-01
4.547880032387276866e-02 8.172130841247331468e-01
4.574166827454511502e-02 8.213932022020975499e-01
4.600605560477452616e-02 8.260539111543055979e-01
4.627197109659098723e-02 8.306225920666500118e-01
4.653942358278480296e-02 8.341544237298633702e-01
4.680842194719982141e-02 8.369029945204591314e-01
4.707897512502866311e-02 8.393918417318840808e-01
4.735109210310945588e-02 8.419297705645696350e-01
4.762478192022426976e-02 8.446722061525077097e-01
4.790005366739954334e-02 8.476805005222742828e-01
4.817691648820784933e-02 8.510794027945736140e-01
4.845537957907175564e-02 8.549425354012962774e-01
4.873545218956924774e-02 8.601963139437370787e-01
4.901714362274099679e-02 8.675810528759105855e-01
4.930046323539925834e-02 8.767490907138874023e-01
4.958542043843887359e-02 8.874795601619945851e-01
4.987202469714965836e-02 9.005516319577444584e-01
5.016028553153097091e-02 9.178038218308588458e-01
5.045021251660784106e-02 9.397760276152045122e-01
5.074181528274907677e-02 9.661451286374824754e-01
5.103510351598705003e-02 9.943016187006687989e-01
5.133008695833959217e-02 1.006706998474294901e+00
5.162677540813340182e-02 9.975287352985556799e-01
5.192517872032970105e-02 9.795464563091892396e-01
5.222530680685147364e-02 9.604332549632758065e-01
5.252716963691266006e-02 9.466556348619040717e-01
5.283077723734942721e-02 9.393445183616213612e-01
5.313613969295318679e-02 9.377064192520476738e-01
5.344326714680543849e-02 9.415552363859026608e-01
5.375216980061491706e-02 9.519257739447651856e-01
5.406285791505632127e-02 9.684826408500203376e-01
5.437534181011107609e-02 9.900990048802266186e-01
5.468963186541032917e-02 1.016568314212578317e+00
5.500573852057948770e-02 1.046579680545906221e+00
5.532367227558519784e-02 1.079848839490408885e+00
5.564344369108398941e-02 1.117246989823462489e+00
5.596506338877313413e-02 1.151405753153314393e+00
5.628854205174332881e-02 1.164244687248076504e+00
5.661389042483377931e-02 1.153919141175369534e+00
5.694111931498885282e-02 1.131343640463028599e+00
5.727023959161724881e-02 1.101140037779763103e+00
5.760126218695296035e-02 1.067310530325868312e+00
5.793419809641841417e-02 1.034027055908497861e+00
5.826905837898961604e-02 1.003690523834318338e+00
5.860585415756369709e-02 9.777692926060437273e-01
5.894459661932811845e-02 9.561079370896818919e-01
5.928529701613251268e-02 9.382749480316500135e-01
5.962796666486229469e-02 9.239553850288588777e-01
5.997261694781454155e-02 9.129651920015808830e-01
6.031925931307623168e-02 9.054659292864658537e-01
6.066790527490428103e-02 9.016396078956886440e-01
6.101856641410823012e-02 9.020608918115091690e-01
6.137125437843479747e-02 9.080693002808322145e-01
6.172598088295483398e-02 9.202394972859179179e-01
6.208275771045231733e-02 9.394263210637224804e-01
6.244159671181598315e-02 9.656379518844560028e-01
6.280250980643269088e-02 9.992895384612809906e-01
6.316550898258359303e-02 1.042728818344498487e+00
6.353060629784218483e-02 1.097831118479775103e+00
6.389781387947492119e-02 1.165629197981136844e+00
6.426714392484385308e-02 1.249910521955863052e+00
6.463860870181208085e-02 1.366420065490855817e+00
6.501222054915094251e-02 1.540964536031448340e+00
6.538799187695008841e-02 1.797814795291025947e+00
6.576593516702965159e-02 2.087482253565998480e+00
6.614606297335466623e-02 2.164928961780180572e+00
6.652838792245242827e-02 1.927394365554216282e+00
6.691292271383147972e-02 1.619206775523563291e+00
6.729968012040381253e-02 1.420730924483304625e+00
6.768867298890894613e-02 1.297570821267495234e+00
6.807991424034069705e-02 1.211101275011565725e+00
6.847341687037629410e-02 1.155947848187476090e+00
6.886919394980822728e-02 1.120809497499964058e+00
6.926725862497820629e-02 1.099342423401092450e+00
6.966762411821400547e-02 1.091423921837709310e+00
7.007030372826857090e-02 1.094221574249565565e+00
7.047531083076181979e-02 1.104430551471778488e+00
7.088265887862478520e-02 1.116664145570992694e+00
7.129236140254673060e-02 1.128192191364585151e+00
7.170443201142430445e-02 1.138912435474929374e+00
7.211888439281383123e-02 1.142393140449329714e+00
7.253573231338585059e-02 1.138908345339824324e+00
7.295498961938230720e-02 1.132038963430887391e+00
7.337667023707672431e-02 1.120960832498851145e+00
7.380078817323644513e-02 1.108823356574605734e+00
7.422735751558823258e-02 1.099596011777605797e+00
7.465639243328600627e-02 1.096023278763341713e+00
7.508790717738160481e-02 1.100346551569382880e+00
7.552191608129793510e-02 1.116570072463576313e+00
7.595843356130543844e-02 1.149626544382616355e+00
7.639747411700059665e-02 1.201356528123776579e+00
7.683905233178781047e-02 1.278768470189565853e+00
7.728318287336367887e-02 1.390809541122287829e+00
7.772988049420428980e-02 1.536917347344998186e+00
7.817916003205507836e-02 1.656973038016071875e+00
7.863103641042397396e-02 1.693033714169773551e+00
7.908552463907676799e-02 1.658954708474470463e+00
7.954263981453599253e-02 1.559049068398440818e+00
8.000239712058217212e-02 1.430489986843961558e+00
8.046481182875830918e-02 1.312280992172819127e+00
8.092989929887701994e-02 1.212860033106738511e+00
8.139767497953076525e-02 1.127545950017986520e+00
8.186815440860513438e-02 1.056886821010640132e+00
8.234135321379483508e-02 9.975328254336607303e-01
8.281728711312283386e-02 9.473039212760548944e-01
8.329597191546232737e-02 9.058360865134731377e-01
8.377742352106211376e-02 8.712417237949332538e-01
8.426165792207447602e-02 8.436639878491121181e-01
8.474869120308657633e-02 8.224954936129093008e-01
8.523853954165466762e-02 8.069509351461546798e-01
8.573121920884146929e-02 7.971611967722098679e-01
8.622674656975649887e-02 7.925127582253168601e-01
8.672513808409994251e-02 7.916272439750728918e-01
8.722641030670905127e-02 7.932305769362537617e-01
8.773057988810836760e-02 7.957071537423634489e-01
8.823766357506258873e-02 7.973186669737544197e-01
8.874767821113291322e-02 7.996070975650316770e-01
8.926064073723644077e-02 8.044743583400449927e-01
8.977656819220893036e-02 8.142047897549665736e-01
9.029547771337091688e-02 8.293914614000290619e-01
9.081738653709675591e-02 8.490404704447045425e-01
9.134231199938727674e-02 8.702048745458023093e-01
9.187027153644546085e-02 8.871666648264577848e-01
9.240128268525588107e-02 8.980525594085568830e-01
9.293536308416693037e-02 9.022285873508163467e-01
9.347253047347692245e-02 9.032245352488966761e-01
9.401280269602330097e-02 9.103924970205024003e-01
9.455619769777530437e-02 9.291846227606693764e-01
9.510273352842993355e-02 9.654395803318608360e-01
9.565242834201181932e-02 1.027572822712723877e+00
9.620530039747586526e-02 1.147683730207716080e+00
9.676136805931405405e-02 1.390995642269567734e+00
9.732064979816532069e-02 1.780812103659319856e+00
9.788316419142908953e-02 2.140326799123285717e+00
9.844892992388228070e-02 2.100775192657421186e+00
9.901796578830000806e-02 1.862236468263166467e+00
9.959029068607995472e-02 1.634203255886240713e+00
1.001659236278700377e-01 1.481174941065780848e+00
1.007448837341998471e-01 1.395300509467636285e+00
1.013271902361159299e-01 1.355427827396025409e+00
1.019128624758204177e-01 1.353012602616491478e+00
1.025019199073136378e-01 1.366935422514092391e+00
1.030943820970401520e-01 1.380635330048468168e+00
1.036902687245389171e-01 1.387179546216553261e+00
1.042895995830967204e-01 1.385717322916496741e+00
1.048923945804057928e-01 1.387531297835587818e+00
1.054986737392250712e-01 1.395239157441060529e+00
1.061084571980452224e-01 1.398392651607056614e+00
1.067217652117575799e-01 1.381731486256622343e+00
1.073386181523270227e-01 1.343709590320047997e+00
1.079590365094685589e-01 1.287081669790586469e+00
1.085830408913279893e-01 1.230868897974287890e+00
1.092106520251663743e-01 1.181689113471128261e+00
1.098418907580486492e-01 1.143014840985297820e+00
1.104767780575359459e-01 1.115469826120317087e+00
1.111153350123821049e-01 1.100315875556095113e+00
1.117575828332342536e-01 1.098818886107645554e+00
1.124035428533372433e-01 1.096287092477617575e+00
1.130532365292423180e-01 1.075773019858223156e+00
1.137066854415197809e-01 1.052334500638715920e+00
1.143639112954759340e-01 1.032873637808872758e+00
1.150249359218739331e-01 1.018044852985502402e+00
1.156897812776589568e-01 1.007884957384550306e+00
1.163584694466876512e-01 1.002164903440133648e+00
1.170310226404614878e-01 1.000487948047061648e+00
1.177074631988646730e-01 1.002003343103483823e+00
1.183878135909062629e-01 1.005623112671455877e+00
1.190720964154663303e-01 1.010353353920449893e+00
1.197603344020467531e-01 1.014447579160608237e+00
1.204525504115261381e-01 1.015958884081925362e+00
1.211487674369193246e-01 1.013658183085332842e+00
1.218490086041408849e-01 1.005212054093398200e+00
1.225532971727734816e-01 9.906777589975914733e-01
1.232616565368404721e-01 9.699387289474193929e-01
1.239741102255828148e-01 9.450747976438010900e-01
1.246906819042407494e-01 9.202374522183655037e-01
1.254113953748399735e-01 8.988153696056493391e-01
1.261362745769819826e-01 8.837861681621315135e-01
1.268653435886395453e-01 8.771560591568402510e-01
1.275986266269562852e-01 8.790068452918768926e-01
1.283361480490512463e-01 8.870132847600182835e-01
1.290779323528278288e-01 8.963469730697498639e-01
1.298240041777875831e-01 9.022163169455010845e-01
1.305743883058487209e-01 8.977273936677051536e-01
1.313291096621690413e-01 8.802706970393382457e-01
1.320881933159741561e-01 8.524209671090311469e-01
1.328516644813900749e-01 8.173991852720130513e-01
1.336195485182806453e-01 7.809151801349385469e-01
1.343918709330900185e-01 7.466398479545927058e-01
1.351686573796898327e-01 7.167348251339964449e-01
1.359499336602315311e-01 6.917686404527517707e-01
1.367357257260030934e-01 6.719048993150608107e-01
1.375260596782912625e-01 6.565709828062165077e-01
1.383209617692485738e-01 6.449222780270249533e-01
1.391204584027652402e-01 6.347807880340454734e-01
1.399245761353461737e-01 6.241116706125142688e-01
1.407333416769932510e-01 6.121950619839418017e-01
1.415467818920924381e-01 5.954480037963015837e-01
1.423649238003061035e-01 5.727886553143067827e-01
1.431877945774705507e-01 5.488368241391152758e-01
1.440154215564987683e-01 5.280712082107602567e-01
1.448478322282882313e-01 5.127802381205188720e-01
1.456850542426340045e-01 5.037737606191917683e-01
1.465271154091474515e-01 5.011335784088799539e-01
1.473740436981796631e-01 5.021172559016452430e-01
1.482258672417506584e-01 5.076205326854942301e-01
1.490826143344838317e-01 5.180401518656172488e-01
1.499443134345459228e-01 5.322922276391750529e-01
1.508109931645919832e-01 5.498266368345382515e-01
1.516826823127164214e-01 5.701280224284697162e-01
1.525594098334091819e-01 5.923354109813560031e-01
1.534412048485173929e-01 6.163935856692789317e-01
1.543280966482127869e-01 6.434027928354976167e-01
1.552201146919646169e-01 6.751524665884730547e-01
1.561172886095181789e-01 7.162440089213899519e-01
1.570196482018790252e-01 7.725794847908401541e-01
1.579272234423027277e-01 8.446272146663521552e-01
1.588400444772908315e-01 8.902179056148274983e-01
1.597581416275917487e-01 8.620471000787737204e-01
1.606815453892082024e-01 7.955967200945269768e-01
1.616102864344102497e-01 7.365556198530841536e-01
1.625443956127538836e-01 7.066015154112270658e-01
1.634839039521058524e-01 7.093071397832196867e-01
1.644288426596743347e-01 7.571596754447896815e-01
1.653792431230455828e-01 8.772583125344665111e-01
1.663351369112262834e-01 1.112277475670823135e+00
1.672965557756923849e-01 1.329240737385922300e+00
1.682635316514438095e-01 1.284466028390904846e+00
1.692360966580649384e-01 1.137462482580188006e+00
1.702142831007917856e-01 9.951994033562279185e-01
1.711981234715850009e-01 8.846798626825855827e-01
1.721876504502090899e-01 8.020386828849856986e-01
1.731828969053178791e-01 7.382632512594439200e-01
1.741838958955464201e-01 6.855005084042576913e-01
1.751906806706090836e-01 6.420325975753048420e-01
1.762032846724038426e-01 6.095405643007623109e-01
1.772217415361232173e-01 5.914498967311120348e-01
1.782460850913716033e-01 5.917914230123838548e-01
1.792763493632887617e-01 6.146225571687907729e-01
1.803125685736800821e-01 6.662502875323247364e-01
1.813547771421535060e-01 7.583314991523872894e-01
1.824030096872625850e-01 9.115172841743921506e-01
1.834573010276564775e-01 1.150808593427976589e+00
1.845176861832364401e-01 1.460421595542740647e+00
1.855842003763193415e-01 1.748074662278474412e+00
1.866568790328071992e-01 2.009469061639766352e+00
1.877357577833641822e-01 2.353402387421031694e+00
1.888208724646001924e-01 2.764174656021523901e+00
1.899122591202609955e-01 3.021464604804894982e+00
1.910099540024255971e-01 3.091998984691537444e+00
1.921139935727104175e-01 3.060279986951849995e+00
1.932244145034804905e-01 2.921788012294749048e+00
1.943412536790674328e-01 2.751433885169283222e+00
1.954645481969946030e-01 2.619056662494236409e+00
1.965943353692096995e-01 2.549360760304130391e+00
1.977306527233236300e-01 2.543368712375227325e+00
1.988735380038573475e-01 2.593043403226098498e+00
2.000230291734956534e-01 2.677320637065719211e+00
2.011791644143479663e-01 2.768326143153152952e+00
2.023419821292166965e-01 2.855057458055805686e+00
2.035115209428728922e-01 2.939682353379356350e+00
2.046878197033392410e-01 3.030810563519941603e+00
2.058709174831803157e-01 3.132654927635766029e+00
2.070608535808005912e-01 3.215296107433366135e+00
2.082576675217497619e-01 3.210183438552049573e+00
2.094613990600355524e-01 3.078849200328791280e+00
2.106720881794442723e-01 2.864526120824004263e+00
2.118897750948690872e-01 2.638055340057208653e+00
2.131145002536455058e-01 2.440849475967068916e+00
2.143463043368951104e-01 2.285240285895320245e+00
2.155852282608767823e-01 2.168916843507607606e+00
2.168313131783459469e-01 2.085109975205067467e+00
2.180846004799212312e-01 2.025379687198423095e+00
2.193451317954595303e-01 1.979641751386165938e+00
2.206129489954388734e-01 1.940630042754168505e+00
2.218880941923488948e-01 1.909072605351130658e+00
2.231706097420899648e-01 1.895323616195494276e+00
2.244605382453801201e-01 1.916921574617727719e+00
2.257579225491697927e-01 1.985089811346096855e+00
2.270628057480653939e-01 2.044014342737045631e+00
2.283752311857605299e-01 2.005278718224639434e+00
2.296952424564759343e-01 1.934562327325822118e+00
2.310228834064072811e-01 1.918453330214570096e+00
2.323581981351817149e-01 1.957518210602932962e+00
2.337012309973229007e-01 2.019356963256232707e+00
2.350520266037238737e-01 2.088320731262534036e+00
2.364106298231291869e-01 2.130408221493531595e+00
2.377770857836252472e-01 2.114027230397793389e+00
2.391514398741393099e-01 2.046989916025971468e+00
2.405337377459470793e-01 1.967038000059944336e+00
2.419240253141889951e-01 1.908606329949154468e+00
2.433223487593957901e-01 1.887810038007511571e+00
2.447287545290218747e-01 1.903849502821977513e+00
2.461432893389885190e-01 1.937799669261471625e+00
2.475660001752356676e-01 1.953520103537743857e+00
2.489969342952823017e-01 1.917459427384042181e+00
2.504361392297964617e-01 1.832605484494608694e+00
2.518836627841739007e-01 1.731965665167222168e+00
2.533395530401260642e-01 1.647383716262274866e+00
2.548038583572773130e-01 1.600694824038092490e+00
2.562766273747711931e-01 1.604997646168608405e+00
2.577579090128856998e-01 1.660206289816616554e+00
2.592477524746588102e-01 1.765629522149362529e+00
2.607462072475227322e-01 1.910508242773004239e+00
2.622533231049470337e-01 2.045906030223132444e+00
2.637691501080930423e-01 2.070753600986330767e+00
2.652937386074759596e-01 1.943585165367569312e+00
2.668271392446371348e-01 1.753465460346934623e+00
2.683694029538270520e-01 1.588614610005318006e+00
2.699205809636965880e-01 1.477567441903123724e+00
2.714807247989985406e-01 1.412166181573323298e+00
2.730498862822996475e-01 1.378426657091739393e+00
2.746281175357012105e-01 1.366812718460940879e+00
2.762154709825712651e-01 1.372823171997816560e+00
2.778119993492854656e-01 1.394693124404535967e+00
2.794177556669779627e-01 1.421473284004871607e+00
2.810327932733039380e-01 1.434054539588015542e+00
2.826571658142107979e-01 1.430751755490684785e+00
2.842909272457196934e-01 1.406372505197015288e+00
2.859341318357184192e-01 1.366178747519657621e+00
2.875868341657639160e-01 1.334220476876324613e+00
2.892490891328946545e-01 1.329435018803412083e+00
2.909209519514548425e-01 1.365761553738942258e+00
2.926024781549284581e-01 1.451852762497654270e+00
2.942937235977828858e-01 1.489854207758703586e+00
2.959947444573255426e-01 1.383747922863413526e+00
2.977055972355692748e-01 1.246380735360202108e+00
2.994263387611086902e-01 1.109492093664281809e+00
3.011570261910088142e-01 9.895754675867798333e-01
3.028977170127025720e-01 8.990914537252405747e-01
3.046484690459013711e-01 8.323036375948269505e-01
3.064093404445150659e-01 7.809519913508840006e-01
3.081803896985833569e-01 7.395250579393527479e-01
3.099616756362194026e-01 7.045564478587005297e-01
3.117532574255635347e-01 6.765144815784558396e-01
3.135551945767480198e-01 6.630047653264650176e-01
3.153675469438748658e-01 6.755901110447137814e-01
3.171903747270033436e-01 7.279949670782077664e-01
3.190237384741493876e-01 8.215793033493773434e-01
3.208676990832974307e-01 9.260924806212490479e-01
3.227223178044230090e-01 1.024067576927693457e+00
3.245876562415266342e-01 1.069214488217270498e+00
3.264637763546810456e-01 1.058105681271946041e+00
3.283507404620888970e-01 1.015463977734213818e+00
3.302486112421523790e-01 9.552612791229360134e-01
3.321574517355558864e-01 8.900706607510457946e-01
3.340773253473591775e-01 8.241744940735336034e-01
3.360082958491044103e-01 7.602784034623927267e-01
3.379504273809338932e-01 7.003129326872077343e-01
3.399037844537201591e-01 6.478364992893753671e-01
3.418684319512097503e-01 6.067040556054079659e-01
3.438444351321779946e-01 5.725227965324782842e-01
3.458318596325960503e-01 5.367402495659204797e-01
3.478307714678123830e-01 5.020231827942289726e-01
3.498412370347446232e-01 4.721120247709749140e-01
3.518633231140849693e-01 4.485753423089463565e-01
3.538970968725191901e-01 4.320164303361385683e-01
3.559426258649572294e-01 4.242513088391950404e-01
3.579999780367765227e-01 4.167909024075779900e-01
3.600692217260801353e-01 3.980233174780414274e-01
3.621504256659661136e-01 3.749508653504363687e-01
3.642436589868098817e-01 3.539746074641710316e-01
3.663489912185618480e-01 3.445427559119184080e-01
3.684664922930561692e-01 3.477044303481245380e-01
3.705962325463332818e-01 3.549726004298039972e-01
3.727382827209774208e-01 3.592242958715068379e-01
3.748927139684648524e-01 3.611916508570374162e-01
3.770595978515288715e-01 3.618297119334257239e-01
3.792390063465359562e-01 3.603286323498712251e-01
3.814310118458763554e-01 3.561587396102694481e-01
3.836356871603694985e-01 3.432339126783013894e-01
3.858531055216822825e-01 3.227648315450626360e-01
3.880833405847607942e-01 3.019562691981045321e-01
3.903264664302779630e-01 2.862603757324628795e-01
3.925825575670940371e-01 2.835670217657853542e-01
3.948516889347303827e-01 2.934283375040686037e-01
3.971339359058604912e-01 3.032998785801144792e-01
3.994293742888124776e-01 3.101201788677906968e-01
4.017380803300868997e-01 3.183536208342627738e-01
4.040601307168905088e-01 3.274296306323758454e-01
4.063956025796829352e-01 3.338450075446517396e-01
4.087445734947380283e-01 3.366406148889556360e-01
4.111071214867221824e-01 3.481604804123379360e-01
4.134833250312844322e-01 3.764723956095161750e-01
4.158732630576643108e-01 4.023670409596079023e-01
4.182770149513134750e-01 3.889452626123758305e-01
4.206946605565314856e-01 3.601404861350387399e-01
4.231262801791195738e-01 3.506329670833426282e-01
4.255719545890473410e-01 3.555268137365387160e-01
4.280317650231349469e-01 3.453301069196411666e-01
4.305057931877529498e-01 3.285135164352149251e-01
4.329941212615355806e-01 3.183372602938425722e-01
4.354968318981098929e-01 3.141101056627701449e-01
4.380140082288422887e-01 3.087704342831231741e-01
4.405457338655994204e-01 2.982219758471910120e-01
4.430920929035247480e-01 2.917002554221836963e-01
4.456531699238333033e-01 2.840067112895786061e-01
4.482290499966203323e-01 2.737302468381324627e-01
4.508198186836865351e-01 2.650796110909449110e-01
4.534255620413813470e-01 2.591959517423259030e-01
4.560463666234608748e-01 2.533204726639170512e-01
4.586823194839622087e-01 2.482487051336510486e-01
4.613335081800964965e-01 2.485943215500280856e-01
4.640000207751556194e-01 2.550505998133545393e-01
4.666819458414390720e-01 2.525883384801124731e-01
4.693793724631949438e-01 2.314873314731430987e-01
4.720923902395786631e-01 2.089772729224828041e-01
4.748210892876304490e-01 1.974674282301078776e-01
4.775655602452679171e-01 1.993572751553977229e-01
4.803258942742961168e-01 2.080385869158730971e-01
4.831021830634371073e-01 2.186933888645366530e-01
4.858945188313745223e-01 2.311683009349489448e-01
4.887029943298164536e-01 2.463754232555367130e-01
4.915277028465775411e-01 2.608933578109229878e-01
4.943687382086768833e-01 2.735727766365879110e-01
4.972261947854541564e-01 2.846734033117022666e-01
5.001001674917054940e-01 2.900355704344270147e-01
5.029907517908354109e-01 2.950971126269303357e-01
5.058980436980275996e-01 3.059012045069283703e-01
5.088221397834349347e-01 3.032978335125620095e-01
5.117631371753864622e-01 2.820843477902035823e-01
5.147211335636141527e-01 2.649916731861863273e-01
5.176962272024980827e-01 2.572081460812700726e-01
5.206885169143288250e-01 2.586826397866417437e-01
5.236981020925914887e-01 2.709182789534083646e-01
5.267250827052667450e-01 2.798388636175294097e-01
5.297695592981502832e-01 2.833625150105327228e-01
5.328316329981945820e-01 2.870477267401856381e-01
5.359114055168668900e-01 2.696442018681843300e-01
5.390089791535270791e-01 2.421135024760713017e-01
5.421244567988269258e-01 2.202578655422195442e-01
5.452579419381275994e-01 2.092001852857082178e-01
5.484095386549359130e-01 2.065722734807115268e-01
5.515793516343632241e-01 2.059771588229263040e-01
5.547674861666017643e-01 2.063411808472760123e-01
5.579740481504216199e-01 2.094496835271164592e-01
5.611991440966896949e-01 2.078668012414608690e-01
5.644428811319066597e-01 1.950830839706171049e-01
5.677053670017649933e-01 1.846456727027871170e-01
5.709867100747291202e-01 1.842415673544078869e-01
5.742870193456336425e-01 1.956986493039276076e-01
5.776064044393048880e-01 2.048932730200871966e-01
5.809449756142023302e-01 2.046355945084688266e-01
5.843028437660793273e-01 2.013888452620776204e-01
5.876801204316687288e-01 1.932181868694681226e-01
5.910769177923870243e-01 1.841824649021398530e-01
5.944933486780595855e-01 1.785497353422158540e-01
5.979295265706701112e-01 1.796209417262292773e-01
6.013855656081297241e-01 1.792745072828312858e-01
6.048615805880666052e-01 1.695046060641459684e-01
6.083576869716416091e-01 1.568930834812249653e-01
6.118740008873820857e-01 1.482786454297171652e-01
6.154106391350390171e-01 1.456323280167477474e-01
6.189677191894675801e-01 1.460728355675619816e-01
6.225453592045292472e-01 1.454259807006978156e-01
6.261436780170150929e-01 1.405834652430700826e-01
6.297627951505950783e-01 1.343797528224806581e-01
6.334028308197864332e-01 1.310996689749832356e-01
6.370639059339481269e-01 1.315346548434056517e-01
6.407461421012968783e-01 1.334883078763343112e-01
6.444496616329448146e-01 1.390856577675995964e-01
6.481745875469649976e-01 1.481935706195320612e-01
6.519210435724759334e-01 1.519344081866137175e-01
6.556891541537508417e-01 1.473287115515685697e-01
6.594790444543533470e-01 1.405630145675448306e-01
6.632908403612935988e-01 1.391836165033656370e-01
6.671246684892090384e-01 1.438257153408457611e-01
6.709806561845721440e-01 1.479587968645020013e-01
6.748589315299192704e-01 1.451363991352600524e-01
6.787596233481042463e-01 1.386064984400426359e-01
6.826828612065795054e-01 1.364254338952730072e-01
6.866287754216984229e-01 1.421236056168778683e-01
6.905974970630435195e-01 1.517374681813054016e-01
6.945891579577818664e-01 1.572802147689182084e-01
6.986038906950429173e-01 1.632651049613873251e-01
7.026418286303216520e-01 1.751491970158746136e-01
7.067031058899108098e-01 1.955608117508873256e-01
7.107878573753529938e-01 2.093597005548052947e-01
7.148962187679240854e-01 1.978735786460396606e-01
7.190283265331394169e-01 1.771134844000764319e-01
7.231843179252852583e-01 1.626403368240904312e-01
7.273643309919801681e-01 1.544641567490891154e-01
7.315685045787596597e-01 1.494347221171604401e-01
7.357969783336865133e-01 1.482686245987097917e-01
7.400498927119919523e-01 1.525131623039787387e-01
7.443273889807401344e-01 1.585794461850383863e-01
7.486296092235191768e-01 1.628340047213147068e-01
7.529566963451627126e-01 1.669476581032219575e-01
7.573087940764960946e-01 1.718251442159978992e-01
7.616860469791092436e-01 1.789896293727643029e-01
7.660886004501606950e-01 1.869752091518701864e-01
7.705166007272060691e-01 1.877617421325719071e-01
7.749701948930545203e-01 1.881625753728671246e-01
7.794495308806568268e-01 1.908947856230426565e-01
7.839547574780165728e-01 1.929087681487708372e-01
7.884860243331343055e-01 1.957732942695948608e-01
7.930434819589780027e-01 1.919911463379521677e-01
7.976272817384808533e-01 1.792051794928006259e-01
8.022375759295721220e-01 1.703279502607931706e-01
8.068745176702336597e-01 1.758232512811873927e-01
8.115382609835852801e-01 1.934339414962596704e-01
8.162289607830032212e-01 2.160552517217773638e-01
8.209467728772645856e-01 2.344322287487813905e-01
8.256918539757219788e-01 2.365938651518020019e-01
8.304643616935105666e-01 2.209654589153937643e-01
8.352644545567829981e-01 2.073800751639595374e-01
8.400922920079733069e-01 1.992018500214056964e-01
8.449480344110958940e-01 1.896939219561990242e-01
8.498318430570707127e-01 1.778225093205373919e-01
8.547438801690798726e-01 1.695127863343560692e-01
8.596843089079587719e-01 1.618431694921155517e-01
8.646532933776126528e-01 1.577387189141946922e-01
8.696509986304700179e-01 1.641682067925830657e-01
8.746775906729644667e-01 1.726973655271504815e-01
8.797332364710471753e-01 1.743563243257600648e-01
8.848181039557355687e-01 1.741268677463665704e-01
8.899323620286901937e-01 1.773116514459162629e-01
8.950761805678236760e-01 1.828525574727317971e-01
9.002497304329459826e-01 1.831149396397209750e-01
9.054531834714387717e-01 1.855117588112821514e-01
9.106867125239620497e-01 1.924289953009480914e-01
9.159504914301977996e-01 1.941975697203731088e-01
9.212446950346235841e-01 1.937777173518393792e-01
9.265694991923183466e-01 1.947223340543514369e-01
9.319250807748065135e-01 1.985623573977306211e-01
9.373116176759319629e-01 1.920617011685143427e-01
9.427292888177655206e-01 1.810449222630535482e-01
9.481782741565508710e-01 1.717752445677162287e-01
9.536587546886805544e-01 1.644459269662161827e-01
9.591709124567069367e-01 1.573295008969341213e-01
9.647149305553922582e-01 1.508879471199858491e-01
9.702909931377862174e-01 1.483606526385734814e-01
9.758992854213467405e-01 1.444359634985196983e-01
9.815399936940907288e-01 1.353497283626440006e-01
9.872133053207802211e-01 1.350427637230097733e-01
9.929194087491489684e-01 1.396069454867386317e-01
9.986584935161608723e-01 1.412378868598785919e-01
1.004430750254303728e+00 1.400312970038878890e-01
1.010236370697924935e+00 1.399294526397720784e-01
1.016075547689597958e+00 1.388699031408080486e-01
1.021948475186527761e+00 1.364364772600566433e-01
1.027855348266994762e+00 1.370373181069889645e-01
1.033796363136834096e+00 1.442318657567775164e-01
1.039771717135951290e+00 1.542995288111107255e-01
1.045781608744880131e+00 1.616595224258986774e-01
1.051826237591374280e+00 1.672112673107426506e-01
1.057905804457035748e+00 1.725540062917183814e-01
1.064020511283988890e+00 1.740892385034000789e-01
1.070170561181583713e+00 1.676276430644370319e-01
1.076356158433145582e+00 1.572474936880778051e-01
1.082577508502760022e+00 1.424264801214070730e-01
1.088834818042095476e+00 1.336764540911667687e-01
1.095128294897270704e+00 1.365096906784371011e-01
1.101458148115757263e+00 1.335615212947147690e-01
1.107824587953321727e+00 1.313687998648957467e-01
1.114227825881013212e+00 1.321080917851341074e-01
1.120668074592185315e+00 1.350613738377377804e-01
1.127145548009560017e+00 1.463583269978946944e-01
1.133660461292336441e+00 1.604361630159772678e-01
1.140213030843336250e+00 1.687532482453477090e-01
1.146803474316190341e+00 1.688497754338269541e-01
1.153432010622570836e+00 1.634984471691305896e-01
1.160098859939462601e+00 1.613421279417465437e-01
1.166804243716473621e+00 1.631720543877473451e-01
1.173548384683194445e+00 1.533645239260955639e-01
1.180331506856595603e+00 1.370598138500667695e-01
1.187153835548465874e+00 1.319549162254498587e-01
1.194015597372901416e+00 1.417164326671698227e-01
1.200917020253827294e+00 1.555907844637759996e-01
1.207858333432573428e+00 1.615748566292240784e-01
1.214839767475487387e+00 1.603676532529676180e-01
1.221861554281590267e+00 1.522669361706545377e-01
1.228923927090283863e+00 1.398748493361195999e-01
1.236027120489096909e+00 1.375156594075249428e-01
1.243171370421473965e+00 1.330991315210885151e-01
1.250356914194617142e+00 1.183413105417908257e-01
1.257583990487367132e+00 1.091158063055880922e-01
1.264852839358128644e+00 1.091231685487771691e-01
1.272163702252848472e+00 1.128480545889491288e-01
1.279516822013033517e+00 1.193988149732023163e-01
1.286912442883815677e+00 1.192671126228196099e-01
1.294350810522067352e+00 1.200174479078416206e-01
1.301832172004561583e+00 1.271034024705910148e-01
1.309356775836174380e+00 1.295695494321828511e-01
1.316924871958146337e+00 1.329944240623991136e-01
1.324536711756377994e+00 1.374416279621234749e-01
1.332192548069784932e+00 1.340527465208316560e-01
1.339892635198694837e+00 1.362379012007063350e-01
1.347637228913291185e+00 1.366602076503030672e-01
1.355426586462114891e+00 1.341580674997867872e-01
1.363260966580605249e+00 1.415898429856684015e-01
1.371140629499693731e+00 1.558429412930025515e-01
1.379065836954451285e+00 1.487420577371196817e-01
1.387036852192779834e+00 1.274833760218504475e-01
1.395053939984155722e+00 1.133601395041017867e-01
1.403117366628427343e+00 1.077863078896905552e-01
1.411227399964658957e+00 1.098651190568338404e-01
1.419384309380025577e+00 1.146417833392702063e-01
1.427588365818764915e+00 1.200830945762777352e-01
1.435839841791175742e+00 1.271195585042559917e-01
1.444139011382666204e+00 1.312636833926958679e-01
1.452486150262864761e+00 1.381991209835793377e-01
1.460881535694769973e+00 1.341889480198299178e-01
1.469325446543965796e+00 1.192202805758667411e-01
1.477818163287882181e+00 1.097612296251654768e-01
1.486359968025109168e+00 1.054663832581043820e-01
1.494951144484772509e+00 1.030507494650599598e-01
1.503591978035954568e+00 1.030511584785704787e-01
1.512282755697172298e+00 1.018864925074065703e-01
1.521023766145914724e+00 9.503592521995297970e-02
1.529815299728230382e+00 8.573311743026473808e-02
1.538657648468367833e+00 8.198614466052550620e-02
1.547551106078482119e+00 8.561552604599445560e-02
1.556495967968387184e+00 9.465329308087525040e-02
1.565492531255366693e+00 9.766301899792863284e-02
1.574541094774047689e+00 9.330600257727073021e-02
1.583641959086324214e+00 9.032695267350523971e-02
1.592795426491339539e+00 9.091511410161187690e-02
1.602001801035530804e+00 9.333299746896407678e-02
1.611261388522727822e+00 9.346101869775223780e-02
1.620574496524306296e+00 9.765361168718701690e-02
1.629941434389411858e+00 1.026740480218845536e-01
1.639362513255227638e+00 1.019934495404037078e-01
1.648838046057315765e+00 1.008214213260507086e-01
1.658368347540009280e+00 9.834095889159120973e-02
1.667953734266863997e+00 9.547950037209598784e-02
1.677594524631179640e+00 1.033755061924011842e-01
1.687291038866571835e+00 1.131047105667912223e-01
1.697043599057607821e+00 1.125619496383506446e-01
1.706852529150509445e+00 1.131374316476316255e-01
1.716718154963911225e+00 1.255475150766287851e-01
1.726640804199680579e+00 1.217009475170815203e-01
1.736620806453807120e+00 1.072883339406503211e-01
1.746658493227349673e+00 9.746260237778103797e-02
1.756754197937443251e+00 9.316264334183861628e-02
1.766908255928380411e+00 8.770967521978169368e-02
1.777121004482747679e+00 8.339642324474785817e-02
1.787392782832625482e+00 8.052535290775575394e-02
1.797723932170862682e+00 9.000751312180058084e-02
1.808114795662403074e+00 1.151370987004921576e-01
1.818565718455690483e+00 1.256720596905776532e-01
1.829077047694130043e+00 1.163678203536026579e-01
1.839649132527616748e+00 1.077938746396348985e-01
1.850282324124138622e+00 1.041180702207235853e-01
1.860976975681438272e+00 9.990625359629505542e-02
1.871733442438742401e+00 9.676666588965623927e-02
1.882552081688566581e+00 9.894813944793634519e-02
1.893433252788581767e+00 1.072468190693340317e-01
1.904377317173546302e+00 1.124302472879679382e-01
1.915384638367318981e+00 1.059426794910878072e-01
1.926455581994929611e+00 1.052510376448233115e-01
1.937590515794722412e+00 1.153369018003739949e-01
1.948789809630575354e+00 1.224506692818377596e-01
1.960053835504184105e+00 1.288811796940023957e-01
1.971382967567415045e+00 1.337202185367908081e-01
1.982777582134739092e+00 1.335578401731202236e-01
1.994238057695728816e+00 1.231639888441590502e-01
2.005764774927627947e+00 1.158872294787589019e-01
2.017358116708002580e+00 1.128907965007969333e-01
2.029018468127450348e+00 1.002285562425732635e-01
2.040746216502401289e+00 9.249881441428847717e-02
2.052541751387976898e+00 9.239819709070416776e-02
2.064405464590929995e+00 9.139447793592411773e-02
2.076337750182662312e+00 7.928317887635111250e-02
2.088339004512313135e+00 7.129085037432190963e-02
2.100409626219920778e+00 7.602784034623925880e-02
2.112550016249669760e+00 8.250068365674120829e-02
2.124760577863207711e+00 8.430197915700662903e-02
2.137041716653034662e+00 8.912118084453554689e-02
2.149393840555982482e+00 9.764522691022164969e-02
2.161817359866763155e+00 1.091961774604023883e-01
2.174312687251592546e+00 1.226077304698718062e-01
2.186880237761905654e+00 1.126155304082268466e-01
2.199520428848138476e+00 9.355202420383967876e-02
2.212233680373592026e+00 9.045885953064319862e-02
2.225020414628386511e+00 9.751802370845451262e-02
2.237881056343477670e+00 1.007451403063414630e-01
2.250816032704775704e+00 1.038207173985862264e-01
2.263825773367328598e+00 1.037926999731166033e-01
2.276910710469592924e+00 9.621981482611062508e-02
2.290071278647793029e+00 9.540874103477856027e-02
2.303307915050354371e+00 9.461280074333522361e-02
2.316621059352423018e+00 8.834507770835170470e-02
2.330011153770474852e+00 8.922977393157471848e-02
2.343478643077001600e+00 9.029259553862278853e-02
2.357023974615280792e+00 8.445576823695662150e-02
2.370647598314243876e+00 8.236775426582697290e-02
2.384349966703414481e+00 9.526190518450715350e-02
2.398131534927939956e+00 9.699162332043416435e-02
2.411992760763713051e+00 8.949358764585065018e-02
2.425934104632577970e+00 9.770412485573441719e-02
2.439956029617617261e+00 9.987353251545463828e-02
2.454059001478542612e+00 8.967130401616520141e-02
2.468243488667162033e+00 9.306979727495390264e-02
2.482509962342935861e+00 9.853626284285749160e-02
2.496858896388636673e+00 9.755790252572878185e-02
2.511290767426078485e+00 9.313462591636899324e-02
2.525806054831960523e+00 9.063493984691574357e-02
2.540405240753779381e+00 9.274156393277338539e-02
2.555088810125852206e+00 9.550506371650256676e-02
2.569857250685421590e+00 8.685115586123103026e-02
2.584711052988855506e+00 8.005907750577968829e-02
2.599650710427946265e+00 7.877457057603774737e-02
2.614676719246288084e+00 8.722233562201460455e-02
2.629789578555775442e+00 9.097114895255110911e-02
2.644989790353173831e+00 9.073923829209458447e-02
2.660277859536794409e+00 9.220698327454293630e-02
2.675654293923265481e+00 9.372769550660171867e-02
2.691119604264405218e+00 9.776547688231022881e-02
2.706674304264172548e+00 1.018916051762878833e-01
2.722318910595750374e+00 1.039094733303658896e-01
2.738053942918694972e+00 1.133904065038791875e-01
2.753879923896200843e+00 1.231089765269960667e-01
2.769797379212459720e+00 1.316835357612295976e-01
2.785806837590128815e+00 1.168510698162646827e-01
2.801908830807877226e+00 1.068836150720053058e-01
2.818103893718070019e+00 1.003195617486606905e-01
2.834392564264522019e+00 9.071387945444327194e-02
2.850775383500368410e+00 9.546579841949406897e-02
2.867252895606037466e+00 1.005801033548525680e-01
2.883825647907329426e+00 8.787205358345230588e-02
2.900494190893583735e+00 8.413591967174147146e-02
2.917259078235983960e+00 9.098157879706898765e-02
2.934120866805935979e+00 8.451916533108495833e-02
2.951080116693567401e+00 8.598179764465196939e-02
2.968137391226336685e+00 9.561079370896820306e-02
2.985293256987731514e+00 9.590078428791647125e-02
3.002548283836107057e+00 9.406063250415304389e-02
3.019903044923603730e+00 9.856366674806135708e-02
3.037358116715186629e+00 1.112561740060624277e-01
3.054914079007794214e+00 1.191045297523937452e-01
3.072571514949601568e+00 1.279496514238265270e-01
3.090331011059376021e+00 1.255485376104050477e-01
3.108193157245980220e+00 1.245047351315954898e-01
3.126158546827951579e+00 1.305485232695773323e-01
3.144227776553216724e+00 1.281300263819593610e-01
3.162401446618910317e+00 1.251094616068776089e-01
3.180680160691316427e+00 1.237750550288539975e-01
3.199064525925907621e+00 1.184104338250662192e-01
3.217555152987530587e+00 1.153849608878583788e-01
3.236152656070678812e+00 1.166588334663271748e-01
3.254857652919894928e+00 1.152303537808873624e-01
3.273670764850296955e+00 1.070343365506265243e-01
3.292592616768199143e+00 1.007095561309275106e-01
3.311623837191892683e+00 1.011606980330148758e-01
3.330765058272506351e+00 1.040722607075469791e-01
3.350016915815009710e+00 9.712312116406161822e-02
3.369380049299332214e+00 8.965657952978701994e-02
3.388855101901607103e+00 9.191044847942657359e-02
3.408442720515521884e+00 9.059322046884418778e-02
3.428143555773827789e+00 8.945329981506587591e-02
3.447958262069935831e+00 8.592617180722325609e-02
3.467887497579658529e+00 7.817372972910542617e-02
3.487931924283071528e+00 7.837169226818999079e-02
3.508092207986506228e+00 8.250477379184624482e-02
3.528369018344649444e+00 8.821255733094797435e-02
3.548763028882812254e+00 1.029491096076993878e-01
3.569274917019284565e+00 1.124294292609469281e-01
3.589905364087840223e+00 1.208444732260833682e-01
3.610655055360374899e+00 1.291908029214549336e-01
3.631524680069651456e+00 1.343091979919184831e-01
3.652514931432215839e+00 1.063529200421246546e-01
3.673626506671410219e+00 8.898784244011082034e-02
3.694860107040534913e+00 9.142658549649877731e-02
3.716216437846141751e+00 8.872566477987690881e-02
3.737696208471465109e+00 9.580446160619246476e-02
3.759300132399972405e+00 1.001195541420235868e-01
3.781028927239082016e+00 1.033456482061343024e-01
3.802883314743989107e+00 1.191433860358917518e-01
3.824864020841640233e+00 1.250458600059940195e-01
3.846971775654848713e+00 1.345038884229190213e-01
3.869207313526548564e+00 1.375964395758497438e-01
3.891571373044171445e+00 1.408509600789405736e-01
3.914064697064205678e+00 1.498216488980984862e-01
3.936688032736852527e+00 1.518538325250441690e-01
3.959442131530850340e+00 1.649099527938844567e-01
3.982327749258438132e+00 1.741876062526766245e-01
4.005345646100446189e+00 1.733910524409675025e-01
4.028496586631570509e+00 1.595985033464623615e-01
4.051781339845751617e+00 1.511112684967217401e-01
4.075200679181723906e+00 1.601345155519795782e-01
4.098755382548707082e+00 1.487725292436523350e-01
4.122446232352245943e+00 1.356485127320681550e-01
4.146274015520188705e+00 1.432856130002234940e-01
4.170239523528843861e+00 1.259305562292170333e-01
4.194343552429258715e+00 1.205033559583219283e-01
4.218586902873665778e+00 1.222281659321228647e-01
4.242970380142073950e+00 1.158358982831904915e-01
4.267494794169023997e+00 1.251063940055488211e-01
4.292160959570472833e+00 1.233997851329653589e-01
4.316969695670882068e+00 1.072277999410955335e-01
4.341921826530410478e+00 1.025987895359515983e-01
4.367018180972294772e+00 1.049109429108381480e-01
4.392259592610382235e+00 1.059017781400372754e-01
4.417646899876805477e+00 1.053747642317511835e-01
4.443180946049855251e+00 1.012905598226003234e-01
4.468862579281975833e+00 1.039638721272630878e-01
4.494692652627942486e+00 1.064054782782245800e-01
4.520672024073195239e+00 1.063838005621678129e-01
4.546801556562344082e+00 1.281940369963534554e-01
4.573082118027814502e+00 1.325839790046070554e-01
4.599514581418703507e+00 1.240484805606267837e-01
4.626099824729760002e+00 1.172555841781544594e-01
4.652838731030551678e+00 1.162759968204942068e-01
4.679732188494796219e+00 1.097197147538491874e-01
4.706781090429870140e+00 1.020599142358608186e-01
4.733986335306464177e+00 1.056201723380543744e-01
4.761348826788450062e+00 1.127292361641473173e-01
4.788869473762884077e+00 1.107993059148279918e-01
4.816549190370198019e+00 9.067400063716900271e-02
4.844388896034566017e+00 9.052143859775051149e-02
4.872389515494448098e+00 9.556477968903634435e-02
4.900551978833287414e+00 8.394961401770628662e-02
4.928877221510434836e+00 8.734667572920822021e-02
4.957366184392200559e+00 9.873238482114479742e-02
4.986019813783113541e+00 9.666809363362445506e-02
5.014839061457356806e+00 8.201027645764531748e-02
5.043824884690362609e+00 8.079284774362624488e-02
5.072978246290641202e+00 8.146853806298103018e-02
5.102300114631742822e+00 9.059015286751539997e-02
5.131791463684423960e+00 1.061735676177680693e-01
5.161453273049005475e+00 1.063862546432308431e-01
5.191286527987911903e+00 1.025914272927624937e-01
5.221292219458380401e+00 1.008312376503028435e-01
5.251471344145405951e+00 9.979172981335357462e-02
5.281824904494829553e+00 1.009091547240541092e-01
5.312353908746639597e+00 1.177304488638511171e-01
5.343059370968462396e+00 1.340946704056584504e-01
5.373942311089249912e+00 1.281153018955811795e-01
5.405003754933139781e+00 1.106506295037592985e-01
5.436244734253559585e+00 1.074807747973430677e-01
5.467666286767478567e+00 1.075644180602414179e-01
5.499269456189878724e+00 1.029536087563149432e-01
5.531055292268432844e+00 1.075807786006616334e-01
5.563024850818350409e+00 1.091338029000503279e-01
5.595179193757479297e+00 1.056109695340680110e-01
5.627519389141558470e+00 1.000236404738100854e-01
5.660046511199702479e+00 1.020991795328693441e-01
5.692761640370078702e+00 1.068985440651387536e-01
5.725665863335805739e+00 1.029325445605239198e-01
5.758760273061025892e+00 1.017913968662140789e-01
5.792045968827241431e+00 9.886674575934578657e-02
5.825524056269808071e+00 9.439213795441760146e-02
5.859195647414667363e+00 9.785361929382412061e-02
5.893061860715279821e+00 9.478785852583149207e-02
5.927123821089786304e+00 9.437168727889233555e-02
5.961382659958350594e+00 9.200697566790583259e-02
5.995839515280771082e+00 9.177874612904385332e-02
6.030495531594262104e+00 1.005596526793273160e-01
6.065351860051475086e+00 1.037131468453233174e-01
6.100409658458743500e+00 1.018977403789454589e-01
6.135670091314512575e+00 8.928417272847191666e-02
6.171134329848062094e+00 8.559589339749019976e-02
6.206803552058381079e+00 8.920850522902844248e-02
6.242678942753306259e+00 9.212129494409207475e-02
6.278761693588877257e+00 8.917557964143275895e-02
6.315053003108923591e+00 7.097263786314876588e-02
6.351554076784851510e+00 7.432961625062117772e-02
6.388266127055725718e+00 7.250377993972544066e-02
6.425190373368511843e+00 7.426703718351386485e-02
6.462328042218596025e+00 8.157508608246766268e-02
6.499680367190518560e+00 7.347886814877012396e-02
6.537248588998957999e+00 6.675877617116772467e-02
6.575033955529916874e+00 6.655058829432050627e-02
6.613037721882214726e+00 5.729727113940342315e-02
6.651261150409145451e+00 5.665696048870734469e-02
6.689705510760421525e+00 6.821159216048261476e-02
6.728372079924347382e+00 6.712054862120968302e-02
6.767262142270216607e+00 6.722014341101771595e-02
6.806376989591010229e+00 6.578286993510203129e-02
6.845717921146279750e+00 8.409256423962789551e-02
6.885286243705309062e+00 1.009756194195112200e-01
6.925083271590525058e+00 8.392548222058648921e-02
6.965110326721157818e+00 7.568733659874359032e-02
7.005368738657123728e+00 6.567979853045469163e-02
7.045859844643230119e+00 6.811158835716406290e-02
7.086584989653569089e+00 7.486787803044618606e-02
7.127545526436194656e+00 8.322627362437763632e-02
7.168742815558059256e+00 8.623804460898355784e-02
7.210178225450215805e+00 7.347702758797285127e-02
7.251853132453240036e+00 7.180211726245355752e-02
7.293768920862992111e+00 7.179393699224345671e-02
7.335926982976571864e+00 7.307844392198541150e-02
7.378328719138569802e+00 8.993061858182557766e-02
7.420975537787583676e+00 8.326288033356786522e-02
7.463868855503007715e+00 7.812383008082376956e-02
7.507010097052058128e+00 7.802116768968693494e-02
7.550400695437144982e+00 7.061536456172237686e-02
7.594042091943437711e+00 7.724997271562916712e-02
7.637935736186750368e+00 8.282339531652989362e-02
7.682083086161699548e+00 7.470161403842577597e-02
7.726485608290103890e+00 6.794696041918567297e-02
7.771144777469737974e+00 7.549489574205082987e-02
7.816062077123293150e+00 7.323632313704045438e-02
7.861238999247660786e+00 6.818827839038381355e-02
7.906677044463489068e+00 7.134340861042184900e-02
7.952377722065040011e+00 9.798716220500409968e-02
7.998342550070284496e+00 4.737030873268406883e-01
