2.511886431509579437e-02 8.738269454946314685e-01
2.526405161860213050e-02 8.727995709382546652e-01
2.541007810627042562e-02 8.722981251044714668e-01
2.555694862859406516e-02 8.717404593037902938e-01
2.570466806410236227e-02 8.714131140126587516e-01
2.585324131952258450e-02 8.713568940457607770e-01
2.600267332994290678e-02 8.715899348762894405e-01
2.615296905897638788e-02 8.721575751872266968e-01
2.630413349892583852e-02 8.730706962624883438e-01
2.645617167094958117e-02 8.743474335752672300e-01
2.660908862522835469e-02 8.760013887304581859e-01
2.676288944113292337e-02 8.777605296301677074e-01
2.691757922739292791e-02 8.790653769263957473e-01
2.707316312226650673e-02 8.799005154669279349e-01
2.722964629371095457e-02 8.805769686170225041e-01
2.738703393955444973e-02 8.812044559894962603e-01
2.754533128766867636e-02 8.819126462176782866e-01
2.770454359614242176e-02 8.827704540997016736e-01
2.786467615345633933e-02 8.838368199234432065e-01
2.802573427865854422e-02 8.842684441854337107e-01
2.818772332154127064e-02 8.835031272166941063e-01
2.835064866281864979e-02 8.821583818794418441e-01
2.851451571430539678e-02 8.807265862708637538e-01
2.867932991909653145e-02 8.795024418303442060e-01
2.884509675174826843e-02 8.786754642527487835e-01
2.901182171845980567e-02 8.783562799245540065e-01
2.917951035725619563e-02 8.780797139583624844e-01
2.934816823817239240e-02 8.763640981943158215e-01
2.951780096343814899e-02 8.730743233571268691e-01
2.968841416766421215e-02 8.691117224644819839e-01
2.986001351802944001e-02 8.647456072932954152e-01
3.003260471446899879e-02 8.603178315132530285e-01
3.020619348986378766e-02 8.559916143830909041e-01
3.038078561023081769e-02 8.514133141755475531e-01
3.055638687491469066e-02 8.448038409704015095e-01
3.073300311678033025e-02 8.362266689238275763e-01
3.091064020240668481e-02 8.270936446238917883e-01
3.108930403228154019e-02 8.178490871638196547e-01
3.126900054099761295e-02 8.089318749948791742e-01
3.144973569744963920e-02 8.005297102646166119e-01
3.163151550503255638e-02 7.927477787175505330e-01
3.181434600184106232e-02 7.856413935469194199e-01
3.199823326087009728e-02 7.793556385382661711e-01
3.218318339021652985e-02 7.740056739463657687e-01
3.236920253328214730e-02 7.696758297215650080e-01
3.255629686897762443e-02 7.664032835839093005e-01
3.274447261192782455e-02 7.642152387431879745e-01
3.293373601267822470e-02 7.638897069993757505e-01
3.312409335790250653e-02 7.658701006720385340e-01
3.331555097061136145e-02 7.697991509392766440e-01
3.350811521036261426e-02 7.756442139493426868e-01
3.370179247347232510e-02 7.833445358670407810e-01
3.389658919322740410e-02 7.929191589392232675e-01
3.409251184009919750e-02 8.035084617365475523e-01
3.428956692195841288e-02 8.137441228066106813e-01
3.448776098429136294e-02 8.242518159745669815e-01
3.468710061041735404e-02 8.365911919350045300e-01
3.488759242170727526e-02 8.521360127822840136e-01
3.508924307780367929e-02 8.720614571793043890e-01
3.529205927684192501e-02 8.934921458513340742e-01
3.549604775567258980e-02 9.059421481982481428e-01
3.570121529008542238e-02 9.069006079564919665e-01
3.590756869503420462e-02 9.036298753661554661e-01
3.611511482486330638e-02 9.025009421598985115e-01
3.632386057353523962e-02 9.071817077909816174e-01
3.653381287485973905e-02 9.201123001775071142e-01
3.674497870272393912e-02 9.406507235684469226e-01
3.695736507132423021e-02 9.673370723717739095e-01
3.717097903539903075e-02 1.000443378685381468e+00
3.738582769046329413e-02 1.041239125632771545e+00
3.760191817304411876e-02 1.091256760698742223e+00
3.781925766091774610e-02 1.137402472238032702e+00
3.803785337334809891e-02 1.166636855024959951e+00
3.825771257132654091e-02 1.186041811341344454e+00
3.847884255781295476e-02 1.201520437711470102e+00
3.870125067797849233e-02 1.219927943002246051e+00
3.892494431944945599e-02 1.239487050840770044e+00
3.914993091255265789e-02 1.247321575260095461e+00
3.937621793056233360e-02 1.243576600045765312e+00
3.960381288994833243e-02 1.238643751337301202e+00
3.983272335062570252e-02 1.238199432244075471e+00
4.006295691620595512e-02 1.245698450409332469e+00
4.029452123424955012e-02 1.247312507523499203e+00
4.052742399651988042e-02 1.232396080822353079e+00
4.076167293923887297e-02 1.210189193897668103e+00
4.099727584334383890e-02 1.184890208793596411e+00
4.123424053474603751e-02 1.161060197018148443e+00
4.147257488459059338e-02 1.137601962443154369e+00
4.171228680951784978e-02 1.112402722441643732e+00
4.195338427192649156e-02 1.087575259640587211e+00
4.219587528023795858e-02 1.064615750578397524e+00
4.243976788916238585e-02 1.044657662329629977e+00
4.268507019996626434e-02 1.031010718751985689e+00
4.293179036074151744e-02 1.025814905682224776e+00
4.317993656667604152e-02 1.029378526164626217e+00
4.342951706032609216e-02 1.045709519774816965e+00
4.368054013188996804e-02 1.080366409046416232e+00
4.393301411948334623e-02 1.128615835476081131e+00
4.418694740941636612e-02 1.153978294736327737e+00
4.444234843647213579e-02 1.123701122240809758e+00
4.469922568418681352e-02 1.055176236781501853e+00
4.495758768513159753e-02 9.968978936761730969e-01
4.521744302119593689e-02 9.674549529475278131e-01
4.547880032387276866e-02 9.513053140692655507e-01
4.574166827454511502e-02 9.393721727083486073e-01
4.600605560477452616e-02 9.301502845897676730e-01
4.627197109659098723e-02 9.227147405806856995e-01
4.653942358278480296e-02 9.164307991193518799e-01
4.680842194719982141e-02 9.109357507419084676e-01
4.707897512502866311e-02 9.061624941975415792e-01
4.735109210310945588e-02 9.021191904491883129e-01
4.762478192022426976e-02 8.987958649865925853e-01
4.790005366739954334e-02 8.962668732498451085e-01
4.817691648820784933e-02 8.946337738888260338e-01
4.845537957907175564e-02 8.939790833065629494e-01
4.873545218956924774e-02 8.946981548186606625e-01
4.901714362274099679e-02 8.972625107281343437e-01
4.930046323539925834e-02 9.017655487219271571e-01
4.958542043843887359e-02 9.083423780753261401e-01
4.987202469714965836e-02 9.174010469351709940e-01
5.016028553153097091e-02 9.298329138088923251e-01
5.045021251660784106e-02 9.466172942489053943e-01
5.074181528274907677e-02 9.686700296514508812e-01
5.103510351598705003e-02 9.947851110492020865e-01
5.133008695833959217e-02 1.008767560880914793e+00
5.162677540813340182e-02 1.000207617533874105e+00
5.192517872032970105e-02 9.788984365322367376e-01
5.222530680685147364e-02 9.539349576822334642e-01
5.252716963691266006e-02 9.347022883611812993e-01
5.283077723734942721e-02 9.218442378674274185e-01
5.313613969295318679e-02 9.140459843944876983e-01
5.344326714680543849e-02 9.111533764202228713e-01
5.375216980061491706e-02 9.115523568304664259e-01
5.406285791505632127e-02 9.155693641426899676e-01
5.437534181011107609e-02 9.254804002426003651e-01
5.468963186541032917e-02 9.400341174798888533e-01
5.500573852057948770e-02 9.422194419996312575e-01
5.532367227558519784e-02 9.219258474967954031e-01
5.564344369108398941e-02 8.925400335087076975e-01
5.596506338877313413e-02 8.654066452911759466e-01
5.628854205174332881e-02 8.420399948558060510e-01
5.661389042483377931e-02 8.202819608926449346e-01
5.694111931498885282e-02 8.015244409692462435e-01
5.727023959161724881e-02 7.887144494794534610e-01
5.760126218695296035e-02 7.822301110393381496e-01
5.793419809641841417e-02 7.807067312911359913e-01
5.826905837898961604e-02 7.835703225082921719e-01
5.860585415756369709e-02 7.905098613255487905e-01
5.894459661932811845e-02 8.016713383021085715e-01
5.928529701613251268e-02 8.184838287255705724e-01
5.962796666486229469e-02 8.404377257992149408e-01
5.997261694781454155e-02 8.588089601436051934e-01
6.031925931307623168e-02 8.677207316705878304e-01
6.066790527490428103e-02 8.688832155022516712e-01
6.101856641410823012e-02 8.637517833623254981e-01
6.137125437843479747e-02 8.554820075863709405e-01
6.172598088295483398e-02 8.482595553873052419e-01
6.208275771045231733e-02 8.448763828631730144e-01
6.244159671181598315e-02 8.467597517542538865e-01
6.280250980643269088e-02 8.540728813192838276e-01
6.316550898258359303e-02 8.664711975675982725e-01
6.353060629784218483e-02 8.783880170026415746e-01
6.389781387947492119e-02 8.857265362301416367e-01
6.426714392484385308e-02 8.915969889026776896e-01
6.463860870181208085e-02 8.962224413405225354e-01
6.501222054915094251e-02 9.027049662333184177e-01
6.538799187695008841e-02 9.154877545133218719e-01
6.576593516702965159e-02 9.376130318086390858e-01
6.614606297335466623e-02 9.696221419940771469e-01
6.652838792245242827e-02 1.012331181363316235e+00
6.691292271383147972e-02 1.062620848527180417e+00
6.729968012040381253e-02 1.102509821814926072e+00
6.768867298890894613e-02 1.124453744378314246e+00
6.807991424034069705e-02 1.139497119391810864e+00
6.847341687037629410e-02 1.145608773857812235e+00
6.886919394980822728e-02 1.141863798643481864e+00
6.926725862497820629e-02 1.142625488517583054e+00
6.966762411821400547e-02 1.161894428785021027e+00
7.007030372826857090e-02 1.200459512529686412e+00
7.047531083076181979e-02 1.255591351036050130e+00
7.088265887862478520e-02 1.325993257970821348e+00
7.129236140254673060e-02 1.410504563049655324e+00
7.170443201142430445e-02 1.505616052209729272e+00
7.211888439281383123e-02 1.579989627773741745e+00
7.253573231338585059e-02 1.612633479520930946e+00
7.295498961938230720e-02 1.614138723795940145e+00
7.337667023707672431e-02 1.585820182405253798e+00
7.380078817323644513e-02 1.538404987742461483e+00
7.422735751558823258e-02 1.485431270546050841e+00
7.465639243328600627e-02 1.432657043554761644e+00
7.508790717738160481e-02 1.381560347833814317e+00
7.552191608129793510e-02 1.332830331364538212e+00
7.595843356130543844e-02 1.287165209864859161e+00
7.639747411700059665e-02 1.246024888926804630e+00
7.683905233178781047e-02 1.207867853328979058e+00
7.728318287336367887e-02 1.171542500523634622e+00
7.772988049420428980e-02 1.138327381370869862e+00
7.817916003205507836e-02 1.105964629458170423e+00
7.863103641042397396e-02 1.074925767088551476e+00
7.908552463907676799e-02 1.046271719443796488e+00
7.954263981453599253e-02 1.018198006941213984e+00
8.000239712058217212e-02 9.916748773966228558e-01
8.046481182875830918e-02 9.660494537750792254e-01
8.092989929887701994e-02 9.400613206896781815e-01
8.139767497953076525e-02 9.162403766508265823e-01
8.186815440860513438e-02 8.981946740502484428e-01
8.234135321379483508e-02 8.910293485917405443e-01
8.281728711312283386e-02 8.950590507351990910e-01
8.329597191546232737e-02 8.946736719298502560e-01
8.377742352106211376e-02 8.568702780592860613e-01
8.426165792207447602e-02 8.233577371461578975e-01
8.474869120308657633e-02 8.047471145556215344e-01
8.523853954165466762e-02 7.952949059274908583e-01
8.573121920884146929e-02 7.934867992501605238e-01
8.622674656975649887e-02 7.980660062313634784e-01
8.672513808409994251e-02 8.111026911360672553e-01
8.722641030670905127e-02 8.356300118557816736e-01
8.773057988810836760e-02 8.664648501519807144e-01
8.823766357506258873e-02 8.909767557194810950e-01
8.874767821113291322e-02 9.044586664910702067e-01
8.926064073723644077e-02 9.094939806230740720e-01
8.977656819220893036e-02 9.167844408466130357e-01
9.029547771337091688e-02 9.387827698295800882e-01
9.081738653709675591e-02 9.784087787560289406e-01
9.134231199938727674e-02 1.027438030532987767e+00
9.187027153644546085e-02 1.065513456501445244e+00
9.240128268525588107e-02 1.087266956596308010e+00
9.293536308416693037e-02 1.100143142563254850e+00
9.347253047347692245e-02 1.115911936504466517e+00
9.401280269602330097e-02 1.143822429748313274e+00
9.455619769777530437e-02 1.190122292809743243e+00
9.510273352842993355e-02 1.243631006465343969e+00
9.565242834201181932e-02 1.265357303350417739e+00
9.620530039747586526e-02 1.254829661161949161e+00
9.676136805931405405e-02 1.230120078936646211e+00
9.732064979816532069e-02 1.212465195783374972e+00
9.788316419142908953e-02 1.198446475005276346e+00
9.844892992388228070e-02 1.176176113924416233e+00
9.901796578830000806e-02 1.161259687223270110e+00
9.959029068607995472e-02 1.159627494635910638e+00
1.001659236278700377e-01 1.172957067432679468e+00
1.007448837341998471e-01 1.200804086520351088e+00
1.013271902361159299e-01 1.242987197166996793e+00
1.019128624758204177e-01 1.302788920020527819e+00
1.025019199073136378e-01 1.370207541615069635e+00
1.030943820970401520e-01 1.428612833032748997e+00
1.036902687245389171e-01 1.468066554963865400e+00
1.042895995830967204e-01 1.483889755324655724e+00
1.048923945804057928e-01 1.492195802046996089e+00
1.054986737392250712e-01 1.501136590331087373e+00
1.061084571980452224e-01 1.518238341551976012e+00
1.067217652117575799e-01 1.546547815206065879e+00
1.073386181523270227e-01 1.587452374992613269e+00
1.079590365094685589e-01 1.641124307906949964e+00
1.085830408913279893e-01 1.677830505649344772e+00
1.092106520251663743e-01 1.657364624151176580e+00
1.098418907580486492e-01 1.605125393619077467e+00
1.104767780575359459e-01 1.526036595024915510e+00
1.111153350123821049e-01 1.452207083656689379e+00
1.117575828332342536e-01 1.396603722847310713e+00
1.124035428533372433e-01 1.358346942146924308e+00
1.130532365292423180e-01 1.334770826996176663e+00
1.137066854415197809e-01 1.322121334444140928e+00
1.143639112954759340e-01 1.318176869024688891e+00
1.150249359218739331e-01 1.315846460719403366e+00
1.156897812776589568e-01 1.310759460488799766e+00
1.163584694466876512e-01 1.304013064461047477e+00
1.170310226404614878e-01 1.297756326209502653e+00
1.177074631988646730e-01 1.292678393715495755e+00
1.183878135909062629e-01 1.285270052916203110e+00
1.190720964154663303e-01 1.272801915096095859e+00
1.197603344020467531e-01 1.259608358348273782e+00
1.204525504115261381e-01 1.249107919369594422e+00
1.211487674369193246e-01 1.243567532309168833e+00
1.218490086041408849e-01 1.241608901204337423e+00
1.225532971727734816e-01 1.243458719470011520e+00
1.232616565368404721e-01 1.251927985451087855e+00
1.239741102255828148e-01 1.269220159140501680e+00
1.246906819042407494e-01 1.268394995110225576e+00
1.254113953748399735e-01 1.224969604549867475e+00
1.261362745769819826e-01 1.161314093642848766e+00
1.268653435886395453e-01 1.102518889551522552e+00
1.275986266269562852e-01 1.057551983769769555e+00
1.283361480490512463e-01 1.026576595556325744e+00
1.290779323528278288e-01 1.007697567962534624e+00
1.298240041777875831e-01 9.973784837157844141e-01
1.305743883058487209e-01 9.911308132008361804e-01
1.313291096621690413e-01 9.852911908327278701e-01
1.320881933159741561e-01 9.806575774319463701e-01
1.328516644813900749e-01 9.769579409005982873e-01
1.336195485182806453e-01 9.733036430522323812e-01
1.343918709330900185e-01 9.646530223392273395e-01
1.351686573796898327e-01 9.481860126800898403e-01
1.359499336602315311e-01 9.287538531539157871e-01
1.367357257260030934e-01 9.134293783059296290e-01
1.375260596782912625e-01 9.065868642702550328e-01
1.383209617692485738e-01 9.086144101732193112e-01
1.391204584027652402e-01 9.140006457115056326e-01
1.399245761353461737e-01 9.143724229119597480e-01
1.407333416769932510e-01 9.055186848991941817e-01
1.415467818920924381e-01 8.871637724806774594e-01
1.423649238003061035e-01 8.665881713696922395e-01
1.431877945774705507e-01 8.502172797184770481e-01
1.440154215564987683e-01 8.424426023606880198e-01
1.448478322282882313e-01 8.433140118476061264e-01
1.456850542426340045e-01 8.446324607487287750e-01
1.465271154091474515e-01 8.458901558146552091e-01
1.473740436981796631e-01 8.465040415822342457e-01
1.482258672417506584e-01 8.416192518777312337e-01
1.490826143344838317e-01 8.348266103933369431e-01
1.499443134345459228e-01 8.353715813627831110e-01
1.508109931645919832e-01 8.420971215963637402e-01
1.516826823127164214e-01 8.529774987384337592e-01
1.525594098334091819e-01 8.689920283414089841e-01
1.534412048485173929e-01 8.818790955922715114e-01
1.543280966482127869e-01 8.831449516211347106e-01
1.552201146919646169e-01 8.650439358273184220e-01
1.561172886095181789e-01 8.344475790036056662e-01
1.570196482018790252e-01 8.080722535655365801e-01
1.579272234423027277e-01 7.926389658783932202e-01
1.588400444772908315e-01 7.798153727837058291e-01
1.597581416275917487e-01 7.611077254115875546e-01
1.606815453892082024e-01 7.428616258322280341e-01
1.616102864344102497e-01 7.302465906792587891e-01
1.625443956127538836e-01 7.243480280232735824e-01
1.634839039521058524e-01 7.233070518620021705e-01
1.644288426596743347e-01 7.255077915339585015e-01
1.653792431230455828e-01 7.306491981841408689e-01
1.663351369112262834e-01 7.392372515146304890e-01
1.672965557756923849e-01 7.507315144242795446e-01
1.682635316514438095e-01 7.630509413642049266e-01
1.692360966580649384e-01 7.746676187179060147e-01
1.702142831007917856e-01 7.844154355590805539e-01
1.711981234715850009e-01 7.909777565339252137e-01
1.721876504502090899e-01 7.838686510423150677e-01
1.731828969053178791e-01 7.547467081891838792e-01
1.741838958955464201e-01 7.161816244445184942e-01
1.751906806706090836e-01 6.814866506792143230e-01
1.762032846724038426e-01 6.570182702473768011e-01
1.772217415361232173e-01 6.413084165940421411e-01
1.782460850913716033e-01 6.298576788200558330e-01
1.792763493632887617e-01 6.265280059418425473e-01
1.803125685736800821e-01 6.336634078695823069e-01
1.813547771421535060e-01 6.498611057518056677e-01
1.824030096872625850e-01 6.747973813920195019e-01
1.834573010276564775e-01 7.088820964843831618e-01
1.845176861832364401e-01 7.521805387323908798e-01
1.855842003763193415e-01 8.007564036795276063e-01
1.866568790328071992e-01 8.429912004247728241e-01
1.877357577833641822e-01 8.623208945274069004e-01
1.888208724646001924e-01 8.662227415848557932e-01
1.899122591202609955e-01 8.693701529574805464e-01
1.910099540024255971e-01 8.771792877143358425e-01
1.921139935727104175e-01 8.888485579402963799e-01
1.932244145034804905e-01 9.038520349127683318e-01
1.943412536790674328e-01 9.198402680796138320e-01
1.954645481969946030e-01 9.306943487855542374e-01
1.965943353692096995e-01 9.353551653961250656e-01
1.977306527233236300e-01 9.420924936872810962e-01
1.988735380038573475e-01 9.621865979849952843e-01
2.000230291734956534e-01 1.006192323687525425e+00
2.011791644143479663e-01 1.069983850643490886e+00
2.023419821292166965e-01 1.132415217109989936e+00
2.035115209428728922e-01 1.183140135630483369e+00
2.046878197033392410e-01 1.194293451644106163e+00
2.058709174831803157e-01 1.165621268526158438e+00
2.070608535808005912e-01 1.126575594741881625e+00
2.082576675217497619e-01 1.088699658978546037e+00
2.094613990600355524e-01 1.051249906835242776e+00
2.106720881794442723e-01 1.015350737649931334e+00
2.118897750948690872e-01 9.851733102569741884e-01
2.131145002536455058e-01 9.705198479171249781e-01
2.143463043368951104e-01 9.740109265067548039e-01
2.155852282608767823e-01 9.852367844131493246e-01
2.168313131783459469e-01 1.004324369948658591e+00
2.180846004799212312e-01 1.031763340889490177e+00
2.193451317954595303e-01 1.057334358091454929e+00
2.206129489954388734e-01 1.074028061165503756e+00
2.218880941923488948e-01 1.086233234624313759e+00
2.231706097420899648e-01 1.097722056892005194e+00
2.244605382453801201e-01 1.115331601362294256e+00
2.257579225491697927e-01 1.136051379485162993e+00
2.270628057480653939e-01 1.126113140175463156e+00
2.283752311857605299e-01 1.093251662749959552e+00
2.296952424564759343e-01 1.065386508189094972e+00
2.310228834064072811e-01 1.051721429138257946e+00
2.323581981351817149e-01 1.044666730066226235e+00
2.337012309973229007e-01 1.032416217924434054e+00
2.350520266037238737e-01 1.018107329575249409e+00
2.364106298231291869e-01 1.005530378915985290e+00
2.377770857836252472e-01 9.923821608511452785e-01
2.391514398741393099e-01 9.762959961290581523e-01
2.405337377459470793e-01 9.569726494420415230e-01
2.419240253141889951e-01 9.373409997107456926e-01
2.433223487593957901e-01 9.233494821424367283e-01
2.447287545290218747e-01 9.192236619910558737e-01
2.461432893389885190e-01 9.117790502453774204e-01
2.475660001752356676e-01 8.957618003214232738e-01
2.489969342952823017e-01 8.876742860510571376e-01
2.504361392297964617e-01 8.957536393584865086e-01
2.518836627841739007e-01 9.114526117279055928e-01
2.533395530401260642e-01 9.198584035528066805e-01
2.548038583572773130e-01 9.210009383639583547e-01
2.562766273747711931e-01 9.182896851216222345e-01
2.577579090128856998e-01 9.094577096766884861e-01
2.592477524746588102e-01 8.963820335046198684e-01
2.607462072475227322e-01 8.840372169022244764e-01
2.622533231049470337e-01 8.710241081126713913e-01
2.637691501080930423e-01 8.588987307359100543e-01
2.652937386074759596e-01 8.496786561646483271e-01
2.668271392446371348e-01 8.452445329689884934e-01
2.683694029538270520e-01 8.490529823394938891e-01
2.699205809636965880e-01 8.682919990761637230e-01
2.714807247989985406e-01 9.027965503729424857e-01
2.730498862822996475e-01 9.316464611281806141e-01
2.746281175357012105e-01 9.357541458063685091e-01
2.762154709825712651e-01 9.232225338300865669e-01
2.778119993492854656e-01 9.067827273807382849e-01
2.794177556669779627e-01 8.921247311725906126e-01
2.810327932733039380e-01 8.811618376274930053e-01
2.826571658142107979e-01 8.680607717929543776e-01
2.842909272457196934e-01 8.448809167314712543e-01
2.859341318357184192e-01 8.240378173908908810e-01
2.875868341657639160e-01 8.166875101058155284e-01
2.892490891328946545e-01 8.247496347137116546e-01
2.909209519514548425e-01 8.401792953062163782e-01
2.926024781549284581e-01 8.470154619262735274e-01
2.942937235977828858e-01 8.380601652636279209e-01
2.959947444573255426e-01 8.226985126955965733e-01
2.977055972355692748e-01 8.122860307619028664e-01
2.994263387611086902e-01 8.017357192319433112e-01
3.011570261910088142e-01 7.869090631231019373e-01
3.028977170127025720e-01 7.816343607449519615e-01
3.046484690459013711e-01 7.949621199944014727e-01
3.064093404445150659e-01 8.106674397794380038e-01
3.081803896985833569e-01 8.110664201896815584e-01
3.099616756362194026e-01 8.011653586000271332e-01
3.117532574255635347e-01 7.975527723400048785e-01
3.135551945767480198e-01 8.027621870146605110e-01
3.153675469438748658e-01 8.134394468569702275e-01
3.171903747270033436e-01 8.231346708258853173e-01
3.190237384741493876e-01 8.197587524910302514e-01
3.208676990832974307e-01 8.098069115764358061e-01
3.227223178044230090e-01 8.044995653465386587e-01
3.245876562415266342e-01 7.937379755538819248e-01
3.264637763546810456e-01 7.695017291789133518e-01
3.283507404620888970e-01 7.507351415189181809e-01
3.302486112421523790e-01 7.562619269744492723e-01
3.321574517355558864e-01 7.787517272809432178e-01
3.340773253473591775e-01 8.072126321361938750e-01
3.360082958491044103e-01 8.525132306246959724e-01
3.379504273809338932e-01 9.130122624224934480e-01
3.399037844537201591e-01 9.824439215414454418e-01
3.418684319512097503e-01 1.054840730527433657e+00
3.438444351321779946e-01 1.124326796065964196e+00
3.458318596325960503e-01 1.151675089640831651e+00
3.478307714678123830e-01 1.118287683492734219e+00
3.498412370347446232e-01 1.059111634464357410e+00
3.518633231140849693e-01 1.003988863694590172e+00
3.538970968725191901e-01 9.673914787913526769e-01
3.559426258649572294e-01 9.495099022231699992e-01
3.579999780367765227e-01 9.432168930252396999e-01
3.600692217260801353e-01 9.394356468645236324e-01
3.621504256659661136e-01 9.268496284686630338e-01
3.642436589868098817e-01 9.003772782490119253e-01
3.663489912185618480e-01 8.723779211865201333e-01
3.684664922930561692e-01 8.553287628378910545e-01
3.705962325463332818e-01 8.416047434991769105e-01
3.727382827209774208e-01 8.264199117947761408e-01
3.748927139684648524e-01 8.120013038327745791e-01
3.770595978515288715e-01 7.952024150142072978e-01
3.792390063465359562e-01 7.858454176203394370e-01
3.814310118458763554e-01 7.809642550104749503e-01
3.836356871603694985e-01 7.736012528941644817e-01
3.858531055216822825e-01 7.801137013177287249e-01
3.880833405847607942e-01 8.068462955776977141e-01
3.903264664302779630e-01 8.482160302516423833e-01
3.925825575670940371e-01 9.032571913920417472e-01
3.948516889347303827e-01 9.647436997051918040e-01
3.971339359058604912e-01 1.019349609488962027e+00
3.994293742888124776e-01 1.058930279732428703e+00
4.017380803300868997e-01 1.039588797572219336e+00
4.040601307168905088e-01 9.640273485140727905e-01
4.063956025796829352e-01 8.746702449981005323e-01
4.087445734947380283e-01 7.896311976493536333e-01
4.111071214867221824e-01 7.173568031074173401e-01
4.134833250312844322e-01 6.680337566647338576e-01
4.158732630576643108e-01 6.414616613425219160e-01
4.182770149513134750e-01 6.384103679778193596e-01
4.206946605565314856e-01 6.576666134140224385e-01
4.231262801791195738e-01 6.941805751405726310e-01
4.255719545890473410e-01 7.255241134598321429e-01
4.280317650231349469e-01 7.310826359934506913e-01
4.305057931877529498e-01 7.451122380554647817e-01
4.329941212615355806e-01 7.772564575161901024e-01
4.354968318981098929e-01 8.309510597720178859e-01
4.380140082288422887e-01 8.880333684202762479e-01
4.405457338655994204e-01 9.031102940591794193e-01
4.430920929035247480e-01 8.817331050330687869e-01
4.456531699238333033e-01 8.649786481238239677e-01
4.482290499966203323e-01 8.665600613862433077e-01
4.508198186836865351e-01 8.732067123114348739e-01
4.534255620413813470e-01 8.606315751994899621e-01
4.560463666234608748e-01 8.241103592836624969e-01
4.586823194839622087e-01 7.909432991348587239e-01
4.613335081800964965e-01 7.697483716143365129e-01
4.640000207751556194e-01 7.677308002216283178e-01
4.666819458414390720e-01 7.799314398121403036e-01
4.693793724631949438e-01 7.876780071864801780e-01
4.720923902395786631e-01 7.652072491268386845e-01
4.748210892876304490e-01 7.166830702783016926e-01
4.775655602452679171e-01 6.794137660932678680e-01
4.803258942742961168e-01 6.754139874805775712e-01
4.831021830634371073e-01 7.061790042049839178e-01
4.858945188313745223e-01 7.685069984742837201e-01
4.887029943298164536e-01 8.358539849497137464e-01
4.915277028465775411e-01 8.597075728403126282e-01
4.943687382086768833e-01 8.233794997139892713e-01
4.972261947854541564e-01 8.045911494861627267e-01
5.001001674917054940e-01 8.033742592349203404e-01
5.029907517908354109e-01 8.016840331333435765e-01
5.058980436980275996e-01 7.926153897632425283e-01
5.088221397834349347e-01 7.678305453241891509e-01
5.117631371753864622e-01 7.265759709050193527e-01
5.147211335636141527e-01 6.821730783395649755e-01
5.176962272024980827e-01 6.341131676047658816e-01
5.206885169143288250e-01 5.961628764013392479e-01
5.236981020925914887e-01 5.861149174788224947e-01
5.267250827052667450e-01 5.815048801931916866e-01
5.297695592981502832e-01 5.634274405145259790e-01
5.328316329981945820e-01 5.487041566028841855e-01
5.359114055168668900e-01 5.483378200443878026e-01
5.390089791535270791e-01 5.600225054225622667e-01
5.421244567988269258e-01 5.690666659038530195e-01
5.452579419381275994e-01 5.659065596999931502e-01
5.484095386549359130e-01 5.598592861638264084e-01
5.515793516343632241e-01 5.695980352684044679e-01
5.547674861666017643e-01 5.826800588560904215e-01
5.579740481504216199e-01 5.965972209843087848e-01
5.611991440966896949e-01 6.102287494097391463e-01
5.644428811319066597e-01 6.201887512872703567e-01
5.677053670017649933e-01 6.273631444823748460e-01
5.709867100747291202e-01 6.472495976120304917e-01
5.742870193456336425e-01 6.745108409155720075e-01
5.776064044393048880e-01 6.866198963664598143e-01
5.809449756142023302e-01 6.659255079060611981e-01
5.843028437660793273e-01 6.291304463450212436e-01
5.876801204316687288e-01 6.119652209679576904e-01
5.910769177923870243e-01 6.098460909253692330e-01
5.944933486780595855e-01 6.051798336728405614e-01
5.979295265706701112e-01 5.806398181218911381e-01
6.013855656081297241e-01 5.373722061783112736e-01
6.048615805880666052e-01 4.898037667670392392e-01
6.083576869716416091e-01 4.517918149547568429e-01
6.118740008873820857e-01 4.370059636605994613e-01
6.154106391350390171e-01 4.464318758526003017e-01
6.189677191894675801e-01 4.794864960676081811e-01
6.225453592045292472e-01 5.163287098589496305e-01
6.261436780170150929e-01 5.271691889599954273e-01
6.297627951505950783e-01 5.304308538137353368e-01
6.334028308197864332e-01 5.376959243748041795e-01
6.370639059339481269e-01 5.339572965760914780e-01
6.407461421012968783e-01 5.133463312923800537e-01
6.444496616329448146e-01 4.879185843286390489e-01
6.481745875469649976e-01 4.665196327346969873e-01
6.519210435724759334e-01 4.609565763327801990e-01
6.556891541537508417e-01 4.659637804813351880e-01
6.594790444543533470e-01 4.790040924806775458e-01
6.632908403612935988e-01 5.000893003883827292e-01
6.671246684892090384e-01 5.346174278003124059e-01
6.709806561845721440e-01 5.730610038745854729e-01
6.748589315299192704e-01 5.639896401835053918e-01
6.787596233481042463e-01 5.403047121936004338e-01
6.826828612065795054e-01 5.447252337843655479e-01
6.866287754216984229e-01 5.634637114609117869e-01
6.905974970630435195e-01 6.134795329795633689e-01
6.945891579577818664e-01 6.835595352651608891e-01
6.986038906950429173e-01 7.147924471979436589e-01
7.026418286303216520e-01 7.003919747091350567e-01
7.067031058899108098e-01 6.599915810773500091e-01
7.107878573753529938e-01 6.162279639419447896e-01
7.148962187679240854e-01 5.849270439846886438e-01
7.190283265331394169e-01 5.699670921478795504e-01
7.231843179252852583e-01 5.675487267976087047e-01
7.273643309919801681e-01 5.854121678925983119e-01
7.315685045787596597e-01 6.199421088518471956e-01
7.357969783336865133e-01 6.412902811208491816e-01
7.400498927119919523e-01 6.233270949232987412e-01
7.443273889807401344e-01 5.872030458703954015e-01
7.486296092235191768e-01 5.649743963778789402e-01
7.529566963451627126e-01 5.497959120890956175e-01
7.573087940764960946e-01 5.329879555339318564e-01
7.616860469791092436e-01 5.175310917316378045e-01
7.660886004501606950e-01 5.060857945996094509e-01
7.705166007272060691e-01 5.073044983981711553e-01
7.749701948930545203e-01 5.193310374460314849e-01
7.794495308806568268e-01 5.486760466194351427e-01
7.839547574780165728e-01 5.874406205692221938e-01
7.884860243331343055e-01 6.127386988996340600e-01
7.930434819589780027e-01 6.261127036057255735e-01
7.976272817384808533e-01 6.368407427729754211e-01
8.022375759295721220e-01 6.206167484546224467e-01
8.068745176702336597e-01 5.891734650328021017e-01
8.115382609835852801e-01 5.711486182263959543e-01
8.162289607830032212e-01 5.766926323814601796e-01
8.209467728772645856e-01 6.031531945435358866e-01
8.256918539757219788e-01 6.265225652998847039e-01
8.304643616935105666e-01 6.283333922981940711e-01
8.352644545567829981e-01 6.208117047914458730e-01
8.400922920079733069e-01 5.982366677609454175e-01
8.449480344110958940e-01 5.864721863007222868e-01
8.498318430570707127e-01 5.805391662456707014e-01
8.547438801690798726e-01 5.665440215827229897e-01
8.596843089079587719e-01 5.626349203359970463e-01
8.646532933776126528e-01 5.801374655144482251e-01
8.696509986304700179e-01 5.944925993202746506e-01
8.746775906729644667e-01 5.796323925860265014e-01
8.797332364710471753e-01 5.590740201745745264e-01
8.848181039557355687e-01 5.415605937122075497e-01
8.899323620286901937e-01 5.334549439686486760e-01
8.950761805678236760e-01 5.341268632504448943e-01
9.002497304329459826e-01 5.561741580110325378e-01
9.054531834714387717e-01 6.024123604636066887e-01
9.106867125239620497e-01 6.385128334013592255e-01
9.159504914301977996e-01 6.723744821734504162e-01
9.212446950346235841e-01 7.031966256384144520e-01
9.265694991923183466e-01 7.299283131247237266e-01
9.319250807748065135e-01 7.282743579695327707e-01
9.373116176759319629e-01 7.223259227622672585e-01
9.427292888177655206e-01 7.030161776801452378e-01
9.481782741565508710e-01 6.605347384994768589e-01
9.536587546886805544e-01 6.108798128973635944e-01
9.591709124567069367e-01 5.619357978444113888e-01
9.647149305553922582e-01 5.181658332933887223e-01
9.702909931377862174e-01 4.781435642776752926e-01
9.758992854213467405e-01 4.557662039049770741e-01
9.815399936940907288e-01 4.542972305763535723e-01
9.872133053207802211e-01 4.742498781831633314e-01
9.929194087491489684e-01 5.120451110907907610e-01
9.986584935161608723e-01 5.579686630834683747e-01
1.004430750254303728e+00 6.104146380099662039e-01
1.010236370697924935e+00 6.400362131495613838e-01
1.016075547689597958e+00 6.037924699735850442e-01
1.021948475186527761e+00 5.802979644522052727e-01
1.027855348266994762e+00 5.824678738197337502e-01
1.033796363136834096e+00 5.969254730490999306e-01
1.039771717135951290e+00 6.293417246077184224e-01
1.045781608744880131e+00 6.548592421637641214e-01
1.051826237591374280e+00 6.463002055903831478e-01
1.057905804457035748e+00 6.181920356887340429e-01
1.064020511283988890e+00 6.113504284267189393e-01
1.070170561181583713e+00 6.101235636652203587e-01
1.076356158433145582e+00 5.887626965649833677e-01
1.082577508502760022e+00 5.467364577614562959e-01
1.088834818042095476e+00 5.370240050930079612e-01
1.095128294897270704e+00 5.499754532737052282e-01
1.101458148115757263e+00 5.705229444012415163e-01
1.107824587953321727e+00 5.818966064141579686e-01
1.114227825881013212e+00 5.915455849264312782e-01
1.120668074592185315e+00 6.157056623139898210e-01
1.127145548009560017e+00 6.284802896310563991e-01
1.133660461292336441e+00 6.276741678476327468e-01
1.140213030843336250e+00 6.184005936304521889e-01
1.146803474316190341e+00 5.940383057167930581e-01
1.153432010622570836e+00 5.575488268790530499e-01
1.160098859939462601e+00 5.410174362900806999e-01
1.166804243716473621e+00 5.301461268846071606e-01
1.173548384683194445e+00 5.168800282440133564e-01
1.180331506856595603e+00 5.065083511250036974e-01
1.187153835548465874e+00 4.968484913288145899e-01
1.194015597372901416e+00 5.144253919473565917e-01
1.200917020253827294e+00 5.482181259213149138e-01
1.207858333432573428e+00 5.563274027595124238e-01
1.214839767475487387e+00 5.401514674451205478e-01
1.221861554281590267e+00 5.105761377621672592e-01
1.228923927090283863e+00 5.004157389058546679e-01
1.236027120489096909e+00 5.080081547580550527e-01
1.243171370421473965e+00 5.161065503123368758e-01
1.250356914194617142e+00 5.255116067101659461e-01
1.257583990487367132e+00 5.411670539439220606e-01
1.264852839358128644e+00 5.546027192588692811e-01
1.272163702252848472e+00 5.587285394102501357e-01
1.279516822013033517e+00 5.693912908740055290e-01
1.286912442883815677e+00 5.542880687989727440e-01
1.294350810522067352e+00 5.344351662947239845e-01
1.301832172004561583e+00 5.288267712098249085e-01
1.309356775836174380e+00 5.362151629886053872e-01
1.316924871958146337e+00 5.596697704689607145e-01
1.324536711756377994e+00 5.885124270349215703e-01
1.332192548069784932e+00 6.266050817029122921e-01
1.339892635198694837e+00 6.705799771010146904e-01
1.347637228913291185e+00 6.856750382131107102e-01
1.355426586462114891e+00 6.623754890285544761e-01
1.363260966580605249e+00 6.430194984897905641e-01
1.371140629499693731e+00 6.375607210587328488e-01
1.379065836954451285e+00 6.160067111689916386e-01
1.387036852192779834e+00 5.645264501900146836e-01
1.395053939984155722e+00 5.417083978187295923e-01
1.403117366628427343e+00 5.517826531773760701e-01
1.411227399964658957e+00 5.479061957823972984e-01
1.419384309380025577e+00 5.337070270460296806e-01
1.427588365818764915e+00 5.309667570465850250e-01
1.435839841791175742e+00 5.262551611110740657e-01
1.444139011382666204e+00 5.214383794310444298e-01
1.452486150262864761e+00 5.127922925863375170e-01
1.460881535694769973e+00 5.006524068310217457e-01
1.469325446543965796e+00 5.104065710878137319e-01
1.477818163287882181e+00 5.164592852659384281e-01
1.486359968025109168e+00 5.398377237588836142e-01
1.494951144484772509e+00 5.268055727224780771e-01
1.503591978035954568e+00 4.774226792182580947e-01
1.512282755697172298e+00 4.348496558979657034e-01
1.521023766145914724e+00 4.210141033991153803e-01
1.529815299728230382e+00 4.472851498663254488e-01
1.538657648468367833e+00 4.886730200134630220e-01
1.547551106078482119e+00 5.153085894918499887e-01
1.556495967968387184e+00 5.298423577086263103e-01
1.565492531255366693e+00 5.262714830369475960e-01
1.574541094774047689e+00 5.096983808596317056e-01
1.583641959086324214e+00 4.797240707664349735e-01
1.592795426491339539e+00 4.687230927276321846e-01
1.602001801035530804e+00 5.088106494468400687e-01
1.611261388522727822e+00 5.532570671479573043e-01
1.620574496524306296e+00 5.716010982825583397e-01
1.629941434389411858e+00 6.048533951553687338e-01
1.639362513255227638e+00 6.273078312891365860e-01
1.648838046057315765e+00 6.352411940373631216e-01
1.658368347540009280e+00 5.961946134794268159e-01
1.667953734266863997e+00 5.926192049394498618e-01
1.677594524631179640e+00 6.340243037861206243e-01
1.687291038866571835e+00 6.446906823445147650e-01
1.697043599057607821e+00 6.398983835532954245e-01
1.706852529150509445e+00 6.370674361878864156e-01
1.716718154963911225e+00 6.350888560625429502e-01
1.726640804199680579e+00 6.520301083456744307e-01
1.736620806453807120e+00 6.678061564761632596e-01
1.746658493227349673e+00 6.693331633190039431e-01
1.756754197937443251e+00 6.644093823471362015e-01
1.766908255928380411e+00 6.626185043693391119e-01
1.777121004482747679e+00 6.545219223623764959e-01
1.787392782832625482e+00 6.421943344595144598e-01
1.797723932170862682e+00 6.795751718046845191e-01
1.808114795662403074e+00 7.161244977039609161e-01
1.818565718455690483e+00 6.857829442786083085e-01
1.829077047694130043e+00 6.408731652374128895e-01
1.839649132527616748e+00 6.253011411803440778e-01
1.850282324124138622e+00 5.916072455352869852e-01
1.860976975681438272e+00 5.427874584737061303e-01
1.871733442438742401e+00 5.367274901063042725e-01
1.882552081688566581e+00 5.496517350772122112e-01
1.893433252788581767e+00 5.752617435465416929e-01
1.904377317173546302e+00 6.170431534619649216e-01
1.915384638367318981e+00 6.131077557791092536e-01
1.926455581994929611e+00 5.952026030957759950e-01
1.937590515794722412e+00 6.478054498653923465e-01
1.948789809630575354e+00 6.987398331012634189e-01
1.960053835504184105e+00 7.788931839718477024e-01
1.971382967567415045e+00 8.266493255306660570e-01
1.982777582134739092e+00 8.243878320235135115e-01
1.994238057695728816e+00 7.902151598861644199e-01
2.005764774927627947e+00 7.707839071336501924e-01
2.017358116708002580e+00 7.429178457991260087e-01
2.029018468127450348e+00 7.277457089259602441e-01
2.040746216502401289e+00 7.085311750781008167e-01
2.052541751387976898e+00 6.758374507796314212e-01
2.064405464590929995e+00 6.654032062781062296e-01
2.076337750182662312e+00 6.725703452839335572e-01
2.088339004512313135e+00 6.666346049079030500e-01
2.100409626219920778e+00 6.738760993538210897e-01
2.112550016249669760e+00 6.672140332764155968e-01
2.124760577863207711e+00 6.876246015813455292e-01
2.137041716653034662e+00 7.581534568284669096e-01
2.149393840555982482e+00 8.203907737318022475e-01
2.161817359866763155e+00 8.489713727101259044e-01
2.174312687251592546e+00 8.887288638172232691e-01
2.186880237761905654e+00 8.942139376844108201e-01
2.199520428848138476e+00 8.953764215160744389e-01
2.212233680373592026e+00 8.993090988779511852e-01
2.225020414628386511e+00 8.960818914232776544e-01
2.237881056343477670e+00 9.514776010645978888e-01
2.250816032704775704e+00 1.018551648668475140e+00
2.263825773367328598e+00 1.027837010943231100e+00
2.276910710469592924e+00 9.700120546677241107e-01
2.290071278647793029e+00 9.599287315724812641e-01
2.303307915050354371e+00 9.834776435134396921e-01
2.316621059352423018e+00 9.747454131710665548e-01
2.330011153770474852e+00 9.458646721114006839e-01
2.343478643077001600e+00 8.977385668994475321e-01
2.357023974615280792e+00 8.689648251316196559e-01
2.370647598314243876e+00 8.127421379127038881e-01
2.384349966703414481e+00 8.530890318985699938e-01
2.398131534927939956e+00 9.498182052674490894e-01
2.411992760763713051e+00 9.460188236335401735e-01
2.425934104632577970e+00 8.650874609629812806e-01
2.439956029617617261e+00 8.106311688330523069e-01
2.454059001478542612e+00 8.527290427556912800e-01
2.468243488667162033e+00 8.697736672360222299e-01
2.482509962342935861e+00 8.687181826961963838e-01
2.496858896388636673e+00 9.487300768758761826e-01
2.511290767426078485e+00 1.045609774672256354e+00
2.525806054831960523e+00 1.036877544329883216e+00
2.540405240753779381e+00 9.665572470244800929e-01
2.555088810125852206e+00 9.496821892185025593e-01
2.569857250685421590e+00 9.675728335232814947e-01
2.584711052988855506e+00 9.867601641613513719e-01
2.599650710427946265e+00 9.534634353792186268e-01
2.614676719246288084e+00 8.933334604608962337e-01
2.629789578555775442e+00 8.887270502699040620e-01
2.644989790353173831e+00 9.399525078505207576e-01
2.660277859536794409e+00 9.522392909386990789e-01
2.675654293923265481e+00 9.268314929954700743e-01
2.691119604264405218e+00 9.454022175449821042e-01
2.706674304264172548e+00 9.963266262705970933e-01
2.722318910595750374e+00 9.649703931201026874e-01
2.738053942918694972e+00 9.171290148372778228e-01
2.753879923896200843e+00 9.003264989240719052e-01
2.769797379212459720e+00 9.077167042501715910e-01
2.785806837590128815e+00 9.238482076552408939e-01
2.801908830807877226e+00 9.129215850565289836e-01
2.818103893718070019e+00 9.521848845191203115e-01
2.834392564264522019e+00 9.504166758828143102e-01
2.850775383500368410e+00 9.533002161204826574e-01
2.867252895606037466e+00 9.836862014551577271e-01
2.883825647907329426e+00 9.376220995452353435e-01
2.900494190893583735e+00 9.255892130817576779e-01
2.917259078235983960e+00 8.993671323921684779e-01
2.934120866805935979e+00 8.535288171234973742e-01
2.951080116693567401e+00 8.957572664531251450e-01
2.968137391226336685e+00 8.846637975010386290e-01
2.985293256987731514e+00 8.906902152430336006e-01
3.002548283836107057e+00 9.252718423008822191e-01
3.019903044923603730e+00 9.207470417392579209e-01
3.037358116715186629e+00 9.471704261812883274e-01
3.054914079007794214e+00 9.735847428867220321e-01
3.072571514949601568e+00 9.814192673060474492e-01
3.090331011059376021e+00 9.914663194549044878e-01
3.108193157245980220e+00 9.936516439746468921e-01
3.126158546827951579e+00 9.774113277304204983e-01
3.144227776553216724e+00 9.400703884262746612e-01
3.162401446618910317e+00 9.645532772366665064e-01
3.180680160691316427e+00 9.865425384830369682e-01
3.199064525925907621e+00 9.535178417987972832e-01
3.217555152987530587e+00 9.287629208905122669e-01
3.236152656070678812e+00 9.881747310703962173e-01
3.254857652919894928e+00 1.041039635427649657e+00
3.273670764850296955e+00 1.065531591974637982e+00
3.292592616768199143e+00 1.183149203367079627e+00
3.311623837191892683e+00 1.187139007469514063e+00
3.330765058272506351e+00 1.110299007551269312e+00
3.350016915815009710e+00 1.033023756276395533e+00
3.369380049299332214e+00 1.076403808153771458e+00
3.388855101901607103e+00 1.168994466540034693e+00
3.408442720515521884e+00 1.229784572682577792e+00
3.428143555773827789e+00 1.370008051409947969e+00
3.447958262069935831e+00 1.482248495000699995e+00
3.467887497579658529e+00 1.502351667035010330e+00
3.487931924283071528e+00 1.518256477025168749e+00
3.508092207986506228e+00 1.563413805275447155e+00
3.528369018344649444e+00 1.372365662925022711e+00
3.548763028882812254e+00 1.206679979834845318e+00
3.569274917019284565e+00 1.296423368929825903e+00
3.589905364087840223e+00 1.347701419382701937e+00
3.610655055360374899e+00 1.248944700110858674e+00
3.631524680069651456e+00 1.218268547205097363e+00
3.652514931432215839e+00 1.180555830700497522e+00
3.673626506671410219e+00 1.094040555833849959e+00
3.694860107040534913e+00 1.034039342775197046e+00
3.716216437846141751e+00 1.072930865037334369e+00
3.737696208471465109e+00 1.130520060161333662e+00
3.759300132399972405e+00 1.101185932271845580e+00
3.781028927239082016e+00 1.074735344620026067e+00
3.802883314743989107e+00 1.120119366285215357e+00
3.824864020841640233e+00 1.109501046730782647e+00
3.846971775654848713e+00 1.126666272107845979e+00
3.869207313526548564e+00 1.122241216648782736e+00
3.891571373044171445e+00 1.061841023179886490e+00
3.914064697064205678e+00 1.045455623150116864e+00
3.936688032736852527e+00 1.011623897908793701e+00
3.959442131530850340e+00 1.030276232087673938e+00
3.982327749258438132e+00 1.054233192175471956e+00
4.005345646100446189e+00 1.053317350779231498e+00
4.028496586631570509e+00 1.086178828204735325e+00
4.051781339845751617e+00 1.038917785064082500e+00
4.075200679181723906e+00 1.056391313485425254e+00
4.098755382548707082e+00 1.091193286542567087e+00
4.122446232352245943e+00 1.072268920265794012e+00
4.146274015520188705e+00 1.083866555372642759e+00
4.170239523528843861e+00 1.013074735764224465e+00
4.194343552429258715e+00 1.025143893174088161e+00
4.218586902873665778e+00 1.036333480134096652e+00
4.242970380142073950e+00 9.598833928894990875e-01
4.267494794169023997e+00 9.739021136675976020e-01
4.292160959570472833e+00 1.022958568654345646e+00
4.316969695670882068e+00 1.030666144761320790e+00
4.341921826530410478e+00 1.044385630231736695e+00
4.367018180972294772e+00 1.038573211073417824e+00
4.392259592610382235e+00 9.828066310053029664e-01
4.417646899876805477e+00 9.853455972523065265e-01
4.443180946049855251e+00 9.636374358404259377e-01
4.468862579281975833e+00 1.039452781523272584e+00
4.494692652627942486e+00 1.021525866272107841e+00
4.520672024073195239e+00 1.005294617764477705e+00
4.546801556562344082e+00 1.060154424172948140e+00
4.573082118027814502e+00 9.942773177998014411e-01
4.599514581418703507e+00 9.583509454047005605e-01
4.626099824729760002e+00 9.495643086427488777e-01
4.652838731030551678e+00 1.060471794953823821e+00
4.679732188494796219e+00 1.078353371522006166e+00
4.706781090429870140e+00 9.737751653552473297e-01
4.733986335306464177e+00 9.305401972634147478e-01
4.761348826788450062e+00 9.351466074544069196e-01
4.788869473762884077e+00 8.493259212110467749e-01
4.816549190370198019e+00 7.930724036877031535e-01
4.844388896034566017e+00 8.754881548390995860e-01
4.872389515494448098e+00 9.005033197877024831e-01
4.900551978833287414e+00 8.961653145999649572e-01
4.928877221510434836e+00 9.858896614480932019e-01
4.957366184392200559e+00 1.077854646009201778e+00
4.986019813783113541e+00 1.102382873502576022e+00
5.014839061457356806e+00 1.035580857996592163e+00
5.043824884690362609e+00 9.729500013249712254e-01
5.072978246290641202e+00 9.337320405453620742e-01
5.102300114631742822e+00 9.118697276113417738e-01
5.131791463684423960e+00 9.334328052376795748e-01
5.161453273049005475e+00 8.939836171748610782e-01
5.191286527987911903e+00 8.444910040578241794e-01
5.221292219458380401e+00 8.612917064237108900e-01
5.251471344145405951e+00 9.466263619855017630e-01
5.281824904494829553e+00 9.035881637778119257e-01
5.312353908746639597e+00 8.800990988983899976e-01
5.343059370968462396e+00 9.816278252477655952e-01
5.373942311089249912e+00 1.019331474015769068e+00
5.405003754933139781e+00 1.014453031726883392e+00
5.436244734253559585e+00 1.055756571923674114e+00
5.467666286767478567e+00 1.019023170971490089e+00
5.499269456189878724e+00 1.034456458658633338e+00
5.531055292268432844e+00 1.086641282771153794e+00
5.563024850818350409e+00 1.043986649821493140e+00
5.595179193757479297e+00 1.023865342313989846e+00
5.627519389141558470e+00 1.059075363517971935e+00
5.660046511199702479e+00 1.136731459729896088e+00
5.692761640370078702e+00 1.118877086371502960e+00
5.725665863335805739e+00 1.062811270995705604e+00
5.758760273061025892e+00 1.007080961873976666e+00
5.792045968827241431e+00 9.889908273640760639e-01
5.825524056269808071e+00 9.739565200871761474e-01
5.859195647414667363e+00 9.582965389851219040e-01
5.893061860715279821e+00 8.522629610946341749e-01
5.927123821089786304e+00 8.046509965476992265e-01
5.961382659958350594e+00 7.552807978747142492e-01
5.995839515280771082e+00 7.487075956159537915e-01
6.030495531594262104e+00 7.856695035303684627e-01
6.065351860051475086e+00 7.643920596068185525e-01
6.100409658458743500e+00 7.293797150606390334e-01
6.135670091314512575e+00 6.993192614697760767e-01
6.171134329848062094e+00 6.971693011227598769e-01
6.206803552058381079e+00 7.213756239669602000e-01
6.242678942753306259e+00 7.802696663871875327e-01
6.278761693588877257e+00 8.642369072702350552e-01
6.315053003108923591e+00 8.320038239908646993e-01
6.351554076784851510e+00 7.936309762620439301e-01
6.388266127055725718e+00 7.733899746314674140e-01
6.425190373368511843e+00 7.545798618358093846e-01
6.462328042218596025e+00 8.079743220102950652e-01
6.499680367190518560e+00 7.679837900726691480e-01
6.537248588998957999e+00 6.919825557895953327e-01
6.575033955529916874e+00 6.889475843507663066e-01
6.613037721882214726e+00 6.578887729606353041e-01
6.651261150409145451e+00 6.784933908287290594e-01
6.689705510760421525e+00 7.066768229441285909e-01
6.728372079924347382e+00 6.361153238452600389e-01
6.767262142270216607e+00 6.423484859816539494e-01
6.806376989591010229e+00 6.966805501202115725e-01
6.845717921146279750e+00 7.281528502991405638e-01
6.885286243705309062e+00 7.538308667929433105e-01
6.925083271590525058e+00 7.375551863759906013e-01
6.965110326721157818e+00 7.413736102567520803e-01
7.005368738657123728e+00 7.392898443868898273e-01
7.045859844643230119e+00 7.259911018945488514e-01
7.086584989653569089e+00 7.651211056291724599e-01
7.127545526436194656e+00 8.580391093065673491e-01
7.168742815558059256e+00 8.853420641984525163e-01
7.210178225450215805e+00 9.032390559188488988e-01
7.251853132453240036e+00 9.518221750552626759e-01
7.293768920862992111e+00 9.421469001068597526e-01
7.335926982976571864e+00 8.349045929280662914e-01
7.378328719138569802e+00 8.078419330559869493e-01
7.420975537787583676e+00 7.346897816115151025e-01
7.463868855503007715e+00 7.270529338499921446e-01
7.507010097052058128e+00 7.371752482125997208e-01
7.550400695437144982e+00 7.641436036240760732e-01
7.594042091943437711e+00 7.549815625670316388e-01
7.637935736186750368e+00 7.655835601955910397e-01
7.682083086161699548e+00 8.174646151321305343e-01
7.726485608290103890e+00 7.977168983724004514e-01
7.771144777469737974e+00 8.265595549383613072e-01
7.816062077123293150e+00 8.447548751927806965e-01
7.861238999247660786e+00 7.866642342349980943e-01
7.906677044463489068e+00 7.681379415948085265e-01
7.952377722065040011e+00 1.292469835773777387e+00
7.998342550070284496e+00 1.336058445592871236e+00
