2.511886431509579437e-02 9.423811739926180042e-01
2.526405161860213050e-02 9.319301451303263484e-01
2.541007810627042562e-02 9.266060107708997684e-01
2.555694862859406516e-02 9.181099374937099489e-01
2.570466806410236227e-02 9.102887733855706820e-01
2.585324131952258450e-02 9.023830779103333422e-01
2.600267332994290678e-02 8.951120385721952344e-01
2.615296905897638788e-02 8.883267191529361506e-01
2.630413349892583852e-02 8.819814995496780829e-01
2.645617167094958117e-02 8.760374684982014104e-01
2.660908862522835469e-02 8.704718159470670180e-01
2.676288944113292337e-02 8.653194278572993170e-01
2.691757922739292791e-02 8.606648355959963803e-01
2.707316312226650673e-02 8.564865708794504595e-01
2.722964629371095457e-02 8.527215706242712301e-01
2.738703393955444973e-02 8.493845942755076095e-01
2.754533128766867636e-02 8.464675912267695113e-01
2.770454359614242176e-02 8.439074983946662778e-01
2.786467615345633933e-02 8.416479615344660825e-01
2.802573427865854422e-02 8.398218156516082944e-01
2.818772332154127064e-02 8.385417692355566777e-01
2.835064866281864979e-02 8.377340250610669781e-01
2.851451571430539678e-02 8.373449124188711012e-01
2.867932991909653145e-02 8.373408871156758915e-01
2.884509675174826843e-02 8.376843796549937604e-01
2.901182171845980567e-02 8.382103526058242160e-01
2.917951035725619563e-02 8.390100461739236071e-01
2.934816823817239240e-02 8.405490537621953528e-01
2.951780096343814899e-02 8.429494762342250036e-01
2.968841416766421215e-02 8.461267822229151525e-01
2.986001351802944001e-02 8.501333006698019723e-01
3.003260471446899879e-02 8.549811074844714254e-01
3.020619348986378766e-02 8.607305822148502150e-01
3.038078561023081769e-02 8.672408392491085527e-01
3.055638687491469066e-02 8.736343624907082495e-01
3.073300311678033025e-02 8.794965457105505813e-01
3.091064020240668481e-02 8.852822481696854817e-01
3.108930403228154019e-02 8.912088362406499487e-01
3.126900054099761295e-02 8.975808911985422300e-01
3.144973569744963920e-02 9.046184629513628339e-01
3.163151550503255638e-02 9.117432496067445769e-01
3.181434600184106232e-02 9.177959638444899149e-01
3.199823326087009728e-02 9.233857682147950108e-01
3.218318339021652985e-02 9.296410893800285402e-01
3.236920253328214730e-02 9.369322552341423638e-01
3.255629686897762443e-02 9.455423787685274251e-01
3.274447261192782455e-02 9.555935608467693854e-01
3.293373601267822470e-02 9.643606712057646302e-01
3.312409335790250653e-02 9.703530058955829318e-01
3.331555097061136145e-02 9.757603298543754411e-01
3.350811521036261426e-02 9.821350683477311216e-01
3.370179247347232510e-02 9.907841031463359149e-01
3.389658919322740410e-02 1.002453457109020452e+00
3.409251184009919750e-02 1.015220377076244240e+00
3.428956692195841288e-02 1.024208879110971582e+00
3.448776098429136294e-02 1.028901040868762440e+00
3.468710061041735404e-02 1.031870372859037488e+00
3.488759242170727526e-02 1.035303956484484145e+00
3.508924307780367929e-02 1.040251054111300144e+00
3.529205927684192501e-02 1.048037332258415111e+00
3.549604775567258980e-02 1.060105191237417532e+00
3.570121529008542238e-02 1.076567339537771506e+00
3.590756869503420462e-02 1.097717624292721128e+00
3.611511482486330638e-02 1.124591890191147137e+00
3.632386057353523962e-02 1.158365525766027249e+00
3.653381287485973905e-02 1.191748706930980006e+00
3.674497870272393912e-02 1.208620094389505351e+00
3.695736507132423021e-02 1.205988887867621706e+00
3.717097903539903075e-02 1.190738355829002115e+00
3.738582769046329413e-02 1.170436068280493291e+00
3.760191817304411876e-02 1.150534969283765863e+00
3.781925766091774610e-02 1.130628503216111858e+00
3.803785337334809891e-02 1.109170953650600255e+00
3.825771257132654091e-02 1.087714745852820686e+00
3.847884255781295476e-02 1.067216560215482168e+00
3.870125067797849233e-02 1.048744443853026231e+00
3.892494431944945599e-02 1.032211181862891847e+00
3.914993091255265789e-02 1.016202551055856107e+00
3.937621793056233360e-02 1.000462273795162282e+00
3.960381288994833243e-02 9.861469538655450728e-01
3.983272335062570252e-02 9.738469690689565139e-01
4.006295691620595512e-02 9.638078629002999609e-01
4.029452123424955012e-02 9.554647511445252261e-01
4.052742399651988042e-02 9.486955329380467594e-01
4.076167293923887297e-02 9.440892443150851188e-01
4.099727584334383890e-02 9.417840873520068046e-01
4.123424053474603751e-02 9.417290748750067886e-01
4.147257488459059338e-02 9.385464018153898413e-01
4.171228680951784978e-02 9.278686142064390685e-01
4.195338427192649156e-02 9.136270915020658911e-01
4.219587528023795858e-02 8.993734928881071955e-01
4.243976788916238585e-02 8.876061898810077011e-01
4.268507019996626434e-02 8.795139886910628979e-01
4.293179036074151744e-02 8.742260820603925398e-01
4.317993656667604152e-02 8.712929777988737134e-01
4.342951706032609216e-02 8.708032325767993687e-01
4.368054013188996804e-02 8.731150983785364028e-01
4.393301411948334623e-02 8.762266577483724950e-01
4.418694740941636612e-02 8.775040206289607125e-01
4.444234843647213579e-02 8.777737159430345493e-01
4.469922568418681352e-02 8.780514618634985835e-01
4.495758768513159753e-02 8.797434309731853030e-01
4.521744302119593689e-02 8.840183029664143710e-01
4.547880032387276866e-02 8.908036223856734548e-01
4.574166827454511502e-02 8.979431684861040042e-01
4.600605560477452616e-02 9.041931225804106242e-01
4.627197109659098723e-02 9.106215317830348432e-01
4.653942358278480296e-02 9.178670775342704369e-01
4.680842194719982141e-02 9.265925930935826615e-01
4.707897512502866311e-02 9.364035987478485090e-01
4.735109210310945588e-02 9.418498339708606393e-01
4.762478192022426976e-02 9.406556606896385730e-01
4.790005366739954334e-02 9.366893952747028518e-01
4.817691648820784933e-02 9.323326754498394431e-01
4.845537957907175564e-02 9.300141008094439110e-01
4.873545218956924774e-02 9.294062800269792257e-01
4.901714362274099679e-02 9.279652214831223267e-01
4.930046323539925834e-02 9.252910783938237405e-01
4.958542043843887359e-02 9.220171651284505554e-01
4.987202469714965836e-02 9.184158605365400074e-01
5.016028553153097091e-02 9.130501313774304073e-01
5.045021251660784106e-02 9.039019589826294832e-01
5.074181528274907677e-02 8.920957447113103678e-01
5.103510351598705003e-02 8.798212535016244340e-01
5.133008695833959217e-02 8.678795206894027725e-01
5.162677540813340182e-02 8.570554803976955238e-01
5.192517872032970105e-02 8.486841915195548758e-01
5.222530680685147364e-02 8.426945403652000843e-01
5.252716963691266006e-02 8.385283515582395708e-01
5.283077723734942721e-02 8.359481322101606215e-01
5.313613969295318679e-02 8.347418830193530370e-01
5.344326714680543849e-02 8.350853755586709060e-01
5.375216980061491706e-02 8.369866604345044259e-01
5.406285791505632127e-02 8.401787258682432702e-01
5.437534181011107609e-02 8.444790914483747413e-01
5.468963186541032917e-02 8.498971495490210692e-01
5.500573852057948770e-02 8.566583171491093385e-01
5.532367227558519784e-02 8.648471256157372888e-01
5.564344369108398941e-02 8.744005118655148179e-01
5.596506338877313413e-02 8.858860436489551793e-01
5.628854205174332881e-02 9.001557434756943810e-01
5.661389042483377931e-02 9.174806484275379592e-01
5.694111931498885282e-02 9.383988073649017769e-01
5.727023959161724881e-02 9.625090317360044390e-01
5.760126218695296035e-02 9.872659881537914073e-01
5.793419809641841417e-02 1.010954897457137180e+00
5.826905837898961604e-02 1.032662015820746459e+00
5.860585415756369709e-02 1.045659719837824353e+00
5.894459661932811845e-02 1.049144290637076038e+00
5.928529701613251268e-02 1.051528611896325183e+00
5.962796666486229469e-02 1.056950695300166609e+00
5.997261694781454155e-02 1.063533407791937391e+00
6.031925931307623168e-02 1.068499290166997406e+00
6.066790527490428103e-02 1.072652061296640813e+00
6.101856641410823012e-02 1.076379492055332010e+00
6.137125437843479747e-02 1.081479551203562872e+00
6.172598088295483398e-02 1.090835697596778786e+00
6.208275771045231733e-02 1.102522494539975639e+00
6.244159671181598315e-02 1.108717436157282243e+00
6.280250980643269088e-02 1.108886498891477723e+00
6.316550898258359303e-02 1.107130124930668869e+00
6.353060629784218483e-02 1.100567538954873914e+00
6.389781387947492119e-02 1.088305123654773165e+00
6.426714392484385308e-02 1.076376808519868611e+00
6.463860870181208085e-02 1.070070500180830164e+00
6.501222054915094251e-02 1.068599922746875652e+00
6.538799187695008841e-02 1.071727583329492361e+00
6.576593516702965159e-02 1.079323330458704433e+00
6.614606297335466623e-02 1.084807135178204485e+00
6.652838792245242827e-02 1.084361668291276670e+00
6.691292271383147972e-02 1.078981179687118264e+00
6.729968012040381253e-02 1.071480698066857640e+00
6.768867298890894613e-02 1.065780868742552290e+00
6.807991424034069705e-02 1.064663176222037544e+00
6.847341687037629410e-02 1.068240328994777277e+00
6.886919394980822728e-02 1.074578839759376736e+00
6.926725862497820629e-02 1.082821318935273114e+00
6.966762411821400547e-02 1.091989617846049754e+00
7.007030372826857090e-02 1.101871737190096345e+00
7.047531083076181979e-02 1.113172105026560610e+00
7.088265887862478520e-02 1.126377783042053382e+00
7.129236140254673060e-02 1.142504489409479795e+00
7.170443201142430445e-02 1.159846837341835579e+00
7.211888439281383123e-02 1.174884028311113049e+00
7.253573231338585059e-02 1.187999807888581394e+00
7.295498961938230720e-02 1.200334678646194142e+00
7.337667023707672431e-02 1.211192263131194213e+00
7.380078817323644513e-02 1.220143195669433744e+00
7.422735751558823258e-02 1.228336029439256905e+00
7.465639243328600627e-02 1.234212972104148154e+00
7.508790717738160481e-02 1.238105440293839843e+00
7.552191608129793510e-02 1.241280062747066371e+00
7.595843356130543844e-02 1.244906860925879322e+00
7.639747411700059665e-02 1.252863543574921579e+00
7.683905233178781047e-02 1.266528106154659161e+00
7.728318287336367887e-02 1.286272218326776517e+00
7.772988049420428980e-02 1.307740502034141494e+00
7.817916003205507836e-02 1.307838451078556563e+00
7.863103641042397396e-02 1.279229279503029337e+00
7.908552463907676799e-02 1.245375137864246140e+00
7.954263981453599253e-02 1.224031638555930224e+00
8.000239712058217212e-02 1.213218332406076794e+00
8.046481182875830918e-02 1.211313022227048064e+00
8.092989929887701994e-02 1.219958031722457648e+00
8.139767497953076525e-02 1.239390853780818258e+00
8.186815440860513438e-02 1.274561269564408850e+00
8.234135321379483508e-02 1.330311718816972411e+00
8.281728711312283386e-02 1.393962496473846402e+00
8.329597191546232737e-02 1.433061608175885127e+00
8.377742352106211376e-02 1.431639334380272244e+00
8.426165792207447602e-02 1.410010038545101763e+00
8.474869120308657633e-02 1.390393394307496866e+00
8.523853954165466762e-02 1.385603283505291383e+00
8.573121920884146929e-02 1.392768323192624447e+00
8.622674656975649887e-02 1.406964225794119505e+00
8.672513808409994251e-02 1.425923403843186277e+00
8.722641030670905127e-02 1.441313479725903512e+00
8.773057988810836760e-02 1.448183330512260447e+00
8.823766357506258873e-02 1.458098994049599639e+00
8.874767821113291322e-02 1.478480445894279294e+00
8.926064073723644077e-02 1.507932247605320741e+00
8.977656819220893036e-02 1.528836988865367452e+00
9.029547771337091688e-02 1.500297589211889049e+00
9.081738653709675591e-02 1.426003909907088918e+00
9.134231199938727674e-02 1.345135568716908203e+00
9.187027153644546085e-02 1.272576795089209512e+00
9.240128268525588107e-02 1.209894773734630391e+00
9.293536308416693037e-02 1.157143175362439269e+00
9.347253047347692245e-02 1.110555657949725328e+00
9.401280269602330097e-02 1.069398274547243233e+00
9.455619769777530437e-02 1.035663550236582520e+00
9.510273352842993355e-02 1.008732930093424685e+00
9.565242834201181932e-02 9.879368720196465281e-01
9.620530039747586526e-02 9.732606165701991330e-01
9.676136805931405405e-02 9.651523141674736017e-01
9.732064979816532069e-02 9.633825225293477512e-01
9.788316419142908953e-02 9.666014233177209203e-01
9.844892992388228070e-02 9.727494030644174838e-01
9.901796578830000806e-02 9.729104151922227661e-01
9.959029068607995472e-02 9.628149547788343865e-01
1.001659236278700377e-01 9.512220815768571702e-01
1.007448837341998471e-01 9.411802918727372180e-01
1.013271902361159299e-01 9.304582259286400259e-01
1.019128624758204177e-01 9.168580682000243565e-01
1.025019199073136378e-01 8.982115220324460303e-01
1.030943820970401520e-01 8.727461122523160197e-01
1.036902687245389171e-01 8.477127516817966058e-01
1.042895995830967204e-01 8.251482437376242984e-01
1.048923945804057928e-01 8.062306604882405470e-01
1.054986737392250712e-01 7.907332431869864564e-01
1.061084571980452224e-01 7.787713838587889681e-01
1.067217652117575799e-01 7.703652090196237978e-01
1.073386181523270227e-01 7.655670476110276734e-01
1.079590365094685589e-01 7.636764968770478612e-01
1.085830408913279893e-01 7.594137007934042005e-01
1.092106520251663743e-01 7.508652985746778752e-01
1.098418907580486492e-01 7.400144229283365238e-01
1.104767780575359459e-01 7.245908028523263544e-01
1.111153350123821049e-01 7.073209103774829032e-01
1.117575828332342536e-01 6.899101322908098854e-01
1.124035428533372433e-01 6.744824869116046173e-01
1.130532365292423180e-01 6.617383769958201656e-01
1.137066854415197809e-01 6.517878274974564512e-01
1.143639112954759340e-01 6.449313943884167344e-01
1.150249359218739331e-01 6.414173046990673255e-01
1.156897812776589568e-01 6.421552769515080916e-01
1.163584694466876512e-01 6.484334081681806250e-01
1.170310226404614878e-01 6.617061745702591535e-01
1.177074631988646730e-01 6.842975178690656746e-01
1.183878135909062629e-01 7.079139717148988931e-01
1.190720964154663303e-01 7.188185180705085608e-01
1.197603344020467531e-01 7.210619537179282501e-01
1.204525504115261381e-01 7.217180781387346755e-01
1.211487674369193246e-01 7.255300402645236124e-01
1.218490086041408849e-01 7.370960781118666150e-01
1.225532971727734816e-01 7.606159246810166863e-01
1.232616565368404721e-01 7.925889079599417464e-01
1.239741102255828148e-01 8.173243960940214103e-01
1.246906819042407494e-01 8.195155027999043718e-01
1.254113953748399735e-01 8.092415872781985042e-01
1.261362745769819826e-01 8.148957964996257353e-01
1.268653435886395453e-01 8.293882297698288442e-01
1.275986266269562852e-01 8.360474230223071679e-01
1.283361480490512463e-01 8.431856273550060177e-01
1.290779323528278288e-01 8.529899241706133672e-01
1.298240041777875831e-01 8.685718728389651977e-01
1.305743883058487209e-01 8.832575206625346009e-01
1.313291096621690413e-01 8.814005141218475003e-01
1.320881933159741561e-01 8.640447485121746096e-01
1.328516644813900749e-01 8.386263006026544176e-01
1.336195485182806453e-01 8.081292618286106677e-01
1.343918709330900185e-01 7.781098923670558554e-01
1.351686573796898327e-01 7.510424119152635525e-01
1.359499336602315311e-01 7.288817760583359284e-01
1.367357257260030934e-01 7.124907414477628098e-01
1.375260596782912625e-01 7.006067046480045635e-01
1.383209617692485738e-01 6.882691503549281942e-01
1.391204584027652402e-01 6.735674013185781739e-01
1.399245761353461737e-01 6.593661316461562061e-01
1.407333416769932510e-01 6.487755589397667944e-01
1.415467818920924381e-01 6.424585164588745290e-01
1.423649238003061035e-01 6.391792361225745456e-01
1.431877945774705507e-01 6.311943763511664862e-01
1.440154215564987683e-01 6.205139052067524252e-01
1.448478322282882313e-01 6.150690117514718835e-01
1.456850542426340045e-01 6.138788637734448050e-01
1.465271154091474515e-01 6.115830991844884990e-01
1.473740436981796631e-01 5.990442797316556378e-01
1.482258672417506584e-01 5.871307240417997786e-01
1.490826143344838317e-01 5.755821291749689816e-01
1.499443134345459228e-01 5.596982827669824134e-01
1.508109931645919832e-01 5.456633922932924152e-01
1.516826823127164214e-01 5.379643290487385876e-01
1.525594098334091819e-01 5.358859308323193904e-01
1.534412048485173929e-01 5.343522903149745540e-01
1.543280966482127869e-01 5.328387763136052113e-01
1.552201146919646169e-01 5.319478425397495824e-01
1.561172886095181789e-01 5.349024150849757131e-01
1.570196482018790252e-01 5.422606693256750710e-01
1.579272234423027277e-01 5.494109495679594390e-01
1.588400444772908315e-01 5.501717318718390981e-01
1.597581416275917487e-01 5.430724388033598693e-01
1.606815453892082024e-01 5.311494907393820020e-01
1.616102864344102497e-01 5.196787184009904470e-01
1.625443956127538836e-01 5.091847529712840714e-01
1.634839039521058524e-01 4.996756450566530727e-01
1.644288426596743347e-01 4.947003703074712155e-01
1.653792431230455828e-01 4.935048552585173942e-01
1.663351369112262834e-01 4.970417549993057516e-01
1.672965557756923849e-01 5.041625163514924512e-01
1.682635316514438095e-01 5.130490440386098472e-01
1.692360966580649384e-01 5.241266784316102045e-01
1.702142831007917856e-01 5.381977966340563135e-01
1.711981234715850009e-01 5.535342018075051218e-01
1.721876504502090899e-01 5.678186610792931299e-01
1.731828969053178791e-01 5.792464968502699652e-01
1.741838958955464201e-01 5.850415916835267627e-01
1.751906806706090836e-01 5.863068786545295730e-01
1.762032846724038426e-01 5.880941132731677401e-01
1.772217415361232173e-01 5.954228486237694851e-01
1.782460850913716033e-01 6.104935837863397774e-01
1.792763493632887617e-01 6.257105716316664346e-01
1.803125685736800821e-01 6.340523416197094697e-01
1.813547771421535060e-01 6.347862885689550261e-01
1.824030096872625850e-01 6.286597771059657669e-01
1.834573010276564775e-01 6.144585074335436881e-01
1.845176861832364401e-01 5.949304198662318521e-01
1.855842003763193415e-01 5.758062043861646995e-01
1.866568790328071992e-01 5.600310411644464637e-01
1.877357577833641822e-01 5.492995828462273744e-01
1.888208724646001924e-01 5.448288127641686129e-01
1.899122591202609955e-01 5.458096449760488911e-01
1.910099540024255971e-01 5.456674175964875140e-01
1.921139935727104175e-01 5.426967438384809883e-01
1.932244145034804905e-01 5.399353858466211520e-01
1.943412536790674328e-01 5.387895162037406038e-01
1.954645481969946030e-01 5.405767508223786599e-01
1.965943353692096995e-01 5.452018241935842058e-01
1.977306527233236300e-01 5.524500534802831986e-01
1.988735380038573475e-01 5.654316562845805860e-01
2.000230291734956534e-01 5.877935573012647019e-01
2.011791644143479663e-01 6.175888515516239075e-01
2.023419821292166965e-01 6.438110183324385893e-01
2.035115209428728922e-01 6.552750818321715354e-01
2.046878197033392410e-01 6.570166963479315836e-01
2.058709174831803157e-01 6.548913362609024569e-01
2.070608535808005912e-01 6.385512888241341445e-01
2.082576675217497619e-01 6.171809541611839034e-01
2.094613990600355524e-01 6.039618584683739133e-01
2.106720881794442723e-01 5.984847625875324706e-01
2.118897750948690872e-01 5.968236541356750635e-01
2.131145002536455058e-01 6.000438966917798211e-01
2.143463043368951104e-01 6.125317289708076540e-01
2.155852282608767823e-01 6.345863651769301228e-01
2.168313131783459469e-01 6.634249790345800868e-01
2.180846004799212312e-01 6.942346496901122821e-01
2.193451317954595303e-01 7.157109840038675674e-01
2.206129489954388734e-01 7.123391216940795356e-01
2.218880941923488948e-01 6.841700499345532149e-01
2.231706097420899648e-01 6.469480712891773067e-01
2.244605382453801201e-01 6.149093413913984119e-01
2.257579225491697927e-01 5.939844736153759852e-01
2.270628057480653939e-01 5.790801176515378845e-01
2.283752311857605299e-01 5.609675950411803225e-01
2.296952424564759343e-01 5.449334706472419576e-01
2.310228834064072811e-01 5.357960323942947412e-01
2.323581981351817149e-01 5.278500838871063028e-01
2.337012309973229007e-01 5.218617745004832109e-01
2.350520266037238737e-01 5.193459600035263968e-01
2.364106298231291869e-01 5.159754394614699535e-01
2.377770857836252472e-01 5.173279413350340139e-01
2.391514398741393099e-01 5.284927906305955103e-01
2.405337377459470793e-01 5.487534833794213140e-01
2.419240253141889951e-01 5.668592971511202672e-01
2.433223487593957901e-01 5.711059920219835329e-01
2.447287545290218747e-01 5.701144256682495470e-01
2.461432893389885190e-01 5.762315447571169091e-01
2.475660001752356676e-01 5.827619283073509626e-01
2.489969342952823017e-01 5.832865594904497186e-01
2.504361392297964617e-01 5.755874962458958910e-01
2.518836627841739007e-01 5.636471052014058181e-01
2.533395530401260642e-01 5.516436510735253096e-01
2.548038583572773130e-01 5.420822142173576941e-01
2.562766273747711931e-01 5.356873492080262977e-01
2.577579090128856998e-01 5.331353069823132618e-01
2.592477524746588102e-01 5.363032205968812915e-01
2.607462072475227322e-01 5.452434189932671149e-01
2.622533231049470337e-01 5.539420991979451259e-01
2.637691501080930423e-01 5.658086930171911666e-01
2.652937386074759596e-01 5.735117815649400930e-01
2.668271392446371348e-01 5.438332211072396394e-01
2.683694029538270520e-01 5.038257326508330802e-01
2.699205809636965880e-01 4.767542268958457896e-01
2.714807247989985406e-01 4.638665478327682057e-01
2.730498862822996475e-01 4.534436960928424631e-01
2.746281175357012105e-01 4.382911130986378856e-01
2.762154709825712651e-01 4.247821955757784540e-01
2.778119993492854656e-01 4.175071309344450809e-01
2.794177556669779627e-01 4.169382214161999611e-01
2.810327932733039380e-01 4.224421526516756731e-01
2.826571658142107979e-01 4.346093024428248075e-01
2.842909272457196934e-01 4.537845050966969329e-01
2.859341318357184192e-01 4.757049645296483331e-01
2.875868341657639160e-01 4.951243689106917256e-01
2.892490891328946545e-01 5.147624814320038711e-01
2.909209519514548425e-01 5.312192626614309354e-01
2.926024781549284581e-01 5.422069986164066435e-01
2.942937235977828858e-01 5.521025356377703419e-01
2.959947444573255426e-01 5.602819517302762842e-01
2.977055972355692748e-01 5.639583953151625639e-01
2.994263387611086902e-01 5.644092292730172877e-01
3.011570261910088142e-01 5.621268823613779775e-01
3.028977170127025720e-01 5.616089600169379414e-01
3.046484690459013711e-01 5.676402059709757530e-01
3.064093404445150659e-01 5.792572309921236728e-01
3.081803896985833569e-01 5.869469018625554924e-01
3.099616756362194026e-01 5.871146228290192726e-01
3.117532574255635347e-01 5.841882274061589442e-01
3.135551945767480198e-01 5.780482982658526891e-01
3.153675469438748658e-01 5.695804021110287829e-01
3.171903747270033436e-01 5.652840618340924106e-01
3.190237384741493876e-01 5.536952139353104041e-01
3.208676990832974307e-01 5.197847180517956023e-01
3.227223178044230090e-01 4.892340085684834250e-01
3.245876562415266342e-01 4.733702886764724060e-01
3.264637763546810456e-01 4.689853917292430840e-01
3.283507404620888970e-01 4.714877885488828468e-01
3.302486112421523790e-01 4.769903780166268592e-01
3.321574517355558864e-01 4.821293484290773423e-01
3.340773253473591775e-01 4.840279497694474076e-01
3.360082958491044103e-01 4.836240776822026133e-01
3.379504273809338932e-01 4.866054855820629022e-01
3.399037844537201591e-01 4.912614196110977605e-01
3.418684319512097503e-01 4.901088411295585479e-01
3.438444351321779946e-01 4.852986038113770717e-01
3.458318596325960503e-01 4.785978157592157833e-01
3.478307714678123830e-01 4.754352692155746074e-01
3.498412370347446232e-01 4.760202799466002332e-01
3.518633231140849693e-01 4.702895899644654598e-01
3.538970968725191901e-01 4.654055554210399515e-01
3.559426258649572294e-01 4.675228649016788252e-01
3.579999780367765227e-01 4.665205644060912427e-01
3.600692217260801353e-01 4.628709561758391766e-01
3.621504256659661136e-01 4.571832027611191229e-01
3.642436589868098817e-01 4.530357987024025146e-01
3.663489912185618480e-01 4.663233245495297941e-01
3.684664922930561692e-01 4.986840787029191424e-01
3.705962325463332818e-01 4.906683582736817706e-01
3.727382827209774208e-01 4.529767609222072888e-01
3.748927139684648524e-01 4.265345442333920989e-01
3.770595978515288715e-01 4.083240725786196901e-01
3.792390063465359562e-01 3.965943390680081726e-01
3.814310118458763554e-01 3.889918831001374921e-01
3.836356871603694985e-01 3.877534314837688956e-01
3.858531055216822825e-01 3.940288791649780298e-01
3.880833405847607942e-01 3.986539525361834646e-01
3.903264664302779630e-01 3.963635550181539569e-01
3.925825575670940371e-01 3.954538364960543673e-01
3.948516889347303827e-01 3.925489093569015098e-01
3.971339359058604912e-01 3.920135440319491016e-01
3.994293742888124776e-01 3.967003387188132724e-01
4.017380803300868997e-01 4.073794680954956338e-01
4.040601307168905088e-01 4.194110993457420555e-01
4.063956025796829352e-01 4.234068836507753897e-01
4.087445734947380283e-01 4.244413865719240397e-01
4.111071214867221824e-01 4.264218357439284457e-01
4.134833250312844322e-01 4.297131919898138364e-01
4.158732630576643108e-01 4.302619749920833514e-01
4.182770149513134750e-01 4.232686815744092224e-01
4.206946605565314856e-01 4.110505446094550597e-01
4.231262801791195738e-01 3.926159977434870441e-01
4.255719545890473410e-01 3.759270906964741754e-01
4.280317650231349469e-01 3.684346596826037490e-01
4.305057931877529498e-01 3.664850711684286555e-01
4.329941212615355806e-01 3.681502049234811613e-01
4.354968318981098929e-01 3.737265916164692614e-01
4.380140082288422887e-01 3.859890069165698434e-01
4.405457338655994204e-01 4.045617558589040264e-01
4.430920929035247480e-01 4.267331258576852471e-01
4.456531699238333033e-01 4.482134854746356312e-01
4.482290499966203323e-01 4.672102330201903242e-01
4.508198186836865351e-01 4.447181805335303495e-01
4.534255620413813470e-01 3.974825893064003468e-01
4.560463666234608748e-01 3.585444897321670155e-01
4.586823194839622087e-01 3.321183742561323315e-01
4.613335081800964965e-01 3.160909587008526866e-01
4.640000207751556194e-01 3.101670541653516189e-01
4.666819458414390720e-01 3.131015001946020337e-01
4.693793724631949438e-01 3.224750895683303198e-01
4.720923902395786631e-01 3.327329038772556813e-01
4.748210892876304490e-01 3.435757289172067797e-01
4.775655602452679171e-01 3.600673961076582552e-01
4.803258942742961168e-01 3.790601183500177385e-01
4.831021830634371073e-01 3.806756066989969711e-01
4.858945188313745223e-01 3.584639836682644298e-01
4.887029943298164536e-01 3.367608906078500275e-01
4.915277028465775411e-01 3.236115668370889709e-01
4.943687382086768833e-01 3.171549805120989496e-01
4.972261947854541564e-01 3.137603081508718583e-01
5.001001674917054940e-01 3.082979717150791110e-01
5.029907517908354109e-01 3.018480942287476432e-01
5.058980436980275996e-01 2.968634271054437779e-01
5.088221397834349347e-01 2.956759626628802096e-01
5.117631371753864622e-01 3.010148564673555405e-01
5.147211335636141527e-01 3.129820828664798271e-01
5.176962272024980827e-01 3.290993968597841213e-01
5.206885169143288250e-01 3.436495261424508119e-01
5.236981020925914887e-01 3.579245930401168674e-01
5.267250827052667450e-01 3.777572618825270623e-01
5.297695592981502832e-01 3.942610049825638896e-01
5.328316329981945820e-01 4.065717239210060452e-01
5.359114055168668900e-01 4.207515253097206531e-01
5.390089791535270791e-01 4.370446108758789805e-01
5.421244567988269258e-01 4.462316945348995256e-01
5.452579419381275994e-01 4.502757824782744334e-01
5.484095386549359130e-01 4.461095936713139198e-01
5.515793516343632241e-01 4.358128680981689373e-01
5.547674861666017643e-01 4.228795689322132345e-01
5.579740481504216199e-01 4.060417256669804908e-01
5.611991440966896949e-01 3.932439450419275007e-01
5.644428811319066597e-01 3.873039392936459269e-01
5.677053670017649933e-01 3.822575508546834366e-01
5.709867100747291202e-01 3.741103371877383954e-01
5.742870193456336425e-01 3.706593105817794775e-01
5.776064044393048880e-01 3.747839045890569709e-01
5.809449756142023302e-01 3.806729231635335164e-01
5.843028437660793273e-01 3.932466285773908998e-01
5.876801204316687288e-01 4.063342310324933315e-01
5.910769177923870243e-01 3.992429885704043002e-01
5.944933486780595855e-01 3.757191166980590746e-01
5.979295265706701112e-01 3.499705939265381205e-01
6.013855656081297241e-01 3.326497142778896410e-01
6.048615805880666052e-01 3.221141540485002452e-01
6.083576869716416091e-01 3.147666339496545396e-01
6.118740008873820857e-01 3.160641233462184174e-01
6.154106391350390171e-01 3.226736711926234680e-01
6.189677191894675801e-01 3.339887984741365390e-01
6.225453592045292472e-01 3.463263527672128528e-01
6.261436780170150929e-01 3.447578262888435496e-01
6.297627951505950783e-01 3.394994385482708044e-01
6.334028308197864332e-01 3.341511523696735209e-01
6.370639059339481269e-01 3.282473743501481134e-01
6.407461421012968783e-01 3.214808396791329903e-01
6.444496616329448146e-01 3.064490157807823190e-01
6.481745875469649976e-01 2.859669313562243631e-01
6.519210435724759334e-01 2.697717948344808270e-01
6.556891541537508417e-01 2.617627832439019531e-01
6.594790444543533470e-01 2.588310207501149374e-01
6.632908403612935988e-01 2.518122337455382942e-01
6.671246684892090384e-01 2.438206651354716537e-01
6.709806561845721440e-01 2.415503941334178062e-01
6.748589315299192704e-01 2.473830584631625251e-01
6.787596233481042463e-01 2.578381126286493075e-01
6.826828612065795054e-01 2.659477567991064273e-01
6.866287754216984229e-01 2.661060853914482549e-01
6.905974970630435195e-01 2.653614043003490464e-01
6.945891579577818664e-01 2.691451893037721255e-01
6.986038906950429173e-01 2.720447493719981291e-01
7.026418286303216520e-01 2.671231453320846994e-01
7.067031058899108098e-01 2.510930462413415443e-01
7.107878573753529938e-01 2.332019153067161898e-01
7.148962187679240854e-01 2.188450005774158214e-01
7.190283265331394169e-01 2.105220153376167747e-01
7.231843179252852583e-01 2.123548700591330329e-01
7.273643309919801681e-01 2.224275204210823809e-01
7.315685045787596597e-01 2.300085081052456737e-01
7.357969783336865133e-01 2.337305717930100724e-01
7.400498927119919523e-01 2.376914701370189120e-01
7.443273889807401344e-01 2.456977981921343868e-01
7.486296092235191768e-01 2.556067528908150810e-01
7.529566963451627126e-01 2.557878915345959681e-01
7.573087940764960946e-01 2.454401787876459851e-01
7.616860469791092436e-01 2.332918137447408113e-01
7.660886004501606950e-01 2.261375081992614000e-01
7.705166007272060691e-01 2.267265442334822079e-01
7.749701948930545203e-01 2.324491836092267283e-01
7.794495308806568268e-01 2.394518694010228654e-01
7.839547574780165728e-01 2.446928141610833496e-01
7.884860243331343055e-01 2.434302107255439385e-01
7.930434819589780027e-01 2.452415971633528646e-01
7.976272817384808533e-01 2.539322267616405671e-01
8.022375759295721220e-01 2.657532004780084889e-01
8.068745176702336597e-01 2.692458218836504269e-01
8.115382609835852801e-01 2.602774463648986902e-01
8.162289607830032212e-01 2.512715013496590322e-01
8.209467728772645856e-01 2.411210284592704978e-01
8.256918539757219788e-01 2.306713413647105693e-01
8.304643616935105666e-01 2.283312984406077606e-01
8.352644545567829981e-01 2.339626976105959599e-01
8.400922920079733069e-01 2.447384342639614963e-01
8.449480344110958940e-01 2.567324960177200244e-01
8.498318430570707127e-01 2.646784445249085183e-01
8.547438801690798726e-01 2.673901571106950259e-01
8.596843089079587719e-01 2.652621134882025000e-01
8.646532933776126528e-01 2.630213613762462654e-01
8.696509986304700179e-01 2.695034412881388008e-01
8.746775906729644667e-01 2.885417836333764030e-01
8.797332364710471753e-01 3.135992960230665760e-01
8.848181039557355687e-01 3.313066047784476442e-01
8.899323620286901937e-01 3.382502527900485001e-01
8.950761805678236760e-01 3.404333088895411530e-01
9.002497304329459826e-01 3.452032931757713641e-01
9.054531834714387717e-01 3.429920599539127424e-01
9.106867125239620497e-01 3.360095006780923210e-01
9.159504914301977996e-01 3.274986679558537506e-01
9.212446950346235841e-01 3.182471794457110703e-01
9.265694991923183466e-01 3.082536933799326917e-01
9.319250807748065135e-01 2.904685620961124926e-01
9.373116176759319629e-01 2.678973453132815208e-01
9.427292888177655206e-01 2.557261702189372876e-01
9.481782741565508710e-01 2.496855318907774401e-01
9.536587546886805544e-01 2.456629122311098923e-01
9.591709124567069367e-01 2.471294643618692777e-01
9.647149305553922582e-01 2.416134572168081862e-01
9.702909931377862174e-01 2.261710523925541394e-01
9.758992854213467405e-01 2.161118197079219261e-01
9.815399936940907288e-01 2.088327297633934543e-01
9.872133053207802211e-01 2.066751672508032600e-01
9.929194087491489684e-01 2.150290131484316747e-01
9.986584935161608723e-01 2.290920807444875029e-01
1.004430750254303728e+00 2.404233092387811355e-01
1.010236370697924935e+00 2.373962812360426444e-01
1.016075547689597958e+00 2.248427023381609491e-01
1.021948475186527761e+00 2.134993979342819370e-01
1.027855348266994762e+00 2.105810531178120282e-01
1.033796363136834096e+00 2.134859802569648579e-01
1.039771717135951290e+00 2.173274612728514632e-01
1.045781608744880131e+00 2.186732543077569146e-01
1.051826237591374280e+00 2.177809787661695584e-01
1.057905804457035748e+00 2.183176858588536662e-01
1.064020511283988890e+00 2.205356279193708413e-01
1.070170561181583713e+00 2.255900669647235846e-01
1.076356158433145582e+00 2.194716061081245784e-01
1.082577508502760022e+00 2.078438469451229509e-01
1.088834818042095476e+00 2.038869739043092377e-01
1.095128294897270704e+00 2.085469332365391670e-01
1.101458148115757263e+00 2.158904280321897184e-01
1.107824587953321727e+00 2.115377335105214640e-01
1.114227825881013212e+00 2.034093045918203835e-01
1.120668074592185315e+00 2.007445538766436666e-01
1.127145548009560017e+00 2.052985135580684961e-01
1.133660461292336441e+00 2.130780828665248816e-01
1.140213030843336250e+00 2.150223043097731490e-01
1.146803474316190341e+00 2.115323664395946102e-01
1.153432010622570836e+00 2.122864399048158268e-01
1.160098859939462601e+00 2.214091187127142646e-01
1.166804243716473621e+00 2.266527470082381757e-01
1.173548384683194445e+00 2.266178610472136812e-01
1.180331506856595603e+00 2.232298975246451433e-01
1.187153835548465874e+00 2.192582650387826237e-01
1.194015597372901416e+00 2.189818608860502891e-01
1.200917020253827294e+00 2.215446372536170050e-01
1.207858333432573428e+00 2.189644179055380557e-01
1.214839767475487387e+00 2.114196579501309570e-01
1.221861554281590267e+00 2.082517443355628994e-01
1.228923927090283863e+00 2.165707042721668474e-01
1.236027120489096909e+00 2.321593617791773145e-01
1.243171370421473965e+00 2.421716325931996538e-01
1.250356914194617142e+00 2.479117149494564076e-01
1.257583990487367132e+00 2.521624351235146611e-01
1.264852839358128644e+00 2.486496872018970905e-01
1.272163702252848472e+00 2.410848007305143037e-01
1.279516822013033517e+00 2.327416889747395690e-01
1.286912442883815677e+00 2.165224006338252738e-01
1.294350810522067352e+00 2.030671538202342419e-01
1.301832172004561583e+00 2.010773122741078278e-01
1.309356775836174380e+00 2.035488484359182504e-01
1.316924871958146337e+00 2.043847697327737800e-01
1.324536711756377994e+00 2.062082320801680857e-01
1.332192548069784932e+00 2.067919010434620952e-01
1.339892635198694837e+00 2.036333798030159903e-01
1.347637228913291185e+00 2.004882762398870200e-01
1.355426586462114891e+00 1.960926451508040180e-01
1.363260966580605249e+00 1.908194979651824941e-01
1.371140629499693731e+00 1.883157593778110317e-01
1.379065836954451285e+00 1.853061743555848018e-01
1.387036852192779834e+00 1.797123446820844961e-01
1.395053939984155722e+00 1.738608956040958164e-01
1.403117366628427343e+00 1.688051147910113459e-01
1.411227399964658957e+00 1.650750004968566664e-01
1.419384309380025577e+00 1.674700558979595744e-01
1.427588365818764915e+00 1.772408085202741013e-01
1.435839841791175742e+00 1.871819656445158353e-01
1.444139011382666204e+00 2.008787306498147074e-01
1.452486150262864761e+00 2.147110141960163476e-01
1.460881535694769973e+00 2.136134481914773176e-01
1.469325446543965796e+00 2.155214419059693909e-01
1.477818163287882181e+00 2.246991331908679279e-01
1.486359968025109168e+00 2.270874797533123102e-01
1.494951144484772509e+00 2.207234754018102818e-01
1.503591978035954568e+00 2.140347632592343452e-01
1.512282755697172298e+00 2.147190648024066284e-01
1.521023766145914724e+00 2.189899114924405699e-01
1.529815299728230382e+00 2.229105568044980890e-01
1.538657648468367833e+00 2.236163266313777043e-01
1.547551106078482119e+00 2.243958936835014073e-01
1.556495967968387184e+00 2.279757299917045399e-01
1.565492531255366693e+00 2.295348640959519182e-01
1.574541094774047689e+00 2.206255263573954351e-01
1.583641959086324214e+00 2.147526089956993678e-01
1.592795426491339539e+00 2.139878013886244712e-01
1.602001801035530804e+00 2.186303177403421949e-01
1.611261388522727822e+00 2.292302828208536702e-01
1.620574496524306296e+00 2.329322199926424364e-01
1.629941434389411858e+00 2.248722212282585620e-01
1.639362513255227638e+00 2.125923629476457466e-01
1.648838046057315765e+00 2.127842357332803414e-01
1.658368347540009280e+00 2.279180339792409860e-01
1.667953734266863997e+00 2.385917962849965490e-01
1.677594524631179640e+00 2.434141095127634324e-01
1.687291038866571835e+00 2.516928164174160876e-01
1.697043599057607821e+00 2.648475072591039980e-01
1.706852529150509445e+00 2.756178768415426528e-01
1.716718154963911225e+00 2.777579963736206414e-01
1.726640804199680579e+00 2.821173997339475048e-01
1.736620806453807120e+00 2.829211186052419391e-01
1.746658493227349673e+00 2.815216548610680602e-01
1.756754197937443251e+00 2.823455002483382104e-01
1.766908255928380411e+00 2.775459970720103864e-01
1.777121004482747679e+00 2.673767394333779190e-01
1.787392782832625482e+00 2.738293004551728416e-01
1.797723932170862682e+00 2.761653180760805237e-01
1.808114795662403074e+00 2.628549821775141848e-01
1.818565718455690483e+00 2.567807996560615980e-01
1.829077047694130043e+00 2.582876048187722762e-01
1.839649132527616748e+00 2.547909581099351839e-01
1.850282324124138622e+00 2.394357681882423317e-01
1.860976975681438272e+00 2.335615090588145648e-01
1.871733442438742401e+00 2.399442981585605539e-01
1.882552081688566581e+00 2.369669155618953638e-01
1.893433252788581767e+00 2.347100622371586232e-01
1.904377317173546302e+00 2.397967037080724062e-01
1.915384638367318981e+00 2.482176379922863552e-01
1.926455581994929611e+00 2.618352387014143412e-01
1.937590515794722412e+00 2.818839321486298344e-01
1.948789809630575354e+00 2.943717644276577228e-01
1.960053835504184105e+00 3.021821943939435595e-01
1.971382967567415045e+00 3.088883495170316462e-01
1.982777582134739092e+00 3.162211101708285454e-01
1.994238057695728816e+00 3.214875485177915437e-01
2.005764774927627947e+00 3.316648567628142641e-01
2.017358116708002580e+00 3.555751577418920784e-01
2.029018468127450348e+00 3.729443410288821315e-01
2.040746216502401289e+00 3.751891184440334648e-01
2.052541751387976898e+00 3.931849072617322194e-01
2.064405464590929995e+00 3.965071241654469780e-01
2.076337750182662312e+00 3.804434808814110558e-01
2.088339004512313135e+00 3.616909350630276854e-01
2.100409626219920778e+00 3.543434149641820352e-01
2.112550016249669760e+00 3.601304591910486352e-01
2.124760577863207711e+00 3.637505485312030884e-01
2.137041716653034662e+00 3.610764054419043911e-01
2.149393840555982482e+00 3.473058432113614313e-01
2.161817359866763155e+00 3.465638456557256220e-01
2.174312687251592546e+00 3.575475563075062868e-01
2.186880237761905654e+00 3.673491695876501262e-01
2.199520428848138476e+00 3.793901932120184450e-01
2.212233680373592026e+00 4.081214656511314431e-01
2.225020414628386511e+00 4.411370024575954618e-01
2.237881056343477670e+00 4.729503153764470502e-01
2.250816032704775704e+00 5.090009307920397852e-01
2.263825773367328598e+00 5.271282128474461537e-01
2.276910710469592924e+00 4.807781883232450371e-01
2.290071278647793029e+00 4.198579080004015696e-01
2.303307915050354371e+00 3.904517263922382964e-01
2.316621059352423018e+00 3.789997388020907576e-01
2.330011153770474852e+00 3.492916594542926911e-01
2.343478643077001600e+00 3.202222615467886779e-01
2.357023974615280792e+00 3.062772695111233845e-01
2.370647598314243876e+00 2.802590514255286491e-01
2.384349966703414481e+00 2.595676512348238929e-01
2.398131534927939956e+00 2.516847658110257790e-01
2.411992760763713051e+00 2.569096093583057572e-01
2.425934104632577970e+00 2.615507839422917535e-01
2.439956029617617261e+00 2.556121199617418793e-01
2.454059001478542612e+00 2.535176205325420651e-01
2.468243488667162033e+00 2.556389553163760930e-01
2.482509962342935861e+00 2.471589832519668906e-01
2.496858896388636673e+00 2.360182857755761532e-01
2.511290767426078485e+00 2.324303988609827676e-01
2.525806054831960523e+00 2.393941733885593115e-01
2.540405240753779381e+00 2.474474633142846325e-01
2.555088810125852206e+00 2.508542115850971310e-01
2.569857250685421590e+00 2.570491532024036796e-01
2.584711052988855506e+00 2.569699889062327380e-01
2.599650710427946265e+00 2.554202471761073401e-01
2.614676719246288084e+00 2.567445719273054316e-01
2.629789578555775442e+00 2.624739201417084500e-01
2.644989790353173831e+00 2.708881455872638178e-01
2.660277859536794409e+00 2.712517646425572915e-01
2.675654293923265481e+00 2.834229397369015802e-01
2.691119604264405218e+00 2.904229419932343181e-01
2.706674304264172548e+00 2.838469383401220902e-01
2.722318910595750374e+00 2.911072435364065458e-01
2.738053942918694972e+00 3.010229070737457935e-01
2.753879923896200843e+00 3.005385289225983581e-01
2.769797379212459720e+00 3.408814593119324221e-01
2.785806837590128815e+00 3.592006141529733854e-01
2.801908830807877226e+00 3.337432549792335723e-01
2.818103893718070019e+00 3.236786552236744496e-01
2.834392564264522019e+00 3.269364672762671287e-01
2.850775383500368410e+00 3.357545648090673462e-01
2.867252895606037466e+00 3.428967944449612948e-01
2.883825647907329426e+00 3.359142351691408179e-01
2.900494190893583735e+00 3.430967178369861426e-01
2.917259078235983960e+00 3.541408080366937328e-01
2.934120866805935979e+00 3.458701517384313306e-01
2.951080116693567401e+00 3.274530478529755761e-01
2.968137391226336685e+00 3.304827593911774941e-01
2.985293256987731514e+00 3.528231921241542501e-01
3.002548283836107057e+00 3.633265499279825783e-01
3.019903044923603730e+00 3.496351519936105601e-01
3.037358116715186629e+00 3.531666846634720636e-01
3.054914079007794214e+00 3.687580257059459576e-01
3.072571514949601568e+00 3.963219602184709922e-01
3.090331011059376021e+00 4.416455324279136563e-01
3.108193157245980220e+00 4.732481878128867447e-01
3.126158546827951579e+00 5.272650731560806214e-01
3.144227776553216724e+00 5.229365304535831260e-01
3.162401446618910317e+00 4.862338159203791754e-01
3.180680160691316427e+00 5.206649176837976345e-01
3.199064525925907621e+00 5.176070290232297477e-01
3.217555152987530587e+00 4.753976997190866860e-01
3.236152656070678812e+00 4.617452130489342332e-01
3.254857652919894928e+00 4.546244516967475890e-01
3.273670764850296955e+00 4.713267764210775645e-01
3.292592616768199143e+00 4.563258131805562057e-01
3.311623837191892683e+00 4.385111630066383936e-01
3.330765058272506351e+00 4.573978855981928326e-01
3.350016915815009710e+00 4.617868078486171979e-01
3.369380049299332214e+00 4.640959901148906663e-01
3.388855101901607103e+00 5.191245683277940781e-01
3.408442720515521884e+00 5.672229162064138519e-01
3.428143555773827789e+00 5.702606783510059119e-01
3.447958262069935831e+00 5.495934299794720257e-01
3.467887497579658529e+00 5.216068386314581806e-01
3.487931924283071528e+00 5.419560880505768230e-01
3.508092207986506228e+00 5.198008192645761083e-01
3.528369018344649444e+00 5.214726618582872231e-01
3.548763028882812254e+00 5.496564930628623502e-01
3.569274917019284565e+00 5.849476679423071257e-01
3.589905364087840223e+00 5.530444565854308880e-01
3.610655055360374899e+00 5.399152593306454362e-01
3.631524680069651456e+00 5.163001472525439173e-01
3.652514931432215839e+00 4.894500331732888343e-01
3.673626506671410219e+00 4.954879879659851993e-01
3.694860107040534913e+00 4.657812503859188324e-01
3.716216437846141751e+00 4.888167188039215239e-01
3.737696208471465109e+00 5.381293664797390797e-01
3.759300132399972405e+00 5.112537588135813715e-01
3.781028927239082016e+00 4.704465767890755878e-01
3.802883314743989107e+00 4.639886486963538670e-01
3.824864020841640233e+00 5.105385966125798314e-01
3.846971775654848713e+00 5.631962712435512053e-01
3.869207313526548564e+00 5.620597939747925542e-01
3.891571373044171445e+00 5.613768341993520261e-01
3.914064697064205678e+00 5.572549237275378209e-01
3.936688032736852527e+00 5.657308704887519246e-01
3.959442131530850340e+00 4.895855517141915469e-01
3.982327749258438132e+00 4.510338812466907488e-01
4.005345646100446189e+00 4.607281531082977333e-01
4.028496586631570509e+00 4.603095215760041325e-01
4.051781339845751617e+00 4.533336711388422091e-01
4.075200679181723906e+00 4.726913542042269212e-01
4.098755382548707082e+00 4.803085696171464081e-01
4.122446232352245943e+00 4.678905092601674531e-01
4.146274015520188705e+00 4.764805062785769096e-01
4.170239523528843861e+00 4.361147658378037861e-01
4.194343552429258715e+00 4.428893511152091622e-01
4.218586902873665778e+00 4.570154817946553427e-01
4.242970380142073950e+00 4.318506279864283703e-01
4.267494794169023997e+00 4.284063102191280059e-01
4.292160959570472833e+00 4.054795249873938690e-01
4.316969695670882068e+00 3.761055458047916078e-01
4.341921826530410478e+00 3.675048146445284991e-01
4.367018180972294772e+00 3.742713493155436222e-01
4.392259592610382235e+00 3.830156496230997520e-01
4.417646899876805477e+00 4.125439320948486310e-01
4.443180946049855251e+00 4.394114891546159751e-01
4.468862579281975833e+00 4.380294683909543574e-01
4.494692652627942486e+00 4.185590768361059921e-01
4.520672024073195239e+00 3.763376716223775231e-01
4.546801556562344082e+00 3.424419351839115278e-01
4.573082118027814502e+00 3.388044028632448690e-01
4.599514581418703507e+00 3.693846312366546591e-01
4.626099824729760002e+00 3.889422376940642190e-01
4.652838731030551678e+00 3.603585597054393963e-01
4.679732188494796219e+00 3.680468888081394607e-01
4.706781090429870140e+00 3.831471428608073659e-01
4.733986335306464177e+00 3.979320814965233710e-01
4.761348826788450062e+00 3.736527943912251737e-01
4.788869473762884077e+00 3.513365134774191767e-01
4.816549190370198019e+00 3.680656735563834214e-01
4.844388896034566017e+00 3.800463176328248149e-01
4.872389515494448098e+00 3.593991957772664780e-01
4.900551978833287414e+00 3.569290013831878383e-01
4.928877221510434836e+00 3.762450896488895302e-01
4.957366184392200559e+00 4.396127543143725780e-01
4.986019813783113541e+00 4.734709212563505965e-01
5.014839061457356806e+00 4.428759334378920554e-01
5.043824884690362609e+00 4.257214329879756565e-01
5.072978246290641202e+00 4.105675082260393238e-01
5.102300114631742822e+00 3.992698239250384584e-01
5.131791463684423960e+00 4.126405393715317782e-01
5.161453273049005475e+00 4.296783060287893696e-01
5.191286527987911903e+00 4.068695963574457397e-01
5.221292219458380401e+00 4.043108452930741503e-01
5.251471344145405951e+00 3.970693248450335444e-01
5.281824904494829553e+00 3.693953653785083113e-01
5.312353908746639597e+00 3.590382602574364590e-01
5.343059370968462396e+00 3.599573711536580012e-01
5.373942311089249912e+00 3.621833638205653738e-01
5.405003754933139781e+00 3.536617969564732067e-01
5.436244734253559585e+00 3.422648218433257949e-01
5.467666286767478567e+00 3.375028881634858369e-01
5.499269456189878724e+00 3.217330920126945104e-01
5.531055292268432844e+00 3.238249079064308700e-01
5.563024850818350409e+00 3.408573074927616631e-01
5.595179193757479297e+00 3.699360977743876289e-01
5.627519389141558470e+00 4.030630013025835456e-01
5.660046511199702479e+00 4.236121741137270358e-01
5.692761640370078702e+00 4.227212403398714069e-01
5.725665863335805739e+00 4.073378732958126136e-01
5.758760273061025892e+00 4.197613007237184779e-01
5.792045968827241431e+00 4.141285597859985512e-01
5.825524056269808071e+00 3.950674073893218341e-01
5.859195647414667363e+00 4.203194761001099455e-01
5.893061860715279821e+00 4.284210696641768124e-01
5.927123821089786304e+00 4.208628920314526067e-01
5.961382659958350594e+00 4.475909052471220839e-01
5.995839515280771082e+00 4.596292453360270036e-01
6.030495531594262104e+00 4.612916955556161658e-01
6.065351860051475086e+00 4.544741737107960144e-01
6.100409658458743500e+00 4.439466640877969272e-01
6.135670091314512575e+00 4.372270912873916227e-01
6.171134329848062094e+00 4.460384799815332868e-01
6.206803552058381079e+00 4.254275858547311162e-01
6.242678942753306259e+00 4.042544910483423237e-01
6.278761693588877257e+00 3.987706863288422721e-01
6.315053003108923591e+00 3.887772002630638379e-01
6.351554076784851510e+00 3.804622656296550165e-01
6.388266127055725718e+00 3.772661748927210734e-01
6.425190373368511843e+00 3.803616330497767151e-01
6.462328042218596025e+00 3.843158225551270846e-01
6.499680367190518560e+00 3.914030397140209061e-01
6.537248588998957999e+00 3.760478497923280816e-01
6.575033955529916874e+00 3.582251490120199611e-01
6.613037721882214726e+00 3.548465778635734313e-01
6.651261150409145451e+00 3.594636006283886132e-01
6.689705510760421525e+00 3.604108886469760686e-01
6.728372079924347382e+00 3.451093694345516161e-01
6.767262142270216607e+00 3.269056066184378162e-01
6.806376989591010229e+00 3.253075612499707892e-01
6.845717921146279750e+00 3.334413572395987235e-01
6.885286243705309062e+00 3.411524963937379029e-01
6.925083271590525058e+00 3.549780711012809897e-01
6.965110326721157818e+00 3.543125543063526672e-01
7.005368738657123728e+00 3.426566180209851820e-01
7.045859844643230119e+00 3.094733602480573831e-01
7.086584989653569089e+00 3.009155656552089941e-01
7.127545526436194656e+00 3.144311920167269792e-01
7.168742815558059256e+00 3.121984905111609976e-01
7.210178225450215805e+00 3.164384765433655988e-01
7.251853132453240036e+00 3.221181793516953995e-01
7.293768920862992111e+00 3.230748597444048631e-01
7.335926982976571864e+00 3.128559566996990671e-01
7.378328719138569802e+00 3.250432330068238618e-01
7.420975537787583676e+00 3.391063006028796623e-01
7.463868855503007715e+00 3.424929223577165560e-01
7.507010097052058128e+00 3.303781015081040939e-01
7.550400695437144982e+00 3.342839873751127788e-01
7.594042091943437711e+00 3.534766330094971654e-01
7.637935736186750368e+00 3.609596716492455837e-01
7.682083086161699548e+00 3.754936997191317682e-01
7.726485608290103890e+00 3.621618955368580139e-01
7.771144777469737974e+00 3.391022752996845635e-01
7.816062077123293150e+00 3.347616566876017163e-01
7.861238999247660786e+00 3.322498674938400010e-01
7.906677044463489068e+00 3.473501215465078507e-01
7.952377722065040011e+00 5.392913373354001338e-01
7.998342550070284496e+00 4.350239086719233095e-01
