2.511886431509579437e-02 1.070847292636726067e+00
2.526405161860213050e-02 1.065295910668692336e+00
2.541007810627042562e-02 1.062685502858905950e+00
2.555694862859406516e-02 1.057383645166807495e+00
2.570466806410236227e-02 1.050655020461027211e+00
2.585324131952258450e-02 1.042367402202179827e+00
2.600267332994290678e-02 1.033710829244727236e+00
2.615296905897638788e-02 1.024964683470272142e+00
2.630413349892583852e-02 1.016468061971752324e+00
2.645617167094958117e-02 1.008359589346909946e+00
2.660908862522835469e-02 1.000737369157223888e+00
2.676288944113292337e-02 9.936163302055279756e-01
2.691757922739292791e-02 9.870412589003231263e-01
2.707316312226650673e-02 9.812104950506862489e-01
2.722964629371095457e-02 9.763010516045034226e-01
2.738703393955444973e-02 9.724579512178738172e-01
2.754533128766867636e-02 9.698027569995864017e-01
2.770454359614242176e-02 9.684676954890258926e-01
2.786467615345633933e-02 9.685828605394576352e-01
2.802573427865854422e-02 9.685615336782664730e-01
2.818772332154127064e-02 9.657293265120933112e-01
2.835064866281864979e-02 9.602525885582282594e-01
2.851451571430539678e-02 9.532573780875595038e-01
2.867932991909653145e-02 9.458143035318782310e-01
2.884509675174826843e-02 9.386442127994426565e-01
2.901182171845980567e-02 9.321181932749773580e-01
2.917951035725619563e-02 9.266115977154446570e-01
2.934816823817239240e-02 9.225914843809293053e-01
2.951780096343814899e-02 9.198275231705673738e-01
2.968841416766421215e-02 9.178931768605379515e-01
2.986001351802944001e-02 9.166562189114562109e-01
3.003260471446899879e-02 9.160014842728907425e-01
3.020619348986378766e-02 9.158692577335060259e-01
3.038078561023081769e-02 9.162680700377788812e-01
3.055638687491469066e-02 9.173002901194263758e-01
3.073300311678033025e-02 9.188848759059223825e-01
3.091064020240668481e-02 9.208682739966912445e-01
3.108930403228154019e-02 9.232035652971127826e-01
3.126900054099761295e-02 9.258502287709237111e-01
3.144973569744963920e-02 9.287869375569332009e-01
3.163151550503255638e-02 9.321309893916918110e-01
3.181434600184106232e-02 9.360849894565151930e-01
3.199823326087009728e-02 9.406254782040924800e-01
3.218318339021652985e-02 9.456223617811587712e-01
3.236920253328214730e-02 9.510415172098078962e-01
3.255629686897762443e-02 9.568466888260154235e-01
3.274447261192782455e-02 9.630186824547092295e-01
3.293373601267822470e-02 9.698923298165887941e-01
3.312409335790250653e-02 9.776595726623742433e-01
3.331555097061136145e-02 9.861348672997028997e-01
3.350811521036261426e-02 9.952819580645499986e-01
3.370179247347232510e-02 1.005045395117818874e+00
3.389658919322740410e-02 1.015410249656675701e+00
3.409251184009919750e-02 1.026269887375165224e+00
3.428956692195841288e-02 1.037517673967331966e+00
3.448776098429136294e-02 1.049211191958392186e+00
3.468710061041735404e-02 1.061450677595943359e+00
3.488759242170727526e-02 1.074293713405201967e+00
3.508924307780367929e-02 1.087802147283621457e+00
3.529205927684192501e-02 1.101223141031157704e+00
3.549604775567258980e-02 1.113462626668709099e+00
3.570121529008542238e-02 1.125040979609337244e+00
3.590756869503420462e-02 1.137005348737524013e+00
3.611511482486330638e-02 1.150033928239144743e+00
3.632386057353523962e-02 1.164751595147097696e+00
3.653381287485973905e-02 1.177259799235656379e+00
3.674497870272393912e-02 1.181550763707298168e+00
3.695736507132423021e-02 1.178264294397755485e+00
3.717097903539903075e-02 1.170196342809176171e+00
3.738582769046329413e-02 1.159430543279927450e+00
3.760191817304411876e-02 1.147758352150058281e+00
3.781925766091774610e-02 1.134755364881866901e+00
3.803785337334809891e-02 1.121010202844226367e+00
3.825771257132654091e-02 1.108141574801538853e+00
3.847884255781295476e-02 1.096765827042225361e+00
3.870125067797849233e-02 1.087232720089820193e+00
3.892494431944945599e-02 1.079864289548307710e+00
3.914993091255265789e-02 1.074739444804095001e+00
3.937621793056233360e-02 1.071444444750075942e+00
3.960381288994833243e-02 1.069731897796433406e+00
3.983272335062570252e-02 1.069591140512572425e+00
4.006295691620595512e-02 1.071045632445802864e+00
4.029452123424955012e-02 1.074065515990457520e+00
4.052742399651988042e-02 1.079179697304074592e+00
4.076167293923887297e-02 1.087015186105671383e+00
4.099727584334383890e-02 1.098386668492746354e+00
4.123424053474603751e-02 1.114004328942962196e+00
4.147257488459059338e-02 1.127502099390786050e+00
4.171228680951784978e-02 1.130675536336016584e+00
4.195338427192649156e-02 1.126414429470042000e+00
4.219587528023795858e-02 1.119120642942698085e+00
4.243976788916238585e-02 1.113253623429036665e+00
4.268507019996626434e-02 1.112485856426158382e+00
4.293179036074151744e-02 1.117536057156202078e+00
4.317993656667604152e-02 1.128075791956825835e+00
4.342951706032609216e-02 1.144695814883021523e+00
4.368054013188996804e-02 1.168142566076476818e+00
4.393301411948334623e-02 1.179511915777432529e+00
4.418694740941636612e-02 1.162269148504457839e+00
4.444234843647213579e-02 1.128587636625411283e+00
4.469922568418681352e-02 1.087699778349904278e+00
4.495758768513159753e-02 1.048317596474486413e+00
4.521744302119593689e-02 1.014461204333673372e+00
4.547880032387276866e-02 9.853159158299660270e-01
4.574166827454511502e-02 9.598751031151463442e-01
4.600605560477452616e-02 9.379041707161127617e-01
4.627197109659098723e-02 9.196057238141803758e-01
4.653942358278480296e-02 9.044209986461431150e-01
4.680842194719982141e-02 8.912388657439469508e-01
4.707897512502866311e-02 8.794920305999091026e-01
4.735109210310945588e-02 8.689864187771911830e-01
4.762478192022426976e-02 8.597966742899620929e-01
4.790005366739954334e-02 8.517479168764545694e-01
4.817691648820784933e-02 8.446162144941630201e-01
4.845537957907175564e-02 8.383375865595138476e-01
4.873545218956924774e-02 8.329162984447455731e-01
4.901714362274099679e-02 8.283310232886669233e-01
4.930046323539925834e-02 8.245007190187518820e-01
4.958542043843887359e-02 8.213955280293330219e-01
4.987202469714965836e-02 8.190069195759339671e-01
5.016028553153097091e-02 8.173583532058648071e-01
5.045021251660784106e-02 8.164498289191254310e-01
5.074181528274907677e-02 8.162813467157160607e-01
5.103510351598705003e-02 8.167931913843016201e-01
5.133008695833959217e-02 8.176441331458250694e-01
5.162677540813340182e-02 8.186870166580680896e-01
5.192517872032970105e-02 8.200647318910107009e-01
5.222530680685147364e-02 8.216749099109360577e-01
5.252716963691266006e-02 8.225727707670797972e-01
5.283077723734942721e-02 8.224576057166480547e-01
5.313613969295318679e-02 8.219649552231345080e-01
5.344326714680543849e-02 8.212888937233777664e-01
5.375216980061491706e-02 8.205829746179534867e-01
5.406285791505632127e-02 8.200178127963904107e-01
5.437534181011107609e-02 8.197853500094077761e-01
5.468963186541032917e-02 8.200092820519139236e-01
5.500573852057948770e-02 8.208239681494126083e-01
5.532367227558519784e-02 8.222166121851889331e-01
5.564344369108398941e-02 8.241381623785039023e-01
5.596506338877313413e-02 8.265630264959277218e-01
5.628854205174332881e-02 8.294314893261257593e-01
5.661389042483377931e-02 8.327243566940260022e-01
5.694111931498885282e-02 8.364800169497722537e-01
5.727023959161724881e-02 8.406963374072454753e-01
5.760126218695296035e-02 8.454266352194234058e-01
5.793419809641841417e-02 8.507775446922611895e-01
5.826905837898961604e-02 8.568791596790243936e-01
5.860585415756369709e-02 8.645205740437825748e-01
5.894459661932811845e-02 8.746060467010363659e-01
5.928529701613251268e-02 8.873851019267215978e-01
5.962796666486229469e-02 9.027468400426447159e-01
5.997261694781454155e-02 9.178697173132277509e-01
6.031925931307623168e-02 9.308855006981336944e-01
6.066790527490428103e-02 9.418261804891493449e-01
6.101856641410823012e-02 9.489749443603938683e-01
6.137125437843479747e-02 9.543493133805418527e-01
6.172598088295483398e-02 9.623810093050962911e-01
6.208275771045231733e-02 9.796429707531431053e-01
6.244159671181598315e-02 1.013390595901882074e+00
6.280250980643269088e-02 1.067494710057490748e+00
6.316550898258359303e-02 1.144495342387825687e+00
6.353060629784218483e-02 1.217533443908860535e+00
6.389781387947492119e-02 1.235049195005081035e+00
6.426714392484385308e-02 1.195138106972124747e+00
6.463860870181208085e-02 1.144676620707949510e+00
6.501222054915094251e-02 1.105407471196844238e+00
6.538799187695008841e-02 1.074039923757028170e+00
6.576593516702965159e-02 1.050578243760739383e+00
6.614606297335466623e-02 1.032800172271868711e+00
6.652838792245242827e-02 1.018366152617756981e+00
6.691292271383147972e-02 1.006307945300329632e+00
6.729968012040381253e-02 9.960198674617607439e-01
6.768867298890894613e-02 9.874763268686207462e-01
6.807991424034069705e-02 9.814088348597631573e-01
6.847341687037629410e-02 9.793230678352771168e-01
6.886919394980822728e-02 9.823962685329094002e-01
6.926725862497820629e-02 9.894447961565558947e-01
6.966762411821400547e-02 9.895173074846055350e-01
7.007030372826857090e-02 9.753114852452380301e-01
7.047531083076181979e-02 9.575675367342733058e-01
7.088265887862478520e-02 9.442105235703103228e-01
7.129236140254673060e-02 9.351167499584408516e-01
7.170443201142430445e-02 9.306338437360792692e-01
7.211888439281383123e-02 9.325553939293940164e-01
7.253573231338585059e-02 9.409453811219584685e-01
7.295498961938230720e-02 9.550701612887998460e-01
7.337667023707672431e-02 9.751131454361612327e-01
7.380078817323644513e-02 1.000895187930037844e+00
7.422735751558823258e-02 1.028598780617229203e+00
7.465639243328600627e-02 1.045316907104903992e+00
7.508790717738160481e-02 1.050789379686530856e+00
7.552191608129793510e-02 1.056886729301055983e+00
7.595843356130543844e-02 1.064479091885074391e+00
7.639747411700059665e-02 1.072758179399445400e+00
7.683905233178781047e-02 1.062781473734265791e+00
7.728318287336367887e-02 1.017105735121365040e+00
7.772988049420428980e-02 9.549016790853903647e-01
7.817916003205507836e-02 9.006823998793497266e-01
7.863103641042397396e-02 8.596367228310290987e-01
7.908552463907676799e-02 8.295701139238677024e-01
7.954263981453599253e-02 8.095804469294839434e-01
8.000239712058217212e-02 7.966862266533668580e-01
8.046481182875830918e-02 7.888720647129613406e-01
8.092989929887701994e-02 7.844979254826741633e-01
8.139767497953076525e-02 7.830349028049672366e-01
8.186815440860513438e-02 7.829623914769175963e-01
8.234135321379483508e-02 7.835467474735526849e-01
8.281728711312283386e-02 7.835787377653393726e-01
8.329597191546232737e-02 7.803818412727988596e-01
8.377742352106211376e-02 7.751823525144176941e-01
8.426165792207447602e-02 7.705672197526715061e-01
8.474869120308657633e-02 7.685880870341408322e-01
8.523853954165466762e-02 7.705778831832670317e-01
8.573121920884146929e-02 7.779847020749234288e-01
8.622674656975649887e-02 7.908981165261123047e-01
8.672513808409994251e-02 7.952040098005880298e-01
8.722641030670905127e-02 7.760311615898219939e-01
8.773057988810836760e-02 7.536720803171110816e-01
8.823766357506258873e-02 7.379989700277984621e-01
8.874767821113291322e-02 7.273739277824107230e-01
8.926064073723644077e-02 7.202358273417617252e-01
8.977656819220893036e-02 7.153903644791521632e-01
9.029547771337091688e-02 7.120889663667754332e-01
9.081738653709675591e-02 7.100565164952671315e-01
9.134231199938727674e-02 7.091309307195750034e-01
9.187027153644546085e-02 7.092823514340315105e-01
9.240128268525588107e-02 7.108392123009792396e-01
9.293536308416693037e-02 7.143922673754103947e-01
9.347253047347692245e-02 7.214109373933892400e-01
9.401280269602330097e-02 7.343094230417445134e-01
9.455619769777530437e-02 7.564808279359740428e-01
9.510273352842993355e-02 7.826467539312899069e-01
9.565242834201181932e-02 7.953447670844490114e-01
9.620530039747586526e-02 7.926725113772087328e-01
9.676136805931405405e-02 7.848114303421828142e-01
9.732064979816532069e-02 7.776797279598911539e-01
9.788316419142908953e-02 7.729771550672616121e-01
9.844892992388228070e-02 7.705778831832670317e-01
9.901796578830000806e-02 7.706120061611727579e-01
9.959029068607995472e-02 7.730581971397877394e-01
1.001659236278700377e-01 7.780572134029729581e-01
1.007448837341998471e-01 7.855002879586541198e-01
1.013271902361159299e-01 7.953916861790694126e-01
1.019128624758204177e-01 8.077186119475040504e-01
1.025019199073136378e-01 8.222315409880227577e-01
1.030943820970401520e-01 8.389411367312210599e-01
1.036902687245389171e-01 8.572054606552478306e-01
1.042895995830967204e-01 8.767323347617853591e-01
1.048923945804057928e-01 8.968606263539111723e-01
1.054986737392250712e-01 9.173621380168806017e-01
1.061084571980452224e-01 9.390707500232639005e-01
1.067217652117575799e-01 9.629760287323270163e-01
1.073386181523270227e-01 9.899737023140943171e-01
1.079590365094685589e-01 1.020599074984461563e+00
1.085830408913279893e-01 1.049976826275151431e+00
1.092106520251663743e-01 1.074029260326432755e+00
1.098418907580486492e-01 1.085718512945254455e+00
1.104767780575359459e-01 1.084613781535557653e+00
1.111153350123821049e-01 1.083579428767790898e+00
1.117575828332342536e-01 1.086904286427477606e+00
1.124035428533372433e-01 1.099350642618582397e+00
1.130532365292423180e-01 1.118975620286599026e+00
1.137066854415197809e-01 1.139396089877042106e+00
1.143639112954759340e-01 1.154774889481918088e+00
1.150249359218739331e-01 1.158551876598855390e+00
1.156897812776589568e-01 1.146589640156787882e+00
1.163584694466876512e-01 1.120645513517859237e+00
1.170310226404614878e-01 1.086066140782669054e+00
1.177074631988646730e-01 1.050038674172605324e+00
1.183878135909062629e-01 1.018199803100466649e+00
1.190720964154663303e-01 9.935672784247884248e-01
1.197603344020467531e-01 9.773951195836050321e-01
1.204525504115261381e-01 9.692247990613086506e-01
1.211487674369193246e-01 9.673288411014230315e-01
1.218490086041408849e-01 9.687108217066039417e-01
1.225532971727734816e-01 9.708882942342115241e-01
1.232616565368404721e-01 9.729975208060077652e-01
1.239741102255828148e-01 9.758105337971090254e-01
1.246906819042407494e-01 9.809332458552024736e-01
1.254113953748399735e-01 9.889841359548289246e-01
1.261362745769819826e-01 1.000114624810445108e+00
1.268653435886395453e-01 1.013853388789727861e+00
1.275986266269562852e-01 1.029771757982737901e+00
1.283361480490512463e-01 1.047699117499945709e+00
1.290779323528278288e-01 1.066867700338473668e+00
1.298240041777875831e-01 1.083029195749061424e+00
1.305743883058487209e-01 1.088326788068921802e+00
1.313291096621690413e-01 1.081397690867945238e+00
1.320881933159741561e-01 1.068307263468870394e+00
1.328516644813900749e-01 1.052664010785225202e+00
1.336195485182806453e-01 1.037553929631356731e+00
1.343918709330900185e-01 1.024932693178485454e+00
1.351686573796898327e-01 1.014943191396591393e+00
1.359499336602315311e-01 1.003836162088285411e+00
1.367357257260030934e-01 9.887026213871069613e-01
1.375260596782912625e-01 9.717072457039483968e-01
1.383209617692485738e-01 9.568552195704919106e-01
1.391204584027652402e-01 9.457161999703992405e-01
1.399245761353461737e-01 9.384437403042467096e-01
1.407333416769932510e-01 9.358162710055076827e-01
1.415467818920924381e-01 9.386314166827279815e-01
1.423649238003061035e-01 9.463261482004636793e-01
1.431877945774705507e-01 9.498578764137037833e-01
1.440154215564987683e-01 9.401477565134127579e-01
1.448478322282882313e-01 9.212457594397731597e-01
1.456850542426340045e-01 9.008508820827592078e-01
1.465271154091474515e-01 8.836251762987371583e-01
1.473740436981796631e-01 8.725565353405753122e-01
1.482258672417506584e-01 8.692935255783426074e-01
1.490826143344838317e-01 8.758280758472843930e-01
1.499443134345459228e-01 8.931945389151673131e-01
1.508109931645919832e-01 9.197592772147560325e-01
1.516826823127164214e-01 9.495529022986716194e-01
1.525594098334091819e-01 9.677767051864353265e-01
1.534412048485173929e-01 9.695937537599140787e-01
1.543280966482127869e-01 9.673267084153041040e-01
1.552201146919646169e-01 9.695020482567924258e-01
1.561172886095181789e-01 9.746567506066725617e-01
1.570196482018790252e-01 9.796877571616443570e-01
1.579272234423027277e-01 9.803083688223043213e-01
1.588400444772908315e-01 9.792249642737983484e-01
1.597581416275917487e-01 9.621464138319946180e-01
1.606815453892082024e-01 9.194756299609148087e-01
1.616102864344102497e-01 8.659644025464174888e-01
1.625443956127538836e-01 8.202033564887526440e-01
1.634839039521058524e-01 7.862573915309368777e-01
1.644288426596743347e-01 7.544483780644657411e-01
1.653792431230455828e-01 7.176723386265958515e-01
1.663351369112262834e-01 6.787273574055948666e-01
1.672965557756923849e-01 6.461335154472925835e-01
1.682635316514438095e-01 6.236102173434104889e-01
1.692360966580649384e-01 6.100186087063457219e-01
1.702142831007917856e-01 6.016328868860195689e-01
1.711981234715850009e-01 5.956400388913307697e-01
1.721876504502090899e-01 5.951175307921496849e-01
1.731828969053178791e-01 6.002295794196476075e-01
1.741838958955464201e-01 6.081525083521276409e-01
1.751906806706090836e-01 6.185856088467959202e-01
1.762032846724038426e-01 6.320066025943320565e-01
1.772217415361232173e-01 6.495458132378627569e-01
1.782460850913716033e-01 6.712288330108169276e-01
1.792763493632887617e-01 6.922571181452055189e-01
1.803125685736800821e-01 7.078555844203493486e-01
1.813547771421535060e-01 7.205301380261983635e-01
1.824030096872625850e-01 7.356316884355904584e-01
1.834573010276564775e-01 7.553675657818005318e-01
1.845176861832364401e-01 7.782896761899555926e-01
1.855842003763193415e-01 8.008001781771231231e-01
1.866568790328071992e-01 8.227775086345140432e-01
1.877357577833641822e-01 8.507647485755466255e-01
1.888208724646001924e-01 8.878756197341159950e-01
1.899122591202609955e-01 9.161401088706324636e-01
1.910099540024255971e-01 9.156602544938334809e-01
1.921139935727104175e-01 9.017999274057614256e-01
1.932244145034804905e-01 8.913412346776639072e-01
1.943412536790674328e-01 8.847256423361961053e-01
1.954645481969946030e-01 8.823647588023453281e-01
1.965943353692096995e-01 8.859860598325879355e-01
1.977306527233236300e-01 8.938450081814947046e-01
1.988735380038573475e-01 8.984174872208587903e-01
2.000230291734956534e-01 8.958603965640502542e-01
2.011791644143479663e-01 8.910959757739667086e-01
2.023419821292166965e-01 8.906971634696937423e-01
2.035115209428728922e-01 8.978651215160102783e-01
2.046878197033392410e-01 9.121711800029755901e-01
2.058709174831803157e-01 9.297935654051513454e-01
2.070608535808005912e-01 9.490090673382995945e-01
2.082576675217497619e-01 9.764396762022453657e-01
2.094613990600355524e-01 1.012230414653088051e+00
2.106720881794442723e-01 1.027999495817760511e+00
2.118897750948690872e-01 1.014356702713837155e+00
2.131145002536455058e-01 1.000460119961740224e+00
2.143463043368951104e-01 1.003360573083724727e+00
2.155852282608767823e-01 1.029242851825199478e+00
2.168313131783459469e-01 1.082325409329756294e+00
2.180846004799212312e-01 1.155354980106314988e+00
2.193451317954595303e-01 1.229905156085796536e+00
2.206129489954388734e-01 1.309946998821976738e+00
2.218880941923488948e-01 1.391778165212087304e+00
2.231706097420899648e-01 1.447309046381378472e+00
2.244605382453801201e-01 1.429309175536120913e+00
2.257579225491697927e-01 1.347823504297305464e+00
2.270628057480653939e-01 1.251127515657023626e+00
2.283752311857605299e-01 1.165632394514288572e+00
2.296952424564759343e-01 1.094558496908950351e+00
2.310228834064072811e-01 1.036894929620552963e+00
2.323581981351817149e-01 9.932623043097562610e-01
2.337012309973229007e-01 9.599305529542431215e-01
2.350520266037238737e-01 9.323207984562923434e-01
2.364106298231291869e-01 9.093347074645641293e-01
2.377770857836252472e-01 8.904113835297334800e-01
2.391514398741393099e-01 8.678923507980896845e-01
2.405337377459470793e-01 8.395297581000943365e-01
2.419240253141889951e-01 8.167377415452047318e-01
2.433223487593957901e-01 8.072579517457770804e-01
2.447287545290218747e-01 8.056712332731620352e-01
2.461432893389885190e-01 8.020584629873958038e-01
2.475660001752356676e-01 7.948414531603399391e-01
2.489969342952823017e-01 7.905846116666036538e-01
2.504361392297964617e-01 7.835467474735526849e-01
2.518836627841739007e-01 7.627637212428614033e-01
2.533395530401260642e-01 7.446614814638866653e-01
2.548038583572773130e-01 7.386046528856247129e-01
2.562766273747711931e-01 7.415306982410386771e-01
2.577579090128856998e-01 7.358556204780966059e-01
2.592477524746588102e-01 7.101546200567460110e-01
2.607462072475227322e-01 6.747968168880819073e-01
2.622533231049470337e-01 6.399210007823358248e-01
2.637691501080930423e-01 6.090588999527478675e-01
2.652937386074759596e-01 5.850917733462307480e-01
2.668271392446371348e-01 5.661833782142339233e-01
2.683694029538270520e-01 5.472024717541873473e-01
2.699205809636965880e-01 5.289552093191135507e-01
2.714807247989985406e-01 5.187012544584501672e-01
2.730498862822996475e-01 5.233035911034816801e-01
2.746281175357012105e-01 5.363407013495787856e-01
2.762154709825712651e-01 5.501562420291497002e-01
2.778119993492854656e-01 5.658314850045813582e-01
2.794177556669779627e-01 5.741297666940241573e-01
2.810327932733039380e-01 5.782394528455421234e-01
2.826571658142107979e-01 5.839187959807222716e-01
2.842909272457196934e-01 5.916433851041253966e-01
2.859341318357184192e-01 6.003660713312704011e-01
2.875868341657639160e-01 6.107053336366979890e-01
2.892490891328946545e-01 6.215735020996638882e-01
2.909209519514548425e-01 6.339388162182425512e-01
2.926024781549284581e-01 6.541161595911075821e-01
2.942937235977828858e-01 6.835813510126809156e-01
2.959947444573255426e-01 7.175379794010922074e-01
2.977055972355692748e-01 7.318440378880576302e-01
2.994263387611086902e-01 7.003869176312389477e-01
3.011570261910088142e-01 6.548988553968196902e-01
3.028977170127025720e-01 6.196498192202299915e-01
3.046484690459013711e-01 5.994852719640794136e-01
3.064093404445150659e-01 5.932684919268844670e-01
3.081803896985833569e-01 5.999523302241638323e-01
3.099616756362194026e-01 6.098714533641274027e-01
3.117532574255635347e-01 6.111851880134968606e-01
3.135551945767480198e-01 6.099972818451546708e-01
3.153675469438748658e-01 6.101487025596111780e-01
3.171903747270033436e-01 6.147681006935955539e-01
3.190237384741493876e-01 6.275109002552559101e-01
3.208676990832974307e-01 6.481915575522302353e-01
3.227223178044230090e-01 6.770084123935952158e-01
3.245876562415266342e-01 7.066442187046969581e-01
3.264637763546810456e-01 7.259450280826094115e-01
3.283507404620888970e-01 7.314025718614025617e-01
3.302486112421523790e-01 7.245587821051903132e-01
3.321574517355558864e-01 7.142472447193111140e-01
3.340773253473591775e-01 6.978746133829316634e-01
3.360082958491044103e-01 6.843747102489884382e-01
3.379504273809338932e-01 6.855220953810677864e-01
3.399037844537201591e-01 7.008518432052041058e-01
3.418684319512097503e-01 7.323260249509755404e-01
3.438444351321779946e-01 7.797633622982580448e-01
3.458318596325960503e-01 8.215640102327425032e-01
3.478307714678123830e-01 8.619634833869740387e-01
3.498412370347446232e-01 9.064662446343662028e-01
3.518633231140849693e-01 9.116998563706530945e-01
3.538970968725191901e-01 8.719743120300591510e-01
3.559426258649572294e-01 8.203099907947078995e-01
3.579999780367765227e-01 7.826296924423370438e-01
3.600692217260801353e-01 7.636466532961714293e-01
3.621504256659661136e-01 7.587734655140133677e-01
3.642436589868098817e-01 7.609594687860974371e-01
3.663489912185618480e-01 7.648324267783945807e-01
3.684664922930561692e-01 7.643909607517395122e-01
3.705962325463332818e-01 7.521877307782129929e-01
3.727382827209774208e-01 7.322257887033776225e-01
3.748927139684648524e-01 7.200204260437319537e-01
3.770595978515288715e-01 7.269090022084454539e-01
3.792390063465359562e-01 7.562675593240634209e-01
3.814310118458763554e-01 8.016639160553611365e-01
3.836356871603694985e-01 8.453605219497311030e-01
3.858531055216822825e-01 8.433131432753889767e-01
3.880833405847607942e-01 7.940225016906031774e-01
3.903264664302779630e-01 7.307051835004547691e-01
3.925825575670940371e-01 6.762065224128112062e-01
3.948516889347303827e-01 6.362869036353785424e-01
3.971339359058604912e-01 6.098906475391993043e-01
3.994293742888124776e-01 5.920891165030186531e-01
4.017380803300868997e-01 5.849211584567022282e-01
4.040601307168905088e-01 5.934710971081995634e-01
4.063956025796829352e-01 6.219851105206514186e-01
4.087445734947380283e-01 6.686098944565543878e-01
4.111071214867221824e-01 7.194040797553102884e-01
4.134833250312844322e-01 7.651651258129751332e-01
4.158732630576643108e-01 7.992219904489843429e-01
4.182770149513134750e-01 8.148375182130810357e-01
4.206946605565314856e-01 8.272412206818036129e-01
4.231262801791195738e-01 8.391991917516329336e-01
4.255719545890473410e-01 8.072515536874198538e-01
4.280317650231349469e-01 7.334051641272434363e-01
4.305057931877529498e-01 6.546258715735741029e-01
4.329941212615355806e-01 5.905151941471181720e-01
4.354968318981098929e-01 5.439458600503119801e-01
4.380140082288422887e-01 5.180763774255520149e-01
4.405457338655994204e-01 5.070695843648440615e-01
4.430920929035247480e-01 5.087394775961043836e-01
4.456531699238333033e-01 5.187161832612838808e-01
4.482290499966203323e-01 5.302838727713167222e-01
4.508198186836865351e-01 5.407489635577715781e-01
4.534255620413813470e-01 5.476929895615818555e-01
4.560463666234608748e-01 5.559443521564043644e-01
4.586823194839622087e-01 5.711589349301089413e-01
4.613335081800964965e-01 5.945566343428246858e-01
4.640000207751556194e-01 6.223156768691129326e-01
4.666819458414390720e-01 6.523183051927010645e-01
4.693793724631949438e-01 6.840185516670977961e-01
4.720923902395786631e-01 7.190671153484914369e-01
4.748210892876304490e-01 7.624139607193279877e-01
4.775655602452679171e-01 8.152597900646640916e-01
4.803258942742961168e-01 8.735205094664112435e-01
4.831021830634371073e-01 9.233549860115692898e-01
4.858945188313745223e-01 9.045063060909073194e-01
4.887029943298164536e-01 8.296127676462498046e-01
4.915277028465775411e-01 7.577583069213187361e-01
4.943687382086768833e-01 7.117562673321948807e-01
4.972261947854541564e-01 6.970940502633387048e-01
5.001001674917054940e-01 7.083055811914807931e-01
5.029907517908354109e-01 7.316798210568863370e-01
5.058980436980275996e-01 7.578436143660830515e-01
5.088221397834349347e-01 7.509059864206301116e-01
5.117631371753864622e-01 7.188175910725560502e-01
5.147211335636141527e-01 6.875118915301938749e-01
5.176962272024980827e-01 6.658224736988823667e-01
5.206885169143288250e-01 6.620049655456820004e-01
5.236981020925914887e-01 6.796636066118826314e-01
5.267250827052667450e-01 7.163479405466308680e-01
5.297695592981502832e-01 7.699785983837981185e-01
5.328316329981945820e-01 8.376465962569233925e-01
5.359114055168668900e-01 8.922199013587358563e-01
5.390089791535270791e-01 9.184668694265775146e-01
5.421244567988269258e-01 9.353321512564705120e-01
5.452579419381275994e-01 9.418304458613876440e-01
5.484095386549359130e-01 9.315615621978904359e-01
5.515793516343632241e-01 9.218087885752171973e-01
5.547674861666017643e-01 9.320222223996176281e-01
5.579740481504216199e-01 9.263066236004124931e-01
5.611991440966896949e-01 8.866941116241311427e-01
5.644428811319066597e-01 8.360385509231171852e-01
5.677053670017649933e-01 8.039288287138520728e-01
5.709867100747291202e-01 7.877374756975966674e-01
5.742870193456336425e-01 7.877353430114776289e-01
5.776064044393048880e-01 7.977355082239673267e-01
5.809449756142023302e-01 8.156735311717707715e-01
5.843028437660793273e-01 8.403017904752108080e-01
5.876801204316687288e-01 8.560132891146672307e-01
5.910769177923870243e-01 8.377681593657124726e-01
5.944933486780595855e-01 7.636338571794567542e-01
5.979295265706701112e-01 6.664345546150659549e-01
6.013855656081297241e-01 5.964397961859956299e-01
6.048615805880666052e-01 5.581559476619175619e-01
6.083576869716416091e-01 5.353724618515044442e-01
6.118740008873820857e-01 5.319537660025769332e-01
6.154106391350390171e-01 5.349352611970876747e-01
6.189677191894675801e-01 5.298338760001852776e-01
6.225453592045292472e-01 5.196375036647378209e-01
6.261436780170150929e-01 5.112752413917218686e-01
6.297627951505950783e-01 5.074705293552361773e-01
6.334028308197864332e-01 5.122797365538209746e-01
6.370639059339481269e-01 5.194242350528271990e-01
6.407461421012968783e-01 5.131242802569870864e-01
6.444496616329448146e-01 4.967473835483693922e-01
6.481745875469649976e-01 4.708480433179419444e-01
6.519210435724759334e-01 4.476593471448986339e-01
6.556891541537508417e-01 4.293225118928222228e-01
6.594790444543533470e-01 4.172877641227051848e-01
6.632908403612935988e-01 4.119645795694156787e-01
6.671246684892090384e-01 4.168548288405265478e-01
6.709806561845721440e-01 4.352108582676748605e-01
6.748589315299192704e-01 4.635990431990994476e-01
6.787596233481042463e-01 4.824008040251410168e-01
6.826828612065795054e-01 4.774060531341939306e-01
6.866287754216984229e-01 4.723131986817680206e-01
6.905974970630435195e-01 4.816309043361436393e-01
6.945891579577818664e-01 4.912855743973380540e-01
6.986038906950429173e-01 4.975855291931782776e-01
7.026418286303216520e-01 5.132863644020391192e-01
7.067031058899108098e-01 5.250523937211488690e-01
7.107878573753529938e-01 5.158029340225845916e-01
7.148962187679240854e-01 5.011279208370138516e-01
7.190283265331394169e-01 4.925566553243254098e-01
7.231843179252852583e-01 5.086499047791018802e-01
7.273643309919801681e-01 5.722764624565206404e-01
7.315685045787596597e-01 6.620518846403022906e-01
7.357969783336865133e-01 7.315859828676456456e-01
7.400498927119919523e-01 7.655383458838187494e-01
7.443273889807401344e-01 7.760290289037028444e-01
7.486296092235191768e-01 7.839221002305154506e-01
7.529566963451627126e-01 7.816337280247144248e-01
7.573087940764960946e-01 7.384105784487859925e-01
7.616860469791092436e-01 6.727494382137397810e-01
7.660886004501606950e-01 6.220234988707953327e-01
7.705166007272060691e-01 5.890798963889596340e-01
7.749701948930545203e-01 5.728778799421085921e-01
7.794495308806568268e-01 5.816432198916356988e-01
7.839547574780165728e-01 5.910632944797284960e-01
7.884860243331343055e-01 5.795873104728171965e-01
7.930434819589780027e-01 5.783908735599986306e-01
7.976272817384808533e-01 5.887706569016891711e-01
8.022375759295721220e-01 5.801865952722861097e-01
8.068745176702336597e-01 5.871647442540021133e-01
8.115382609835852801e-01 6.448048519950893009e-01
8.162289607830032212e-01 7.353672353568212472e-01
8.209467728772645856e-01 7.909535663652090820e-01
8.256918539757219788e-01 8.006828804405722311e-01
8.304643616935105666e-01 7.966840939672478195e-01
8.352644545567829981e-01 7.855301455643216579e-01
8.400922920079733069e-01 7.784176373571020102e-01
8.449480344110958940e-01 7.782022360590722387e-01
8.498318430570707127e-01 7.898232427220827079e-01
8.547438801690798726e-01 8.241616219258139919e-01
8.596843089079587719e-01 8.896734741325228457e-01
8.646532933776126528e-01 9.655523135642074539e-01
8.696509986304700179e-01 1.029266311372509568e+00
8.746775906729644667e-01 1.023879146235646909e+00
8.797332364710471753e-01 1.004153932320032361e+00
8.848181039557355687e-01 9.822555112490483076e-01
8.899323620286901937e-01 9.960859807314529357e-01
8.950761805678236760e-01 1.051849324687726739e+00
9.002497304329459826e-01 1.095268681386612819e+00
9.054531834714387717e-01 1.115652895313031356e+00
9.106867125239620497e-01 1.098226717033813360e+00
9.159504914301977996e-01 1.095232425722588054e+00
9.212446950346235841e-01 1.089175597144325991e+00
9.265694991923183466e-01 1.089307823683710597e+00
9.319250807748065135e-01 1.105392542394010524e+00
9.373116176759319629e-01 1.074782098526477325e+00
9.427292888177655206e-01 1.006457233328667211e+00
9.481782741565508710e-01 8.966238981946903497e-01
9.536587546886805544e-01 8.250360232346475309e-01
9.591709124567069367e-01 7.929924142950747212e-01
9.647149305553922582e-01 7.543502745029868617e-01
9.702909931377862174e-01 7.055885390757393738e-01
9.758992854213467405e-01 6.721586841587473549e-01
9.815399936940907288e-01 6.676864413669812981e-01
9.872133053207802211e-01 6.635596937265105799e-01
9.929194087491489684e-01 6.550012243305367576e-01
9.986584935161608723e-01 6.677546873227927504e-01
1.004430750254303728e+00 6.704951889858443703e-01
1.010236370697924935e+00 6.667395287300981188e-01
1.016075547689597958e+00 6.492728294146171697e-01
1.021948475186527761e+00 6.480550656406073307e-01
1.027855348266994762e+00 6.598786774849330072e-01
1.033796363136834096e+00 6.613182406153297332e-01
1.039771717135951290e+00 6.847671244949040670e-01
1.045781608744880131e+00 7.051278788740124037e-01
1.051826237591374280e+00 6.987596781223608389e-01
1.057905804457035748e+00 6.995679661615020750e-01
1.064020511283988890e+00 6.905509692499204322e-01
1.070170561181583713e+00 6.794929917223541116e-01
1.076356158433145582e+00 6.692198426866187155e-01
1.082577508502760022e+00 6.557753893917723786e-01
1.088834818042095476e+00 6.388823826423309926e-01
1.095128294897270704e+00 6.517680721739715910e-01
1.101458148115757263e+00 6.720200595610054117e-01
1.107824587953321727e+00 6.662362148059890465e-01
1.114227825881013212e+00 6.661487746751056926e-01
1.120668074592185315e+00 6.358688971560336745e-01
1.127145548009560017e+00 5.973995049395934842e-01
1.133660461292336441e+00 5.830699869053178608e-01
1.140213030843336250e+00 5.937270194424922876e-01
1.146803474316190341e+00 6.325909585909672561e-01
1.153432010622570836e+00 6.804825580816193931e-01
1.160098859939462601e+00 6.968829143375472324e-01
1.166804243716473621e+00 6.876078624055537158e-01
1.173548384683194445e+00 6.764645774332230799e-01
1.180331506856595603e+00 6.871237426565165451e-01
1.187153835548465874e+00 7.320039893469906245e-01
1.194015597372901416e+00 7.776967894488440169e-01
1.200917020253827294e+00 7.971788771468805157e-01
1.207858333432573428e+00 7.981151263531682805e-01
1.214839767475487387e+00 7.988381069475453122e-01
1.221861554281590267e+00 7.703432877101653586e-01
1.228923927090283863e+00 7.229379406546695419e-01
1.236027120489096909e+00 6.825917846534155231e-01
1.243171370421473965e+00 6.628004574681086725e-01
1.250356914194617142e+00 6.721416226697944918e-01
1.257583990487367132e+00 6.825469982449143824e-01
1.264852839358128644e+00 7.077361539976794180e-01
1.272163702252848472e+00 7.416991804444480474e-01
1.279516822013033517e+00 7.748347246770033170e-01
1.286912442883815677e+00 8.250850750153870816e-01
1.294350810522067352e+00 8.635629979763037589e-01
1.301832172004561583e+00 8.864957718150543453e-01
1.309356775836174380e+00 8.634073118896089527e-01
1.316924871958146337e+00 8.115297220423471902e-01
1.324536711756377994e+00 7.814353882156374054e-01
1.332192548069784932e+00 7.703752780019519353e-01
1.339892635198694837e+00 7.717593912932519951e-01
1.347637228913291185e+00 7.810898930643421778e-01
1.355426586462114891e+00 7.748731130271472312e-01
1.363260966580605249e+00 7.413622160376291959e-01
1.371140629499693731e+00 7.522261191283569071e-01
1.379065836954451285e+00 7.623947665442559751e-01
1.387036852192779834e+00 7.106685974114506088e-01
1.395053939984155722e+00 6.376049036569862993e-01
1.403117366628427343e+00 6.195325214836790995e-01
1.411227399964658957e+00 6.345914181706890922e-01
1.419384309380025577e+00 6.470121821283644215e-01
1.427588365818764915e+00 6.762577068796697954e-01
1.435839841791175742e+00 7.413280930597235807e-01
1.444139011382666204e+00 7.927428900191393346e-01
1.452486150262864761e+00 8.154261395819544234e-01
1.460881535694769973e+00 8.306428550417782608e-01
1.469325446543965796e+00 8.350383211332563782e-01
1.477818163287882181e+00 8.717055935790518628e-01
1.486359968025109168e+00 9.577914687767795643e-01
1.494951144484772509e+00 1.049887253458148928e+00
1.503591978035954568e+00 1.113646037674952183e+00
1.512282755697172298e+00 1.078207192433761952e+00
1.521023766145914724e+00 1.027592152769011058e+00
1.529815299728230382e+00 9.937592201755079957e-01
1.538657648468367833e+00 9.469233003138135540e-01
1.547551106078482119e+00 9.194884260776295948e-01
1.556495967968387184e+00 8.945423965424426083e-01
1.565492531255366693e+00 8.636888264573309160e-01
1.574541094774047689e+00 8.607499849852024987e-01
1.583641959086324214e+00 8.698160336775235812e-01
1.592795426491339539e+00 8.477278035419391067e-01
1.602001801035530804e+00 7.748603169104325561e-01
1.611261388522727822e+00 7.298542417389313197e-01
1.620574496524306296e+00 7.127415683192219742e-01
1.629941434389411858e+00 7.056098659369303139e-01
1.639362513255227638e+00 7.090413579025724999e-01
1.648838046057315765e+00 7.619788927510302567e-01
1.658368347540009280e+00 8.563459881492478942e-01
1.667953734266863997e+00 9.216403063718078270e-01
1.677594524631179640e+00 9.323911770982228342e-01
1.687291038866571835e+00 9.166583515975753604e-01
1.697043599057607821e+00 9.045105714631456184e-01
1.706852529150509445e+00 9.375970639149615593e-01
1.716718154963911225e+00 9.531571418399614748e-01
1.726640804199680579e+00 9.515618926228699426e-01
1.736620806453807120e+00 9.584526014737024813e-01
1.746658493227349673e+00 9.914836440864216449e-01
1.756754197937443251e+00 1.000728838412747512e+00
1.766908255928380411e+00 9.510543133265224602e-01
1.777121004482747679e+00 9.232760766251624229e-01
1.787392782832625482e+00 8.267272433270989040e-01
1.797723932170862682e+00 7.147804162490877244e-01
1.808114795662403074e+00 6.406354506322364806e-01
1.818565718455690483e+00 6.121811524311195907e-01
1.829077047694130043e+00 6.522820495286761888e-01
1.839649132527616748e+00 6.859273057436979792e-01
1.850282324124138622e+00 6.274746445912311454e-01
1.860976975681438272e+00 5.632146791364378569e-01
1.871733442438742401e+00 5.156984324027484856e-01
1.882552081688566581e+00 4.989781732289546579e-01
1.893433252788581767e+00 4.934865064722558370e-01
1.904377317173546302e+00 5.194796848919239762e-01
1.915384638367318981e+00 5.654241419558320159e-01
1.926455581994929611e+00 5.671302908511171026e-01
1.937590515794722412e+00 5.637947697608347575e-01
1.948789809630575354e+00 5.898903171142200197e-01
1.960053835504184105e+00 6.095622138768569398e-01
1.971382967567415045e+00 6.557327356693902765e-01
1.982777582134739092e+00 6.924533252681632778e-01
1.994238057695728816e+00 6.895976585546799154e-01
2.005764774927627947e+00 6.817451082641303728e-01
2.017358116708002580e+00 6.593540366996328839e-01
2.029018468127450348e+00 6.777079334406620470e-01
2.040746216502401289e+00 7.263822287370261810e-01
2.052541751387976898e+00 7.507268407866251048e-01
2.064405464590929995e+00 8.064837866845415704e-01
2.076337750182662312e+00 8.969501991709135647e-01
2.088339004512313135e+00 1.011398667066636614e+00
2.100409626219920778e+00 1.182510472460896134e+00
2.112550016249669760e+00 1.309268804636100958e+00
2.124760577863207711e+00 1.400168152404651645e+00
2.137041716653034662e+00 1.413947437420197684e+00
2.149393840555982482e+00 1.201932844947597667e+00
2.161817359866763155e+00 1.056605214733333797e+00
2.174312687251592546e+00 9.756847053160817573e-01
2.186880237761905654e+00 9.838891488162838650e-01
2.199520428848138476e+00 1.110811697822659871e+00
2.212233680373592026e+00 1.322235536240267573e+00
2.225020414628386511e+00 1.536907455617274154e+00
2.237881056343477670e+00 1.653883156564138313e+00
2.250816032704775704e+00 1.668553904377470865e+00
2.263825773367328598e+00 1.597038540745477686e+00
2.276910710469592924e+00 1.459008962430795808e+00
2.290071278647793029e+00 1.266307975452822809e+00
2.303307915050354371e+00 1.139336374665707252e+00
2.316621059352423018e+00 1.025493589627810564e+00
2.330011153770474852e+00 9.240097206501348692e-01
2.343478643077001600e+00 8.307857450117583920e-01
2.357023974615280792e+00 7.530599994009274933e-01
2.370647598314243876e+00 7.851697216101926058e-01
2.384349966703414481e+00 8.282670427050937700e-01
2.398131534927939956e+00 8.094226281566699877e-01
2.411992760763713051e+00 8.287277029068206291e-01
2.425934104632577970e+00 8.047307186946360824e-01
2.439956029617617261e+00 6.868699530083429705e-01
2.454059001478542612e+00 6.035032526124758379e-01
2.468243488667162033e+00 5.586976499361705484e-01
2.482509962342935861e+00 5.236981380355163473e-01
2.496858896388636673e+00 5.198550376488866309e-01
2.511290767426078485e+00 5.436003648990167525e-01
2.525806054831960523e+00 5.959364822618864466e-01
2.540405240753779381e+00 6.593988231081341356e-01
2.555088810125852206e+00 6.888810760186602211e-01
2.569857250685421590e+00 7.643013879347371198e-01
2.584711052988855506e+00 7.726082003686562949e-01
2.599650710427946265e+00 7.302871770211099012e-01
2.614676719246288084e+00 7.423091286745124862e-01
2.629789578555775442e+00 7.829261358128927206e-01
2.644989790353173831e+00 8.149761428108229788e-01
2.660277859536794409e+00 7.787226114721341741e-01
2.675654293923265481e+00 7.586753619525345993e-01
2.691119604264405218e+00 7.548152000769520198e-01
2.706674304264172548e+00 7.329786269034220814e-01
2.722318910595750374e+00 6.892308365421936367e-01
2.738053942918694972e+00 6.531884411292963044e-01
2.753879923896200843e+00 6.053501587916219062e-01
2.769797379212459720e+00 6.182507771260962182e-01
2.785806837590128815e+00 6.644021047435575422e-01
2.801908830807877226e+00 6.673302827850905450e-01
2.818103893718070019e+00 6.303601689103820460e-01
2.834392564264522019e+00 6.352397547508973341e-01
2.850775383500368410e+00 6.720797747723404880e-01
2.867252895606037466e+00 7.696864203854806297e-01
2.883825647907329426e+00 8.376551270013998796e-01
2.900494190893583735e+00 8.772548428609665550e-01
2.917259078235983960e+00 8.446588682165451223e-01
2.934120866805935979e+00 7.863789546397259578e-01
2.951080116693567401e+00 7.342070541080273349e-01
2.968137391226336685e+00 6.966269920032545082e-01
2.985293256987731514e+00 7.199564454601588004e-01
3.002548283836107057e+00 7.750863816390578531e-01
3.019903044923603730e+00 7.639111063749406405e-01
3.037358116715186629e+00 6.875716067415289512e-01
3.054914079007794214e+00 6.554853440795739283e-01
3.072571514949601568e+00 7.083738271472922454e-01
3.090331011059376021e+00 6.930782023010615411e-01
3.108193157245980220e+00 6.501386999789743326e-01
3.126158546827951579e+00 6.604971564594738220e-01
3.144227776553216724e+00 6.887317879903227524e-01
3.162401446618910317e+00 6.877294255143427959e-01
3.180680160691316427e+00 7.165633418446606395e-01
3.199064525925907621e+00 7.486815947984021280e-01
3.217555152987530587e+00 7.347572871267568084e-01
3.236152656070678812e+00 7.545038279035625184e-01
3.254857652919894928e+00 8.024572752916686591e-01
3.273670764850296955e+00 7.953724920039974000e-01
3.292592616768199143e+00 7.983369257095552785e-01
3.311623837191892683e+00 9.341314489714136471e-01
3.330765058272506351e+00 9.553410124259262837e-01
3.350016915815009710e+00 8.551943376449304690e-01
3.369380049299332214e+00 8.644118070517080588e-01
3.388855101901607103e+00 7.953511651428063489e-01
3.408442720515521884e+00 7.244094940768528446e-01
3.428143555773827789e+00 6.936284353197909036e-01
3.447958262069935831e+00 6.647710594421629704e-01
3.467887497579658529e+00 6.144780553813971036e-01
3.487931924283071528e+00 5.678148830953502202e-01
3.508092207986506228e+00 5.346772061766758011e-01
3.528369018344649444e+00 5.180059987836215241e-01
3.548763028882812254e+00 5.297677627304929748e-01
3.569274917019284565e+00 5.568080900346423778e-01
3.589905364087840223e+00 5.564028796720121850e-01
3.610655055360374899e+00 5.686018442733004052e-01
3.631524680069651456e+00 5.769385143128872295e-01
3.652514931432215839e+00 5.877299060755653004e-01
3.673626506671410219e+00 5.850917733462307480e-01
3.694860107040534913e+00 5.738077310900390193e-01
3.716216437846141751e+00 5.672710481349780842e-01
3.737696208471465109e+00 5.448885073149570824e-01
3.759300132399972405e+00 5.563111741688905321e-01
3.781028927239082016e+00 5.556436434136103886e-01
3.802883314743989107e+00 5.393541868358759928e-01
3.824864020841640233e+00 5.888495662880961490e-01
3.846971775654848713e+00 6.306544795948186843e-01
3.869207313526548564e+00 6.221877157019665150e-01
3.891571373044171445e+00 6.728155514834320838e-01
3.914064697064205678e+00 7.406264393265374890e-01
3.936688032736852527e+00 7.548322615659048829e-01
3.959442131530850340e+00 7.276703711529663998e-01
3.982327749258438132e+00 6.810775775088501183e-01
4.005345646100446189e+00 6.869403316502734613e-01
4.028496586631570509e+00 6.687762439738447195e-01
4.051781339845751617e+00 6.480081465459871515e-01
4.075200679181723906e+00 6.545299006982143730e-01
4.098755382548707082e+00 6.838820597554748915e-01
4.122446232352245943e+00 6.613139752430915452e-01
4.146274015520188705e+00 6.126546087495611248e-01
4.170239523528843861e+00 6.445467969746774273e-01
4.194343552429258715e+00 6.662532762949419096e-01
4.218586902873665778e+00 6.734063055384246210e-01
4.242970380142073950e+00 7.295343388210653313e-01
4.267494794169023997e+00 6.767204997675159150e-01
4.292160959570472833e+00 6.537365414619066284e-01
4.316969695670882068e+00 6.502090786209048234e-01
4.341921826530410478e+00 6.416612726555266377e-01
4.367018180972294772e+00 6.187668871669199655e-01
4.392259592610382235e+00 6.127655084277546793e-01
4.417646899876805477e+00 6.154015084709700822e-01
4.443180946049855251e+00 6.118079323602759745e-01
4.468862579281975833e+00 5.736371162005104996e-01
4.494692652627942486e+00 6.521519556754107327e-01
4.520672024073195239e+00 6.815297069661006013e-01
4.546801556562344082e+00 6.088243044796461945e-01
4.573082118027814502e+00 5.899073786031728828e-01
4.599514581418703507e+00 5.867787280664438221e-01
4.626099824729760002e+00 5.488297112630655672e-01
4.652838731030551678e+00 5.242377076236501843e-01
4.679732188494796219e+00 5.816474852638739979e-01
4.706781090429870140e+00 6.076897154642816323e-01
4.733986335306464177e+00 6.174446217730740205e-01
4.761348826788450062e+00 6.059110552409469053e-01
4.788869473762884077e+00 5.937824692815890648e-01
4.816549190370198019e+00 5.880817992852178655e-01
4.844388896034566017e+00 5.804553137232935089e-01
4.872389515494448098e+00 5.572175657695107587e-01
4.900551978833287414e+00 5.237770474219233252e-01
4.928877221510434836e+00 5.061631927642239459e-01
4.957366184392200559e+00 5.606831807130585599e-01
4.986019813783113541e+00 5.982205890954493954e-01
5.014839061457356806e+00 5.419965849374488442e-01
5.043824884690362609e+00 5.009338464001752422e-01
5.072978246290641202e+00 4.961267718877094279e-01
5.102300114631742822e+00 4.920640048308118630e-01
5.131791463684423960e+00 4.881270662549415662e-01
5.161453273049005475e+00 4.565419848309766326e-01
5.191286527987911903e+00 4.540787323634087325e-01
5.221292219458380401e+00 4.677236581534511273e-01
5.251471344145405951e+00 5.300450119259767501e-01
5.281824904494829553e+00 5.299810313424037078e-01
5.312353908746639597e+00 5.760726437485299556e-01
5.343059370968462396e+00 7.573275043252593042e-01
5.373942311089249912e+00 6.982648949427281426e-01
5.405003754933139781e+00 7.072520342486423583e-01
5.436244734253559585e+00 7.587372098499886031e-01
5.467666286767478567e+00 8.408541561800593200e-01
5.499269456189878724e+00 7.827533882372451624e-01
5.531055292268432844e+00 7.438254685051970405e-01
5.563024850818350409e+00 8.337949651258174111e-01
5.595179193757479297e+00 9.448354006032083641e-01
5.627519389141558470e+00 9.220924358290583100e-01
5.660046511199702479e+00 1.028745935959447744e+00
5.692761640370078702e+00 9.503569249655747786e-01
5.725665863335805739e+00 9.265753420514198924e-01
5.758760273061025892e+00 1.109026639540967807e+00
5.792045968827241431e+00 1.088783182898410473e+00
5.825524056269808071e+00 1.082319011271399178e+00
5.859195647414667363e+00 1.076759098558888850e+00
5.893061860715279821e+00 1.035022431207977656e+00
5.927123821089786304e+00 1.135964597911400142e+00
5.961382659958350594e+00 1.179588692477720357e+00
5.995839515280771082e+00 1.063120570827203792e+00
6.030495531594262104e+00 9.960241328339989320e-01
6.065351860051475086e+00 9.915668188450666998e-01
6.100409658458743500e+00 1.003529055287134319e+00
6.135670091314512575e+00 1.053777272939398824e+00
6.171134329848062094e+00 1.061819632294548787e+00
6.206803552058381079e+00 1.074500583958755140e+00
6.242678942753306259e+00 9.449505656536401066e-01
6.278761693588877257e+00 8.345904570482440832e-01
6.315053003108923591e+00 8.036067931098670458e-01
6.351554076784851510e+00 7.336248307975112848e-01
6.388266127055725718e+00 7.014340665157201560e-01
6.425190373368511843e+00 7.120740375639417197e-01
6.462328042218596025e+00 7.565597373223810207e-01
6.499680367190518560e+00 7.085167171172723766e-01
6.537248588998957999e+00 6.972667978389863741e-01
6.575033955529916874e+00 7.395792904420562808e-01
6.613037721882214726e+00 7.674343038437042575e-01
6.651261150409145451e+00 7.320807660472783418e-01
6.689705510760421525e+00 7.254587756474530913e-01
6.728372079924347382e+00 6.740525094325137134e-01
6.767262142270216607e+00 6.648584995730463243e-01
6.806376989591010229e+00 6.805934577598129476e-01
6.845717921146279750e+00 7.326373971243651528e-01
6.885286243705309062e+00 7.224858111974189478e-01
6.925083271590525058e+00 7.012613189400725977e-01
6.965110326721157818e+00 7.519147469549674057e-01
7.005368738657123728e+00 7.689122553242450087e-01
7.045859844643230119e+00 7.680186598403393461e-01
7.086584989653569089e+00 7.582274978675221933e-01
7.127545526436194656e+00 7.700276501645375582e-01
7.168742815558059256e+00 7.644314817880025759e-01
7.210178225450215805e+00 7.818597927533396108e-01
7.251853132453240036e+00 7.660245983189749586e-01
7.293768920862992111e+00 7.711387796325920307e-01
7.335926982976571864e+00 8.331466285456090581e-01
7.378328719138569802e+00 7.558516855308377025e-01
7.420975537787583676e+00 7.450389669069685805e-01
7.463868855503007715e+00 7.319783971135612743e-01
7.507010097052058128e+00 6.604992891455929716e-01
7.550400695437144982e+00 6.379717256694725780e-01
7.594042091943437711e+00 6.103555731131644624e-01
7.637935736186750368e+00 5.846609707501712050e-01
7.682083086161699548e+00 6.213772949767061293e-01
7.726485608290103890e+00 5.936438446838471217e-01
7.771144777469737974e+00 5.207571638772686695e-01
7.816062077123293150e+00 5.247516849783547821e-01
7.861238999247660786e+00 6.045546668691952341e-01
7.906677044463489068e+00 6.546770560404325812e-01
7.952377722065040011e+00 6.746262019985533875e-01
7.998342550070284496e+00 9.267822126049731768e-01
