2.511886431509579437e-02 7.888375287956630455e-01
2.526405161860213050e-02 7.847400107539381775e-01
2.541007810627042562e-02 7.826585988512557712e-01
2.555694862859406516e-02 7.791689267634116511e-01
2.570466806410236227e-02 7.758240995103077298e-01
2.585324131952258450e-02 7.722356315236236224e-01
2.600267332994290678e-02 7.686881889525594147e-01
2.615296905897638788e-02 7.651616777159953031e-01
2.630413349892583852e-02 7.617138682971512642e-01
2.645617167094958117e-02 7.583564822433473962e-01
2.660908862522835469e-02 7.550995665951435454e-01
2.676288944113292337e-02 7.519573546599999103e-01
2.691757922739292791e-02 7.489524522791762839e-01
2.707316312226650673e-02 7.460865339594329182e-01
2.722964629371095457e-02 7.433495526602097447e-01
2.738703393955444973e-02 7.407440201416467529e-01
2.754533128766867636e-02 7.382632383767038231e-01
2.770454359614242176e-02 7.359055328586210365e-01
2.786467615345633933e-02 7.336709035873985041e-01
2.802573427865854422e-02 7.315794446441560295e-01
2.818772332154127064e-02 7.296520873633937088e-01
2.835064866281864979e-02 7.278838082248316743e-01
2.851451571430539678e-02 7.262637229345297873e-01
2.867932991909653145e-02 7.247893197323480585e-01
2.884509675174826843e-02 7.234547378446265498e-01
2.901182171845980567e-02 7.222574655112250497e-01
2.917951035725619563e-02 7.212100615328438380e-01
2.934816823817239240e-02 7.203719708994629212e-01
2.951780096343814899e-02 7.197448681178421070e-01
2.968841416766421215e-02 7.193011238264416241e-01
2.986001351802944001e-02 7.190306909847014039e-01
3.003260471446899879e-02 7.189226852986811966e-01
3.020619348986378766e-02 7.189653852210613483e-01
3.038078561023081769e-02 7.191889318735215086e-01
3.055638687491469066e-02 7.197180760096821839e-01
3.073300311678033025e-02 7.205712372039030367e-01
3.091064020240668481e-02 7.216705508918445089e-01
3.108930403228154019e-02 7.230051327795660177e-01
3.126900054099761295e-02 7.245632613197477978e-01
3.144973569744963920e-02 7.263491227792898686e-01
3.163151550503255638e-02 7.283836484926922150e-01
3.181434600184106232e-02 7.306936305681149824e-01
3.199823326087009728e-02 7.332631611913380532e-01
3.218318339021652985e-02 7.360721462812412907e-01
3.236920253328214730e-02 7.391122133040248787e-01
3.255629686897762443e-02 7.423775014860286570e-01
3.274447261192782455e-02 7.458629873069727578e-01
3.293373601267822470e-02 7.497344469360972541e-01
3.312409335790250653e-02 7.540856527519623764e-01
3.331555097061136145e-02 7.588295304030479027e-01
3.350811521036261426e-02 7.639501720751338265e-01
3.370179247347232510e-02 7.694241346735802844e-01
3.389658919322740410e-02 7.752455574247271164e-01
3.409251184009919750e-02 7.816689653560946471e-01
3.428956692195841288e-02 7.890376323534832315e-01
3.448776098429136294e-02 7.973222545485929569e-01
3.468710061041735404e-02 8.064298968162435521e-01
3.488759242170727526e-02 8.163454885955951923e-01
3.508924307780367929e-02 8.270564710859477087e-01
3.529205927684192501e-02 8.393465134509821013e-01
3.549604775567258980e-02 8.545845249669999921e-01
3.570121529008542238e-02 8.730208443946215757e-01
3.590756869503420462e-02 8.943875506522465102e-01
3.611511482486330638e-02 9.189107021524751673e-01
3.632386057353523962e-02 9.467242594361077179e-01
3.653381287485973905e-02 9.836555060279509322e-01
3.674497870272393912e-02 1.038353269343414986e+00
3.695736507132423021e-02 1.114593562126304116e+00
3.717097903539903075e-02 1.218463216449225728e+00
3.738582769046329413e-02 1.361240035340792742e+00
3.760191817304411876e-02 1.559267204778624460e+00
3.781925766091774610e-02 1.784111599977887375e+00
3.803785337334809891e-02 1.918582865339844901e+00
3.825771257132654091e-02 1.907430650318231669e+00
3.847884255781295476e-02 1.828611617124939581e+00
3.870125067797849233e-02 1.799458454433305432e+00
3.892494431944945599e-02 1.851100242911766003e+00
3.914993091255265789e-02 1.860686794112777154e+00
3.937621793056233360e-02 1.737284018434432697e+00
3.960381288994833243e-02 1.535932953077997265e+00
3.983272335062570252e-02 1.325464198413350836e+00
4.006295691620595512e-02 1.148376736009343535e+00
4.029452123424955012e-02 1.037222977280413572e+00
4.052742399651988042e-02 9.681412008965327720e-01
4.076167293923887297e-02 9.160975307956720215e-01
4.099727584334383890e-02 8.756581925416244694e-01
4.123424053474603751e-02 8.427959973765861701e-01
4.147257488459059338e-02 8.180492992238972416e-01
4.171228680951784978e-02 8.001052847837162307e-01
4.195338427192649156e-02 7.864513566626601948e-01
4.219587528023795858e-02 7.761196499534480653e-01
4.243976788916238585e-02 7.684612932865791946e-01
4.268507019996626434e-02 7.638957506054339097e-01
4.293179036074151744e-02 7.625184687953322493e-01
4.317993656667604152e-02 7.637969547065937004e-01
4.342951706032609216e-02 7.675880380112382051e-01
4.368054013188996804e-02 7.738155286516854581e-01
4.393301411948334623e-02 7.830738765277363012e-01
4.418694740941636612e-02 7.968550671625523885e-01
4.444234843647213579e-02 8.164660530823153461e-01
4.469922568418681352e-02 8.448640132251885593e-01
4.495758768513159753e-02 8.823897097168325043e-01
4.521744302119593689e-02 9.117856758886668800e-01
4.547880032387276866e-02 9.137783389330692563e-01
4.574166827454511502e-02 8.923195348036441210e-01
4.600605560477452616e-02 8.557734247666013427e-01
4.627197109659098723e-02 8.181213030145773057e-01
4.653942358278480296e-02 7.860193339185796990e-01
4.680842194719982141e-02 7.597170189858489797e-01
4.707897512502866311e-02 7.384934830562041030e-01
4.735109210310945588e-02 7.221126206764848510e-01
4.762478192022426976e-02 7.117767277003729243e-01
4.790005366739954334e-02 7.064710530313066394e-01
4.817691648820784933e-02 7.046717955176845516e-01
4.845537957907175564e-02 7.060574498615861394e-01
4.873545218956924774e-02 7.096040551792702766e-01
4.901714362274099679e-02 7.140540568939754973e-01
4.930046323539925834e-02 7.193580570562817522e-01
4.958542043843887359e-02 7.257479748524492402e-01
4.987202469714965836e-02 7.325087958959570766e-01
5.016028553153097091e-02 7.377541883216631735e-01
5.045021251660784106e-02 7.415427598661675779e-01
5.074181528274907677e-02 7.451236925724318283e-01
5.103510351598705003e-02 7.479862618786552453e-01
5.133008695833959217e-02 7.456880013505524651e-01
5.162677540813340182e-02 7.371664364489025623e-01
5.192517872032970105e-02 7.255813614298289860e-01
5.222530680685147364e-02 7.119533881635531358e-01
5.252716963691266006e-02 6.964734104207149779e-01
5.283077723734942721e-02 6.798489073074155398e-01
5.313613969295318679e-02 6.633952038836362641e-01
5.344326714680543849e-02 6.476364207652577365e-01
5.375216980061491706e-02 6.333185507138610060e-01
5.406285791505632127e-02 6.203687526853859380e-01
5.437534181011107609e-02 6.084261704730519194e-01
5.468963186541032917e-02 5.974790825295391850e-01
5.500573852057948770e-02 5.876765199564876196e-01
5.532367227558519784e-02 5.788719634123973279e-01
5.564344369108398941e-02 5.708092133629879550e-01
5.596506338877313413e-02 5.635142246630393537e-01
5.628854205174332881e-02 5.570556520897117503e-01
5.661389042483377931e-02 5.513271644637450786e-01
5.694111931498885282e-02 5.461788934301190501e-01
5.727023959161724881e-02 5.417381015025939384e-01
5.760126218695296035e-02 5.380617219110095384e-01
5.793419809641841417e-02 5.350099333409059632e-01
5.826905837898961604e-02 5.324898006671030526e-01
5.860585415756369709e-02 5.305163944504407425e-01
5.894459661932811845e-02 5.290872029307790436e-01
5.928529701613251268e-02 5.281637124526379345e-01
5.962796666486229469e-02 5.275994036745172977e-01
5.997261694781454155e-02 5.271740789574769215e-01
6.031925931307623168e-02 5.269572303320566586e-01
6.066790527490428103e-02 5.271096104472168253e-01
6.101856641410823012e-02 5.269362989975565625e-01
6.137125437843479747e-02 5.262522629860958423e-01
6.172598088295483398e-02 5.256276719646150175e-01
6.208275771045231733e-02 5.246204561484738571e-01
6.244159671181598315e-02 5.226420264115315684e-01
6.280250980643269088e-02 5.200540762139485018e-01
6.316550898258359303e-02 5.173062106207853006e-01
6.353060629784218483e-02 5.139203579520613685e-01
6.389781387947492119e-02 5.100514100830768616e-01
6.426714392484385308e-02 5.063423776096724893e-01
6.463860870181208085e-02 5.026082275348681128e-01
6.501222054915094251e-02 4.987769560679836123e-01
6.538799187695008841e-02 4.951223450642793233e-01
6.576593516702965159e-02 4.916460690305152204e-01
6.614606297335466623e-02 4.883104515645914079e-01
6.652838792245242827e-02 4.852377316599877366e-01
6.691292271383147972e-02 4.825769404183446465e-01
6.729968012040381253e-02 4.804251992317421505e-01
6.768867298890894613e-02 4.788176727421402101e-01
6.807991424034069705e-02 4.777836648178390155e-01
6.847341687037629410e-02 4.774018772765586394e-01
6.886919394980822728e-02 4.776522160371789449e-01
6.926725862497820629e-02 4.784869576570398575e-01
6.966762411821400547e-02 4.799169864300815158e-01
7.007030372826857090e-02 4.819196965150439049e-01
7.047531083076181979e-02 4.844607605233468561e-01
7.088265887862478520e-02 4.874983157859904548e-01
7.129236140254673060e-02 4.910281760360745706e-01
7.170443201142430445e-02 4.950578765540192827e-01
7.211888439281383123e-02 4.995388566437845013e-01
7.253573231338585059e-02 5.044995829202904014e-01
7.295498961938230720e-02 5.099995003735167121e-01
7.337667023707672431e-02 5.160511678041638239e-01
7.380078817323644513e-02 5.227441713238916154e-01
7.422735751558823258e-02 5.301831676052003450e-01
7.465639243328600627e-02 5.384987681753701239e-01
7.508790717738160481e-02 5.478115375211209948e-01
7.552191608129793510e-02 5.582504126629732610e-01
7.595843356130543844e-02 5.699853560370669037e-01
7.639747411700059665e-02 5.831427929037823477e-01
7.683905233178781047e-02 5.979253385810795463e-01
7.728318287336367887e-02 6.146938492757392236e-01
7.772988049420428980e-02 6.339180241339417154e-01
7.817916003205507836e-02 6.572723699156890476e-01
7.863103641042397396e-02 6.866674988341434638e-01
7.908552463907676799e-02 7.240089995821872293e-01
7.954263981453599253e-02 7.740600066386457145e-01
8.000239712058217212e-02 8.415652349079847383e-01
8.046481182875830918e-02 9.058160592892600116e-01
8.092989929887701994e-02 9.285391160224865104e-01
8.139767497953076525e-02 9.077919772660622000e-01
8.186815440860513438e-02 8.560329733144016462e-01
8.234135321379483508e-02 7.929157900096477363e-01
8.281728711312283386e-02 7.362337361835814553e-01
8.329597191546232737e-02 6.911660612448886631e-01
8.377742352106211376e-02 6.544784553866258570e-01
8.426165792207447602e-02 6.248514072819111309e-01
8.474869120308657633e-02 6.002085285483423904e-01
8.523853954165466762e-02 5.788878712266173343e-01
8.573121920884146929e-02 5.602263306397755604e-01
8.622674656975649887e-02 5.435825706987360562e-01
8.672513808409994251e-02 5.286602037069786375e-01
8.722641030670905127e-02 5.152951280020229285e-01
8.773057988810836760e-02 5.034973906244292197e-01
8.823766357506258873e-02 4.932912719222172226e-01
8.874767821113291322e-02 4.846977032298871446e-01
8.926064073723644077e-02 4.778606921287991693e-01
8.977656819220893036e-02 4.728514051562532905e-01
9.029547771337091688e-02 4.699771143027098863e-01
9.081738653709675591e-02 4.695810934539694781e-01
9.134231199938727674e-02 4.721171339419924506e-01
9.187027153644546085e-02 4.787481807116001908e-01
9.240128268525588107e-02 4.909352409108944659e-01
9.293536308416693037e-02 5.124333959491796930e-01
9.347253047347692245e-02 5.468964195767799241e-01
9.401280269602330097e-02 5.762220564646942655e-01
9.455619769777530437e-02 5.758486414572138168e-01
9.510273352842993355e-02 5.507996948343445442e-01
9.565242834201181932e-02 5.144051276590818622e-01
9.620530039747586526e-02 4.852929903830678349e-01
9.676136805931405405e-02 4.679141219743875313e-01
9.732064979816532069e-02 4.575790662516553975e-01
9.788316419142908953e-02 4.460517617158019088e-01
9.844892992388228070e-02 4.323258298040658087e-01
9.901796578830000806e-02 4.203874338586319204e-01
9.959029068607995472e-02 4.094520674624390622e-01
1.001659236278700377e-01 3.985300971203263320e-01
1.007448837341998471e-01 3.874590956765733840e-01
1.013271902361159299e-01 3.766166644055606860e-01
1.019128624758204177e-01 3.660237346417882787e-01
1.025019199073136378e-01 3.558979922640564397e-01
1.030943820970401520e-01 3.462519960730651714e-01
1.036902687245389171e-01 3.374976747317748882e-01
1.042895995830967204e-01 3.297505692066258765e-01
1.048923945804057928e-01 3.231923634810781598e-01
1.054986737392250712e-01 3.177870556597918728e-01
1.061084571980452224e-01 3.134852477933467996e-01
1.067217652117575799e-01 3.101010696313828419e-01
1.073386181523270227e-01 3.074695822580397753e-01
1.079590365094685589e-01 3.054425918250573968e-01
1.085830408913279893e-01 3.038199947746155205e-01
1.092106520251663743e-01 3.024544345118339028e-01
1.098418907580486492e-01 3.011332486781923556e-01
1.104767780575359459e-01 2.995994004860305648e-01
1.111153350123821049e-01 2.976117609619082227e-01
1.117575828332342536e-01 2.949459461999851539e-01
1.124035428533372433e-01 2.917149854065613224e-01
1.130532365292423180e-01 2.880201862406169822e-01
1.137066854415197809e-01 2.841637971723324774e-01
1.143639112954759340e-01 2.802839650094079982e-01
1.150249359218739331e-01 2.765523266947436110e-01
1.156897812776589568e-01 2.730484212994395143e-01
1.163584694466876512e-01 2.698969995771158259e-01
1.170310226404614878e-01 2.673040258592527252e-01
1.177074631988646730e-01 2.656320308593908552e-01
1.183878135909062629e-01 2.649027831654099385e-01
1.190720964154663303e-01 2.649798104763700923e-01
1.197603344020467531e-01 2.626154069312472972e-01
1.204525504115261381e-01 2.556377372623191424e-01
1.211487674369193246e-01 2.484984776910507953e-01
1.218490086041408849e-01 2.425296983450237753e-01
1.225532971727734816e-01 2.375873916428779820e-01
1.232616565368404721e-01 2.333056778575529899e-01
1.239741102255828148e-01 2.293839830256283741e-01
1.246906819042407494e-01 2.257327210354441172e-01
1.254113953748399735e-01 2.222154195860600312e-01
1.261362745769819826e-01 2.191276291206163962e-01
1.268653435886395453e-01 2.165748435649934023e-01
1.275986266269562852e-01 2.149974581970715559e-01
1.283361480490512463e-01 2.154093868600320538e-01
1.290779323528278288e-01 2.211027098440387362e-01
1.298240041777875831e-01 2.365885483605368322e-01
1.305743883058487209e-01 2.552726947886386766e-01
1.313291096621690413e-01 2.547083860105180397e-01
1.320881933159741561e-01 2.455990692361073868e-01
1.328516644813900749e-01 2.393138081124400185e-01
1.336195485182806453e-01 2.362929979173964690e-01
1.343918709330900185e-01 2.364897524616967062e-01
1.351686573796898327e-01 2.391840338385398945e-01
1.359499336602315311e-01 2.437428784926452263e-01
1.367357257260030934e-01 2.494897856929719215e-01
1.375260596782912625e-01 2.556176431811991168e-01
1.383209617692485738e-01 2.614231581181258868e-01
1.391204584027652402e-01 2.637180696327086071e-01
1.399245761353461737e-01 2.598541452840040789e-01
1.407333416769932510e-01 2.506627776783533212e-01
1.415467818920924381e-01 2.388248521385194501e-01
1.423649238003061035e-01 2.276374724749463674e-01
1.431877945774705507e-01 2.184720597240756568e-01
1.440154215564987683e-01 2.116450956635476388e-01
1.448478322282882313e-01 2.066818576269018326e-01
1.456850542426340045e-01 2.029518938189974753e-01
1.465271154091474515e-01 1.993014690821932056e-01
1.473740436981796631e-01 1.949226339047880896e-01
1.482258672417506584e-01 1.896119357154418539e-01
1.490826143344838317e-01 1.825605877490736051e-01
1.499443134345459228e-01 1.737920331003233732e-01
1.508109931645919832e-01 1.646358301366326327e-01
1.516826823127164214e-01 1.561259867823026615e-01
1.525594098334091819e-01 1.490126820658143614e-01
1.534412048485173929e-01 1.435336959470879525e-01
1.543280966482127869e-01 1.395215777501232490e-01
1.552201146919646169e-01 1.354349440023384643e-01
1.561172886095181789e-01 1.293389021425513374e-01
1.570196482018790252e-01 1.219794449323427232e-01
1.579272234423027277e-01 1.148293010671343622e-01
1.588400444772908315e-01 1.087257239269272258e-01
1.597581416275917487e-01 1.038051858126614602e-01
1.606815453892082024e-01 1.000283358154770430e-01
1.616102864344102497e-01 9.733405443863389628e-02
1.625443956127538836e-01 9.563108106371190353e-02
1.634839039521058524e-01 9.468833375783078377e-02
1.644288426596743347e-01 9.463726130165073247e-02
1.653792431230455828e-01 9.593584129403225080e-02
1.663351369112262834e-01 9.894911620865579072e-02
1.672965557756923849e-01 1.037767191977414238e-01
1.682635316514438095e-01 1.102897132407690550e-01
1.692360966580649384e-01 1.178769033703379182e-01
1.702142831007917856e-01 1.237594456182248143e-01
1.711981234715850009e-01 1.246276773732858389e-01
1.721876504502090899e-01 1.219199999423626612e-01
1.731828969053178791e-01 1.194425671909397496e-01
1.741838958955464201e-01 1.184520964423985967e-01
1.751906806706090836e-01 1.183039025941384353e-01
1.762032846724038426e-01 1.179572796948180208e-01
1.772217415361232173e-01 1.171225380749570527e-01
1.782460850913716033e-01 1.163865923539361691e-01
1.792763493632887617e-01 1.163145885632561050e-01
1.803125685736800821e-01 1.170086716152768935e-01
1.813547771421535060e-01 1.183457652631384749e-01
1.824030096872625850e-01 1.203007519054407615e-01
1.834573010276564775e-01 1.229431235727238558e-01
1.845176861832364401e-01 1.249902080868262461e-01
1.855842003763193415e-01 1.243086838355054596e-01
1.866568790328071992e-01 1.222122013719829925e-01
1.877357577833641822e-01 1.203484753481008085e-01
1.888208724646001924e-01 1.192508361669195466e-01
1.899122591202609955e-01 1.191428304808994088e-01
1.910099540024255971e-01 1.202965656385407700e-01
1.921139935727104175e-01 1.232436975361441978e-01
1.932244145034804905e-01 1.289412067870508716e-01
1.943412536790674328e-01 1.383678425924819155e-01
1.954645481969946030e-01 1.447426898278093566e-01
1.965943353692096995e-01 1.416649464029257621e-01
1.977306527233236300e-01 1.364413225650996375e-01
1.988735380038573475e-01 1.319092700191543677e-01
2.000230291734956534e-01 1.292476415241312349e-01
2.011791644143479663e-01 1.286029564215304677e-01
2.023419821292166965e-01 1.298730697989919636e-01
2.035115209428728922e-01 1.331257991802957674e-01
2.046878197033392410e-01 1.378370239495612659e-01
2.058709174831803157e-01 1.410177495401850056e-01
2.070608535808005912e-01 1.408017381681447577e-01
2.082576675217497619e-01 1.397233558147034926e-01
2.094613990600355524e-01 1.405304680730244393e-01
2.106720881794442723e-01 1.452626241767899784e-01
2.118897750948690872e-01 1.548583851649812104e-01
2.131145002536455058e-01 1.640070528482518997e-01
2.143463043368951104e-01 1.658891984464941072e-01
2.155852282608767823e-01 1.645588028256725344e-01
2.168313131783459469e-01 1.594029965116265102e-01
2.180846004799212312e-01 1.496816475164351179e-01
2.193451317954595303e-01 1.405254445527444329e-01
2.206129489954388734e-01 1.334481417315961649e-01
2.218880941923488948e-01 1.280955808732498757e-01
2.231706097420899648e-01 1.240457862741851380e-01
2.244605382453801201e-01 1.209764153831015404e-01
2.257579225491697927e-01 1.186488509866988200e-01
2.270628057480653939e-01 1.169902520409168839e-01
2.283752311857605299e-01 1.161982103434359564e-01
2.296952424564759343e-01 1.165716253509163913e-01
2.310228834064072811e-01 1.185659629020787281e-01
2.323581981351817149e-01 1.232822111916242608e-01
2.337012309973229007e-01 1.321972851818746797e-01
2.350520266037238737e-01 1.425767153337468285e-01
2.364106298231291869e-01 1.452098772138499250e-01
2.377770857836252472e-01 1.454175160520901622e-01
2.391514398741393099e-01 1.451437341968298267e-01
2.405337377459470793e-01 1.427458405165070165e-01
2.419240253141889951e-01 1.410068652462449779e-01
2.433223487593957901e-01 1.430405537062673649e-01
2.447287545290218747e-01 1.494957772660749362e-01
2.461432893389885190e-01 1.572529298317839885e-01
2.475660001752356676e-01 1.664560189847547889e-01
2.489969342952823017e-01 1.770330409343071343e-01
2.504361392297964617e-01 1.822750843464932824e-01
2.518836627841739007e-01 1.846997701349761267e-01
2.533395530401260642e-01 1.877080215293196186e-01
2.548038583572773130e-01 1.912864424754438242e-01
2.562766273747711931e-01 1.913216071174038690e-01
2.577579090128856998e-01 1.842242102151355476e-01
2.592477524746588102e-01 1.763255618282063009e-01
2.607462072475227322e-01 1.699775067010388940e-01
2.622533231049470337e-01 1.649422648737129959e-01
2.637691501080930423e-01 1.601431284995473714e-01
2.652937386074759596e-01 1.554260429566218793e-01
2.668271392446371348e-01 1.518643670780976951e-01
2.683694029538270520e-01 1.503933128894359705e-01
2.699205809636965880e-01 1.494949400126949213e-01
2.714807247989985406e-01 1.482708755711334980e-01
2.730498862822996475e-01 1.477492667153928740e-01
2.746281175357012105e-01 1.468684761596318611e-01
2.762154709825712651e-01 1.442445240667087625e-01
2.778119993492854656e-01 1.400398375923438687e-01
2.794177556669779627e-01 1.349367782412378980e-01
2.810327932733039380e-01 1.302280652321123888e-01
2.826571658142107979e-01 1.276995600245094120e-01
2.842909272457196934e-01 1.288139442732907369e-01
2.859341318357184192e-01 1.332271068392758828e-01
2.875868341657639160e-01 1.397660557370835333e-01
2.892490891328946545e-01 1.475173475291326197e-01
2.909209519514548425e-01 1.552661275610416891e-01
2.926024781549284581e-01 1.628315491027305384e-01
2.942937235977828858e-01 1.701650514581591056e-01
2.959947444573255426e-01 1.762301149428862068e-01
2.977055972355692748e-01 1.805737854783313057e-01
2.994263387611086902e-01 1.820172103054529811e-01
3.011570261910088142e-01 1.805176895018712202e-01
3.028977170127025720e-01 1.804289406435911347e-01
3.046484690459013711e-01 1.847617268850961780e-01
3.064093404445150659e-01 1.908937706402233647e-01
3.081803896985833569e-01 1.897258021751219992e-01
3.099616756362194026e-01 1.833576529668345390e-01
3.117532574255635347e-01 1.804858738734311796e-01
3.135551945767480198e-01 1.833316981120545197e-01
3.153675469438748658e-01 1.883577301522003922e-01
3.171903747270033436e-01 1.881802324356401657e-01
3.190237384741493876e-01 1.819887436905329448e-01
3.208676990832974307e-01 1.755226358367853734e-01
3.227223178044230090e-01 1.724850805741418303e-01
3.245876562415266342e-01 1.765800868557266257e-01
3.264637763546810456e-01 1.841563926913554750e-01
3.283507404620888970e-01 1.879985484521799755e-01
3.302486112421523790e-01 1.904190479737628006e-01
3.321574517355558864e-01 1.943340447786474079e-01
3.340773253473591775e-01 1.970919574123706219e-01
3.360082958491044103e-01 1.916355771349042281e-01
3.379504273809338932e-01 1.808860809890716626e-01
3.399037844537201591e-01 1.750479131703248370e-01
3.418684319512097503e-01 1.791872938810496751e-01
3.438444351321779946e-01 1.920684371323647388e-01
3.458318596325960503e-01 1.896831022527419586e-01
3.478307714678123830e-01 1.732930300858427641e-01
3.498412370347446232e-01 1.594733257955465999e-01
3.518633231140849693e-01 1.514733697496372378e-01
3.538970968725191901e-01 1.477099158065328377e-01
3.559426258649572294e-01 1.452316458017299250e-01
3.579999780367765227e-01 1.433268943622277025e-01
3.600692217260801353e-01 1.441088890191486171e-01
3.621504256659661136e-01 1.468132174365517906e-01
3.642436589868098817e-01 1.472820793293523334e-01
3.663489912185618480e-01 1.473080341841323804e-01
3.684664922930561692e-01 1.482147795946734403e-01
3.705962325463332818e-01 1.507876592314164599e-01
3.727382827209774208e-01 1.572914434872640654e-01
3.748927139684648524e-01 1.649238452993529724e-01
3.770595978515288715e-01 1.685684092624972485e-01
3.792390063465359562e-01 1.717114584510209263e-01
3.814310118458763554e-01 1.742801518208639266e-01
3.836356871603694985e-01 1.738799447052234715e-01
3.858531055216822825e-01 1.679069790922964600e-01
3.880833405847607942e-01 1.556696836902021486e-01
3.903264664302779630e-01 1.430397164528873777e-01
3.925825575670940371e-01 1.348756587444978061e-01
3.948516889347303827e-01 1.325857707501951477e-01
3.971339359058604912e-01 1.354332694955784622e-01
3.994293742888124776e-01 1.415075427674855890e-01
4.017380803300868997e-01 1.480942151079532865e-01
4.040601307168905088e-01 1.520259569804378874e-01
4.063956025796829352e-01 1.537054872607198364e-01
4.087445734947380283e-01 1.541559295791603834e-01
4.111071214867221824e-01 1.542053275285804326e-01
4.134833250312844322e-01 1.558873695690023986e-01
4.158732630576643108e-01 1.591861478862062473e-01
4.182770149513134750e-01 1.591208421225661640e-01
4.206946605565314856e-01 1.553138510037017361e-01
4.231262801791195738e-01 1.526195696268585755e-01
4.255719545890473410e-01 1.509048747046165817e-01
4.280317650231349469e-01 1.484081851254536455e-01
4.305057931877529498e-01 1.446204508343292283e-01
4.329941212615355806e-01 1.405589346879444756e-01
4.354968318981098929e-01 1.351753954545381609e-01
4.380140082288422887e-01 1.258827201899072878e-01
4.405457338655994204e-01 1.153098845072549200e-01
4.430920929035247480e-01 1.071734561604053976e-01
4.456531699238333033e-01 1.029955617942005242e-01
4.482290499966203323e-01 1.044080082462621739e-01
4.508198186836865351e-01 1.139309281903933130e-01
4.534255620413813470e-01 1.304792412461126816e-01
4.560463666234608748e-01 1.439297167958284163e-01
4.586823194839622087e-01 1.475985611069926817e-01
4.613335081800964965e-01 1.482440834629734638e-01
4.640000207751556194e-01 1.517881770205176117e-01
4.666819458414390720e-01 1.560489594713425909e-01
4.693793724631949438e-01 1.562557610562028132e-01
4.720923902395786631e-01 1.497293709590951927e-01
4.748210892876304490e-01 1.378981434463013578e-01
4.775655602452679171e-01 1.268413753100084418e-01
4.803258942742961168e-01 1.178032250728978381e-01
4.831021830634371073e-01 1.120102689366710563e-01
4.858945188313745223e-01 1.112969290569102432e-01
4.887029943298164536e-01 1.172146359467571425e-01
4.915277028465775411e-01 1.278753832343096364e-01
4.943687382086768833e-01 1.367887827178000393e-01
4.972261947854541564e-01 1.426261132831668776e-01
5.001001674917054940e-01 1.470727659843520940e-01
5.029907517908354109e-01 1.487991824539141306e-01
5.058980436980275996e-01 1.494187499551148379e-01
5.088221397834349347e-01 1.498566334728553273e-01
5.117631371753864622e-01 1.499704999325355004e-01
5.147211335636141527e-01 1.480598877193732565e-01
5.176962272024980827e-01 1.428245423342271170e-01
5.206885169143288250e-01 1.367377102616200157e-01
5.236981020925914887e-01 1.289345087600108908e-01
5.267250827052667450e-01 1.234136599722844008e-01
5.297695592981502832e-01 1.203585223886608213e-01
5.328316329981945820e-01 1.185634511419387388e-01
5.359114055168668900e-01 1.173008730448972525e-01
5.390089791535270791e-01 1.156565074065753346e-01
5.421244567988269258e-01 1.105961479778494044e-01
5.452579419381275994e-01 1.030005853144805306e-01
5.484095386549359130e-01 9.615352717283250084e-02
5.515793516343632241e-01 8.946219815986468371e-02
5.547674861666017643e-01 8.319292857575533162e-02
5.579740481504216199e-01 7.940268252449091124e-02
5.611991440966896949e-01 8.008629990926170727e-02
5.644428811319066597e-01 8.463961869105902924e-02
5.677053670017649933e-01 9.316536985960902073e-02
5.709867100747291202e-01 1.060674444454241111e-01
5.742870193456336425e-01 1.159713146774557085e-01
5.776064044393048880e-01 1.165255764150163326e-01
5.809449756142023302e-01 1.103734385787691480e-01
5.843028437660793273e-01 1.006562758504777749e-01
5.876801204316687288e-01 9.069965865550612405e-02
5.910769177923870243e-01 8.434574275467869586e-02
5.944933486780595855e-01 8.161144066627148974e-02
5.979295265706701112e-01 8.006093113184767351e-02
6.013855656081297241e-01 8.167708133126357073e-02
6.048615805880666052e-01 8.261698197565266188e-02
6.083576869716416091e-01 8.410545103461840311e-02
6.118740008873820857e-01 8.764368381850255740e-02
6.154106391350390171e-01 9.159217075858716584e-02
6.189677191894675801e-01 9.283465477450862646e-02
6.225453592045292472e-01 9.083027018278627684e-02
6.261436780170150929e-01 8.703583786462183725e-02
6.297627951505950783e-01 8.468148136005908266e-02
6.334028308197864332e-01 8.325413179783341944e-02
6.370639059339481269e-01 8.375966538867800348e-02
6.407461421012968783e-01 8.742181167280230203e-02
6.444496616329448146e-01 9.141216128188696388e-02
6.481745875469649976e-01 9.150509640706706860e-02
6.519210435724759334e-01 8.910803998012427340e-02
6.556891541537508417e-01 8.545259172303998341e-02
6.594790444543533470e-01 8.267433383218272813e-02
6.632908403612935988e-01 8.158356012871746665e-02
6.671246684892090384e-01 8.157409916552345319e-02
6.709806561845721440e-01 8.185282081572577140e-02
6.748589315299192704e-01 8.422099200105855055e-02
6.787596233481042463e-01 8.664902680306138527e-02
6.826828612065795054e-01 8.408954322039839668e-02
6.866287754216984229e-01 8.153198532050939806e-02
6.905974970630435195e-01 7.944797793234896488e-02
6.945891579577818664e-01 7.634319122329133456e-02
6.986038906950429173e-01 7.456009269990324095e-02
7.026418286303216520e-01 7.538612688461221456e-02
7.067031058899108098e-01 7.710743610855622099e-02
7.107878573753529938e-01 7.714728936944426074e-02
7.148962187679240854e-01 7.637517430240736704e-02
7.190283265331394169e-01 7.741604770442457595e-02
7.231843179252852583e-01 7.949251981216501339e-02
7.273643309919801681e-01 7.863542352705800431e-02
7.315685045787596597e-01 7.722523765912236993e-02
7.357969783336865133e-01 7.720715298611433020e-02
7.400498927119919523e-01 7.987288402269945853e-02
7.443273889807401344e-01 8.432732318031867236e-02
7.486296092235191768e-01 8.371118841797595134e-02
7.529566963451627126e-01 8.107384027097286339e-02
7.573087940764960946e-01 8.003145981287164423e-02
7.616860469791092436e-01 8.069397841246642167e-02
7.660886004501606950e-01 8.461868735655900253e-02
7.705166007272060691e-01 9.141885930892695855e-02
7.749701948930545203e-01 9.910819435085596596e-02
7.794495308806568268e-01 1.039349600865616119e-01
7.839547574780165728e-01 1.052519596533031537e-01
7.884860243331343055e-01 1.059108780633639252e-01
7.930434819589780027e-01 1.043753553644421322e-01
7.976272817384808533e-01 1.007115345735578454e-01
8.022375759295721220e-01 9.744624639155402557e-02
8.068745176702336597e-01 9.890809079303573836e-02
8.115382609835852801e-01 1.033806983490009601e-01
8.162289607830032212e-01 1.100611430680287911e-01
8.209467728772645856e-01 1.121601372916912337e-01
8.256918539757219788e-01 1.081220642399465248e-01
8.304643616935105666e-01 1.000199632816770323e-01
8.352644545567829981e-01 8.761940347048252642e-02
8.400922920079733069e-01 7.624481395114121596e-02
8.449480344110958940e-01 6.775171566441128002e-02
8.498318430570707127e-01 6.251745870865915711e-02
8.547438801690798726e-01 5.934334741973744387e-02
8.596843089079587719e-01 5.529497615141869965e-02
8.646532933776126528e-01 5.204593068498689773e-02
8.696509986304700179e-01 5.280213793780378501e-02
8.746775906729644667e-01 5.657890420965020623e-02
8.797332364710471753e-01 6.136891452197380803e-02
8.848181039557355687e-01 6.755144465591503278e-02
8.899323620286901937e-01 7.251200348174484389e-02
8.950761805678236760e-01 7.402140387521061182e-02
9.002497304329459826e-01 6.962431657412146424e-02
9.054531834714387717e-01 6.394539434825083357e-02
9.106867125239620497e-01 6.298163198253170503e-02
9.159504914301977996e-01 6.454771442982353002e-02
9.212446950346235841e-01 6.639293715400769458e-02
9.265694991923183466e-01 7.098334626053905139e-02
9.319250807748065135e-01 7.798713823492325892e-02
9.373116176759319629e-01 8.159570030272747521e-02
9.427292888177655206e-01 7.598317226989090289e-02
9.481782741565508710e-01 7.130510273447343561e-02
9.536587546886805544e-01 7.084704141027489688e-02
9.591709124567069367e-01 7.283602053980522961e-02
9.647149305553922582e-01 7.591435004205482340e-02
9.702909931377862174e-01 8.163446513422152606e-02
9.758992854213467405e-01 8.834111588404337800e-02
9.815399936940907288e-01 9.061677057088603215e-02
9.872133053207802211e-01 9.242607512506814671e-02
9.929194087491489684e-01 9.888967121867570098e-02
9.986584935161608723e-01 1.030524950240405829e-01
1.004430750254303728e+00 9.936606839189626728e-02
1.010236370697924935e+00 9.319132471438903997e-02
1.016075547689597958e+00 8.984482295452513034e-02
1.021948475186527761e+00 9.008009115430540281e-02
1.027855348266994762e+00 8.872625243884381396e-02
1.033796363136834096e+00 8.943791781184463885e-02
1.039771717135951290e+00 9.197312104648761033e-02
1.045781608744880131e+00 8.851275282694356927e-02
1.051826237591374280e+00 8.459189524839898222e-02
1.057905804457035748e+00 8.155618194319143310e-02
1.064020511283988890e+00 7.861549689661398443e-02
1.070170561181583713e+00 7.349359934445799658e-02
1.076356158433145582e+00 6.796479664962153111e-02
1.082577508502760022e+00 6.263358575246529003e-02
1.088834818042095476e+00 5.855934335470452251e-02
1.095128294897270704e+00 5.487978220027621423e-02
1.101458148115757263e+00 4.960927217317005061e-02
1.107824587953321727e+00 4.414091917236964702e-02
1.114227825881013212e+00 3.976225144564052988e-02
1.120668074592185315e+00 4.062713418718153641e-02
1.127145548009560017e+00 4.797830258892814281e-02
1.133660461292336441e+00 5.282775789123181354e-02
1.140213030843336250e+00 5.418193150804539310e-02
1.146803474316190341e+00 5.643004055868602875e-02
1.153432010622570836e+00 5.927988361353336844e-02
1.160098859939462601e+00 6.124876866194366165e-02
1.166804243716473621e+00 6.000486131527621447e-02
1.173548384683194445e+00 5.696923173540666824e-02
1.180331506856595603e+00 5.434645179721558916e-02
1.187153835548465874e+00 5.182749127814464257e-02
1.194015597372901416e+00 4.945521755124986790e-02
1.200917020253827294e+00 4.632137814990620189e-02
1.207858333432573428e+00 4.335750118470273196e-02
1.214839767475487387e+00 4.165821172465274808e-02
1.221861554281590267e+00 4.299019812689629932e-02
1.228923927090283863e+00 4.709148380883109580e-02
1.236027120489096909e+00 5.166925038932446146e-02
1.243171370421473965e+00 5.635585990921794519e-02
1.250356914194617142e+00 6.229232127477689340e-02
1.257583990487367132e+00 6.625805563448952662e-02
1.264852839358128644e+00 6.639410930873967942e-02
1.272163702252848472e+00 6.720808704477664042e-02
1.279516822013033517e+00 6.402024480042291243e-02
1.286912442883815677e+00 6.407181960863096715e-02
1.294350810522067352e+00 7.027276931693222928e-02
1.301832172004561583e+00 7.519573546599998826e-02
1.309356775836174380e+00 7.563361898374050540e-02
1.316924871958146337e+00 7.395785634366854044e-02
1.324536711756377994e+00 7.665314242456769400e-02
1.332192548069784932e+00 7.898941425612243661e-02
1.339892635198694837e+00 7.687476339425396155e-02
1.347637228913291185e+00 7.551071018755635411e-02
1.355426586462114891e+00 7.776811275071499052e-02
1.363260966580605249e+00 8.196107767775989705e-02
1.371140629499693731e+00 8.631579995782098780e-02
1.379065836954451285e+00 9.306155044048888825e-02
1.387036852192779834e+00 9.880008510701560054e-02
1.395053939984155722e+00 9.364344153958957528e-02
1.403117366628427343e+00 7.784656339242108924e-02
1.411227399964658957e+00 6.925065039062702765e-02
1.419384309380025577e+00 6.876169441670645921e-02
1.427588365818764915e+00 6.897151011373470197e-02
1.435839841791175742e+00 7.042958687500640302e-02
1.444139011382666204e+00 7.507751528874384572e-02
1.452486150262864761e+00 8.486400259689930170e-02
1.460881535694769973e+00 9.186846437398749066e-02
1.469325446543965796e+00 9.388038424612984989e-02
1.477818163287882181e+00 9.068123908114611442e-02
1.486359968025109168e+00 9.145318669750701623e-02
1.494951144484772509e+00 9.181069389076743081e-02
1.503591978035954568e+00 9.333616954912921093e-02
1.512282755697172298e+00 9.537236976929160115e-02
1.521023766145914724e+00 9.463809855503074742e-02
1.529815299728230382e+00 9.392894494216989798e-02
1.538657648468367833e+00 9.178055276908739235e-02
1.547551106078482119e+00 8.830176497518331391e-02
1.556495967968387184e+00 8.833692961714335878e-02
1.565492531255366693e+00 9.390047832724987553e-02
1.574541094774047689e+00 9.974785593317671284e-02
1.583641959086324214e+00 1.030307264361605551e-01
1.592795426491339539e+00 9.779454379763442839e-02
1.602001801035530804e+00 8.604871612960068861e-02
1.611261388522727822e+00 8.085791262427061143e-02
1.620574496524306296e+00 7.907933526913453470e-02
1.629941434389411858e+00 7.221829499604050240e-02
1.639362513255227638e+00 6.755295171199904303e-02
1.648838046057315765e+00 6.444841617895541441e-02
1.658368347540009280e+00 6.011060641717033692e-02
1.667953734266863997e+00 6.373331806709657543e-02
1.677594524631179640e+00 7.161639354115779954e-02
1.687291038866571835e+00 7.694576248087803272e-02
1.697043599057607821e+00 8.602359852820065655e-02
1.706852529150509445e+00 9.143476712314699273e-02
1.716718154963911225e+00 9.018809684032552676e-02
1.726640804199680579e+00 8.821385337028321560e-02
1.736620806453807120e+00 8.589884777458051124e-02
1.746658493227349673e+00 7.884917431497226459e-02
1.756754197937443251e+00 7.517321335007795535e-02
1.766908255928380411e+00 7.675202204874580214e-02
1.777121004482747679e+00 7.085449296535691055e-02
1.787392782832625482e+00 6.738826397215284814e-02
1.797723932170862682e+00 6.616671129073142810e-02
1.808114795662403074e+00 6.579053334709697443e-02
1.818565718455690483e+00 7.519732624742199445e-02
1.829077047694130043e+00 8.546012700345999302e-02
1.839649132527616748e+00 8.512271389131960408e-02
1.850282324124138622e+00 7.240902131600472635e-02
1.860976975681438272e+00 6.403280360112292846e-02
1.871733442438742401e+00 6.271831579452138983e-02
1.882552081688566581e+00 6.612660685382937276e-02
1.893433252788581767e+00 6.720867312214263978e-02
1.904377317173546302e+00 6.420812445889512166e-02
1.915384638367318981e+00 6.210661847509267586e-02
1.926455581994929611e+00 5.846197078661041074e-02
1.937590515794722412e+00 5.525989523479666460e-02
1.948789809630575354e+00 5.601133014334753329e-02
1.960053835504184105e+00 5.574282298438121980e-02
1.971382967567415045e+00 5.169687975086448978e-02
1.982777582134739092e+00 4.913228892258348496e-02
1.994238057695728816e+00 5.036012100435492689e-02
2.005764774927627947e+00 4.944868697488585818e-02
2.017358116708002580e+00 4.789692156039204729e-02
2.029018468127450348e+00 4.990616222171839755e-02
2.040746216502401289e+00 5.270141635618966203e-02
2.052541751387976898e+00 5.044677672918502359e-02
2.064405464590929995e+00 4.569126125611746442e-02
2.076337750182662312e+00 4.165469526045674498e-02
2.088339004512313135e+00 3.700241312914329811e-02
2.100409626219920778e+00 3.460837081436849566e-02
2.112550016249669760e+00 3.370957931093743892e-02
2.124760577863207711e+00 3.370790480417744372e-02
2.137041716653034662e+00 3.454499073350242311e-02
2.149393840555982482e+00 3.373846455254747578e-02
2.161817359866763155e+00 3.334788585077701900e-02
2.174312687251592546e+00 3.182249391775323483e-02
2.186880237761905654e+00 3.052073236252771452e-02
2.199520428848138476e+00 3.003152521259314089e-02
2.212233680373592026e+00 2.836748411984119089e-02
2.225020414628386511e+00 2.739283746018205193e-02
2.237881056343477670e+00 2.749674060464017342e-02
2.250816032704775704e+00 2.673308179674127941e-02
2.263825773367328598e+00 2.528044718243958183e-02
2.276910710469592924e+00 2.464045069876683036e-02
2.290071278647793029e+00 2.625341933533871866e-02
2.303307915050354371e+00 2.816461762586695491e-02
2.316621059352423018e+00 2.815189137449094006e-02
2.330011153770474852e+00 2.812066182341690229e-02
2.343478643077001600e+00 2.974016103635279684e-02
2.357023974615280792e+00 3.052634196017371682e-02
2.370647598314243876e+00 3.238512818911389035e-02
2.384349966703414481e+00 3.314619151153478521e-02
2.398131534927939956e+00 2.794735037375670195e-02
2.411992760763713051e+00 2.643769880427693231e-02
2.425934104632577970e+00 2.864252185517151064e-02
2.439956029617617261e+00 2.822774653071902923e-02
2.454059001478542612e+00 2.701423148174561181e-02
2.468243488667162033e+00 2.433669517250247605e-02
2.482509962342935861e+00 2.014389769613357181e-02
2.496858896388636673e+00 1.838616795015951544e-02
2.511290767426078485e+00 1.907639963663232061e-02
2.525806054831960523e+00 2.060371725243010863e-02
2.540405240753779381e+00 2.016466157995759276e-02
2.555088810125852206e+00 1.890124622953611583e-02
2.569857250685421590e+00 1.836439936227948766e-02
2.584711052988855506e+00 1.919813627808446277e-02
2.599650710427946265e+00 1.916280418544842254e-02
2.614676719246288084e+00 1.711655692472602644e-02
2.629789578555775442e+00 1.627880119269704828e-02
2.644989790353173831e+00 1.745865865579442761e-02
2.660277859536794409e+00 1.821118199373930949e-02
2.675654293923265481e+00 1.615555749516090281e-02
2.691119604264405218e+00 1.449319090916896015e-02
2.706674304264172548e+00 1.390828569790027343e-02
2.722318910595750374e+00 1.451102440616298082e-02
2.738053942918694972e+00 1.599321406477871230e-02
2.753879923896200843e+00 1.710332832132201511e-02
2.769797379212459720e+00 1.646425281636726412e-02
2.785806837590128815e+00 1.549236909286212660e-02
2.801908830807877226e+00 1.572244632168639730e-02
2.818103893718070019e+00 1.748545076395445833e-02
2.834392564264522019e+00 1.959482692952892874e-02
2.850775383500368410e+00 1.913852383742839156e-02
2.867252895606037466e+00 1.685667347557372187e-02
2.883825647907329426e+00 1.773545462322275237e-02
2.900494190893583735e+00 1.871487362714789604e-02
2.917259078235983960e+00 1.626239102644902804e-02
2.934120866805935979e+00 1.545770680293008514e-02
2.951080116693567401e+00 1.389982943876226507e-02
2.968137391226336685e+00 1.273320057906889881e-02
2.985293256987731514e+00 1.148519069083943876e-02
3.002548283836107057e+00 1.108196946303096654e-02
3.019903044923603730e+00 1.126264874243517768e-02
3.037358116715186629e+00 1.074447262555257299e-02
3.054914079007794214e+00 1.027728523951202538e-02
3.072571514949601568e+00 1.065756572470847111e-02
3.090331011059376021e+00 1.018033129810791242e-02
3.108193157245980220e+00 1.076172004518059257e-02
3.126158546827951579e+00 1.232730014044442456e-02
3.144227776553216724e+00 1.260819864943475178e-02
3.162401446618910317e+00 1.250906784924263673e-02
3.180680160691316427e+00 1.277883088827895357e-02
3.199064525925907621e+00 1.287812913914706744e-02
3.217555152987530587e+00 1.322106812359546968e-02
3.236152656070678812e+00 1.277799363489895076e-02
3.254857652919894928e+00 1.262251568223276936e-02
3.273670764850296955e+00 1.477417314349728852e-02
3.292592616768199143e+00 1.673954172771158905e-02
3.311623837191892683e+00 1.644482853795124419e-02
3.330765058272506351e+00 1.407766205667447187e-02
3.350016915815009710e+00 1.245179971805056990e-02
3.369380049299332214e+00 1.285694662863304423e-02
3.388855101901607103e+00 1.299040481740519962e-02
3.408442720515521884e+00 1.209219939134014918e-02
3.428143555773827789e+00 1.063387145405444295e-02
3.447958262069935831e+00 9.687189057287335162e-03
3.467887497579658529e+00 9.549209700263173312e-03
3.487931924283071528e+00 9.375730799926970671e-03
3.508092207986506228e+00 9.266636684512842212e-03
3.528369018344649444e+00 8.384506523343810899e-03
3.548763028882812254e+00 7.431678686767495892e-03
3.569274917019284565e+00 8.111277255314290613e-03
3.589905364087840223e+00 8.495191420179940348e-03
3.610655055360374899e+00 8.427373896399860745e-03
3.631524680069651456e+00 8.791411666024286781e-03
3.652514931432215839e+00 8.731129422664216794e-03
3.673626506671410219e+00 8.871704265166381262e-03
3.694860107040534913e+00 9.447902041283054442e-03
3.716216437846141751e+00 9.326667751858912225e-03
3.737696208471465109e+00 8.795597932924292123e-03
3.759300132399972405e+00 9.550298129657176088e-03
3.781028927239082016e+00 9.321058154212906455e-03
3.802883314743989107e+00 9.012446558344546291e-03
3.824864020841640233e+00 8.805644973484303209e-03
3.846971775654848713e+00 7.761322087541482062e-03
3.869207313526548564e+00 7.977860929211134933e-03
3.891571373044171445e+00 9.579685723295209426e-03
3.914064697064205678e+00 1.057090999987836920e-02
3.936688032736852527e+00 9.601454311175235470e-03
3.959442131530850340e+00 1.041869733539419092e-02
3.982327749258438132e+00 1.201408365098605678e-02
4.005345646100446189e+00 1.009367557327781051e-02
4.028496586631570509e+00 9.339226552558928252e-03
4.051781339845751617e+00 9.282711949408861338e-03
4.075200679181723906e+00 8.760349565626251306e-03
4.098755382548707082e+00 8.071926346454243867e-03
4.122446232352245943e+00 7.896722704155239442e-03
4.146274015520188705e+00 7.606379977038500370e-03
4.170239523528843861e+00 6.620053632728346155e-03
4.194343552429258715e+00 6.883503781279454344e-03
4.218586902873665778e+00 8.041542421294010576e-03
4.242970380142073950e+00 9.090394848022636393e-03
4.267494794169023997e+00 9.821233323425491643e-03
4.292160959570472833e+00 8.535212131743987601e-03
4.316969695670882068e+00 7.214930531752842754e-03
4.341921826530410478e+00 7.634302377261533573e-03
4.367018180972294772e+00 8.333969909326950642e-03
4.392259592610382235e+00 8.246820205002648729e-03
4.417646899876805477e+00 7.474026962727945908e-03
4.443180946049855251e+00 6.946063353833128312e-03
4.468862579281975833e+00 7.228418683704658336e-03
4.494692652627942486e+00 7.830814118081563802e-03
4.520672024073195239e+00 7.483261867509356617e-03
4.546801556562344082e+00 6.512709376878421039e-03
4.573082118027814502e+00 6.387012526938872815e-03
4.599514581418703507e+00 6.276310885035144352e-03
4.626099824729760002e+00 6.778403364487931709e-03
4.652838731030551678e+00 7.170480749808590126e-03
4.679732188494796219e+00 7.427777086016692024e-03
4.706781090429870140e+00 7.048852951295847200e-03
4.733986335306464177e+00 5.802525942360190099e-03
4.761348826788450062e+00 7.138388827753152331e-03
4.788869473762884077e+00 7.683214719721190474e-03
4.816549190370198019e+00 7.122539621269734222e-03
4.844388896034566017e+00 7.272533564296909843e-03
4.872389515494448098e+00 7.209320934106836117e-03
4.900551978833287414e+00 6.614226349203539308e-03
4.928877221510434836e+00 6.227766934062686603e-03
4.957366184392200559e+00 6.133952692833576775e-03
4.986019813783113541e+00 5.718683388886891018e-03
5.014839061457356806e+00 6.178837846535429820e-03
5.043824884690362609e+00 6.055602521533086022e-03
5.072978246290641202e+00 5.803555764017590685e-03
5.102300114631742822e+00 6.825440259376386147e-03
5.131791463684423960e+00 7.967194321149921252e-03
5.161453273049005475e+00 7.136312439370749543e-03
5.191286527987911903e+00 6.442740111911739176e-03
5.221292219458380401e+00 6.125102924606966835e-03
5.251471344145405951e+00 5.868861527657667082e-03
5.281824904494829553e+00 5.700640578547870076e-03
5.312353908746639597e+00 5.927795793075936112e-03
5.343059370968462396e+00 6.210904650989467791e-03
5.373942311089249912e+00 5.608207805395761837e-03
5.405003754933139781e+00 5.550973164338894768e-03
5.436244734253559585e+00 6.393367280093081167e-03
5.467666286767478567e+00 6.703268246166642699e-03
5.499269456189878724e+00 6.849410823645814099e-03
5.531055292268432844e+00 6.981454054205769866e-03
5.563024850818350409e+00 6.621594178947548363e-03
5.595179193757479297e+00 6.160091743357207737e-03
5.627519389141558470e+00 5.584454927005134094e-03
5.660046511199702479e+00 5.073747110272136887e-03
5.692761640370078702e+00 5.463949048021593709e-03
5.725665863335805739e+00 6.171344428784420778e-03
5.758760273061025892e+00 7.232152833779462511e-03
5.792045968827241431e+00 6.916449701782493090e-03
5.825524056269808071e+00 6.123043281292164797e-03
5.859195647414667363e+00 5.970939459747386623e-03
5.893061860715279821e+00 6.018202413048442077e-03
5.927123821089786304e+00 5.185369730893867567e-03
5.961382659958350594e+00 4.995321586167444927e-03
5.995839515280771082e+00 5.289122169743589244e-03
6.030495531594262104e+00 5.220676705928508840e-03
6.065351860051475086e+00 4.674586561356670021e-03
6.100409658458743500e+00 4.423929644451976215e-03
6.135670091314512575e+00 4.146053620163451213e-03
6.171134329848062094e+00 4.076009002392569011e-03
6.206803552058381079e+00 3.755006056500193815e-03
6.242678942753306259e+00 3.737155814438572823e-03
6.278761693588877257e+00 3.973880835100049823e-03
6.315053003108923591e+00 4.520364488760489352e-03
6.351554076784851510e+00 5.346507516408856124e-03
6.388266127055725718e+00 5.523620096414263644e-03
6.425190373368511843e+00 5.866450237923264040e-03
6.462328042218596025e+00 6.077245521406110344e-03
6.499680367190518560e+00 5.532796393459073897e-03
6.537248588998957999e+00 5.488371729116221960e-03
6.575033955529916874e+00 5.247745107703940225e-03
6.613037721882214726e+00 5.180053171930861476e-03
6.651261150409145451e+00 4.611599989579195577e-03
6.689705510760421525e+00 4.753799103638562534e-03
6.728372079924347382e+00 5.188693626812471149e-03
6.767262142270216607e+00 5.336552573720644392e-03
6.806376989591010229e+00 5.477370219703008893e-03
6.845717921146279750e+00 5.709440111571681235e-03
6.885286243705309062e+00 5.952344062177565218e-03
6.925083271590525058e+00 6.017005140715040931e-03
6.965110326721157818e+00 6.600930765529124111e-03
7.005368738657123728e+00 6.086631131795921731e-03
7.045859844643230119e+00 5.907031909251911697e-03
7.086584989653569089e+00 6.247099114606909781e-03
7.127545526436194656e+00 6.553994341046268102e-03
7.168742815558059256e+00 7.386709807727642567e-03
7.210178225450215805e+00 7.308041480142751442e-03
7.251853132453240036e+00 6.218766460227676852e-03
7.293768920862992111e+00 6.097414955330334591e-03
7.335926982976571864e+00 6.029329510468655132e-03
7.378328719138569802e+00 6.061203746645292718e-03
7.420975537787583676e+00 6.456579910283154894e-03
7.463868855503007715e+00 6.160024763086808207e-03
7.507010097052058128e+00 5.488011710162821882e-03
7.550400695437144982e+00 5.410557399978930919e-03
7.594042091943437711e+00 5.377720322415292277e-03
7.637935736186750368e+00 4.902118539905736018e-03
7.682083086161699548e+00 4.679208200014274913e-03
7.726485608290103890e+00 5.195709810136879200e-03
7.771144777469737974e+00 5.634296620716592284e-03
7.816062077123293150e+00 5.552555573227097550e-03
7.861238999247660786e+00 5.140191538509014842e-03
7.906677044463489068e+00 5.128871872811401403e-03
7.952377722065040011e+00 6.457375300994156256e-03
7.998342550070284496e+00 5.068480786511930444e-03
