2.511886431509579437e-02 8.422184275464604797e-01
2.526405161860213050e-02 8.419233321946952842e-01
2.541007810627042562e-02 8.417477233043809681e-01
2.555694862859406516e-02 8.412172758315759058e-01
2.570466806410236227e-02 8.396476582243336262e-01
2.585324131952258450e-02 8.373357762353504929e-01
2.600267332994290678e-02 8.347233676918089929e-01
2.615296905897638788e-02 8.320385431110242092e-01
2.630413349892583852e-02 8.294442385767933912e-01
2.645617167094958117e-02 8.270291637347388924e-01
2.660908862522835469e-02 8.248458202118622573e-01
2.676288944113292337e-02 8.228688623951280201e-01
2.691757922739292791e-02 8.210005286342583197e-01
2.707316312226650673e-02 8.192643541413571207e-01
2.722964629371095457e-02 8.177363757555294876e-01
2.738703393955444973e-02 8.164401286888797182e-01
2.754533128766867636e-02 8.154009585544425009e-01
2.770454359614242176e-02 8.146279173568733434e-01
2.786467615345633933e-02 8.141318675017586992e-01
2.802573427865854422e-02 8.135688328121942758e-01
2.818772332154127064e-02 8.126238035261730275e-01
2.835064866281864979e-02 8.115031653498373521e-01
2.851451571430539678e-02 8.104114935883990345e-01
2.867932991909653145e-02 8.094827579107573001e-01
2.884509675174826843e-02 8.088020471606730544e-01
2.901182171845980567e-02 8.084146213614229470e-01
2.917951035725619563e-02 8.081991836506250415e-01
2.934816823817239240e-02 8.077284794085454189e-01
2.951780096343814899e-02 8.069898358286667905e-01
2.968841416766421215e-02 8.062982626729959801e-01
2.986001351802944001e-02 8.058112648225367325e-01
3.003260471446899879e-02 8.056682431489817775e-01
3.020619348986378766e-02 8.059434240905052338e-01
3.038078561023081769e-02 8.066331868452449871e-01
3.055638687491469066e-02 8.074822648819192095e-01
3.073300311678033025e-02 8.084272941679405688e-01
3.091064020240668481e-02 8.096656084047959556e-01
3.108930403228154019e-02 8.113239356576609218e-01
3.126900054099761295e-02 8.135217623879863469e-01
3.144973569744963920e-02 8.163459878404637493e-01
3.163151550503255638e-02 8.194435838335335509e-01
3.181434600184106232e-02 8.219274539109688860e-01
3.199823326087009728e-02 8.237994084737007006e-01
3.218318339021652985e-02 8.256605006308459505e-01
3.236920253328214730e-02 8.278710001676889974e-01
3.255629686897762443e-02 8.307567792518228966e-01
3.274447261192782455e-02 8.345242235893906013e-01
3.293373601267822470e-02 8.374136234753867258e-01
3.312409335790250653e-02 8.379495021509850705e-01
3.331555097061136145e-02 8.372977578157978495e-01
3.350811521036261426e-02 8.364432485763304559e-01
3.370179247347232510e-02 8.362821228934647078e-01
3.389658919322740410e-02 8.373484490418680037e-01
3.409251184009919750e-02 8.390665195254585207e-01
3.428956692195841288e-02 8.395915357954703007e-01
3.448776098429136294e-02 8.385559864628953086e-01
3.468710061041735404e-02 8.367075671122674585e-01
3.488759242170727526e-02 8.347559549085682429e-01
3.508924307780367929e-02 8.333058237627768428e-01
3.529205927684192501e-02 8.324277793112054846e-01
3.549604775567258980e-02 8.316529277127052699e-01
3.570121529008542238e-02 8.309867001700694811e-01
3.590756869503420462e-02 8.308346264918591295e-01
3.611511482486330638e-02 8.314791292233220110e-01
3.632386057353523962e-02 8.331374564761869772e-01
3.653381287485973905e-02 8.357679690290392704e-01
3.674497870272393912e-02 8.391461771664258107e-01
3.695736507132423021e-02 8.433951881516594806e-01
3.717097903539903075e-02 8.488499261569892873e-01
3.738582769046329413e-02 8.558833337742167702e-01
3.760191817304411876e-02 8.649063720146958900e-01
3.781925766091774610e-02 8.731672314631924170e-01
3.803785337334809891e-02 8.773637408214248756e-01
3.825771257132654091e-02 8.785984342564182592e-01
3.847884255781295476e-02 8.786147278647978842e-01
3.870125067797849233e-02 8.794330290856439136e-01
3.892494431944945599e-02 8.813918828930673577e-01
3.914993091255265789e-02 8.826265763280607413e-01
3.937621793056233360e-02 8.825650226964041334e-01
3.960381288994833243e-02 8.822210465194998408e-01
3.983272335062570252e-02 8.821576824869122868e-01
4.006295691620595512e-02 8.828510660435141544e-01
4.029452123424955012e-02 8.824455362349531429e-01
4.052742399651988042e-02 8.807727257746396088e-01
4.076167293923887297e-02 8.798548525025844391e-01
4.099727584334383890e-02 8.807890193830193448e-01
4.123424053474603751e-02 8.846089653475881498e-01
4.147257488459059338e-02 8.897287791806690604e-01
4.171228680951784978e-02 8.935776915601350012e-01
4.195338427192649156e-02 8.972292702381138296e-01
4.219587528023795858e-02 9.027256474648585050e-01
4.243976788916238585e-02 9.126882837885657018e-01
4.268507019996626434e-02 9.198285050607265534e-01
4.293179036074151744e-02 9.107765004053501867e-01
4.317993656667604152e-02 8.881356263613228164e-01
4.342951706032609216e-02 8.604437337195953717e-01
4.368054013188996804e-02 8.352574359664761694e-01
4.393301411948334623e-02 8.190127084119376288e-01
4.418694740941636612e-02 8.094121522744455177e-01
4.444234843647213579e-02 8.033292051460324545e-01
4.469922568418681352e-02 8.004054076423459119e-01
4.495758768513159753e-02 8.003094563929989969e-01
4.521744302119593689e-02 8.013015561032282852e-01
4.547880032387276866e-02 8.011911216464325802e-01
4.574166827454511502e-02 8.006063621456952495e-01
4.600605560477452616e-02 8.011494824250179336e-01
4.627197109659098723e-02 8.027480664471573490e-01
4.653942358278480296e-02 8.015532018326476660e-01
4.680842194719982141e-02 7.964714064191193987e-01
4.707897512502866311e-02 7.898344766057974198e-01
4.735109210310945588e-02 7.840520560319429455e-01
4.762478192022426976e-02 7.807697991439034313e-01
4.790005366739954334e-02 7.794156192474592793e-01
4.817691648820784933e-02 7.796962313917757958e-01
4.845537957907175564e-02 7.818379356932378954e-01
4.873545218956924774e-02 7.842330961250504329e-01
4.901714362274099679e-02 7.844974146609874355e-01
4.930046323539925834e-02 7.828173625969496729e-01
4.958542043843887359e-02 7.800746051863706176e-01
4.987202469714965836e-02 7.758726646253448767e-01
5.016028553153097091e-02 7.680191453863404183e-01
5.045021251660784106e-02 7.573739879116176965e-01
5.074181528274907677e-02 7.464210622786122684e-01
5.103510351598705003e-02 7.363878203185931781e-01
5.133008695833959217e-02 7.278952295509188986e-01
5.162677540813340182e-02 7.213144221664602451e-01
5.192517872032970105e-02 7.175288738195818583e-01
5.222530680685147364e-02 7.178294003741404472e-01
5.252716963691266006e-02 7.189246929374409900e-01
5.283077723734942721e-02 7.129503698648925747e-01
5.313613969295318679e-02 6.983078471343557858e-01
5.344326714680543849e-02 6.812194727459361943e-01
5.375216980061491706e-02 6.693939338641524683e-01
5.406285791505632127e-02 6.613213561124878792e-01
5.437534181011107609e-02 6.551768553524183192e-01
5.468963186541032917e-02 6.506562842275234182e-01
5.500573852057948770e-02 6.474808409944172727e-01
5.532367227558519784e-02 6.456432840493758762e-01
5.564344369108398941e-02 6.453862071171632131e-01
5.596506338877313413e-02 6.466009861419147464e-01
5.628854205174332881e-02 6.482430197864000876e-01
5.661389042483377931e-02 6.498470350113327854e-01
5.694111931498885282e-02 6.518927880634478589e-01
5.727023959161724881e-02 6.532723135729271435e-01
5.760126218695296035e-02 6.523852171167002778e-01
5.793419809641841417e-02 6.499194510485757359e-01
5.826905837898961604e-02 6.469449623188191500e-01
5.860585415756369709e-02 6.440609936356161969e-01
5.894459661932811845e-02 6.418179068820138999e-01
5.928529701613251268e-02 6.408529631857508013e-01
5.962796666486229469e-02 6.411661625468267900e-01
5.997261694781454155e-02 6.420876566207440739e-01
6.031925931307623168e-02 6.434020076967047475e-01
6.066790527490428103e-02 6.453753447115768704e-01
6.101856641410823012e-02 6.465122764962920598e-01
6.137125437843479747e-02 6.464253772516005414e-01
6.172598088295483398e-02 6.466480565661226754e-01
6.208275771045231733e-02 6.477017099080084606e-01
6.244159671181598315e-02 6.494958172307040423e-01
6.280250980643269088e-02 6.522621098533870621e-01
6.316550898258359303e-02 6.558340308903987115e-01
6.353060629784218483e-02 6.554357426855620394e-01
6.389781387947492119e-02 6.496279764986725436e-01
6.426714392484385308e-02 6.430236339021100367e-01
6.463860870181208085e-02 6.387673813131520273e-01
6.501222054915094251e-02 6.367125762563815572e-01
6.538799187695008841e-02 6.365858481912063382e-01
6.576593516702965159e-02 6.387891061243249347e-01
6.614606297335466623e-02 6.430435483123517759e-01
6.652838792245242827e-02 6.493546059580802554e-01
6.691292271383147972e-02 6.574199421060205051e-01
6.729968012040381253e-02 6.654726054474433550e-01
6.768867298890894613e-02 6.731812926119620233e-01
6.807991424034069705e-02 6.810637782658637285e-01
6.847341687037629410e-02 6.868299052313384667e-01
6.886919394980822728e-02 6.906371783893897609e-01
6.926725862497820629e-02 6.945404027967880811e-01
6.966762411821400547e-02 6.929056107560270794e-01
7.007030372826857090e-02 6.833702290520535794e-01
7.047531083076181979e-02 6.728210228266779946e-01
7.088265887862478520e-02 6.660247777314214357e-01
7.129236140254673060e-02 6.629597689551109951e-01
7.170443201142430445e-02 6.629507169504555986e-01
7.211888439281383123e-02 6.638631590197175969e-01
7.253573231338585059e-02 6.654472598344084444e-01
7.295498961938230720e-02 6.690264224751442113e-01
7.337667023707672431e-02 6.695369555377074233e-01
7.380078817323644513e-02 6.637255685489558132e-01
7.422735751558823258e-02 6.575104621525743598e-01
7.465639243328600627e-02 6.528432485522622786e-01
7.508790717738160481e-02 6.467657326266426088e-01
7.552191608129793510e-02 6.414630682995230426e-01
7.595843356130543844e-02 6.356209044949432396e-01
7.639747411700059665e-02 6.278524740996992426e-01
7.683905233178781047e-02 6.211829570696179026e-01
7.728318287336367887e-02 6.154729525330063789e-01
7.772988049420428980e-02 6.117815450345439610e-01
7.817916003205507836e-02 6.095619934930457395e-01
7.863103641042397396e-02 6.052188416593961007e-01
7.908552463907676799e-02 5.988317471745625564e-01
7.954263981453599253e-02 5.910615063783873913e-01
8.000239712058217212e-02 5.832097975403138790e-01
8.046481182875830918e-02 5.761057842867745027e-01
8.092989929887701994e-02 5.694398880585553879e-01
8.139767497953076525e-02 5.636447946781834029e-01
8.186815440860513438e-02 5.587530913624180195e-01
8.234135321379483508e-02 5.552155679430968993e-01
8.281728711312283386e-02 5.520980575397852474e-01
8.329597191546232737e-02 5.461599424858584184e-01
8.377742352106211376e-02 5.375949356809412993e-01
8.426165792207447602e-02 5.282243004616956616e-01
8.474869120308657633e-02 5.190853965616276655e-01
8.523853954165466762e-02 5.112825685486931393e-01
8.573121920884146929e-02 5.048212476256854764e-01
8.622674656975649887e-02 4.997322106084329252e-01
8.672513808409994251e-02 4.958670046205871929e-01
8.722641030670905127e-02 4.932944248975292822e-01
8.773057988810836760e-02 4.922317195509880450e-01
8.823766357506258873e-02 4.925919893362720181e-01
8.874767821113291322e-02 4.942358333816884164e-01
8.926064073723644077e-02 4.959321790541059150e-01
8.977656819220893036e-02 4.973986038082768846e-01
9.029547771337091688e-02 4.959846806811070707e-01
9.081738653709675591e-02 4.891504171662979239e-01
9.134231199938727674e-02 4.802197093733036048e-01
9.187027153644546085e-02 4.711876191281690884e-01
9.240128268525588107e-02 4.632508214463350038e-01
9.293536308416693037e-02 4.568166565372934751e-01
9.347253047347692245e-02 4.520390084801858555e-01
9.401280269602330097e-02 4.489848621094618686e-01
9.455619769777530437e-02 4.474568837236343466e-01
9.510273352842993355e-02 4.468703138219659032e-01
9.565242834201181932e-02 4.465915120785803327e-01
9.620530039747586526e-02 4.469372986564157380e-01
9.676136805931405405e-02 4.483077721612396815e-01
9.732064979816532069e-02 4.514976986017943394e-01
9.788316419142908953e-02 4.568257085419488717e-01
9.844892992388228070e-02 4.641922299304941379e-01
9.901796578830000806e-02 4.667358432386549127e-01
9.959029068607995472e-02 4.573271895998566872e-01
1.001659236278700377e-01 4.460538230020509864e-01
1.007448837341998471e-01 4.371973416472307306e-01
1.013271902361159299e-01 4.318476068959032910e-01
1.019128624758204177e-01 4.290776934713581015e-01
1.025019199073136378e-01 4.279172264745388921e-01
1.030943820970401520e-01 4.280149881248169197e-01
1.036902687245389171e-01 4.293220975970533093e-01
1.042895995830967204e-01 4.290143294387704365e-01
1.048923945804057928e-01 4.279896425117818426e-01
1.054986737392250712e-01 4.283010314719268297e-01
1.061084571980452224e-01 4.288206165391453828e-01
1.067217652117575799e-01 4.255691364669342280e-01
1.073386181523270227e-01 4.204239770208182958e-01
1.079590365094685589e-01 4.172304297784014682e-01
1.085830408913279893e-01 4.163469541240367167e-01
1.092106520251663743e-01 4.149438934024534675e-01
1.098418907580486492e-01 4.136349735292859653e-01
1.104767780575359459e-01 4.135915239069402061e-01
1.111153350123821049e-01 4.149457038033845246e-01
1.117575828332342536e-01 4.173046562165755868e-01
1.124035428533372433e-01 4.197215414595610872e-01
1.130532365292423180e-01 4.216152208334658091e-01
1.137066854415197809e-01 4.227702566274918472e-01
1.143639112954759340e-01 4.213852999152192802e-01
1.150249359218739331e-01 4.186334904999848283e-01
1.156897812776589568e-01 4.155775337283297288e-01
1.163584694466876512e-01 4.128691739354411472e-01
1.170310226404614878e-01 4.108306624870503576e-01
1.177074631988646730e-01 4.094692409868817551e-01
1.183878135909062629e-01 4.088663774768336867e-01
1.190720964154663303e-01 4.062322441221191682e-01
1.197603344020467531e-01 4.008625949605498784e-01
1.204525504115261381e-01 3.916422230185835351e-01
1.211487674369193246e-01 3.825630623492409788e-01
1.218490086041408849e-01 3.754735323031502259e-01
1.225532971727734816e-01 3.687913424665513751e-01
1.232616565368404721e-01 3.607223855167489002e-01
1.239741102255828148e-01 3.499070503545052002e-01
1.246906819042407494e-01 3.392673240825757608e-01
1.254113953748399735e-01 3.303148914784085344e-01
1.261362745769819826e-01 3.226496539362357918e-01
1.268653435886395453e-01 3.157737512000118874e-01
1.275986266269562852e-01 3.099677954140535041e-01
1.283361480490512463e-01 3.058599957014436765e-01
1.290779323528278288e-01 3.029905102256894023e-01
1.298240041777875831e-01 3.002187864002131001e-01
1.305743883058487209e-01 2.969310983093804146e-01
1.313291096621690413e-01 2.937411718688258122e-01
1.320881933159741561e-01 2.916845564111242850e-01
1.328516644813900749e-01 2.903611533305082149e-01
1.336195485182806453e-01 2.891337014992392263e-01
1.343918709330900185e-01 2.886521348515732055e-01
1.351686573796898327e-01 2.897818250325641665e-01
1.359499336602315311e-01 2.932758988295394720e-01
1.367357257260030934e-01 2.983468318374813411e-01
1.375260596782912625e-01 3.032675015681439157e-01
1.383209617692485738e-01 3.082949849537399145e-01
1.391204584027652402e-01 3.140538703154904243e-01
1.399245761353461737e-01 3.201169030336614707e-01
1.407333416769932510e-01 3.248311870581814809e-01
1.415467818920924381e-01 3.289715739875506695e-01
1.423649238003061035e-01 3.354274637077651056e-01
1.431877945774705507e-01 3.441572169974101425e-01
1.440154215564987683e-01 3.510403613373582754e-01
1.448478322282882313e-01 3.520759106699333230e-01
1.456850542426340045e-01 3.499794663917482063e-01
1.465271154091474515e-01 3.458191650521372229e-01
1.473740436981796631e-01 3.390030055466388137e-01
1.482258672417506584e-01 3.308362869465582001e-01
1.490826143344838317e-01 3.245632477203824195e-01
1.499443134345459228e-01 3.213515964686547988e-01
1.508109931645919832e-01 3.197493916446532136e-01
1.516826823127164214e-01 3.190523872861892318e-01
1.525594098334091819e-01 3.173759560240135280e-01
1.534412048485173929e-01 3.125077879203521092e-01
1.543280966482127869e-01 3.039355395117106506e-01
1.552201146919646169e-01 2.948962076628518503e-01
1.561172886095181789e-01 2.890160254387192929e-01
1.570196482018790252e-01 2.861664543732068688e-01
1.579272234423027277e-01 2.841569093397132706e-01
1.588400444772908315e-01 2.825963437371263876e-01
1.597581416275917487e-01 2.814141519291342153e-01
1.606815453892082024e-01 2.788506242107316457e-01
1.616102864344102497e-01 2.760209675554609610e-01
1.625443956127538836e-01 2.741997042187992450e-01
1.634839039521058524e-01 2.727369002664904452e-01
1.644288426596743347e-01 2.705354527343029059e-01
1.653792431230455828e-01 2.673781135105076090e-01
1.663351369112262834e-01 2.641374958438828524e-01
1.672965557756923849e-01 2.614363776547185547e-01
1.682635316514438095e-01 2.589217307614549712e-01
1.692360966580649384e-01 2.565772615557125325e-01
1.702142831007917856e-01 2.546184077482890329e-01
1.711981234715850009e-01 2.532316406350854088e-01
1.721876504502090899e-01 2.521327272699226962e-01
1.731828969053178791e-01 2.522232473164764954e-01
1.741838958955464201e-01 2.546890133846009818e-01
1.751906806706090836e-01 2.575566884594242545e-01
1.762032846724038426e-01 2.600405585368595340e-01
1.772217415361232173e-01 2.621623484280797278e-01
1.782460850913716033e-01 2.643818999695780603e-01
1.792763493632887617e-01 2.680063226335906990e-01
1.803125685736800821e-01 2.718823910270228850e-01
1.813547771421535060e-01 2.737851224055830035e-01
1.824030096872625850e-01 2.734646814407826754e-01
1.834573010276564775e-01 2.725413769659342789e-01
1.845176861832364401e-01 2.728056955018712815e-01
1.855842003763193415e-01 2.765785710422321575e-01
1.866568790328071992e-01 2.826379829585411452e-01
1.877357577833641822e-01 2.855454868538480073e-01
1.888208724646001924e-01 2.850566786024577026e-01
1.899122591202609955e-01 2.836590490836675693e-01
1.910099540024255971e-01 2.829602343242725304e-01
1.921139935727104175e-01 2.822704715695328326e-01
1.932244145034804905e-01 2.812566470481306924e-01
1.943412536790674328e-01 2.794933165412633591e-01
1.954645481969946030e-01 2.772846274053515359e-01
1.965943353692096995e-01 2.753366360035145455e-01
1.977306527233236300e-01 2.736710671469252953e-01
1.988735380038573475e-01 2.733904550026086122e-01
2.000230291734956534e-01 2.749600726098508363e-01
2.011791644143479663e-01 2.760571755740824917e-01
2.023419821292166965e-01 2.751700791178556260e-01
2.035115209428728922e-01 2.724888753389331231e-01
2.046878197033392410e-01 2.678560593563115155e-01
2.058709174831803157e-01 2.618744946800387607e-01
2.070608535808005912e-01 2.559092236121457420e-01
2.082576675217497619e-01 2.511913187857635621e-01
2.094613990600355524e-01 2.479144931005173025e-01
2.106720881794442723e-01 2.460479697405786870e-01
2.118897750948690872e-01 2.447915514944124515e-01
2.131145002536455058e-01 2.438899718307369902e-01
2.143463043368951104e-01 2.438157453925628715e-01
2.155852282608767823e-01 2.448458635223447200e-01
2.168313131783459469e-01 2.469024789800462194e-01
2.180846004799212312e-01 2.493610034444464496e-01
2.193451317954595303e-01 2.521435896755091499e-01
2.206129489954388734e-01 2.554276569644797212e-01
2.218880941923488948e-01 2.600478001405838180e-01
2.231706097420899648e-01 2.652581340202184723e-01
2.244605382453801201e-01 2.689766975326470799e-01
2.257579225491697927e-01 2.726699154320406104e-01
2.270628057480653939e-01 2.769352200256540164e-01
2.283752311857605299e-01 2.805017098598722725e-01
2.296952424564759343e-01 2.824279764505364110e-01
2.310228834064072811e-01 2.822161595416005642e-01
2.323581981351817149e-01 2.812783718593035998e-01
2.337012309973229007e-01 2.815788984138620776e-01
2.350520266037238737e-01 2.839921628549854082e-01
2.364106298231291869e-01 2.883914371174983726e-01
2.377770857836252472e-01 2.940869584466611619e-01
2.391514398741393099e-01 2.986781352078680674e-01
2.405337377459470793e-01 3.025379099929205173e-01
2.419240253141889951e-01 3.048642751893523295e-01
2.433223487593957901e-01 3.040640779778170377e-01
2.447287545290218747e-01 3.034123336426299278e-01
2.461432893389885190e-01 3.050290216740801363e-01
2.475660001752356676e-01 3.089231940768230600e-01
2.489969342952823017e-01 3.138040349870020451e-01
2.504361392297964617e-01 3.177851066344365427e-01
2.518836627841739007e-01 3.200843158169021097e-01
2.533395530401260642e-01 3.211705563755473114e-01
2.548038583572773130e-01 3.224559410366107381e-01
2.562766273747711931e-01 3.253254265123650679e-01
2.577579090128856998e-01 3.293372749756279250e-01
2.592477524746588102e-01 3.351160747476201740e-01
2.607462072475227322e-01 3.414597196101079590e-01
2.622533231049470337e-01 3.486814089241671577e-01
2.637691501080930423e-01 3.571667580881170423e-01
2.652937386074759596e-01 3.654710671589593285e-01
2.668271392446371348e-01 3.711774508937086270e-01
2.683694029538270520e-01 3.742569428774676354e-01
2.699205809636965880e-01 3.777799830893401323e-01
2.714807247989985406e-01 3.858398880344872661e-01
2.730498862822996475e-01 3.974083499840582734e-01
2.746281175357012105e-01 4.056764510362790843e-01
2.762154709825712651e-01 4.080046266336418981e-01
2.778119993492854656e-01 4.058846471433527059e-01
2.794177556669779627e-01 4.015758929273935407e-01
2.810327932733039380e-01 3.984348473119779244e-01
2.826571658142107979e-01 3.976545645106845384e-01
2.842909272457196934e-01 3.979894886829334344e-01
2.859341318357184192e-01 4.016356361581190360e-01
2.875868341657639160e-01 4.096068314576434832e-01
2.892490891328946545e-01 4.189991914880620283e-01
2.909209519514548425e-01 4.258497486112509112e-01
2.926024781549284581e-01 4.279027432670902131e-01
2.942937235977828858e-01 4.282557714486499578e-01
2.959947444573255426e-01 4.283788787119630070e-01
2.977055972355692748e-01 4.253754235673091744e-01
2.994263387611086902e-01 4.202266433193310724e-01
3.011570261910088142e-01 4.153566648147385409e-01
3.028977170127025720e-01 4.102060741658294374e-01
3.046484690459013711e-01 4.043240815407658784e-01
3.064093404445150659e-01 3.992784941458590309e-01
3.081803896985833569e-01 3.928533812414728987e-01
3.099616756362194026e-01 3.845092433501469675e-01
3.117532574255635347e-01 3.780768888420364959e-01
3.135551945767480198e-01 3.745339342199221488e-01
3.153675469438748658e-01 3.705383793650389723e-01
3.171903747270033436e-01 3.666043781418124592e-01
3.190237384741493876e-01 3.633963476919470637e-01
3.208676990832974307e-01 3.616257755813554464e-01
3.227223178044230090e-01 3.623354527463369390e-01
3.245876562415266342e-01 3.622702783128182724e-01
3.264637763546810456e-01 3.606264342674018741e-01
3.283507404620888970e-01 3.605992782534357399e-01
3.302486112421523790e-01 3.533069833030645368e-01
3.321574517355558864e-01 3.347648569669915419e-01
3.340773253473591775e-01 3.183408997202766266e-01
3.360082958491044103e-01 3.074078884975130488e-01
3.379504273809338932e-01 2.981875165555467055e-01
3.399037844537201591e-01 2.876346895283088956e-01
3.418684319512097503e-01 2.774113554705268103e-01
3.438444351321779946e-01 2.700846629024651335e-01
3.458318596325960503e-01 2.662773897444138393e-01
3.478307714678123830e-01 2.628159031641978949e-01
3.498412370347446232e-01 2.584709409296172544e-01
3.518633231140849693e-01 2.548953990907435463e-01
3.538970968725191901e-01 2.507133729399596556e-01
3.559426258649572294e-01 2.440311831033608325e-01
3.579999780367765227e-01 2.355748003543082225e-01
3.600692217260801353e-01 2.282752638002127077e-01
3.621504256659661136e-01 2.236714142324882637e-01
3.642436589868098817e-01 2.206100262580399929e-01
3.663489912185618480e-01 2.173132861625519108e-01
3.684664922930561692e-01 2.121427811034009292e-01
3.705962325463332818e-01 2.056018025394259485e-01
3.727382827209774208e-01 2.016515077078196994e-01
3.748927139684648524e-01 2.010685586080134257e-01
3.770595978515288715e-01 2.029893939958843374e-01
3.792390063465359562e-01 2.050731654675519711e-01
3.814310118458763554e-01 2.074122034705012108e-01
3.836356871603694985e-01 2.109352436823737353e-01
3.858531055216822825e-01 2.130407399652142486e-01
3.880833405847607942e-01 2.133955785477050227e-01
3.903264664302779630e-01 2.128741830795553291e-01
3.925825575670940371e-01 2.120214842410188816e-01
3.948516889347303827e-01 2.108483444376820781e-01
3.971339359058604912e-01 2.095629597766186514e-01
3.994293742888124776e-01 2.072239217736694117e-01
4.017380803300868997e-01 2.058172402502239096e-01
4.040601307168905088e-01 2.070139152656646497e-01
4.063956025796829352e-01 2.089094050405004843e-01
4.087445734947380283e-01 2.105695426942965076e-01
4.111071214867221824e-01 2.120975210801240574e-01
4.134833250312844322e-01 2.139694756428558720e-01
4.158732630576643108e-01 2.174563078361068658e-01
4.182770149513134750e-01 2.215749699543031193e-01
4.206946605565314856e-01 2.255198335831161138e-01
4.231262801791195738e-01 2.285938943640819510e-01
4.255719545890473410e-01 2.295570276594139925e-01
4.280317650231349469e-01 2.297054805357621743e-01
4.305057931877529498e-01 2.293198651374431518e-01
4.329941212615355806e-01 2.280797404996565692e-01
4.354968318981098929e-01 2.273193721086049779e-01
4.380140082288422887e-01 2.275673970361622722e-01
4.405457338655994204e-01 2.302015303908768185e-01
4.430920929035247480e-01 2.344541621779726304e-01
4.456531699238333033e-01 2.395287159877766414e-01
4.482290499966203323e-01 2.475958625366480592e-01
4.508198186836865351e-01 2.570642594061717245e-01
4.534255620413813470e-01 2.627634015371967391e-01
4.560463666234608748e-01 2.649159682442452368e-01
4.586823194839622087e-01 2.670793973568801882e-01
4.613335081800964965e-01 2.683738340225990116e-01
4.640000207751556194e-01 2.679610626103138271e-01
4.666819458414390720e-01 2.668132684200121285e-01
4.693793724631949438e-01 2.676207072352717042e-01
4.720923902395786631e-01 2.709120161279665595e-01
4.748210892876304490e-01 2.757657010241793549e-01
4.775655602452679171e-01 2.823320252011893849e-01
4.803258942742961168e-01 2.902090796522979188e-01
4.831021830634371073e-01 2.955045023756931455e-01
4.858945188313745223e-01 2.981748437490291392e-01
4.887029943298164536e-01 3.029615438107922110e-01
4.915277028465775411e-01 3.115120674082607066e-01
4.943687382086768833e-01 3.195973179664429176e-01
4.972261947854541564e-01 3.247786854311803251e-01
5.001001674917054940e-01 3.280500799136333856e-01
5.029907517908354109e-01 3.281587039694978669e-01
5.058980436980275996e-01 3.253833593421594506e-01
5.088221397834349347e-01 3.224939594561633815e-01
5.117631371753864622e-01 3.188351391744602137e-01
5.147211335636141527e-01 3.139361942549704909e-01
5.176962272024980827e-01 3.101379731015745933e-01
5.206885169143288250e-01 3.078333327163157440e-01
5.236981020925914887e-01 3.065262232440794099e-01
5.267250827052667450e-01 2.998711894214466933e-01
5.297695592981502832e-01 2.899864003377756738e-01
5.328316329981945820e-01 2.836662906873918533e-01
5.359114055168668900e-01 2.790787347280471176e-01
5.390089791535270791e-01 2.749401581996090416e-01
5.421244567988269258e-01 2.696592186836624383e-01
5.452579419381275994e-01 2.636686020027343424e-01
5.484095386549359130e-01 2.582609344216125202e-01
5.515793516343632241e-01 2.551542864238873221e-01
5.547674861666017643e-01 2.544572820654233958e-01
5.579740481504216199e-01 2.547143589976360589e-01
5.611991440966896949e-01 2.521834184959927949e-01
5.644428811319066597e-01 2.481516556224881986e-01
5.677053670017649933e-01 2.440547183154648248e-01
5.709867100747291202e-01 2.408231526534954370e-01
5.742870193456336425e-01 2.394725935589133159e-01
5.776064044393048880e-01 2.390743053540767549e-01
5.809449756142023302e-01 2.401225274931693410e-01
5.843028437660793273e-01 2.410277279587069443e-01
5.876801204316687288e-01 2.432002090759972923e-01
5.910769177923870243e-01 2.480213067554507544e-01
5.944933486780595855e-01 2.545079732914934389e-01
5.979295265706701112e-01 2.596495119357472570e-01
6.013855656081297241e-01 2.623795965398088015e-01
6.048615805880666052e-01 2.663317017723461078e-01
6.083576869716416091e-01 2.696918059004218549e-01
6.118740008873820857e-01 2.717936813814001984e-01
6.154106391350390171e-01 2.724526673203116478e-01
6.189677191894675801e-01 2.720579999173372010e-01
6.225453592045292472e-01 2.739788353052080572e-01
6.261436780170150929e-01 2.778512828967780735e-01
6.297627951505950783e-01 2.780993078243353955e-01
6.334028308197864332e-01 2.760680379796689454e-01
6.370639059339481269e-01 2.752352535513742926e-01
6.407461421012968783e-01 2.759829491359084286e-01
6.444496616329448146e-01 2.759467411172868978e-01
6.481745875469649976e-01 2.705626087482690401e-01
6.519210435724759334e-01 2.618889778874873842e-01
6.556891541537508417e-01 2.529727533019416330e-01
6.594790444543533470e-01 2.432690043113781564e-01
6.632908403612935988e-01 2.349628848396047853e-01
6.671246684892090384e-01 2.305092985491596080e-01
6.709806561845721440e-01 2.300404047080110981e-01
6.748589315299192704e-01 2.321277969815409015e-01
6.787596233481042463e-01 2.354390202844775792e-01
6.826828612065795054e-01 2.386325675268943791e-01
6.866287754216984229e-01 2.427313152348488101e-01
6.905974970630435195e-01 2.465892796189702030e-01
6.945891579577818664e-01 2.507405289539257898e-01
6.986038906950429173e-01 2.552701520834761428e-01
7.026418286303216520e-01 2.581631727713344371e-01
7.067031058899108098e-01 2.583967144914431358e-01
7.107878573753529938e-01 2.584836137361347652e-01
7.148962187679240854e-01 2.596169247189878959e-01
7.190283265331394169e-01 2.608317037437394292e-01
7.231843179252852583e-01 2.596332183273675764e-01
7.273643309919801681e-01 2.553769657384096226e-01
7.315685045787596597e-01 2.474727552733349267e-01
7.357969783336865133e-01 2.386307571259632943e-01
7.400498927119919523e-01 2.345120950077670408e-01
7.443273889807401344e-01 2.349628848396047853e-01
7.486296092235191768e-01 2.377165046557702666e-01
7.529566963451627126e-01 2.403180507937254518e-01
7.573087940764960946e-01 2.411798016369172681e-01
7.616860469791092436e-01 2.395667344073292016e-01
7.660886004501606950e-01 2.362754255146343740e-01
7.705166007272060691e-01 2.311700948890020868e-01
7.749701948930545203e-01 2.270930719922205354e-01
7.794495308806568268e-01 2.272469560713619718e-01
7.839547574780165728e-01 2.315013982593888686e-01
7.884860243331343055e-01 2.342242412597260737e-01
7.930434819589780027e-01 2.333552488128099178e-01
7.976272817384808533e-01 2.311320764694494989e-01
8.022375759295721220e-01 2.288437296925703301e-01
8.068745176702336597e-01 2.274171337588830333e-01
8.115382609835852801e-01 2.283042302151098990e-01
8.162289607830032212e-01 2.266078845426923727e-01
8.209467728772645856e-01 2.225634488626702101e-01
8.256918539757219788e-01 2.228114737902275322e-01
8.304643616935105666e-01 2.223697359630451564e-01
8.352644545567829981e-01 2.188159189353444112e-01
8.400922920079733069e-01 2.168643067316452233e-01
8.449480344110958940e-01 2.154087443830607351e-01
8.498318430570707127e-01 2.153127931337137368e-01
8.547438801690798726e-01 2.156603901124801714e-01
8.596843089079587719e-01 2.160532471145235056e-01
8.646532933776126528e-01 2.158848798279335013e-01
8.696509986304700179e-01 2.156984085320327871e-01
8.746775906729644667e-01 2.166271442096743827e-01
8.797332364710471753e-01 2.152005482759870858e-01
8.848181039557355687e-01 2.081598990550352912e-01
8.899323620286901937e-01 2.024462737165617365e-01
8.950761805678236760e-01 2.019067742391013054e-01
9.002497304329459826e-01 2.041118425731509867e-01
9.054531834714387717e-01 2.043381426895354014e-01
9.106867125239620497e-01 2.026761946348082932e-01
9.159504914301977996e-01 2.000366300773005479e-01
9.212446950346235841e-01 1.973445638927916190e-01
9.265694991923183466e-01 1.978297513423197818e-01
9.319250807748065135e-01 2.018452206074447530e-01
9.373116176759319629e-01 2.073922890602594160e-01
9.427292888177655206e-01 2.110529197428936132e-01
9.481782741565508710e-01 2.127583174199665361e-01
9.536587546886805544e-01 2.137142091115742659e-01
9.591709124567069367e-01 2.129647031261091006e-01
9.647149305553922582e-01 2.119400161991204790e-01
9.702909931377862174e-01 2.107288579762311431e-01
9.758992854213467405e-01 2.086794841222539276e-01
9.815399936940907288e-01 2.051093734861734741e-01
9.872133053207802211e-01 2.029332715670210119e-01
9.929194087491489684e-01 2.032410397253038015e-01
9.986584935161608723e-01 2.054298144509738022e-01
1.004430750254303728e+00 2.084024927797993865e-01
1.010236370697924935e+00 2.110746445540665206e-01
1.016075547689597958e+00 2.117463032994954253e-01
1.021948475186527761e+00 2.135802394426746798e-01
1.027855348266994762e+00 2.161636815713190996e-01
1.033796363136834096e+00 2.179867553089119281e-01
1.039771717135951290e+00 2.183596979007134398e-01
1.045781608744880131e+00 2.164026544942210528e-01
1.051826237591374280e+00 2.133448873216348962e-01
1.057905804457035748e+00 2.129791863335577240e-01
1.064020511283988890e+00 2.144528526914529498e-01
1.070170561181583713e+00 2.112955134676577085e-01
1.076356158433145582e+00 2.057647386232227260e-01
1.082577508502760022e+00 2.025603289752195002e-01
1.088834818042095476e+00 2.008766561093194847e-01
1.095128294897270704e+00 1.961931489006277229e-01
1.101458148115757263e+00 1.925107934068206184e-01
1.107824587953321727e+00 1.936386731868805222e-01
1.114227825881013212e+00 1.906460804478130877e-01
1.120668074592185315e+00 1.835402567933426266e-01
1.127145548009560017e+00 1.774203774859357541e-01
1.133660461292336441e+00 1.742293648048224564e-01
1.140213030843336250e+00 1.737843682559641889e-01
1.146803474316190341e+00 1.748494271237157338e-01
1.153432010622570836e+00 1.750366225799889486e-01
1.160098859939462601e+00 1.750932881291315801e-01
1.166804243716473621e+00 1.751812736143818494e-01
1.173548384683194445e+00 1.770702459458658173e-01
1.180331506856595603e+00 1.780697682999124454e-01
1.187153835548465874e+00 1.752451807672487927e-01
1.194015597372901416e+00 1.689725036212592069e-01
1.200917020253827294e+00 1.639774264123294023e-01
1.207858333432573428e+00 1.622515712047353231e-01
1.214839767475487387e+00 1.638324132977502512e-01
1.221861554281590267e+00 1.698749884854001968e-01
1.228923927090283863e+00 1.759110462296983035e-01
1.236027120489096909e+00 1.762025207796014126e-01
1.243171370421473965e+00 1.748191934281668192e-01
1.250356914194617142e+00 1.755194565083067204e-01
1.257583990487367132e+00 1.765727477700063108e-01
1.264852839358128644e+00 1.754079358109524867e-01
1.272163702252848472e+00 1.725746583538196877e-01
1.279516822013033517e+00 1.696749391825164155e-01
1.286912442883815677e+00 1.667583832825541568e-01
1.294350810522067352e+00 1.653015536533178620e-01
1.301832172004561583e+00 1.674358353109625108e-01
1.309356775836174380e+00 1.701794979220070947e-01
1.316924871958146337e+00 1.698514532732962601e-01
1.324536711756377994e+00 1.689621843359520592e-01
1.332192548069784932e+00 1.707950342385727016e-01
1.339892635198694837e+00 1.731436673664566162e-01
1.347637228913291185e+00 1.751848944162439914e-01
1.355426586462114891e+00 1.783603376493500259e-01
1.363260966580605249e+00 1.785287049359400580e-01
1.371140629499693731e+00 1.786490965978565493e-01
1.379065836954451285e+00 1.794429574061330579e-01
1.387036852192779834e+00 1.794038527460218302e-01
1.395053939984155722e+00 1.766245252366350771e-01
1.403117366628427343e+00 1.714784605900535885e-01
1.411227399964658957e+00 1.717947376327124409e-01
1.419384309380025577e+00 1.752915270310843598e-01
1.427588365818764915e+00 1.728520117764603958e-01
1.435839841791175742e+00 1.660783966928422450e-01
1.444139011382666204e+00 1.611801759337249951e-01
1.452486150262864761e+00 1.585646897086005480e-01
1.460881535694769973e+00 1.569391307125880264e-01
1.469325446543965796e+00 1.544983481773123668e-01
1.477818163287882181e+00 1.515414203365871015e-01
1.486359968025109168e+00 1.498266085746726151e-01
1.494951144484772509e+00 1.516020687677781531e-01
1.503591978035954568e+00 1.543214720063462997e-01
1.512282755697172298e+00 1.540330751380259988e-01
1.521023766145914724e+00 1.502482509515200293e-01
1.529815299728230382e+00 1.474660268006435515e-01
1.538657648468367833e+00 1.526691190765538941e-01
1.547551106078482119e+00 1.617795996820040327e-01
1.556495967968387184e+00 1.666207928117924286e-01
1.565492531255366693e+00 1.682604729350672956e-01
1.574541094774047689e+00 1.676746271937713251e-01
1.583641959086324214e+00 1.651353588478451373e-01
1.592795426491339539e+00 1.619515877704561513e-01
1.602001801035530804e+00 1.595703674258128479e-01
1.611261388522727822e+00 1.562245654650926407e-01
1.620574496524306296e+00 1.512685929162740639e-01
1.629941434389411858e+00 1.509832737295365990e-01
1.639362513255227638e+00 1.546002737497318980e-01
1.648838046057315765e+00 1.576482647572902129e-01
1.658368347540009280e+00 1.577279223982575584e-01
1.667953734266863997e+00 1.592625992675300584e-01
1.677594524631179640e+00 1.609471773338956024e-01
1.687291038866571835e+00 1.567542887775252580e-01
1.697043599057607821e+00 1.509231684186248812e-01
1.706852529150509445e+00 1.455288978043929871e-01
1.716718154963911225e+00 1.407063518041946903e-01
1.726640804199680579e+00 1.384907831447447502e-01
1.736620806453807120e+00 1.353202279941526365e-01
1.746658493227349673e+00 1.340127564417300521e-01
1.756754197937443251e+00 1.369264157002026139e-01
1.766908255928380411e+00 1.363677259728728053e-01
1.777121004482747679e+00 1.363700794940831684e-01
1.787392782832625482e+00 1.410724148724581128e-01
1.797723932170862682e+00 1.433616668498027824e-01
1.808114795662403074e+00 1.422823058146957254e-01
1.818565718455690483e+00 1.404767929661343284e-01
1.829077047694130043e+00 1.391863391824638974e-01
1.839649132527616748e+00 1.408884781378608453e-01
1.850282324124138622e+00 1.422993235834478232e-01
1.860976975681438272e+00 1.391408981190938865e-01
1.871733442438742401e+00 1.339919368310227010e-01
1.882552081688566581e+00 1.312680075901268284e-01
1.893433252788581767e+00 1.304623791757983375e-01
1.904377317173546302e+00 1.295388936608568575e-01
1.915384638367318981e+00 1.289986700230239813e-01
1.926455581994929611e+00 1.261290035071765681e-01
1.937590515794722412e+00 1.214969116849273639e-01
1.948789809630575354e+00 1.193501382608582878e-01
1.960053835504184105e+00 1.203572642988154778e-01
1.971382967567415045e+00 1.213538900113724089e-01
1.982777582134739092e+00 1.194891770523648783e-01
1.994238057695728816e+00 1.169290890957313256e-01
2.005764774927627947e+00 1.165389476950846048e-01
2.017358116708002580e+00 1.139477208424365534e-01
2.029018468127450348e+00 1.127410886218748881e-01
2.040746216502401289e+00 1.158146062825613776e-01
2.052541751387976898e+00 1.181228674696823688e-01
2.064405464590929995e+00 1.188202339083325593e-01
2.076337750182662312e+00 1.155347182986171395e-01
2.088339004512313135e+00 1.136864799880824006e-01
2.100409626219920778e+00 1.152180791757720785e-01
2.112550016249669760e+00 1.146061636610686274e-01
2.124760577863207711e+00 1.138273291805200621e-01
2.137041716653034662e+00 1.135744161704488331e-01
2.149393840555982482e+00 1.123574646645800340e-01
2.161817359866763155e+00 1.121876490572451673e-01
2.174312687251592546e+00 1.123953020440395106e-01
2.186880237761905654e+00 1.090098523029287420e-01
2.199520428848138476e+00 1.046429842170820690e-01
2.212233680373592026e+00 1.021746835876540388e-01
2.225020414628386511e+00 1.020139199849745548e-01
2.237881056343477670e+00 1.023635084047651855e-01
2.250816032704775704e+00 9.908523439877407746e-02
2.263825773367328598e+00 9.458131896244501013e-02
2.276910710469592924e+00 9.316612855462345910e-02
2.290071278647793029e+00 9.256380816485471064e-02
2.303307915050354371e+00 9.129091527021568342e-02
2.316621059352423018e+00 9.219865029705683057e-02
2.330011153770474852e+00 9.310185932157029332e-02
2.343478643077001600e+00 9.390585837506082445e-02
2.357023974615280792e+00 9.558790188012286637e-02
2.370647598314243876e+00 9.502667759148951399e-02
2.384349966703414481e+00 9.380194136161709717e-02
2.398131534927939956e+00 9.418266867742222659e-02
2.411992760763713051e+00 9.356043387741165562e-02
2.425934104632577970e+00 9.115223855889531546e-02
2.439956029617617261e+00 8.960778552459500168e-02
2.454059001478542612e+00 8.765110419828883725e-02
2.468243488667162033e+00 8.650475832873197324e-02
2.482509962342935861e+00 8.494871872847277461e-02
2.496858896388636673e+00 8.258161951109185828e-02
2.511290767426078485e+00 7.992195950324916531e-02
2.525806054831960523e+00 7.647043012815415985e-02
2.540405240753779381e+00 7.526506518824423175e-02
2.555088810125852206e+00 7.505379139958774648e-02
2.569857250685421590e+00 7.449962767458560842e-02
2.584711052988855506e+00 7.467831424648273264e-02
2.599650710427946265e+00 7.416723806364018678e-02
2.614676719246288084e+00 7.320971701119446950e-02
2.629789578555775442e+00 7.333771235702149505e-02
2.644989790353173831e+00 7.255362771377278641e-02
2.660277859536794409e+00 7.518595066755623391e-02
2.675654293923265481e+00 8.050708108417270470e-02
2.691119604264405218e+00 8.009123199030469820e-02
2.706674304264172548e+00 8.124536258386519383e-02
2.722318910595750374e+00 8.586586784015551310e-02
2.738053942918694972e+00 8.767554461085835804e-02
2.753879923896200843e+00 8.602011399948311654e-02
2.769797379212459720e+00 8.361463428236340367e-02
2.785806837590128815e+00 8.082770308906611634e-02
2.801908830807877226e+00 8.159676140458689553e-02
2.818103893718070019e+00 8.390737611291827769e-02
2.834392564264522019e+00 9.021499399687765708e-02
2.850775383500368410e+00 9.115495416029194276e-02
2.867252895606037466e+00 8.595729308717481310e-02
2.883825647907329426e+00 8.308635929067563486e-02
2.900494190893583735e+00 8.255862741926719983e-02
2.917259078235983960e+00 8.284014476404939764e-02
2.934120866805935979e+00 8.055903959089455446e-02
2.951080116693567401e+00 7.840755912440468267e-02
2.968137391226336685e+00 7.779546256960813422e-02
2.985293256987731514e+00 7.976155798075588998e-02
3.002548283836107057e+00 8.178848286318776695e-02
3.019903044923603730e+00 8.042325952106391118e-02
3.037358116715186629e+00 7.893293747460274068e-02
3.054914079007794214e+00 7.858262489443967880e-02
3.072571514949601568e+00 8.184279489112002148e-02
3.090331011059376021e+00 8.340553297482421191e-02
3.108193157245980220e+00 8.023244326292858219e-02
3.126158546827951579e+00 7.787421501010992342e-02
3.144227776553216724e+00 7.819175933342051299e-02
3.162401446618910317e+00 7.969095234444395492e-02
3.180680160691316427e+00 8.015731162428894885e-02
3.199064525925907621e+00 8.103734751688464188e-02
3.217555152987530587e+00 8.126129411205865183e-02
3.236152656070678812e+00 8.257980911016078729e-02
3.254857652919894928e+00 8.256840358429501370e-02
3.273670764850296955e+00 8.097344036401769862e-02
3.292592616768199143e+00 8.033708443674472677e-02
3.311623837191892683e+00 8.018392451797576315e-02
3.330765058272506351e+00 8.016455322801324668e-02
3.350016915815009710e+00 7.989389828881750255e-02
3.369380049299332214e+00 7.969493522649231942e-02
3.388855101901607103e+00 8.021071845175567483e-02
3.408442720515521884e+00 8.037419765583177222e-02
3.428143555773827789e+00 8.168818665160619552e-02
3.447958262069935831e+00 8.074985584902988345e-02
3.467887497579658529e+00 8.118181751118444534e-02
3.487931924283071528e+00 8.379169149342256817e-02
3.508092207986506228e+00 8.604383025168020616e-02
3.528369018344649444e+00 8.397526614783359933e-02
3.548763028882812254e+00 7.962360542980795319e-02
3.569274917019284565e+00 8.033835171739647785e-02
3.589905364087840223e+00 8.425461101149851750e-02
3.610655055360374899e+00 8.254215277079440805e-02
3.631524680069651456e+00 8.026412527922240081e-02
3.652514931432215839e+00 7.622258624068993516e-02
3.673626506671410219e+00 7.304659988730459463e-02
3.694860107040534913e+00 7.155682096112274404e-02
3.716216437846141751e+00 7.115147219265498257e-02
3.737696208471465109e+00 7.166888477875629770e-02
3.759300132399972405e+00 7.189862465690975701e-02
3.781028927239082016e+00 7.272670204278357253e-02
3.802883314743989107e+00 7.221327233873063578e-02
3.824864020841640233e+00 7.097224250047852456e-02
3.846971775654848713e+00 6.806075572312327016e-02
3.869207313526548564e+00 6.756524898828797365e-02
3.891571373044171445e+00 7.069036307551011811e-02
3.914064697064205678e+00 7.348743251402141408e-02
3.936688032736852527e+00 7.521781372394316378e-02
3.959442131530850340e+00 7.394655019014209629e-02
3.982327749258438132e+00 7.377763978327278593e-02
4.005345646100446189e+00 7.926514604545506493e-02
4.028496586631570509e+00 7.847852684090284026e-02
4.051781339845751617e+00 7.178963852085901154e-02
4.075200679181723906e+00 6.762553533929277494e-02
4.098755382548707082e+00 6.396291321563438159e-02
4.122446232352245943e+00 6.216084012884205007e-02
4.146274015520188705e+00 6.335516162307240629e-02
4.170239523528843861e+00 6.142798983194278778e-02
4.194343552429258715e+00 5.979446507183356491e-02
4.218586902873665778e+00 6.261814740403166824e-02
4.242970380142073950e+00 6.457319936949985906e-02
4.267494794169023997e+00 6.472871280947922745e-02
4.292160959570472833e+00 6.483389710357469193e-02
4.316969695670882068e+00 6.540688899826002656e-02
4.341921826530410478e+00 6.608615142759946548e-02
4.367018180972294772e+00 6.826804662973139093e-02
4.392259592610382235e+00 6.899021556113732467e-02
4.417646899876805477e+00 6.284155087892635827e-02
4.443180946049855251e+00 6.254120536446096390e-02
4.468862579281975833e+00 6.765359655372445158e-02
4.494692652627942486e+00 6.838680893080993639e-02
4.520672024073195239e+00 6.635825468754008583e-02
4.546801556562344082e+00 6.716641766317209272e-02
4.573082118027814502e+00 6.755963674540163555e-02
4.599514581418703507e+00 7.207713018871376998e-02
4.626099824729760002e+00 7.250583312919239853e-02
4.652838731030551678e+00 6.666222100386762217e-02
4.679732188494796219e+00 6.477415387284921056e-02
4.706781090429870140e+00 6.438835743443707682e-02
4.733986335306464177e+00 6.364048080980988509e-02
4.761348826788450062e+00 6.158658095350497130e-02
4.788869473762884077e+00 5.934620980129932249e-02
4.816549190370198019e+00 5.913529809282905281e-02
4.844388896034566017e+00 6.045363205083807007e-02
4.872389515494448098e+00 6.111460943077365315e-02
4.900551978833287414e+00 6.096416511340130295e-02
4.928877221510434836e+00 6.216989213349743276e-02
4.957366184392200559e+00 6.378947680643737295e-02
4.986019813783113541e+00 6.114411896595017826e-02
5.014839061457356806e+00 6.075904668791046875e-02
5.043824884690362609e+00 6.107713413150039211e-02
5.072978246290641202e+00 5.846726014926227621e-02
5.102300114631742822e+00 5.840806003881610781e-02
5.131791463684423960e+00 6.076194332940018650e-02
5.161453273049005475e+00 5.945229929586032941e-02
5.191286527987911903e+00 5.737251070624105331e-02
5.221292219458380401e+00 5.853551226436382038e-02
5.251471344145405951e+00 6.138960933220399124e-02
5.281824904494829553e+00 6.183967500366929770e-02
5.312353908746639597e+00 6.197237739191711892e-02
5.343059370968462396e+00 6.401849252421840109e-02
5.373942311089249912e+00 6.540562171760827548e-02
5.405003754933139781e+00 6.717293510652395938e-02
5.436244734253559585e+00 6.663741851111189274e-02
5.467666286767478567e+00 6.857635790829351430e-02
5.499269456189878724e+00 7.272724516306290632e-02
5.531055292268432844e+00 6.894495553786043895e-02
5.563024850818350409e+00 6.774954780307143598e-02
5.595179193757479297e+00 6.537556906215243047e-02
5.627519389141558470e+00 6.169665333011435659e-02
5.660046511199702479e+00 5.840806003881610781e-02
5.692761640370078702e+00 5.612930838687166246e-02
5.725665863335805739e+00 5.610287653327796636e-02
5.758760273061025892e+00 5.575328811348732871e-02
5.792045968827241431e+00 5.503220542264004173e-02
5.825524056269808071e+00 5.820384681379082298e-02
5.859195647414667363e+00 5.929787209643960777e-02
5.893061860715279821e+00 5.693493680120016026e-02
5.927123821089786304e+00 5.546543436544635469e-02
5.961382659958350594e+00 5.661757351798266114e-02
5.995839515280771082e+00 5.748656596489879617e-02
6.030495531594262104e+00 5.577211628317051140e-02
6.065351860051475086e+00 5.712665825980103862e-02
6.100409658458743500e+00 5.548209005401225774e-02
6.135670091314512575e+00 5.334237719357438207e-02
6.171134329848062094e+00 5.381706431770231364e-02
6.206803552058381079e+00 5.490602047774410105e-02
6.242678942753306259e+00 5.521179719500271532e-02
6.278761693588877257e+00 5.737540734773077800e-02
6.315053003108923591e+00 6.118430986662005272e-02
6.351554076784851510e+00 6.448666220499446600e-02
6.388266127055725718e+00 6.623279390301656244e-02
6.425190373368511843e+00 6.219234110504276436e-02
6.462328042218596025e+00 5.901092354886418312e-02
6.499680367190518560e+00 5.775378114232550264e-02
6.537248588998957999e+00 5.877810598912790174e-02
6.575033955529916874e+00 5.634094425571436332e-02
6.613037721882214726e+00 5.436977972195960324e-02
6.651261150409145451e+00 5.546217564377042830e-02
6.689705510760421525e+00 5.558854162875948024e-02
6.728372079924347382e+00 5.482907843817340365e-02
6.767262142270216607e+00 5.672511133328853733e-02
6.806376989591010229e+00 5.638910092048096678e-02
6.845717921146279750e+00 5.560338691639429842e-02
6.885286243705309062e+00 5.632356440677604298e-02
6.925083271590525058e+00 5.306067880869907299e-02
6.965110326721157818e+00 5.236186404930401328e-02
7.005368738657123728e+00 5.486763997800529757e-02
7.045859844643230119e+00 5.493878873459655948e-02
7.086584989653569089e+00 5.485098428943940840e-02
7.127545526436194656e+00 5.592002603923936638e-02
7.168742815558059256e+00 5.578641845052600967e-02
7.210178225450215805e+00 5.407613269093918679e-02
7.251853132453240036e+00 5.210134735532227779e-02
7.293768920862992111e+00 5.042781273463629171e-02
7.335926982976571864e+00 5.115776639004584320e-02
7.378328719138569802e+00 5.238232157982516263e-02
7.420975537787583676e+00 5.153595914454747046e-02
7.463868855503007715e+00 5.004780957920359347e-02
7.507010097052058128e+00 5.131165046918724493e-02
7.550400695437144982e+00 5.167536001624026265e-02
7.594042091943437711e+00 5.151658785458496786e-02
7.637935736186750368e+00 5.235154476399687951e-02
7.682083086161699548e+00 5.319066559555027385e-02
7.726485608290103890e+00 5.114129174157306529e-02
7.771144777469737974e+00 4.976067999153505755e-02
7.816062077123293150e+00 4.973062733607920560e-02
7.861238999247660786e+00 5.316459582214279334e-02
7.906677044463489068e+00 5.160638374076630119e-02
7.952377722065040011e+00 6.506146450061085773e-02
7.998342550070284496e+00 6.223742008822653882e-02
