2.511886431509579437e-02 9.715263250269275952e-01
2.526405161860213050e-02 9.285572212645845092e-01
2.541007810627042562e-02 9.055250006351678316e-01
2.555694862859406516e-02 8.830211121943916108e-01
2.570466806410236227e-02 8.700138034197169024e-01
2.585324131952258450e-02 8.613690636954445257e-01
2.600267332994290678e-02 8.543629194547809336e-01
2.615296905897638788e-02 8.482430716030320283e-01
2.630413349892583852e-02 8.428755228459771098e-01
2.645617167094958117e-02 8.381951887835665804e-01
2.660908862522835469e-02 8.342058979099209459e-01
2.676288944113292337e-02 8.311660735781795095e-01
2.691757922739292791e-02 8.294279372474355760e-01
2.707316312226650673e-02 8.288058069528412286e-01
2.722964629371095457e-02 8.290068028941717238e-01
2.738703393955444973e-02 8.295159926122088745e-01
2.754533128766867636e-02 8.295676772828368684e-01
2.770454359614242176e-02 8.292345982943462035e-01
2.786467615345633933e-02 8.289149190352776975e-01
2.802573427865854422e-02 8.290336023530157084e-01
2.818772332154127064e-02 8.299007562713274222e-01
2.835064866281864979e-02 8.315163807902126170e-01
2.851451571430539678e-02 8.338843044037921315e-01
2.867932991909653145e-02 8.370026128650055464e-01
2.884509675174826843e-02 8.408770489150337868e-01
2.901182171845980567e-02 8.454310426714650717e-01
2.917951035725619563e-02 8.505535678048027348e-01
2.934816823817239240e-02 8.563862785975081549e-01
2.951780096343814899e-02 8.630038306849328045e-01
2.968841416766421215e-02 8.704119668082573869e-01
2.986001351802944001e-02 8.786891710969539915e-01
3.003260471446899879e-02 8.878832997275297734e-01
3.020619348986378766e-02 8.980651798412154774e-01
3.038078561023081769e-02 9.088691902494956398e-01
3.055638687491469066e-02 9.184002263626824814e-01
3.073300311678033025e-02 9.261854691568843778e-01
3.091064020240668481e-02 9.334921501860137250e-01
3.108930403228154019e-02 9.409653707093882380e-01
3.126900054099761295e-02 9.492866026804713808e-01
3.144973569744963920e-02 9.589229223819742964e-01
3.163151550503255638e-02 9.691488301780466497e-01
3.181434600184106232e-02 9.776997717963648027e-01
3.199823326087009728e-02 9.843824082838392719e-01
3.218318339021652985e-02 9.906917665945570439e-01
3.236920253328214730e-02 9.976462261645928642e-01
3.255629686897762443e-02 1.006137826124041901e+00
3.274447261192782455e-02 1.016639385496796111e+00
3.293373601267822470e-02 1.024066664090723888e+00
3.312409335790250653e-02 1.024612224502906566e+00
3.331555097061136145e-02 1.021564743182924007e+00
3.350811521036261426e-02 1.017022234908854461e+00
3.370179247347232510e-02 1.012977430870460216e+00
3.389658919322740410e-02 1.010756904280523116e+00
3.409251184009919750e-02 1.009880179126910082e+00
3.428956692195841288e-02 1.007525655242752727e+00
3.448776098429136294e-02 1.003113315768782821e+00
3.468710061041735404e-02 9.981458446473286950e-01
3.488759242170727526e-02 9.942044099501904375e-01
3.508924307780367929e-02 9.923629042781907383e-01
3.529205927684192501e-02 9.920547105014840827e-01
3.549604775567258980e-02 9.893671076288359512e-01
3.570121529008542238e-02 9.825026176706339598e-01
3.590756869503420462e-02 9.734310008519168056e-01
3.611511482486330638e-02 9.642119870095572365e-01
3.632386057353523962e-02 9.563961162623907386e-01
3.653381287485973905e-02 9.514286451409366130e-01
3.674497870272393912e-02 9.497192225160970835e-01
3.695736507132423021e-02 9.506993170109658831e-01
3.717097903539903075e-02 9.541009340371022773e-01
3.738582769046329413e-02 9.599929864886768138e-01
3.760191817304411876e-02 9.685420138599345474e-01
3.781925766091774610e-02 9.754735024652467779e-01
3.803785337334809891e-02 9.763425706306186891e-01
3.825771257132654091e-02 9.731342925575716674e-01
3.847884255781295476e-02 9.678796843770740566e-01
3.870125067797849233e-02 9.626978175848673880e-01
3.892494431944945599e-02 9.583773619697915080e-01
3.914993091255265789e-02 9.545641818256925815e-01
3.937621793056233360e-02 9.513080475761381827e-01
3.960381288994833243e-02 9.490166938449704492e-01
3.983272335062570252e-02 9.479466297382680429e-01
4.006295691620595512e-02 9.484960186445714481e-01
4.029452123424955012e-02 9.473666128789999252e-01
4.052742399651988042e-02 9.420526630396331980e-01
4.076167293923887297e-02 9.350426903048489891e-01
4.099727584334383890e-02 9.279886898876781309e-01
4.123424053474603751e-02 9.214515361767856572e-01
4.147257488459059338e-02 9.161031298903338227e-01
4.171228680951784978e-02 9.119894129577693631e-01
4.195338427192649156e-02 9.087562496729385542e-01
4.219587528023795858e-02 9.065280660947602209e-01
4.243976788916238585e-02 9.054063173174298207e-01
4.268507019996626434e-02 9.041792849517836794e-01
4.293179036074151744e-02 9.022324956914681282e-01
4.317993656667604152e-02 9.005115875842668594e-01
4.342951706032609216e-02 8.995161791129157036e-01
4.368054013188996804e-02 8.996731473718596606e-01
4.393301411948334623e-02 8.983523169002590736e-01
4.418694740941636612e-02 8.943649402736737475e-01
4.444234843647213579e-02 8.897362908818911009e-01
4.469922568418681352e-02 8.852301533019669710e-01
4.495758768513159753e-02 8.811240933576436341e-01
4.521744302119593689e-02 8.746156533526555643e-01
4.547880032387276866e-02 8.649621054276099841e-01
4.574166827454511502e-02 8.542518931252841563e-01
4.600605560477452616e-02 8.433655700934115096e-01
4.627197109659098723e-02 8.330956346149523961e-01
4.653942358278480296e-02 8.235397132899817674e-01
4.680842194719982141e-02 8.149715434481209497e-01
4.707897512502866311e-02 8.074944944306259309e-01
4.735109210310945588e-02 8.006510611900869989e-01
4.762478192022426976e-02 7.944240155029616002e-01
4.790005366739954334e-02 7.890966659341728251e-01
4.817691648820784933e-02 7.848623514368101572e-01
4.845537957907175564e-02 7.819431246698669291e-01
4.873545218956924774e-02 7.803772705745493088e-01
4.901714362274099679e-02 7.800709910449027396e-01
4.930046323539925834e-02 7.811314839163037149e-01
4.958542043843887359e-02 7.837099747065151556e-01
4.987202469714965836e-02 7.881491136393291574e-01
5.016028553153097091e-02 7.940756225379888011e-01
5.045021251660784106e-02 7.985779316237922032e-01
5.074181528274907677e-02 8.015277863437000327e-01
5.103510351598705003e-02 8.060339239236242737e-01
5.133008695833959217e-02 8.107735996449036975e-01
5.162677540813340182e-02 8.123011687990155938e-01
5.192517872032970105e-02 8.117039237162049226e-01
5.222530680685147364e-02 8.117670938691944338e-01
5.252716963691266006e-02 8.142881572475972884e-01
5.283077723734942721e-02 8.189608343217666953e-01
5.313613969295318679e-02 8.275864315754359879e-01
5.344326714680543849e-02 8.402740610910421903e-01
5.375216980061491706e-02 8.538058735602364058e-01
5.406285791505632127e-02 8.648166226510279886e-01
5.437534181011107609e-02 8.742117472229342656e-01
5.468963186541032917e-02 8.826956901941421796e-01
5.500573852057948770e-02 8.829024288766535999e-01
5.532367227558519784e-02 8.713805758207644470e-01
5.564344369108398941e-02 8.557622340558534990e-01
5.596506338877313413e-02 8.426745269046466147e-01
5.628854205174332881e-02 8.353487034049145166e-01
5.661389042483377931e-02 8.325385887204078683e-01
5.694111931498885282e-02 8.331396622973390453e-01
5.727023959161724881e-02 8.374007762535459198e-01
5.760126218695296035e-02 8.454712418597311041e-01
5.793419809641841417e-02 8.559134595736164197e-01
5.826905837898961604e-02 8.658579730518261020e-01
5.860585415756369709e-02 8.741964332464520204e-01
5.894459661932811845e-02 8.821348158054770350e-01
5.928529701613251268e-02 8.922918107073789518e-01
5.962796666486229469e-02 9.041256860340954882e-01
5.997261694781454155e-02 9.149450104188580069e-01
6.031925931307623168e-02 9.251402902619657587e-01
6.066790527490428103e-02 9.365702594589608854e-01
6.101856641410823012e-02 9.509194554228992402e-01
6.137125437843479747e-02 9.704888031202500986e-01
6.172598088295483398e-02 9.971657501524598954e-01
6.208275771045231733e-02 1.028140181835022204e+00
6.244159671181598315e-02 1.049897513922285031e+00
6.280250980643269088e-02 1.055946534632803413e+00
6.316550898258359303e-02 1.048316345850485165e+00
6.353060629784218483e-02 1.024254260302632336e+00
6.389781387947492119e-02 9.875887721098260963e-01
6.426714392484385308e-02 9.485974737387667943e-01
6.463860870181208085e-02 9.165587206906828932e-01
6.501222054915094251e-02 8.931130226962437080e-01
6.538799187695008841e-02 8.760838808478984552e-01
6.576593516702965159e-02 8.649046780158012870e-01
6.614606297335466623e-02 8.573855155629799274e-01
6.652838792245242827e-02 8.519528824058750782e-01
6.691292271383147972e-02 8.464609075899014456e-01
6.729968012040381253e-02 8.370255838297290252e-01
6.768867298890894613e-02 8.245389502554534289e-01
6.807991424034069705e-02 8.126553045051694291e-01
6.847341687037629410e-02 8.024102542384941028e-01
6.886919394980822728e-02 7.938229419260304232e-01
6.926725862497820629e-02 7.876762946154373113e-01
6.966762411821400547e-02 7.823872299878543712e-01
7.007030372826857090e-02 7.750020648292531567e-01
7.047531083076181979e-02 7.665085506227438117e-01
7.088265887862478520e-02 7.584859411930658935e-01
7.129236140254673060e-02 7.515027679171257802e-01
7.170443201142430445e-02 7.461467046424327121e-01
7.211888439281383123e-02 7.428752564163959571e-01
7.253573231338585059e-02 7.422665258512236575e-01
7.295498961938230720e-02 7.444277107822917516e-01
7.337667023707672431e-02 7.450862117710317367e-01
7.380078817323644513e-02 7.403829067438977285e-01
7.422735751558823258e-02 7.311466646779954948e-01
7.465639243328600627e-02 7.195884409279609262e-01
7.508790717738160481e-02 7.077335088835811083e-01
7.552191608129793510e-02 6.965562202985443596e-01
7.595843356130543844e-02 6.865198229614407621e-01
7.639747411700059665e-02 6.783153600610352107e-01
7.683905233178781047e-02 6.723869369153151476e-01
7.728318287336367887e-02 6.690255190774450078e-01
7.772988049420428980e-02 6.685048438770458956e-01
7.817916003205507836e-02 6.692877709247048168e-01
7.863103641042397396e-02 6.673007824761230111e-01
7.908552463907676799e-02 6.636598845674502867e-01
7.954263981453599253e-02 6.622452559898955871e-01
8.000239712058217212e-02 6.638934227088058027e-01
8.046481182875830918e-02 6.686752118654116783e-01
8.092989929887701994e-02 6.754152757646949556e-01
8.139767497953076525e-02 6.830665212646764850e-01
8.186815440860513438e-02 6.902717471996102638e-01
8.234135321379483508e-02 6.934685397902956572e-01
8.281728711312283386e-02 6.969103560046980839e-01
8.329597191546232737e-02 7.084743224959135777e-01
8.377742352106211376e-02 7.321880150787936081e-01
8.426165792207447602e-02 7.545330210135657856e-01
8.474869120308657633e-02 7.460988484659254460e-01
8.523853954165466762e-02 7.197186097280605654e-01
8.573121920884146929e-02 6.968203863928644770e-01
8.622674656975649887e-02 6.804133748391136827e-01
8.672513808409994251e-02 6.686656406301102473e-01
8.722641030670905127e-02 6.596016807996343267e-01
8.773057988810836760e-02 6.524213400764842241e-01
8.823766357506258873e-02 6.463799763542071863e-01
8.874767821113291322e-02 6.414335619504162311e-01
8.926064073723644077e-02 6.364201488995150369e-01
8.977656819220893036e-02 6.315215906722314587e-01
9.029547771337091688e-02 6.268527420921825577e-01
9.081738653709675591e-02 6.224423168652730709e-01
9.134231199938727674e-02 6.188990455566751869e-01
9.187027153644546085e-02 6.147815001299901105e-01
9.240128268525588107e-02 6.109032355858413643e-01
9.293536308416693037e-02 6.098848561497667298e-01
9.347253047347692245e-02 6.135946669526098907e-01
9.401280269602330097e-02 6.193259226511199644e-01
9.455619769777530437e-02 6.220020400414062456e-01
9.510273352842993355e-02 6.187612197683342030e-01
9.565242834201181932e-02 6.079170101717880081e-01
9.620530039747586526e-02 5.940693469376457925e-01
9.676136805931405405e-02 5.787113427729342341e-01
9.732064979816532069e-02 5.646799118210041879e-01
9.788316419142908953e-02 5.547755975310606491e-01
9.844892992388228070e-02 5.495363033270451725e-01
9.901796578830000806e-02 5.478460231728086161e-01
9.959029068607995472e-02 5.484394397614987815e-01
1.001659236278700377e-01 5.499019245155607472e-01
1.007448837341998471e-01 5.557518635318088318e-01
1.013271902361159299e-01 5.637687302203058248e-01
1.019128624758204177e-01 5.571588351211224088e-01
1.025019199073136378e-01 5.406656824496585134e-01
1.030943820970401520e-01 5.203191504458297700e-01
1.036902687245389171e-01 5.051238572812429828e-01
1.042895995830967204e-01 4.965135740040558243e-01
1.048923945804057928e-01 4.930813290249548286e-01
1.054986737392250712e-01 4.933474093663351989e-01
1.061084571980452224e-01 4.941245936728131394e-01
1.067217652117575799e-01 4.929377604954330305e-01
1.073386181523270227e-01 4.917107281297867227e-01
1.079590365094685589e-01 4.911575107293627562e-01
1.085830408913279893e-01 4.909392865644895965e-01
1.092106520251663743e-01 4.902061299403983052e-01
1.098418907580486492e-01 4.890633244454047901e-01
1.104767780575359459e-01 4.871433346439333345e-01
1.111153350123821049e-01 4.851965453836177833e-01
1.117575828332342536e-01 4.839293138297053876e-01
1.124035428533372433e-01 4.844959309595514019e-01
1.130532365292423180e-01 4.835656068882501768e-01
1.137066854415197809e-01 4.791532674142803261e-01
1.143639112954759340e-01 4.730161913389887007e-01
1.150249359218739331e-01 4.672045372639464511e-01
1.156897812776589568e-01 4.621183828247542591e-01
1.163584694466876512e-01 4.580486935745764487e-01
1.170310226404614878e-01 4.555238017020531993e-01
1.177074631988646730e-01 4.549992980075335813e-01
1.183878135909062629e-01 4.564005268556662887e-01
1.190720964154663303e-01 4.599150844583598241e-01
1.197603344020467531e-01 4.639024610849451502e-01
1.204525504115261381e-01 4.662550707220422530e-01
1.211487674369193246e-01 4.687359349121788532e-01
1.218490086041408849e-01 4.712474270552801658e-01
1.225532971727734816e-01 4.727079975622818786e-01
1.232616565368404721e-01 4.732803574333087626e-01
1.239741102255828148e-01 4.739522581514707955e-01
1.246906819042407494e-01 4.766322040358776380e-01
1.254113953748399735e-01 4.817279297103712610e-01
1.261362745769819826e-01 4.857574197722829834e-01
1.268653435886395453e-01 4.860368998430853460e-01
1.275986266269562852e-01 4.837551173472189880e-01
1.283361480490512463e-01 4.797083990617646010e-01
1.290779323528278288e-01 4.738335748337327846e-01
1.298240041777875831e-01 4.680563772057757532e-01
1.305743883058487209e-01 4.624399763308831290e-01
1.313291096621690413e-01 4.556903411962984207e-01
1.320881933159741561e-01 4.490785318500547518e-01
1.328516644813900749e-01 4.434353315163179765e-01
1.336195485182806453e-01 4.387626544421486252e-01
1.343918709330900185e-01 4.347293358861163415e-01
1.351686573796898327e-01 4.314483164247782110e-01
1.359499336602315311e-01 4.295780970468743298e-01
1.367357257260030934e-01 4.291033637759222863e-01
1.375260596782912625e-01 4.296048965057183699e-01
1.383209617692485738e-01 4.312951766599549819e-01
1.391204584027652402e-01 4.346317092860415565e-01
1.399245761353461737e-01 4.398576037606348743e-01
1.407333416769932510e-01 4.455563172591199828e-01
1.415467818920924381e-01 4.501811381567820680e-01
1.423649238003061035e-01 4.546987612190678818e-01
1.431877945774705507e-01 4.611861445063927811e-01
1.440154215564987683e-01 4.697179436541079611e-01
1.448478322282882313e-01 4.781368022252659999e-01
1.456850542426340045e-01 4.844710457477676702e-01
1.465271154091474515e-01 4.839216568414642650e-01
1.473740436981796631e-01 4.759354181059318734e-01
1.482258672417506584e-01 4.672504791933933532e-01
1.490826143344838317e-01 4.614866812948584252e-01
1.499443134345459228e-01 4.576543586801566366e-01
1.508109931645919832e-01 4.527672859352346868e-01
1.516826823127164214e-01 4.486880254497553899e-01
1.525594098334091819e-01 4.479835825315684472e-01
1.534412048485173929e-01 4.498538019094723839e-01
1.543280966482127869e-01 4.514464554636342108e-01
1.552201146919646169e-01 4.513028869341124127e-01
1.561172886095181789e-01 4.509621509573806253e-01
1.570196482018790252e-01 4.517355067697380600e-01
1.579272234423027277e-01 4.529740246177460516e-01
1.588400444772908315e-01 4.519077890051642621e-01
1.597581416275917487e-01 4.484162023671941499e-01
1.606815453892082024e-01 4.452806656824381260e-01
1.616102864344102497e-01 4.434487312457400798e-01
1.625443956127538836e-01 4.431864793984802708e-01
1.634839039521058524e-01 4.420532451387881867e-01
1.644288426596743347e-01 4.381462668887350920e-01
1.653792431230455828e-01 4.357496295692512289e-01
1.663351369112262834e-01 4.358931980987730270e-01
1.672965557756923849e-01 4.370685457937914520e-01
1.682635316514438095e-01 4.406347880671128148e-01
1.692360966580649384e-01 4.452940654118601738e-01
1.702142831007917856e-01 4.492010436619133240e-01
1.711981234715850009e-01 4.505793015453225525e-01
1.721876504502090899e-01 4.488717931675433315e-01
1.731828969053178791e-01 4.458683395299473662e-01
1.741838958955464201e-01 4.437550107753865380e-01
1.751906806706090836e-01 4.429491127630042491e-01
1.762032846724038426e-01 4.433721613633284098e-01
1.772217415361232173e-01 4.456175731650492966e-01
1.782460850913716033e-01 4.507534980278090075e-01
1.792763493632887617e-01 4.581022924922646400e-01
1.803125685736800821e-01 4.642987102264252708e-01
1.813547771421535060e-01 4.695724608775259101e-01
1.824030096872625850e-01 4.762053269414328049e-01
1.834573010276564775e-01 4.863087229256465860e-01
1.845176861832364401e-01 4.919557517535039226e-01
1.855842003763193415e-01 4.843313057123664334e-01
1.866568790328071992e-01 4.715173358907811529e-01
1.877357577833641822e-01 4.605448717411954607e-01
1.888208724646001924e-01 4.540383459832676993e-01
1.899122591202609955e-01 4.512875729576300565e-01
1.910099540024255971e-01 4.507286128160251648e-01
1.921139935727104175e-01 4.504835891923080204e-01
1.932244145034804905e-01 4.513411718753181923e-01
1.943412536790674328e-01 4.507362698042663429e-01
1.954645481969946030e-01 4.453036366471616048e-01
1.965943353692096995e-01 4.376409056648183915e-01
1.977306527233236300e-01 4.302710544826995331e-01
1.988735380038573475e-01 4.267335259152825189e-01
2.000230291734956534e-01 4.248307643373536724e-01
2.011791644143479663e-01 4.242603187133870413e-01
2.023419821292166965e-01 4.238257846307010857e-01
2.035115209428728922e-01 4.229682019476909138e-01
2.046878197033392410e-01 4.214808319818451054e-01
2.058709174831803157e-01 4.192067064742198701e-01
2.070608535808005912e-01 4.178743905202575992e-01
2.082576675217497619e-01 4.182361832146525571e-01
2.094613990600355524e-01 4.206979049341862398e-01
2.106720881794442723e-01 4.254892653260936020e-01
2.118897750948690872e-01 4.297101800940343885e-01
2.131145002536455058e-01 4.329261151553225884e-01
2.143463043368951104e-01 4.353495519336504915e-01
2.155852282608767823e-01 4.346585087448855411e-01
2.168313131783459469e-01 4.317392819779424240e-01
2.180846004799212312e-01 4.275068817276398980e-01
2.193451317954595303e-01 4.236592451364558087e-01
2.206129489954388734e-01 4.233357373832666304e-01
2.218880941923488948e-01 4.283855211283132403e-01
2.231706097420899648e-01 4.358606558987481172e-01
2.244605382453801201e-01 4.407974990672375859e-01
2.257579225491697927e-01 4.444249972464882625e-01
2.270628057480653939e-01 4.505161313923329303e-01
2.283752311857605299e-01 4.575414181035994954e-01
2.296952424564759343e-01 4.598921134936362898e-01
2.310228834064072811e-01 4.572313100798323648e-01
2.323581981351817149e-01 4.517431637579792381e-01
2.337012309973229007e-01 4.487320531321421502e-01
2.350520266037238737e-01 4.508300679102206221e-01
2.364106298231291869e-01 4.561019043142608975e-01
2.377770857836252472e-01 4.612378291770206085e-01
2.391514398741393099e-01 4.642010836263504858e-01
2.405337377459470793e-01 4.635119546846458438e-01
2.419240253141889951e-01 4.585004558808050690e-01
2.433223487593957901e-01 4.490517323912106562e-01
2.447287545290218747e-01 4.381520096299159617e-01
2.461432893389885190e-01 4.320264190369860202e-01
2.475660001752356676e-01 4.332247376967279240e-01
2.489969342952823017e-01 4.403476510080692186e-01
2.504361392297964617e-01 4.517182785461954508e-01
2.518836627841739007e-01 4.652883759565955013e-01
2.533395530401260642e-01 4.781904011429541912e-01
2.548038583572773130e-01 4.901123318344440816e-01
2.562766273747711931e-01 5.051104575518209350e-01
2.577579090128856998e-01 5.247563751315833525e-01
2.592477524746588102e-01 5.429034372631382777e-01
2.607462072475227322e-01 5.581427581101117141e-01
2.622533231049470337e-01 5.632882542081729671e-01
2.637691501080930423e-01 5.594444461111094391e-01
2.652937386074759596e-01 5.504513134218641524e-01
2.668271392446371348e-01 5.342070128682381291e-01
2.683694029538270520e-01 5.148444038533985800e-01
2.699205809636965880e-01 5.003037831834311611e-01
2.714807247989985406e-01 4.932670109898029676e-01
2.730498862822996475e-01 4.941303364139940646e-01
2.746281175357012105e-01 4.978822606521636218e-01
2.762154709825712651e-01 4.969481080867417799e-01
2.778119993492854656e-01 4.937436585078153195e-01
2.794177556669779627e-01 4.944251304612787834e-01
2.810327932733039380e-01 5.012570782194559760e-01
2.826571658142107979e-01 5.104741778147552367e-01
2.842909272457196934e-01 5.143313856412408125e-01
2.859341318357184192e-01 5.114351298390210632e-01
2.875868341657639160e-01 5.063413184115878041e-01
2.892490891328946545e-01 4.998539351242629603e-01
2.909209519514548425e-01 4.918408969298864730e-01
2.926024781549284581e-01 4.836632334883250173e-01
2.942937235977828858e-01 4.773328184599440194e-01
2.959947444573255426e-01 4.733645843039615553e-01
2.977055972355692748e-01 4.691168700771767286e-01
2.994263387611086902e-01 4.636248952612029850e-01
3.011570261910088142e-01 4.588737340575617107e-01
3.028977170127025720e-01 4.570858273032503138e-01
3.046484690459013711e-01 4.597332309876321910e-01
3.064093404445150659e-01 4.559411075611965458e-01
3.081803896985833569e-01 4.412071479381397543e-01
3.099616756362194026e-01 4.281481544928372185e-01
3.117532574255635347e-01 4.182744681558583366e-01
3.135551945767480198e-01 4.117813421273525676e-01
3.153675469438748658e-01 4.078954205949626433e-01
3.171903747270033436e-01 4.019976254022073481e-01
3.190237384741493876e-01 3.955753265149323794e-01
3.208676990832974307e-01 3.920129127357315779e-01
3.227223178044230090e-01 3.918789154415112108e-01
3.245876562415266342e-01 3.929336655717313720e-01
3.264637763546810456e-01 3.908260795583513580e-01
3.283507404620888970e-01 3.843980379298955197e-01
3.302486112421523790e-01 3.778532272307619788e-01
3.321574517355558864e-01 3.740381328396027993e-01
3.340773253473591775e-01 3.701120121189467316e-01
3.360082958491044103e-01 3.640687341496093299e-01
3.379504273809338932e-01 3.555962766607631553e-01
3.399037844537201591e-01 3.458527591238839682e-01
3.418684319512097503e-01 3.384848221888254738e-01
3.438444351321779946e-01 3.356230228336910537e-01
3.458318596325960503e-01 3.360632996575578790e-01
3.478307714678123830e-01 3.374147580821230119e-01
3.498412370347446232e-01 3.382838262474949786e-01
3.518633231140849693e-01 3.403626985549705330e-01
3.538970968725191901e-01 3.446640116994434955e-01
3.559426258649572294e-01 3.516433564812631030e-01
3.579999780367765227e-01 3.604584641939013179e-01
3.600692217260801353e-01 3.697349054480695840e-01
3.621504256659661136e-01 3.795856208203249871e-01
3.642436589868098817e-01 3.886495806508009632e-01
3.663489912185618480e-01 3.896181896633080233e-01
3.684664922930561692e-01 3.814098982687819106e-01
3.705962325463332818e-01 3.722961680147383601e-01
3.727382827209774208e-01 3.664213437867064882e-01
3.748927139684648524e-01 3.628283020545410298e-01
3.770595978515288715e-01 3.587968977455690545e-01
3.792390063465359562e-01 3.578225459918810691e-01
3.814310118458763554e-01 3.577364048741680236e-01
3.836356871603694985e-01 3.549569181426260878e-01
3.858531055216822825e-01 3.506249770451884684e-01
3.880833405847607942e-01 3.462585795006655753e-01
3.903264664302779630e-01 3.429354466040011040e-01
3.925825575670940371e-01 3.423094878152860843e-01
3.948516889347303827e-01 3.450889745468280201e-01
3.971339359058604912e-01 3.490361519851472583e-01
3.994293742888124776e-01 3.504105813744358700e-01
4.017380803300868997e-01 3.483259663257794458e-01
4.040601307168905088e-01 3.398592515781141410e-01
4.063956025796829352e-01 3.284331108752394646e-01
4.087445734947380283e-01 3.204143299396821631e-01
4.111071214867221824e-01 3.138427197817045267e-01
4.134833250312844322e-01 3.076597017769658882e-01
4.158732630576643108e-01 3.068825174704879477e-01
4.182770149513134750e-01 3.138216630640413007e-01
4.206946605565314856e-01 3.267485734621837223e-01
4.231262801791195738e-01 3.396046567190954546e-01
4.255719545890473410e-01 3.511494807397080864e-01
4.280317650231349469e-01 3.611303649120632953e-01
4.305057931877529498e-01 3.680943957174004355e-01
4.329941212615355806e-01 3.732724340154865983e-01
4.354968318981098929e-01 3.726809316738567968e-01
4.380140082288422887e-01 3.681939365645356399e-01
4.405457338655994204e-01 3.695817656832462439e-01
4.430920929035247480e-01 3.754699896407001636e-01
4.456531699238333033e-01 3.795664783497220141e-01
4.482290499966203323e-01 3.822215390223451248e-01
4.508198186836865351e-01 3.828723830228439318e-01
4.534255620413813470e-01 3.753838485229870625e-01
4.560463666234608748e-01 3.608374851118388293e-01
4.586823194839622087e-01 3.500621884094629599e-01
4.613335081800964965e-01 3.428129347921425318e-01
4.640000207751556194e-01 3.372329046113954343e-01
4.666819458414390720e-01 3.318328136543156059e-01
4.693793724631949438e-01 3.261934418146994474e-01
4.720923902395786631e-01 3.204066729514409850e-01
4.748210892876304490e-01 3.153875171593590321e-01
4.775655602452679171e-01 3.121256401686238191e-01
4.803258942742961168e-01 3.106708124028029760e-01
4.831021830634371073e-01 3.117389622624451295e-01
4.858945188313745223e-01 3.117198197918422120e-01
4.887029943298164536e-01 3.106133849909943345e-01
4.915277028465775411e-01 3.099701979787365946e-01
4.943687382086768833e-01 3.119992998626446856e-01
4.972261947854541564e-01 3.186474799030339367e-01
5.001001674917054940e-01 3.298324254763119190e-01
5.029907517908354109e-01 3.356995927161026128e-01
5.058980436980275996e-01 3.279507206160462984e-01
5.088221397834349347e-01 3.169801707135208590e-01
5.117631371753864622e-01 3.082914033068617776e-01
5.147211335636141527e-01 3.034349585149045403e-01
5.176962272024980827e-01 3.020988140668216526e-01
5.206885169143288250e-01 3.027266871025969808e-01
5.236981020925914887e-01 3.021102995491833920e-01
5.267250827052667450e-01 2.988120518643027079e-01
5.297695592981502832e-01 2.946485645081706739e-01
5.328316329981945820e-01 2.920375315179342679e-01
5.359114055168668900e-01 2.934368461190067223e-01
5.390089791535270791e-01 2.974357082279537878e-01
5.421244567988269258e-01 3.016202523017490478e-01
5.452579419381275994e-01 3.085421696717599027e-01
5.484095386549359130e-01 3.163101842424191346e-01
5.515793516343632241e-01 3.204851570809129080e-01
5.547674861666017643e-01 3.230942758240890056e-01
5.579740481504216199e-01 3.291815814758131120e-01
5.611991440966896949e-01 3.382397985651082184e-01
5.644428811319066597e-01 3.477114930194261655e-01
5.677053670017649933e-01 3.512719925515666586e-01
5.709867100747291202e-01 3.475545247604823196e-01
5.742870193456336425e-01 3.412738801556688406e-01
5.776064044393048880e-01 3.371544204819234558e-01
5.809449756142023302e-01 3.371084785524764982e-01
5.843028437660793273e-01 3.400793899900474981e-01
5.876801204316687288e-01 3.473918137603576040e-01
5.910769177923870243e-01 3.576406925211534915e-01
5.944933486780595855e-01 3.614596154064332323e-01
5.979295265706701112e-01 3.565438289556070450e-01
6.013855656081297241e-01 3.515782720812131723e-01
6.048615805880666052e-01 3.481843120433179561e-01
6.083576869716416091e-01 3.442065066520340610e-01
6.118740008873820857e-01 3.428416484980468804e-01
6.154106391350390171e-01 3.437432588634437569e-01
6.189677191894675801e-01 3.493500885030348946e-01
6.225453592045292472e-01 3.605828902528201430e-01
6.261436780170150929e-01 3.721296285204930832e-01
6.297627951505950783e-01 3.845416064594173178e-01
6.334028308197864332e-01 3.948364271496602185e-01
6.370639059339481269e-01 3.994746477767443515e-01
6.407461421012968783e-01 4.014348367664818951e-01
6.444496616329448146e-01 3.989999145057922525e-01
6.481745875469649976e-01 3.924780747713821905e-01
6.519210435724759334e-01 3.870645840848803143e-01
6.556891541537508417e-01 3.810117348802414816e-01
6.594790444543533470e-01 3.798229874558010088e-01
6.632908403612935988e-01 3.794075958437179152e-01
6.671246684892090384e-01 3.754795608760015946e-01
6.709806561845721440e-01 3.744018397810580656e-01
6.748589315299192704e-01 3.780963366074188703e-01
6.787596233481042463e-01 3.821047699516673668e-01
6.826828612065795054e-01 3.726139330267465577e-01
6.866287754216984229e-01 3.573114420267835545e-01
6.905974970630435195e-01 3.476942647958835009e-01
6.945891579577818664e-01 3.467313985245573660e-01
6.986038906950429173e-01 3.482302539727649138e-01
7.026418286303216520e-01 3.490840081616545243e-01
7.067031058899108098e-01 3.526808783879405440e-01
7.107878573753529938e-01 3.572157296737690224e-01
7.148962187679240854e-01 3.591663474282050794e-01
7.190283265331394169e-01 3.599569314641051232e-01
7.231843179252852583e-01 3.616165836653770782e-01
7.273643309919801681e-01 3.614538726652524181e-01
7.315685045787596597e-01 3.631824377606948095e-01
7.357969783336865133e-01 3.673803815639121173e-01
7.400498927119919523e-01 3.667773937399205209e-01
7.443273889807401344e-01 3.618616072890942781e-01
7.486296092235191768e-01 3.639883357730771540e-01
7.529566963451627126e-01 3.739539059689500067e-01
7.573087940764960946e-01 3.887089223096699686e-01
7.616860469791092436e-01 3.916453773001557503e-01
7.660886004501606950e-01 3.739960194042764585e-01
7.705166007272060691e-01 3.502497846213715182e-01
7.749701948930545203e-01 3.331517298788558290e-01
7.794495308806568268e-01 3.290877833698588883e-01
7.839547574780165728e-01 3.343825907386226981e-01
7.884860243331343055e-01 3.435767193691984245e-01
7.930434819589780027e-01 3.503052977861199624e-01
7.976272817384808533e-01 3.523631133759322909e-01
8.022375759295721220e-01 3.538887682829839343e-01
8.068745176702336597e-01 3.546295818953164036e-01
8.115382609835852801e-01 3.583489639334609955e-01
8.162289607830032212e-01 3.630350407370524501e-01
8.209467728772645856e-01 3.665361986103239378e-01
8.256918539757219788e-01 3.684293889529513533e-01
8.304643616935105666e-01 3.675067218698912508e-01
8.352644545567829981e-01 3.668922485635379704e-01
8.400922920079733069e-01 3.651809116916382436e-01
8.449480344110958940e-01 3.657456145744239495e-01
8.498318430570707127e-01 3.699684435894249890e-01
8.547438801690798726e-01 3.765783386886084050e-01
8.596843089079587719e-01 3.774129504068951535e-01
8.646532933776126528e-01 3.769229031594607537e-01
8.696509986304700179e-01 3.773095810656394433e-01
8.746775906729644667e-01 3.756709855820307142e-01
8.797332364710471753e-01 3.729508405093577839e-01
8.848181039557355687e-01 3.640744768907902551e-01
8.899323620286901937e-01 3.506058345745855509e-01
8.950761805678236760e-01 3.425200549919180659e-01
9.002497304329459826e-01 3.375851260704889056e-01
9.054531834714387717e-01 3.315629048188146188e-01
9.106867125239620497e-01 3.251827193668660465e-01
9.159504914301977996e-01 3.193442658329797568e-01
9.212446950346235841e-01 3.185441105617782265e-01
9.265694991923183466e-01 3.236532359656938418e-01
9.319250807748065135e-01 3.278186375688861842e-01
9.373116176759319629e-01 3.324396299724277082e-01
9.427292888177655206e-01 3.380847445532247364e-01
9.481782741565508710e-01 3.428971616627953245e-01
9.536587546886805544e-01 3.450640893350442329e-01
9.591709124567069367e-01 3.388159869302557192e-01
9.647149305553922582e-01 3.268806565093438365e-01
9.702909931377862174e-01 3.225180874589415048e-01
9.758992854213467405e-01 3.281689447809194027e-01
9.815399936940907288e-01 3.340169695501072344e-01
9.872133053207802211e-01 3.313197954421577274e-01
9.929194087491489684e-01 3.234426687890618601e-01
9.986584935161608723e-01 3.142676826290890513e-01
1.004430750254303728e+00 3.040609173036195600e-01
1.010236370697924935e+00 2.982454347344566936e-01
1.016075547689597958e+00 2.897787199867913888e-01
1.021948475186527761e+00 2.778778460129646688e-01
1.027855348266994762e+00 2.689459692296487514e-01
1.033796363136834096e+00 2.620623368008437315e-01
1.039771717135951290e+00 2.579888190565453043e-01
1.045781608744880131e+00 2.588904294219422364e-01
1.051826237591374280e+00 2.580251897506908865e-01
1.057905804457035748e+00 2.570642377264250045e-01
1.064020511283988890e+00 2.679486465112373428e-01
1.070170561181583713e+00 2.835459315584851758e-01
1.076356158433145582e+00 2.902649387401051717e-01
1.082577508502760022e+00 2.924586658711982312e-01
1.088834818042095476e+00 2.944360830844783838e-01
1.095128294897270704e+00 2.992485001940489719e-01
1.101458148115757263e+00 3.014556270545640237e-01
1.107824587953321727e+00 2.985727709817663778e-01
1.114227825881013212e+00 2.878319307264758375e-01
1.120668074592185315e+00 2.747212526105454744e-01
1.127145548009560017e+00 2.686760603941477643e-01
1.133660461292336441e+00 2.681458139584472766e-01
1.140213030843336250e+00 2.680137309112872179e-01
1.146803474316190341e+00 2.661913677098905473e-01
1.153432010622570836e+00 2.660535419215496189e-01
1.160098859939462601e+00 2.695623567830622846e-01
1.166804243716473621e+00 2.715608307140057187e-01
1.173548384683194445e+00 2.779371876718336742e-01
1.180331506856595603e+00 2.870872886200228069e-01
1.187153835548465874e+00 2.880884398325547768e-01
1.194015597372901416e+00 2.810822955918911847e-01
1.200917020253827294e+00 2.812852057802819883e-01
1.207858333432573428e+00 2.883526059268748387e-01
1.214839767475487387e+00 2.960612788386651206e-01
1.221861554281590267e+00 2.963867008389145519e-01
1.228923927090283863e+00 2.913407455879885033e-01
1.236027120489096909e+00 2.855099490423432806e-01
1.243171370421473965e+00 2.834042772760236306e-01
1.250356914194617142e+00 2.885478591270245197e-01
1.257583990487367132e+00 2.902859954577683976e-01
1.264852839358128644e+00 2.871676869965549828e-01
1.272163702252848472e+00 2.867063534550249315e-01
1.279516822013033517e+00 2.934138751542831880e-01
1.286912442883815677e+00 2.974720789220992589e-01
1.294350810522067352e+00 2.968882335687106355e-01
1.301832172004561583e+00 3.037546377739730463e-01
1.309356775836174380e+00 3.063216430818227476e-01
1.316924871958146337e+00 3.023802083846844346e-01
1.324536711756377994e+00 2.961474199563782217e-01
1.332192548069784932e+00 2.870375181964552325e-01
1.339892635198694837e+00 2.805501349091303886e-01
1.347637228913291185e+00 2.766240141884743209e-01
1.355426586462114891e+00 2.765187306001583578e-01
1.363260966580605249e+00 2.848112488653372631e-01
1.371140629499693731e+00 2.850218160419692448e-01
1.379065836954451285e+00 2.763158204117675543e-01
1.387036852192779834e+00 2.711511818431034948e-01
1.395053939984155722e+00 2.701136599364259983e-01
1.403117366628427343e+00 2.644053752026394588e-01
1.411227399964658957e+00 2.507529651686468686e-01
1.419384309380025577e+00 2.425982726918088916e-01
1.427588365818764915e+00 2.452916183056377819e-01
1.435839841791175742e+00 2.481017329901444024e-01
1.444139011382666204e+00 2.493574790616950310e-01
1.452486150262864761e+00 2.527054971701432895e-01
1.460881535694769973e+00 2.605366818937921436e-01
1.469325446543965796e+00 2.670298079222978571e-01
1.477818163287882181e+00 2.685612055705303147e-01
1.486359968025109168e+00 2.667981840280027050e-01
1.494951144484772509e+00 2.590186839749816783e-01
1.503591978035954568e+00 2.484041840256702716e-01
1.512282755697172298e+00 2.322957950133248683e-01
1.521023766145914724e+00 2.167406234014034316e-01
1.529815299728230382e+00 2.084002489597172603e-01
1.538657648468367833e+00 2.099067613961659862e-01
1.547551106078482119e+00 2.171177300722806902e-01
1.556495967968387184e+00 2.238654509598050346e-01
1.565492531255366693e+00 2.233160620535016572e-01
1.574541094774047689e+00 2.133983480341360428e-01
1.583641959086324214e+00 1.991984633409003558e-01
1.592795426491339539e+00 1.922765459708895286e-01
1.602001801035530804e+00 1.924717991710391818e-01
1.611261388522727822e+00 1.929273899713883356e-01
1.620574496524306296e+00 1.907945358968125560e-01
1.629941434389411858e+00 1.955881933851922605e-01
1.639362513255227638e+00 2.041640202152941730e-01
1.648838046057315765e+00 2.047344658392607764e-01
1.658368347540009280e+00 2.033964071441176635e-01
1.667953734266863997e+00 2.052340843219966071e-01
1.677594524631179640e+00 2.089994082895882677e-01
1.687291038866571835e+00 2.149890873412375336e-01
1.697043599057607821e+00 2.203872640512570258e-01
1.706852529150509445e+00 2.243899546543246803e-01
1.716718154963911225e+00 2.214649851462006380e-01
1.726640804199680579e+00 2.146502656115661101e-01
1.736620806453807120e+00 2.121234594919825245e-01
1.746658493227349673e+00 2.119684054800989592e-01
1.756754197937443251e+00 2.107681725732967748e-01
1.766908255928380411e+00 2.084136486891393081e-01
1.777121004482747679e+00 2.072095872882165346e-01
1.787392782832625482e+00 2.093554582428023003e-01
1.797723932170862682e+00 2.111567647265357450e-01
1.808114795662403074e+00 2.088979531953928659e-01
1.818565718455690483e+00 2.064285744876179496e-01
1.829077047694130043e+00 2.070526190292726887e-01
1.839649132527616748e+00 2.146694080821689998e-01
1.850282324124138622e+00 2.305059740119531630e-01
1.860976975681438272e+00 2.419474286913100847e-01
1.871733442438742401e+00 2.436051666455217313e-01
1.882552081688566581e+00 2.406093699961669441e-01
1.893433252788581767e+00 2.343689245796195808e-01
1.904377317173546302e+00 2.230538102062418482e-01
1.915384638367318981e+00 2.133792055635331530e-01
1.926455581994929611e+00 2.092157182074010635e-01
1.937590515794722412e+00 2.072938141588693273e-01
1.948789809630575354e+00 1.989515254701228752e-01
1.960053835504184105e+00 1.902131790646023057e-01
1.971382967567415045e+00 1.847809287569096293e-01
1.982777582134739092e+00 1.815690136144480216e-01
1.994238057695728816e+00 1.801105487792126481e-01
2.005764774927627947e+00 1.829447829766788769e-01
2.017358116708002580e+00 1.881919255936414515e-01
2.029018468127450348e+00 1.887049438057993300e-01
2.040746216502401289e+00 1.842089517352947792e-01
2.052541751387976898e+00 1.792966109291770360e-01
2.064405464590929995e+00 1.770423935909788415e-01
2.076337750182662312e+00 1.767826302648974057e-01
2.088339004512313135e+00 1.816809970674750363e-01
2.100409626219920778e+00 1.887527999823065961e-01
2.112550016249669760e+00 1.912880287889554831e-01
2.124760577863207711e+00 1.881232041241770181e-01
2.137041716653034662e+00 1.847707832474901057e-01
2.149393840555982482e+00 1.861086505179271877e-01
2.161817359866763155e+00 1.924162860062907654e-01
2.174312687251592546e+00 2.019645503430202715e-01
2.186880237761905654e+00 2.055537635810651409e-01
2.199520428848138476e+00 2.068439660997010432e-01
2.212233680373592026e+00 2.066793408525160469e-01
2.225020414628386511e+00 2.024737400610575611e-01
2.237881056343477670e+00 1.982777105049005895e-01
2.250816032704775704e+00 1.927091658065152036e-01
2.263825773367328598e+00 1.906379504872807717e-01
2.276910710469592924e+00 1.884220180902883846e-01
2.290071278647793029e+00 1.820738005642466573e-01
2.303307915050354371e+00 1.803287729440857245e-01
2.316621059352423018e+00 1.805209633489389121e-01
2.330011153770474852e+00 1.795531200352560031e-01
2.343478643077001600e+00 1.804985666583335535e-01
2.357023974615280792e+00 1.749487815811390234e-01
2.370647598314243876e+00 1.660088649601698663e-01
2.384349966703414481e+00 1.551550841283221294e-01
2.398131534927939956e+00 1.544288187936478651e-01
2.411992760763713051e+00 1.644462650848546315e-01
2.425934104632577970e+00 1.760253541278464229e-01
2.439956029617617261e+00 1.787334394440395491e-01
2.454059001478542612e+00 1.769105019685248137e-01
2.468243488667162033e+00 1.804055342512033977e-01
2.482509962342935861e+00 1.890971730284528862e-01
2.496858896388636673e+00 1.937600874426147479e-01
2.511290767426078485e+00 1.844576124284265373e-01
2.525806054831960523e+00 1.707001102308240426e-01
2.540405240753779381e+00 1.596964438541555453e-01
2.555088810125852206e+00 1.560233865948699172e-01
2.569857250685421590e+00 1.576020661454916039e-01
2.584711052988855506e+00 1.548407647610224036e-01
2.599650710427946265e+00 1.551973889883545565e-01
2.614676719246288084e+00 1.565268335717263648e-01
2.629789578555775442e+00 1.515002122161092646e-01
2.644989790353173831e+00 1.500499786432331062e-01
2.660277859536794409e+00 1.501378425833004571e-01
2.675654293923265481e+00 1.513821031724893462e-01
2.691119604264405218e+00 1.493484070956366261e-01
2.706674304264172548e+00 1.423212061373098081e-01
2.722318910595750374e+00 1.421383955430520762e-01
2.738053942918694972e+00 1.427304721587999425e-01
2.753879923896200843e+00 1.447917333933208817e-01
2.769797379212459720e+00 1.486732521574721244e-01
2.785806837590128815e+00 1.561548953679119112e-01
2.801908830807877226e+00 1.580842649799788224e-01
2.818103893718070019e+00 1.588336927040825686e-01
2.834392564264522019e+00 1.566591080435924543e-01
2.850775383500368410e+00 1.533685173469529206e-01
2.867252895606037466e+00 1.562287853044391217e-01
2.883825647907329426e+00 1.607697621808605037e-01
2.900494190893583735e+00 1.605059789359524480e-01
2.917259078235983960e+00 1.528646875206844113e-01
2.934120866805935979e+00 1.465191499405270881e-01
2.951080116693567401e+00 1.458537576623700760e-01
2.968137391226336685e+00 1.467341198853977513e-01
2.985293256987731514e+00 1.414222757177973355e-01
3.002548283836107057e+00 1.393506775491508420e-01
3.019903044923603730e+00 1.369377691296545518e-01
3.037358116715186629e+00 1.345147152007387104e-01
3.054914079007794214e+00 1.318020356916008995e-01
3.072571514949601568e+00 1.228090944270616852e-01
3.090331011059376021e+00 1.179151303927227085e-01
3.108193157245980220e+00 1.118886977975158403e-01
3.126158546827951579e+00 1.083831371560056711e-01
3.144227776553216724e+00 1.095102458251047683e-01
3.162401446618910317e+00 1.073203471881323257e-01
3.180680160691316427e+00 1.035456434099452788e-01
3.199064525925907621e+00 1.004761482487692981e-01
3.217555152987530587e+00 9.797709871155992067e-02
3.236152656070678812e+00 9.879486505571608013e-02
3.254857652919894928e+00 9.968805273404766909e-02
3.273670764850296955e+00 9.970279243641189115e-02
3.292592616768199143e+00 1.005814318370852889e-01
3.311623837191892683e+00 9.606112882891507110e-02
3.330765058272506351e+00 9.511625647995562705e-02
3.350016915815009710e+00 1.005774119182586829e-01
3.369380049299332214e+00 1.013008058823424984e-01
3.388855101901607103e+00 9.394646010141202708e-02
3.408442720515521884e+00 9.085609964727889287e-02
3.428143555773827789e+00 9.067424617655127361e-02
3.447958262069935831e+00 8.626630947082010448e-02
3.467887497579658529e+00 8.524582436297917232e-02
3.487931924283071528e+00 8.602320009416319913e-02
3.508092207986506228e+00 8.763403899539773390e-02
3.528369018344649444e+00 8.705076791612718912e-02
3.548763028882812254e+00 8.581760995988799157e-02
3.569274917019284565e+00 8.464628218369615875e-02
3.589905364087840223e+00 8.626267240140556014e-02
3.610655055360374899e+00 8.428142669400477682e-02
3.631524680069651456e+00 7.727700527569544842e-02
3.652514931432215839e+00 7.613017986187534114e-02
3.673626506671410219e+00 7.963076346102876402e-02
3.694860107040534913e+00 7.765679189245709713e-02
3.716216437846141751e+00 7.435127006874728273e-02
3.737696208471465109e+00 7.310394668426192788e-02
3.759300132399972405e+00 7.180914997268136868e-02
3.781028927239082016e+00 6.632291789788849479e-02
3.802883314743989107e+00 6.259817596797503936e-02
3.824864020841640233e+00 6.434837205519873538e-02
3.846971775654848713e+00 6.834799986296992425e-02
3.869207313526548564e+00 7.270501759689736165e-02
3.891571373044171445e+00 7.369870324589421207e-02
3.914064697064205678e+00 7.131029718876963353e-02
3.936688032736852527e+00 6.994735328184271961e-02
3.959442131530850340e+00 7.218300242355611684e-02
3.982327749258438132e+00 6.999559230776204732e-02
4.005345646100446189e+00 6.530300706416566903e-02
4.028496586631570509e+00 6.137152645174082100e-02
4.051781339845751617e+00 5.766228992301572487e-02
4.075200679181723906e+00 5.789774231143147293e-02
4.098755382548707082e+00 5.978404136464182672e-02
4.122446232352245943e+00 6.206161251697558945e-02
4.146274015520188705e+00 6.158439072484513804e-02
4.170239523528843861e+00 5.925360350423530126e-02
4.194343552429258715e+00 5.853480373309618429e-02
4.218586902873665778e+00 5.708897292845869359e-02
4.242970380142073950e+00 5.645478287738441708e-02
4.267494794169023997e+00 5.744827710167523666e-02
4.292160959570472833e+00 5.691649926832650919e-02
4.316969695670882068e+00 5.494827044093571200e-02
4.341921826530410478e+00 5.314619825837813005e-02
4.367018180972294772e+00 5.322831945726460429e-02
4.392259592610382235e+00 5.240883029075420196e-02
4.417646899876805477e+00 4.969193943808374037e-02
4.443180946049855251e+00 4.807152930154774684e-02
4.468862579281975833e+00 4.827443948993855732e-02
4.494692652627942486e+00 4.859660727018545734e-02
4.520672024073195239e+00 5.152980804066874948e-02
4.546801556562344082e+00 5.522181634585123650e-02
4.573082118027814502e+00 5.375014320589981826e-02
4.599514581418703507e+00 5.143524423589039551e-02
4.626099824729760002e+00 5.162954031250988757e-02
4.652838731030551678e+00 5.264217700740362466e-02
4.679732188494796219e+00 5.256101293204729769e-02
4.706781090429870140e+00 4.973386144870410586e-02
4.733986335306464177e+00 4.830525886760923121e-02
4.761348826788450062e+00 4.767853438007008809e-02
4.788869473762884077e+00 4.883741955037002036e-02
4.816549190370198019e+00 4.621394395424175544e-02
4.844388896034566017e+00 4.759201041294495310e-02
4.872389515494448098e+00 4.659526196865163700e-02
4.900551978833287414e+00 4.436478129400103082e-02
4.928877221510434836e+00 4.670456547579422690e-02
4.957366184392200559e+00 4.774113025894159701e-02
4.986019813783113541e+00 4.842221936299299229e-02
5.014839061457356806e+00 4.806521228624879155e-02
5.043824884690362609e+00 4.630123362019099992e-02
5.072978246290641202e+00 4.791130682260143214e-02
5.102300114631742822e+00 4.816149891338140920e-02
5.131791463684423960e+00 4.871739625968979359e-02
5.161453273049005475e+00 4.912340806117743153e-02
5.191286527987911903e+00 4.659468769453354448e-02
5.221292219458380401e+00 4.566934066558907268e-02
5.251471344145405951e+00 4.472906250957432717e-02
5.281824904494829553e+00 4.387454262186060022e-02
5.312353908746639597e+00 4.468292915542131788e-02
5.343059370968462396e+00 4.415765976207758348e-02
5.373942311089249912e+00 4.501543386979380001e-02
5.405003754933139781e+00 4.420053889622808929e-02
5.436244734253559585e+00 4.268254097741764480e-02
5.467666286767478567e+00 4.312568917187492579e-02
5.499269456189878724e+00 4.288066554815771897e-02
5.531055292268432844e+00 4.074360013004929559e-02
5.563024850818350409e+00 4.034294822033047262e-02
5.595179193757479297e+00 3.992525951177506444e-02
5.627519389141558470e+00 4.012989252252012473e-02
5.660046511199702479e+00 4.032705996973005858e-02
5.692761640370078702e+00 3.958050361621672647e-02
5.725665863335805739e+00 4.007571933071390341e-02
5.758760273061025892e+00 3.880542498150506281e-02
5.792045968827241431e+00 3.744209822516609415e-02
5.825524056269808071e+00 3.838697057412553126e-02
5.859195647414667363e+00 4.047637124043272638e-02
5.893061860715279821e+00 4.077193098654158937e-02
5.927123821089786304e+00 3.891434563923559797e-02
5.961382659958350594e+00 3.907514239230000519e-02
5.995839515280771082e+00 3.767276499593111283e-02
6.030495531594262104e+00 3.684313032000115923e-02
6.065351860051475086e+00 3.857035544250137643e-02
6.100409658458743500e+00 3.705369749663313395e-02
6.135670091314512575e+00 3.496697677621034284e-02
6.171134329848062094e+00 3.409197444495151025e-02
6.206803552058381079e+00 3.450889745468280201e-02
6.242678942753306259e+00 3.620511177480630755e-02
6.278761693588877257e+00 3.818597463279502224e-02
6.315053003108923591e+00 3.903456035462184170e-02
6.351554076784851510e+00 4.003973148598044540e-02
6.388266127055725718e+00 4.008873621072388260e-02
6.425190373368511843e+00 4.021699076376335225e-02
6.462328042218596025e+00 4.127633508692817033e-02
6.499680367190518560e+00 4.128437492458139624e-02
6.537248588998957999e+00 3.987338341644118545e-02
6.575033955529916874e+00 3.921507385240724508e-02
6.613037721882214726e+00 3.940133009137352510e-02
6.651261150409145451e+00 3.782035344427951695e-02
6.689705510760421525e+00 3.745032948752534396e-02
6.728372079924347382e+00 3.719994597203932912e-02
6.767262142270216607e+00 3.689960060827973676e-02
6.806376989591010229e+00 3.750239700756524686e-02
6.845717921146279750e+00 3.749474001932408262e-02
6.885286243705309062e+00 3.896488176162726802e-02
6.925083271590525058e+00 4.008586484013344081e-02
6.965110326721157818e+00 4.214750892406642080e-02
7.005368738657123728e+00 4.141856364350775949e-02
7.045859844643230119e+00 3.899110694635325031e-02
7.086584989653569089e+00 3.813850130569981789e-02
7.127545526436194656e+00 3.747349187695486056e-02
7.168742815558059256e+00 3.568367087558314138e-02
7.210178225450215805e+00 3.567716243557815525e-02
7.251853132453240036e+00 3.508393727159410391e-02
7.293768920862992111e+00 3.625124512895930989e-02
7.335926982976571864e+00 3.725086494384306085e-02
7.378328719138569802e+00 3.996488442592307372e-02
7.420975537787583676e+00 3.938831321136355285e-02
7.463868855503007715e+00 3.624243959248197450e-02
7.507010097052058128e+00 3.525334813642982262e-02
7.550400695437144982e+00 3.644860400087526764e-02
7.594042091943437711e+00 3.752383657464049976e-02
7.637935736186750368e+00 3.434790927691236395e-02
7.682083086161699548e+00 3.273017908626077443e-02
7.726485608290103890e+00 3.359427020927595320e-02
7.771144777469737974e+00 3.658642978921619604e-02
7.816062077123293150e+00 3.697157629774665971e-02
7.861238999247660786e+00 3.368175129993123545e-02
7.906677044463489068e+00 3.422846026035022970e-02
7.952377722065040011e+00 5.689735679772359861e-02
7.998342550070284496e+00 7.058192618232905780e-02
