2.511886431509579437e-02 1.035135523175559902e+00
2.526405161860213050e-02 1.022005924849480163e+00
2.541007810627042562e-02 1.015293737047323397e+00
2.555694862859406516e-02 1.007747438724534206e+00
2.570466806410236227e-02 1.002530972667490250e+00
2.585324131952258450e-02 9.983036481440760168e-01
2.600267332994290678e-02 9.946440428231864139e-01
2.615296905897638788e-02 9.914473470058937643e-01
2.630413349892583852e-02 9.888183703911258560e-01
2.645617167094958117e-02 9.868117013637405233e-01
2.660908862522835469e-02 9.854710106316245666e-01
2.676288944113292337e-02 9.848683548627908957e-01
2.691757922739292791e-02 9.851522144640530998e-01
2.707316312226650673e-02 9.865081899439293034e-01
2.722964629371095457e-02 9.890913123154164710e-01
2.738703393955444973e-02 9.931395869364960660e-01
2.754533128766867636e-02 9.988495319926574689e-01
2.770454359614242176e-02 1.006487538802008253e+00
2.786467615345633933e-02 1.016359302319754354e+00
2.802573427865854422e-02 1.024899109246961482e+00
2.818772332154127064e-02 1.026912328880529746e+00
2.835064866281864979e-02 1.023056205374150762e+00
2.851451571430539678e-02 1.015566678971614012e+00
2.867932991909653145e-02 1.006620734461062261e+00
2.884509675174826843e-02 9.977795996494379649e-01
2.901182171845980567e-02 9.899014039467112225e-01
2.917951035725619563e-02 9.834010190778039728e-01
2.934816823817239240e-02 9.783417675691516990e-01
2.951780096343814899e-02 9.747411177039088104e-01
2.968841416766421215e-02 9.727344486765235887e-01
2.986001351802944001e-02 9.725073609955137144e-01
3.003260471446899879e-02 9.742607399171571148e-01
3.020619348986378766e-02 9.782435084764069533e-01
3.038078561023081769e-02 9.839643712095399453e-01
3.055638687491469066e-02 9.873051803628580814e-01
3.073300311678033025e-02 9.857636043744641974e-01
3.091064020240668481e-02 9.816520072269492303e-01
3.108930403228154019e-02 9.769137354212626967e-01
3.126900054099761295e-02 9.733742245470610177e-01
3.144973569744963920e-02 9.718435662356387228e-01
3.163151550503255638e-02 9.718086296693294601e-01
3.181434600184106232e-02 9.712911317808743394e-01
3.199823326087009728e-02 9.697255369031430039e-01
3.218318339021652985e-02 9.677254184819406024e-01
3.236920253328214730e-02 9.659916913788462178e-01
3.255629686897762443e-02 9.652951435880563480e-01
3.274447261192782455e-02 9.661554565334206091e-01
3.293373601267822470e-02 9.656314080387823351e-01
3.312409335790250653e-02 9.620766124168202982e-01
3.331555097061136145e-02 9.577837818315761975e-01
3.350811521036261426e-02 9.538599687279734063e-01
3.370179247347232510e-02 9.512353591839939337e-01
3.389658919322740410e-02 9.507025765477784551e-01
3.409251184009919750e-02 9.501108384559162623e-01
3.428956692195841288e-02 9.449817138146453521e-01
3.448776098429136294e-02 9.354090946459221456e-01
3.468710061041735404e-02 9.240961977679212902e-01
3.488759242170727526e-02 9.133903237295430966e-01
3.508924307780367929e-02 9.046823845769726979e-01
3.529205927684192501e-02 8.977583938415661935e-01
3.549604775567258980e-02 8.909872505837626022e-01
3.570121529008542238e-02 8.841877213658327905e-01
3.590756869503420462e-02 8.785956872209649271e-01
3.611511482486330638e-02 8.751173153378042358e-01
3.632386057353523962e-02 8.744840900734499600e-01
3.653381287485973905e-02 8.753356688772369054e-01
3.674497870272393912e-02 8.750649104883404528e-01
3.695736507132423021e-02 8.739971616805153332e-01
3.717097903539903075e-02 8.735146003583694752e-01
3.738582769046329413e-02 8.746718741173620248e-01
3.760191817304411876e-02 8.783620489337721216e-01
3.781925766091774610e-02 8.786349908580628476e-01
3.803785337334809891e-02 8.709838828363459795e-01
3.825771257132654091e-02 8.598806053562004781e-01
3.847884255781295476e-02 8.487009041372535201e-01
3.870125067797849233e-02 8.403161282230432461e-01
3.892494431944945599e-02 8.358420642000701228e-01
3.914993091255265789e-02 8.343048552824650077e-01
3.937621793056233360e-02 8.346061831668819542e-01
3.960381288994833243e-02 8.368901611893465597e-01
3.983272335062570252e-02 8.413445733937706672e-01
4.006295691620595512e-02 8.480895142268424225e-01
4.029452123424955012e-02 8.525482935020551878e-01
4.052742399651988042e-02 8.529653487623714003e-01
4.076167293923887297e-02 8.528801908819926281e-01
4.099727584334383890e-02 8.539632244375781056e-01
4.123424053474603751e-02 8.577560254175217169e-01
4.147257488459059338e-02 8.650468500991747023e-01
4.171228680951784978e-02 8.758924704027899466e-01
4.195338427192649156e-02 8.913933881671072257e-01
4.219587528023795858e-02 9.141218080866420070e-01
4.243976788916238585e-02 9.467416433424719058e-01
4.268507019996626434e-02 9.788548983868181619e-01
4.293179036074151744e-02 9.904429207245040168e-01
4.317993656667604152e-02 9.817022285410187399e-01
4.342951706032609216e-02 9.608232631004776092e-01
4.368054013188996804e-02 9.383830698529934677e-01
4.393301411948334623e-02 9.236966107907597090e-01
4.418694740941636612e-02 9.154210116462657698e-01
4.444234843647213579e-02 9.104534686241750885e-01
4.469922568418681352e-02 9.085232233355914344e-01
4.495758768513159753e-02 9.094534094135739988e-01
4.521744302119593689e-02 9.119601080462597098e-01
4.547880032387276866e-02 9.146873437537724749e-01
4.574166827454511502e-02 9.179473620975004966e-01
4.600605560477452616e-02 9.219978202539744760e-01
4.627197109659098723e-02 9.262513472021206562e-01
4.653942358278480296e-02 9.297559215100131835e-01
4.680842194719982141e-02 9.334198939016916663e-01
4.707897512502866311e-02 9.384616771271893088e-01
4.735109210310945588e-02 9.454599080660027743e-01
4.762478192022426976e-02 9.504274510880933446e-01
4.790005366739954334e-02 9.497985928945277267e-01
4.817691648820784933e-02 9.466149982896009396e-01
4.845537957907175564e-02 9.436344724763464642e-01
4.873545218956924774e-02 9.426627992258717059e-01
4.901714362274099679e-02 9.428920704422759647e-01
4.930046323539925834e-02 9.441170337984926553e-01
4.958542043843887359e-02 9.465494922277711831e-01
4.987202469714965836e-02 9.493422339971137047e-01
5.016028553153097091e-02 9.499667251198908868e-01
5.045021251660784106e-02 9.483487253926955463e-01
5.074181528274907677e-02 9.463398728299160512e-01
5.103510351598705003e-02 9.446694682532568166e-01
5.133008695833959217e-02 9.420230233553343879e-01
5.162677540813340182e-02 9.378088000442859062e-01
5.192517872032970105e-02 9.333129006673697159e-01
5.222530680685147364e-02 9.288344695736077128e-01
5.252716963691266006e-02 9.225327864255841170e-01
5.283077723734942721e-02 9.138859862640549281e-01
5.313613969295318679e-02 9.048177637714207577e-01
5.344326714680543849e-02 8.957932119866732767e-01
5.375216980061491706e-02 8.858297399823656937e-01
5.406285791505632127e-02 8.750190562450596010e-01
5.437534181011107609e-02 8.649354897940642051e-01
5.468963186541032917e-02 8.556947680052783278e-01
5.500573852057948770e-02 8.450325646747864905e-01
5.532367227558519784e-02 8.318243590745111327e-01
5.564344369108398941e-02 8.181401427582727370e-01
5.596506338877313413e-02 8.056219343426042068e-01
5.628854205174332881e-02 7.947042573709763857e-01
5.661389042483377931e-02 7.852713844674898969e-01
5.694111931498885282e-02 7.775984410918297396e-01
5.727023959161724881e-02 7.708949874312502892e-01
5.760126218695296035e-02 7.636412828513007289e-01
5.793419809641841417e-02 7.561211869532433738e-01
5.826905837898961604e-02 7.494330180404241704e-01
5.860585415756369709e-02 7.447012968409206790e-01
5.894459661932811845e-02 7.419784282041966827e-01
5.928529701613251268e-02 7.411923554622394938e-01
5.962796666486229469e-02 7.422186170975725306e-01
5.997261694781454155e-02 7.445943036065987286e-01
6.031925931307623168e-02 7.483325162016841725e-01
6.066790527490428103e-02 7.539769551960157079e-01
6.101856641410823012e-02 7.612743304838517355e-01
6.137125437843479747e-02 7.700259403443087125e-01
6.172598088295483398e-02 7.811357684306371452e-01
6.208275771045231733e-02 7.934094208821412808e-01
6.244159671181598315e-02 8.030846662143978909e-01
6.280250980643269088e-02 8.104606487764296485e-01
6.316550898258359303e-02 8.196839022820608944e-01
6.353060629784218483e-02 8.265707729157638628e-01
6.389781387947492119e-02 8.223303471799835451e-01
6.426714392484385308e-02 8.101353020026751395e-01
6.463860870181208085e-02 7.985712985543269582e-01
6.501222054915094251e-02 7.919355344909715377e-01
6.538799187695008841e-02 7.904856669891393572e-01
6.576593516702965159e-02 7.939181846290191968e-01
6.614606297335466623e-02 8.008661942537630418e-01
6.652838792245242827e-02 8.109715960587019490e-01
6.691292271383147972e-02 8.238479042790398665e-01
6.729968012040381253e-02 8.374928169581803417e-01
6.768867298890894613e-02 8.518801316713915384e-01
6.807991424034069705e-02 8.678570601516717442e-01
6.847341687037629410e-02 8.819998189007185463e-01
6.886919394980822728e-02 8.939524916492567197e-01
6.926725862497820629e-02 9.075449994789335229e-01
6.966762411821400547e-02 9.222423762181389817e-01
7.007030372826857090e-02 9.362563063789204332e-01
7.047531083076181979e-02 9.518729515191370893e-01
7.088265887862478520e-02 9.703587621674972796e-01
7.129236140254673060e-02 9.926308231896182610e-01
7.170443201142430445e-02 1.020136818551937496e+00
7.211888439281383123e-02 1.051127736403600466e+00
7.253573231338585059e-02 1.082734411236463190e+00
7.295498961938230720e-02 1.115581334173302741e+00
7.337667023707672431e-02 1.148910818432288261e+00
7.380078817323644513e-02 1.183229444224903393e+00
7.422735751558823258e-02 1.217567721836067429e+00
7.465639243328600627e-02 1.245104286693907270e+00
7.508790717738160481e-02 1.266190687996909148e+00
7.552191608129793510e-02 1.278597536107467070e+00
7.595843356130543844e-02 1.275745838882478056e+00
7.639747411700059665e-02 1.262511430857470751e+00
7.683905233178781047e-02 1.239669467097430866e+00
7.728318287336367887e-02 1.208503866414222028e+00
7.772988049420428980e-02 1.177497663814798701e+00
7.817916003205507836e-02 1.149046197626736543e+00
7.863103641042397396e-02 1.121824061865679401e+00
7.908552463907676799e-02 1.098147987585007312e+00
7.954263981453599253e-02 1.078352055700051659e+00
8.000239712058217212e-02 1.063362085218006570e+00
8.046481182875830918e-02 1.053475036952500332e+00
8.092989929887701994e-02 1.045284595688385165e+00
8.139767497953076525e-02 1.038672850514367418e+00
8.186815440860513438e-02 1.034314513867293561e+00
8.234135321379483508e-02 1.032141896149939564e+00
8.281728711312283386e-02 1.032030535844828956e+00
8.329597191546232737e-02 1.032021801703251640e+00
8.377742352106211376e-02 1.033692206279910542e+00
8.426165792207447602e-02 1.035323307219471856e+00
8.474869120308657633e-02 1.032443224034356399e+00
8.523853954165466762e-02 1.027541187074095586e+00
8.573121920884146929e-02 1.020320235525060903e+00
8.622674656975649887e-02 1.013094916905237675e+00
8.672513808409994251e-02 1.011830649911922952e+00
8.722641030670905127e-02 1.017889960631176427e+00
8.773057988810836760e-02 1.032100408977447481e+00
8.823766357506258873e-02 1.054453260809158133e+00
8.874767821113291322e-02 1.084727979051482327e+00
8.926064073723644077e-02 1.119144863936841983e+00
8.977656819220893036e-02 1.156409078976402327e+00
9.029547771337091688e-02 1.182163878952472436e+00
9.081738653709675591e-02 1.182050335111967554e+00
9.134231199938727674e-02 1.169763581448097556e+00
9.187027153644546085e-02 1.153686210339678331e+00
9.240128268525588107e-02 1.142216098913286126e+00
9.293536308416693037e-02 1.138862188547602017e+00
9.347253047347692245e-02 1.142174611740794044e+00
9.401280269602330097e-02 1.142235750731835031e+00
9.455619769777530437e-02 1.129324505945187740e+00
9.510273352842993355e-02 1.113432735345286417e+00
9.565242834201181932e-02 1.094960025909291979e+00
9.620530039747586526e-02 1.076664182840238126e+00
9.676136805931405405e-02 1.059898998082606125e+00
9.732064979816532069e-02 1.047586041994004180e+00
9.788316419142908953e-02 1.037790702215059646e+00
9.844892992388228070e-02 1.027021505650246080e+00
9.901796578830000806e-02 1.017145375061711432e+00
9.959029068607995472e-02 1.011262930709398322e+00
1.001659236278700377e-01 1.009878569269395898e+00
1.007448837341998471e-01 1.003605272081498523e+00
1.013271902361159299e-01 9.980700098568833223e-01
1.019128624758204177e-01 9.947663208052686112e-01
1.025019199073136378e-01 9.929059486493032605e-01
1.030943820970401520e-01 9.927705694548549786e-01
1.036902687245389171e-01 9.951811925301905504e-01
1.042895995830967204e-01 9.979586495517726030e-01
1.048923945804057928e-01 1.002447998322505862e+00
1.054986737392250712e-01 1.009258445217407596e+00
1.061084571980452224e-01 1.016728319801395219e+00
1.067217652117575799e-01 1.019632421875848349e+00
1.073386181523270227e-01 1.025372936427530135e+00
1.079590365094685589e-01 1.039063703349951684e+00
1.085830408913279893e-01 1.059396784941911251e+00
1.092106520251663743e-01 1.079221102786993347e+00
1.098418907580486492e-01 1.088221635682403265e+00
1.104767780575359459e-01 1.081688497782581138e+00
1.111153350123821049e-01 1.067552289639717378e+00
1.117575828332342536e-01 1.051575361159437172e+00
1.124035428533372433e-01 1.042419797251030067e+00
1.130532365292423180e-01 1.039738415786798154e+00
1.137066854415197809e-01 1.040253730139858890e+00
1.143639112954759340e-01 1.038491617076638285e+00
1.150249359218739331e-01 1.036635611991461481e+00
1.156897812776589568e-01 1.035561312577453208e+00
1.163584694466876512e-01 1.030128676516371300e+00
1.170310226404614878e-01 1.018422743267392017e+00
1.177074631988646730e-01 1.002129202154934395e+00
1.183878135909062629e-01 9.868990427795135689e-01
1.190720964154663303e-01 9.761713333871919751e-01
1.197603344020467531e-01 9.701229403449100896e-01
1.204525504115261381e-01 9.670288706911507326e-01
1.211487674369193246e-01 9.651619479290024506e-01
1.218490086041408849e-01 9.634238537551191861e-01
1.225532971727734816e-01 9.626028444468528456e-01
1.232616565368404721e-01 9.616901266520248015e-01
1.239741102255828148e-01 9.593406425677303284e-01
1.246906819042407494e-01 9.559168590694279155e-01
1.254113953748399735e-01 9.504230840173049089e-01
1.261362745769819826e-01 9.423920408369753643e-01
1.268653435886395453e-01 9.322604366073046211e-01
1.275986266269562852e-01 9.210676341759916896e-01
1.283361480490512463e-01 9.075624677620880432e-01
1.290779323528278288e-01 8.910571237163810165e-01
1.298240041777875831e-01 8.754885163548397076e-01
1.305743883058487209e-01 8.618108506447842432e-01
1.313291096621690413e-01 8.493646988971285117e-01
1.320881933159741561e-01 8.387942040531983778e-01
1.328516644813900749e-01 8.310819570404404111e-01
1.336195485182806453e-01 8.279245648602456820e-01
1.343918709330900185e-01 8.296146212554535992e-01
1.351686573796898327e-01 8.358180453107326713e-01
1.359499336602315311e-01 8.486659675709443684e-01
1.367357257260030934e-01 8.637891337120432445e-01
1.375260596782912625e-01 8.676758267139428327e-01
1.383209617692485738e-01 8.709140097037275652e-01
1.391204584027652402e-01 8.861376184729655714e-01
1.399245761353461737e-01 9.147572168863907782e-01
1.407333416769932510e-01 9.538184815554809903e-01
1.415467818920924381e-01 1.001915215686290495e+00
1.423649238003061035e-01 1.062021394485890502e+00
1.431877945774705507e-01 1.140523858982683825e+00
1.440154215564987683e-01 1.222116026062447514e+00
1.448478322282882313e-01 1.261644567305923559e+00
1.456850542426340045e-01 1.241248163187528286e+00
1.465271154091474515e-01 1.190022422836650273e+00
1.473740436981796631e-01 1.140499840093346151e+00
1.482258672417506584e-01 1.100532408235610937e+00
1.490826143344838317e-01 1.072046005481239295e+00
1.499443134345459228e-01 1.049994481533945478e+00
1.508109931645919832e-01 1.028493208506021439e+00
1.516826823127164214e-01 1.007120764066362639e+00
1.525594098334091819e-01 9.887965350371824558e-01
1.534412048485173929e-01 9.745948208324889395e-01
1.543280966482127869e-01 9.635439482018072210e-01
1.552201146919646169e-01 9.552421466325813348e-01
1.561172886095181789e-01 9.515825413116917320e-01
1.570196482018790252e-01 9.530935478045650111e-01
1.579272234423027277e-01 9.572466321245722831e-01
1.588400444772908315e-01 9.627687931368217322e-01
1.597581416275917487e-01 9.701666110527966680e-01
1.606815453892082024e-01 9.788046770727486523e-01
1.616102864344102497e-01 9.858465787194486962e-01
1.625443956127538836e-01 9.927006963222365643e-01
1.634839039521058524e-01 1.003432772785346705e+00
1.644288426596743347e-01 1.015269718157985723e+00
1.653792431230455828e-01 1.021171814328847738e+00
1.663351369112262834e-01 1.026006161691884522e+00
1.672965557756923849e-01 1.036332100571650372e+00
1.682635316514438095e-01 1.051736942778617179e+00
1.692360966580649384e-01 1.071960847600860856e+00
1.702142831007917856e-01 1.092573421723294080e+00
1.711981234715850009e-01 1.116059528424659941e+00
1.721876504502090899e-01 1.149268918236957759e+00
1.731828969053178791e-01 1.198843905829725554e+00
1.741838958955464201e-01 1.276180362425948900e+00
1.751906806706090836e-01 1.379223581219567007e+00
1.762032846724038426e-01 1.455832920529479990e+00
1.772217415361232173e-01 1.447463429363029963e+00
1.782460850913716033e-01 1.401355895976451160e+00
1.792763493632887617e-01 1.368471852937907851e+00
1.803125685736800821e-01 1.356503895441609542e+00
1.813547771421535060e-01 1.358235439009309653e+00
1.824030096872625850e-01 1.369928271045923074e+00
1.834573010276564775e-01 1.390470972035738217e+00
1.845176861832364401e-01 1.410631554331546189e+00
1.855842003763193415e-01 1.420896354220270608e+00
1.866568790328071992e-01 1.426754779683246266e+00
1.877357577833641822e-01 1.431514886842875978e+00
1.888208724646001924e-01 1.434285793258275099e+00
1.899122591202609955e-01 1.437170243514179324e+00
1.910099540024255971e-01 1.445255875079366703e+00
1.921139935727104175e-01 1.457245667929608635e+00
1.932244145034804905e-01 1.475735845648757483e+00
1.943412536790674328e-01 1.508600236868751665e+00
1.954645481969946030e-01 1.556162004827951639e+00
1.965943353692096995e-01 1.602972636611503132e+00
1.977306527233236300e-01 1.629799552466187240e+00
1.988735380038573475e-01 1.633376183442092344e+00
2.000230291734956534e-01 1.617329381829193835e+00
2.011791644143479663e-01 1.594384791905620657e+00
2.023419821292166965e-01 1.566221552389609251e+00
2.035115209428728922e-01 1.539977640485210131e+00
2.046878197033392410e-01 1.520790914975271413e+00
2.058709174831803157e-01 1.506418885009820574e+00
2.070608535808005912e-01 1.489974679955154757e+00
2.082576675217497619e-01 1.476209672829326358e+00
2.094613990600355524e-01 1.474375503098092732e+00
2.106720881794442723e-01 1.480947944635012670e+00
2.118897750948690872e-01 1.484592265208142026e+00
2.131145002536455058e-01 1.478037291954376720e+00
2.143463043368951104e-01 1.468846791479660352e+00
2.155852282608767823e-01 1.455426782946135367e+00
2.168313131783459469e-01 1.440015390132985518e+00
2.180846004799212312e-01 1.422966345774091312e+00
2.193451317954595303e-01 1.401015264454936293e+00
2.206129489954388734e-01 1.372937182819303770e+00
2.218880941923488948e-01 1.344029357733827368e+00
2.231706097420899648e-01 1.319652368591576863e+00
2.244605382453801201e-01 1.301081400062837679e+00
2.257579225491697927e-01 1.284702701070001618e+00
2.270628057480653939e-01 1.263989684319429152e+00
2.283752311857605299e-01 1.239767726190175612e+00
2.296952424564759343e-01 1.221812514642636405e+00
2.310228834064072811e-01 1.219934674203516423e+00
2.323581981351817149e-01 1.236352676833450293e+00
2.337012309973229007e-01 1.263149023192613907e+00
2.350520266037238737e-01 1.292312321919226292e+00
2.364106298231291869e-01 1.318586803319145906e+00
2.377770857836252472e-01 1.331936938720052588e+00
2.391514398741393099e-01 1.331268776889388716e+00
2.405337377459470793e-01 1.320396954161041858e+00
2.419240253141889951e-01 1.302452660290474240e+00
2.433223487593957901e-01 1.271461742438811271e+00
2.447287545290218747e-01 1.229271471549652661e+00
2.461432893389885190e-01 1.189146825143525765e+00
2.475660001752356676e-01 1.158664671038740712e+00
2.489969342952823017e-01 1.138523740561481423e+00
2.504361392297964617e-01 1.123907154631866190e+00
2.518836627841739007e-01 1.108694463539599884e+00
2.533395530401260642e-01 1.090769821487581170e+00
2.548038583572773130e-01 1.071148572434171609e+00
2.562766273747711931e-01 1.048404867766876247e+00
2.577579090128856998e-01 1.025892617851379640e+00
2.592477524746588102e-01 1.005365201609325077e+00
2.607462072475227322e-01 9.875366351146565025e-01
2.622533231049470337e-01 9.644435647842694026e-01
2.637691501080930423e-01 9.380096853005638335e-01
2.652937386074759596e-01 9.151371520450035657e-01
2.668271392446371348e-01 8.970181753428899674e-01
2.683694029538270520e-01 8.829125366955465903e-01
2.699205809636965880e-01 8.728617232754659616e-01
2.714807247989985406e-01 8.639528988666176357e-01
2.730498862822996475e-01 8.531771516956209167e-01
2.746281175357012105e-01 8.391479367870791073e-01
2.762154709825712651e-01 8.229111675948741489e-01
2.778119993492854656e-01 8.052092461530766521e-01
2.794177556669779627e-01 7.859329956919705040e-01
2.810327932733039380e-01 7.671480406945875297e-01
2.826571658142107979e-01 7.520707287967695054e-01
2.842909272457196934e-01 7.439785466253989732e-01
2.859341318357184192e-01 7.404106497910709628e-01
2.875868341657639160e-01 7.393385339124570743e-01
2.892490891328946545e-01 7.405482125209134070e-01
2.909209519514548425e-01 7.411202987942266951e-01
2.926024781549284581e-01 7.404172003972538940e-01
2.942937235977828858e-01 7.441488623861562957e-01
2.959947444573255426e-01 7.580383310294612764e-01
2.977055972355692748e-01 7.897651003090118138e-01
2.994263387611086902e-01 8.456570557975636726e-01
3.011570261910088142e-01 9.186722958484166979e-01
3.028977170127025720e-01 9.730663460564610290e-01
3.046484690459013711e-01 9.861872102409634522e-01
3.064093404445150659e-01 9.638933138648992927e-01
3.081803896985833569e-01 9.204016558807224246e-01
3.099616756362194026e-01 8.723769784179257192e-01
3.117532574255635347e-01 8.272847889897083640e-01
3.135551945767480198e-01 7.850246449679311178e-01
3.153675469438748658e-01 7.485181167102017419e-01
3.171903747270033436e-01 7.215754734796184788e-01
3.190237384741493876e-01 7.069894570455236282e-01
3.208676990832974307e-01 7.000873016640605240e-01
3.227223178044230090e-01 6.936043850783079057e-01
3.245876562415266342e-01 6.852370774472522630e-01
3.264637763546810456e-01 6.768916051701399095e-01
3.283507404620888970e-01 6.697929316031875357e-01
3.302486112421523790e-01 6.633296668359837112e-01
3.321574517355558864e-01 6.551283078948968441e-01
3.340773253473591775e-01 6.432542424205544007e-01
3.360082958491044103e-01 6.328955505098737833e-01
3.379504273809338932e-01 6.255086502708705476e-01
3.399037844537201591e-01 6.228425535543989922e-01
3.418684319512097503e-01 6.255894410804604400e-01
3.438444351321779946e-01 6.336772561810424254e-01
3.458318596325960503e-01 6.481366275622664208e-01
3.478307714678123830e-01 6.595084798959139905e-01
3.498412370347446232e-01 6.622029625725116553e-01
3.518633231140849693e-01 6.628623902615981001e-01
3.538970968725191901e-01 6.644323522101182045e-01
3.559426258649572294e-01 6.696728371564996118e-01
3.579999780367765227e-01 6.710135278886154575e-01
3.600692217260801353e-01 6.646507057495507631e-01
3.621504256659661136e-01 6.610980936629829996e-01
3.642436589868098817e-01 6.646266868602132005e-01
3.663489912185618480e-01 6.717013415378280117e-01
3.684664922930561692e-01 6.786711865165152568e-01
3.705962325463332818e-01 6.848025539037815301e-01
3.727382827209774208e-01 6.877961809294017570e-01
3.748927139684648524e-01 6.835688564059875238e-01
3.770595978515288715e-01 6.783829598444642839e-01
3.792390063465359562e-01 6.819137365770887582e-01
3.814310118458763554e-01 6.984605677952879788e-01
3.836356871603694985e-01 7.241280263555851526e-01
3.858531055216822825e-01 7.520183239473057224e-01
3.880833405847607942e-01 7.773058473489901088e-01
3.903264664302779630e-01 7.960908023463730832e-01
3.925825575670940371e-01 8.129869992276643753e-01
3.948516889347303827e-01 8.332436570808228193e-01
3.971339359058604912e-01 8.496813115293057050e-01
3.994293742888124776e-01 8.614374660923546090e-01
4.017380803300868997e-01 8.657412143545702987e-01
4.040601307168905088e-01 8.606426592088201044e-01
4.063956025796829352e-01 8.483122348370635279e-01
4.087445734947380283e-01 8.217364255527269679e-01
4.111071214867221824e-01 7.954204569803151603e-01
4.134833250312844322e-01 7.829677546264763865e-01
4.158732630576643108e-01 7.889659263546887624e-01
4.182770149513134750e-01 8.099409673525801434e-01
4.206946605565314856e-01 8.256646057271187500e-01
4.231262801791195738e-01 8.292565214507842120e-01
4.255719545890473410e-01 8.293067427648537215e-01
4.280317650231349469e-01 8.321300540297167370e-01
4.305057931877529498e-01 8.321191363527451479e-01
4.329941212615355806e-01 8.262628944251639851e-01
4.354968318981098929e-01 8.163103400978278801e-01
4.380140082288422887e-01 8.025300482242392341e-01
4.405457338655994204e-01 7.884113083645301057e-01
4.430920929035247480e-01 7.767992671375065772e-01
4.456531699238333033e-01 7.729278588833673469e-01
4.482290499966203323e-01 7.795461546635682470e-01
4.508198186836865351e-01 7.945404922164019945e-01
4.534255620413813470e-01 8.084124925765523439e-01
4.560463666234608748e-01 8.193279860127858916e-01
4.586823194839622087e-01 8.300163917680095649e-01
4.613335081800964965e-01 8.395759097243669089e-01
4.640000207751556194e-01 8.367351301763493732e-01
4.666819458414390720e-01 8.358813678371680433e-01
4.693793724631949438e-01 8.569917880295077062e-01
4.720923902395786631e-01 8.996646202408123960e-01
4.748210892876304490e-01 9.120496329974271399e-01
4.775655602452679171e-01 8.790760650077165117e-01
4.803258942742961168e-01 8.519521883394043371e-01
4.831021830634371073e-01 8.296430072155799307e-01
4.858945188313745223e-01 8.056874404044340743e-01
4.887029943298164536e-01 7.982241164266291600e-01
4.915277028465775411e-01 8.039144096642415471e-01
4.943687382086768833e-01 8.166007503052732375e-01
4.972261947854541564e-01 8.193432707605461385e-01
5.001001674917054940e-01 8.161400243370704466e-01
5.029907517908354109e-01 8.161662267618025046e-01
5.058980436980275996e-01 8.159107531206662989e-01
5.088221397834349347e-01 8.235072727575249996e-01
5.117631371753864622e-01 8.441525999108733247e-01
5.147211335636141527e-01 8.765082273839897020e-01
5.176962272024980827e-01 8.981121265754469229e-01
5.206885169143288250e-01 8.975575085852882662e-01
5.236981020925914887e-01 8.875940365809806831e-01
5.267250827052667450e-01 8.682631977350163677e-01
5.297695592981502832e-01 8.402440715550305583e-01
5.328316329981945820e-01 8.074692052862036951e-01
5.359114055168668900e-01 7.765306922840045090e-01
5.390089791535270791e-01 7.401639102915120727e-01
5.421244567988269258e-01 7.146056285009312337e-01
5.452579419381275994e-01 6.902570253188067273e-01
5.484095386549359130e-01 6.646659904973110100e-01
5.515793516343632241e-01 6.433568685840876933e-01
5.547674861666017643e-01 6.300263850017300271e-01
5.579740481504216199e-01 6.242858704500481304e-01
5.611991440966896949e-01 6.208817387702945112e-01
5.644428811319066597e-01 6.237378030660724049e-01
5.677053670017649933e-01 6.431013949429515986e-01
5.709867100747291202e-01 6.752474030182127329e-01
5.742870193456336425e-01 7.028756763626142767e-01
5.776064044393048880e-01 7.249883393009494137e-01
5.809449756142023302e-01 7.470464138544262722e-01
5.843028437660793273e-01 7.690280646691018962e-01
5.876801204316687288e-01 7.910926898287619080e-01
5.910769177923870243e-01 8.007548339486525446e-01
5.944933486780595855e-01 7.941605570577892070e-01
5.979295265706701112e-01 7.866710306552525678e-01
6.013855656081297241e-01 7.628115394014569617e-01
6.048615805880666052e-01 7.342661811914387160e-01
6.083576869716416091e-01 7.285758879538262178e-01
6.118740008873820857e-01 7.482713772106429628e-01
6.154106391350390171e-01 7.752293051889864728e-01
6.189677191894675801e-01 7.794304272876689810e-01
6.225453592045292472e-01 7.658335523872035200e-01
6.261436780170150929e-01 7.566889061557681151e-01
6.297627951505950783e-01 7.602699042024619880e-01
6.334028308197864332e-01 7.575579532427095808e-01
6.370639059339481269e-01 7.459393614095032321e-01
6.407461421012968783e-01 7.449851564421829941e-01
6.444496616329448146e-01 7.594903820666878413e-01
6.481745875469649976e-01 7.823803836054027405e-01
6.519210435724759334e-01 7.931976179488916534e-01
6.556891541537508417e-01 7.857845152851563597e-01
6.594790444543533470e-01 7.738383931428011175e-01
6.632908403612935988e-01 7.640146674037303631e-01
6.671246684892090384e-01 7.644601086241727961e-01
6.709806561845721440e-01 7.564618184747582408e-01
6.748589315299192704e-01 7.106730812557509047e-01
6.787596233481042463e-01 6.769942313336732020e-01
6.826828612065795054e-01 6.563663724634795082e-01
6.866287754216984229e-01 6.268187715074657884e-01
6.905974970630435195e-01 5.978061367230618206e-01
6.945891579577818664e-01 5.734815524302748768e-01
6.986038906950429173e-01 5.651033271222477561e-01
7.026418286303216520e-01 5.706691588423836725e-01
7.067031058899108098e-01 5.906354064880967591e-01
7.107878573753529938e-01 6.134424336818273815e-01
7.148962187679240854e-01 6.210717063496008494e-01
7.190283265331394169e-01 6.186217796371675792e-01
7.231843179252852583e-01 6.117130736495215437e-01
7.273643309919801681e-01 6.052803783778383240e-01
7.315685045787596597e-01 5.995835345340428946e-01
7.357969783336865133e-01 6.003303036389022740e-01
7.400498927119919523e-01 6.071691364939300062e-01
7.443273889807401344e-01 6.108483936333685138e-01
7.486296092235191768e-01 6.110274435357032630e-01
7.529566963451627126e-01 6.221678411175523005e-01
7.573087940764960946e-01 6.369809452326570254e-01
7.616860469791092436e-01 6.332645679915149817e-01
7.660886004501606950e-01 6.144577776401887181e-01
7.705166007272060691e-01 5.962514595223020741e-01
7.749701948930545203e-01 5.882662705852534923e-01
7.794495308806568268e-01 5.874212423876494782e-01
7.839547574780165728e-01 5.954894056696824478e-01
7.884860243331343055e-01 6.205585755319343866e-01
7.930434819589780027e-01 6.417476029984696684e-01
7.976272817384808533e-01 6.388718868841429810e-01
8.022375759295721220e-01 6.248099189446862933e-01
8.068745176702336597e-01 6.131170869080728725e-01
8.115382609835852801e-01 6.023653586264136051e-01
8.162289607830032212e-01 5.917533766099913883e-01
8.209467728772645856e-01 5.733439897004324326e-01
8.256918539757219788e-01 5.590920541816694067e-01
8.304643616935105666e-01 5.637735540671033885e-01
8.352644545567829981e-01 5.764467934957691053e-01
8.400922920079733069e-01 5.852267893163521917e-01
8.449480344110958940e-01 5.737261083944393825e-01
8.498318430570707127e-01 5.502137992683415746e-01
8.547438801690798726e-01 5.402219413039077711e-01
8.596843089079587719e-01 5.490019371244908575e-01
8.646532933776126528e-01 5.600069555118918352e-01
8.696509986304700179e-01 5.623367877776371815e-01
8.746775906729644667e-01 5.591379084249502585e-01
8.797332364710471753e-01 5.491591516728824285e-01
8.848181039557355687e-01 5.386039415767125416e-01
8.899323620286901937e-01 5.206945842724541862e-01
8.950761805678236760e-01 5.012108979488870686e-01
9.002497304329459826e-01 4.839303988381944421e-01
9.054531834714387717e-01 4.759430263657514759e-01
9.106867125239620497e-01 4.891075612581403664e-01
9.159504914301977996e-01 5.190176290896121314e-01
9.212446950346235841e-01 5.369226193230818289e-01
9.265694991923183466e-01 5.265901298371331585e-01
9.319250807748065135e-01 5.159563124667676526e-01
9.373116176759319629e-01 5.182555752369925051e-01
9.427292888177655206e-01 5.188080096917567774e-01
9.481782741565508710e-01 5.154126121535805849e-01
9.536587546886805544e-01 5.053530645919226405e-01
9.591709124567069367e-01 4.948502593452166476e-01
9.647149305553922582e-01 4.923522948541081967e-01
9.702909931377862174e-01 5.060954666259933621e-01
9.758992854213467405e-01 5.187206682759838428e-01
9.815399936940907288e-01 5.172162123892934948e-01
9.872133053207802211e-01 5.121569608806412210e-01
9.929194087491489684e-01 4.925662813227520420e-01
9.986584935161608723e-01 4.746307215937617952e-01
1.004430750254303728e+00 4.679993246011950325e-01
1.010236370697924935e+00 4.679141667208163713e-01
1.016075547689597958e+00 4.743490455278938089e-01
1.021948475186527761e+00 4.943982675185912279e-01
1.027855348266994762e+00 5.119407908766029358e-01
1.033796363136834096e+00 5.164017536872100855e-01
1.039771717135951290e+00 5.161419129752853330e-01
1.045781608744880131e+00 5.166637779345291115e-01
1.051826237591374280e+00 5.200242389063961523e-01
1.057905804457035748e+00 5.243323542394006109e-01
1.064020511283988890e+00 5.180241204851939729e-01
1.070170561181583713e+00 5.039293995148222960e-01
1.076356158433145582e+00 4.998221694380959867e-01
1.082577508502760022e+00 5.066216986560259095e-01
1.088834818042095476e+00 5.106437708523735575e-01
1.095128294897270704e+00 5.059142331882643395e-01
1.101458148115757263e+00 5.060779983428387307e-01
1.107824587953321727e+00 5.075191317030935956e-01
1.114227825881013212e+00 5.055146462111027583e-01
1.120668074592185315e+00 4.941056737757515971e-01
1.127145548009560017e+00 4.841662206607816321e-01
1.133660461292336441e+00 4.819739511248787300e-01
1.140213030843336250e+00 4.794366829966723587e-01
1.146803474316190341e+00 4.766286564795697012e-01
1.153432010622570836e+00 4.792685507713093651e-01
1.160098859939462601e+00 4.766199223379923300e-01
1.166804243716473621e+00 4.598656552573321954e-01
1.173548384683194445e+00 4.472186182533985366e-01
1.180331506856595603e+00 4.480156086723273701e-01
1.187153835548465874e+00 4.519525229882963568e-01
1.194015597372901416e+00 4.536840665559965236e-01
1.200917020253827294e+00 4.526818238100011604e-01
1.207858333432573428e+00 4.600927429383421252e-01
1.214839767475487387e+00 4.646628825186654987e-01
1.221861554281590267e+00 4.570467110632579488e-01
1.228923927090283863e+00 4.609639735606779753e-01
1.236027120489096909e+00 4.737769592545805208e-01
1.243171370421473965e+00 4.848955214824862692e-01
1.250356914194617142e+00 4.911011290731596146e-01
1.257583990487367132e+00 4.929265646628158137e-01
1.264852839358128644e+00 4.914024569575765611e-01
1.272163702252848472e+00 4.924658386946131339e-01
1.279516822013033517e+00 4.964573413954402326e-01
1.286912442883815677e+00 4.897473371286777954e-01
1.294350810522067352e+00 4.816005665724490403e-01
1.301832172004561583e+00 4.757836282819656870e-01
1.309356775836174380e+00 4.653812656633986578e-01
1.316924871958146337e+00 4.509655649900612406e-01
1.324536711756377994e+00 4.464369125822300055e-01
1.332192548069784932e+00 4.583306298751213537e-01
1.339892635198694837e+00 4.878563954771917843e-01
1.347637228913291185e+00 5.144933437525694986e-01
1.355426586462114891e+00 5.216378715628028351e-01
1.363260966580605249e+00 5.160218185285974091e-01
1.371140629499693731e+00 5.161943178247491160e-01
1.379065836954451285e+00 5.146396406239893695e-01
1.387036852192779834e+00 5.052351536806291010e-01
1.395053939984155722e+00 5.027153538355773055e-01
1.403117366628427343e+00 5.142007500097299788e-01
1.411227399964658957e+00 5.503993997768592550e-01
1.419384309380025577e+00 5.806653838776061338e-01
1.427588365818764915e+00 5.785211521203783569e-01
1.435839841791175742e+00 5.661252216867920239e-01
1.444139011382666204e+00 5.720404190700201230e-01
1.452486150262864761e+00 5.764074898586711848e-01
1.460881535694769973e+00 5.682301498069218804e-01
1.469325446543965796e+00 5.574544026359251614e-01
1.477818163287882181e+00 5.363745519391061034e-01
1.486359968025109168e+00 5.191901283857638383e-01
1.494951144484772509e+00 5.154016944766088848e-01
1.503591978035954568e+00 5.120849042126283113e-01
1.512282755697172298e+00 5.009073865290758487e-01
1.521023766145914724e+00 4.966451254393522974e-01
1.529815299728230382e+00 5.003353002557624496e-01
1.538657648468367833e+00 4.967717704922231525e-01
1.547551106078482119e+00 4.918369805010472939e-01
1.556495967968387184e+00 4.869698801070956318e-01
1.565492531255366693e+00 4.890900929749857906e-01
1.574541094774047689e+00 5.054775261093992222e-01
1.583641959086324214e+00 5.254852609276045028e-01
1.592795426491339539e+00 5.261075685149871894e-01
1.602001801035530804e+00 5.170349789515644723e-01
1.611261388522727822e+00 4.992915703372748926e-01
1.620574496524306296e+00 4.870419367751083195e-01
1.629941434389411858e+00 4.874306060752983116e-01
1.639362513255227638e+00 4.929134634504498957e-01
1.648838046057315765e+00 4.934396954804822766e-01
1.658368347540009280e+00 4.921907132349281344e-01
1.667953734266863997e+00 4.884699689229973218e-01
1.677594524631179640e+00 4.887931321613575020e-01
1.687291038866571835e+00 4.868104820233098429e-01
1.697043599057607821e+00 4.757159386847416571e-01
1.706852529150509445e+00 4.677766039909738160e-01
1.716718154963911225e+00 4.733904734897849131e-01
1.726640804199680579e+00 4.796594036068935751e-01
1.736620806453807120e+00 4.862405792853909392e-01
1.746658493227349673e+00 4.943021919612409221e-01
1.756754197937443251e+00 5.036957612276294904e-01
1.766908255928380411e+00 5.033158260690169250e-01
1.777121004482747679e+00 4.980797081934241755e-01
1.787392782832625482e+00 5.060496123827125103e-01
1.797723932170862682e+00 5.305838160733546971e-01
1.808114795662403074e+00 5.328350410649044244e-01
1.818565718455690483e+00 5.265158896337261973e-01
1.829077047694130043e+00 5.453292305912352811e-01
1.839649132527616748e+00 5.658784821872332449e-01
1.850282324124138622e+00 5.635595675984595987e-01
1.860976975681438272e+00 5.431740811570359151e-01
1.871733442438742401e+00 5.374750537778462123e-01
1.882552081688566581e+00 5.332673810729807728e-01
1.893433252788581767e+00 5.193953807128304234e-01
1.904377317173546302e+00 5.032590541487644842e-01
1.915384638367318981e+00 4.993308739743727021e-01
1.926455581994929611e+00 5.024926332253562000e-01
1.937590515794722412e+00 5.073597336193078622e-01
1.948789809630575354e+00 5.126831929106736574e-01
1.960053835504184105e+00 5.176136158310608026e-01
1.971382967567415045e+00 5.176332676496097074e-01
1.982777582134739092e+00 5.351910757553816067e-01
1.994238057695728816e+00 5.567513042389523603e-01
2.005764774927627947e+00 5.540917581286637361e-01
2.017358116708002580e+00 5.482311491302939155e-01
2.029018468127450348e+00 5.501723120958493807e-01
2.040746216502401289e+00 5.618913465571948596e-01
2.052541751387976898e+00 5.772001132068114160e-01
2.064405464590929995e+00 5.873382680426649793e-01
2.076337750182662312e+00 5.733614579835870639e-01
2.088339004512313135e+00 5.460738161607002761e-01
2.100409626219920778e+00 5.540524544915659266e-01
2.112550016249669760e+00 5.693131833625074689e-01
2.124760577863207711e+00 5.536485004436156876e-01
2.137041716653034662e+00 5.513208517132647257e-01
2.149393840555982482e+00 5.619699538313904785e-01
2.161817359866763155e+00 5.675314184807377371e-01
2.174312687251592546e+00 5.684463198109601656e-01
2.186880237761905654e+00 5.647190248928463108e-01
2.199520428848138476e+00 5.760930607618883759e-01
2.212233680373592026e+00 5.878426647187542375e-01
2.225020414628386511e+00 5.842005276810191550e-01
2.237881056343477670e+00 5.883994662443072787e-01
2.250816032704775704e+00 5.872945973347785120e-01
2.263825773367328598e+00 5.835520176689045213e-01
2.276910710469592924e+00 5.908100893196427394e-01
2.290071278647793029e+00 6.007167894036977707e-01
2.303307915050354371e+00 6.105820023152608300e-01
2.316621059352423018e+00 6.083395114652884184e-01
2.330011153770474852e+00 6.016076718445826366e-01
2.343478643077001600e+00 6.111300696992365555e-01
2.357023974615280792e+00 6.141236967248568934e-01
2.370647598314243876e+00 6.090011226897691365e-01
2.384349966703414481e+00 6.173051077943892961e-01
2.398131534927939956e+00 6.026645029754362781e-01
2.411992760763713051e+00 5.975200935864051210e-01
2.425934104632577970e+00 6.103461804926736400e-01
2.439956029617617261e+00 6.193860170251814790e-01
2.454059001478542612e+00 6.180518768992485645e-01
2.468243488667162033e+00 6.117894973883227783e-01
2.482509962342935861e+00 6.052912960548099131e-01
2.496858896388636673e+00 6.057411043460410038e-01
2.511290767426078485e+00 6.089945720835860943e-01
2.525806054831960523e+00 6.077979946874957351e-01
2.540405240753779381e+00 6.212769586766674346e-01
2.555088810125852206e+00 6.421231710862937980e-01
2.569857250685421590e+00 6.430620913058537891e-01
2.584711052988855506e+00 6.285262961858284481e-01
2.599650710427946265e+00 6.309238180487979353e-01
2.614676719246288084e+00 6.391819489101372431e-01
2.629789578555775442e+00 6.201699062317443945e-01
2.644989790353173831e+00 6.203838927003882953e-01
2.660277859536794409e+00 6.227704968863861934e-01
2.675654293923265481e+00 5.994940095828755755e-01
2.691119604264405218e+00 5.952273814223633108e-01
2.706674304264172548e+00 6.171915639538843035e-01
2.722318910595750374e+00 6.267947526181282258e-01
2.738053942918694972e+00 6.222093282900444944e-01
2.753879923896200843e+00 6.170954883965340532e-01
2.769797379212459720e+00 6.056275605055361222e-01
2.785806837590128815e+00 5.964981990218608532e-01
2.801908830807877226e+00 5.934150470450731962e-01
2.818103893718070019e+00 6.054354093908355106e-01
2.834392564264522019e+00 6.095513736091391355e-01
2.850775383500368410e+00 6.120537051710362997e-01
2.867252895606037466e+00 6.086233710665507335e-01
2.883825647907329426e+00 5.902947749665818922e-01
2.900494190893583735e+00 5.725164297859830498e-01
2.917259078235983960e+00 5.735012042488238926e-01
2.934120866805935979e+00 5.780953627184849397e-01
2.951080116693567401e+00 5.907227479038696938e-01
2.968137391226336685e+00 5.899759787990103144e-01
2.985293256987731514e+00 5.807723771119280842e-01
3.002548283836107057e+00 5.847245761756573179e-01
3.019903044923603730e+00 5.712608969342458654e-01
3.037358116715186629e+00 5.790888713229030982e-01
3.054914079007794214e+00 5.828030650286508685e-01
3.072571514949601568e+00 5.538297338813447102e-01
3.090331011059376021e+00 5.564914635270276078e-01
3.108193157245980220e+00 5.622821993927790141e-01
3.126158546827951579e+00 5.488185201513675615e-01
3.144227776553216724e+00 5.499736103749658378e-01
3.162401446618910317e+00 5.725251639275603655e-01
3.180680160691316427e+00 5.795124771894021309e-01
3.199064525925907621e+00 5.672038881715889547e-01
3.217555152987530587e+00 5.947404530294286840e-01
3.236152656070678812e+00 5.950308632368740414e-01
3.254857652919894928e+00 5.819558532956524699e-01
3.273670764850296955e+00 5.698896367066094149e-01
3.292592616768199143e+00 5.471044448668220817e-01
3.311623837191892683e+00 5.577338951663988187e-01
3.330765058272506351e+00 5.662518667396629901e-01
3.350016915815009710e+00 5.521746140524459445e-01
3.369380049299332214e+00 5.483446929707989081e-01
3.388855101901607103e+00 5.835476505981158635e-01
3.408442720515521884e+00 5.830912917007017304e-01
3.428143555773827789e+00 5.591335413541616006e-01
3.447958262069935831e+00 5.598388232865287861e-01
3.467887497579658529e+00 5.598497409635003752e-01
3.487931924283071528e+00 5.553123544140918799e-01
3.508092207986506228e+00 5.547970400610310326e-01
3.528369018344649444e+00 5.652911111661597099e-01
3.548763028882812254e+00 5.548319766273401843e-01
3.569274917019284565e+00 5.479691248829748895e-01
3.589905364087840223e+00 5.142160347574901147e-01
3.610655055360374899e+00 4.857121637199640629e-01
3.631524680069651456e+00 4.887036072101901274e-01
3.652514931432215839e+00 5.149518861853779050e-01
3.673626506671410219e+00 5.330162745026333360e-01
3.694860107040534913e+00 5.567687725221069917e-01
3.716216437846141751e+00 5.656099073337311767e-01
3.737696208471465109e+00 5.578911097147903897e-01
3.759300132399972405e+00 5.748375279101511914e-01
3.781028927239082016e+00 5.743091123447243707e-01
3.802883314743989107e+00 5.864779550973007183e-01
3.824864020841640233e+00 5.972274998435656013e-01
3.846971775654848713e+00 6.172286840555878396e-01
3.869207313526548564e+00 6.112545312167131373e-01
3.891571373044171445e+00 5.998652105999109363e-01
3.914064697064205678e+00 6.336597878978877940e-01
3.936688032736852527e+00 6.378892959566964116e-01
3.959442131530850340e+00 6.416340591579647867e-01
3.982327749258438132e+00 6.507459523584854244e-01
4.005345646100446189e+00 6.383958761681800542e-01
4.028496586631570509e+00 6.407300755047140584e-01
4.051781339845751617e+00 6.611614161894184827e-01
4.075200679181723906e+00 6.306530596599014826e-01
4.098755382548707082e+00 6.378325240364439708e-01
4.122446232352245943e+00 6.713235899146096086e-01
4.146274015520188705e+00 6.603076538502371529e-01
4.170239523528843861e+00 6.762889494013060165e-01
4.194343552429258715e+00 6.700418546381405882e-01
4.218586902873665778e+00 6.313823604816062307e-01
4.242970380142073950e+00 6.268842775692955449e-01
4.267494794169023997e+00 6.143638856182326302e-01
4.292160959570472833e+00 6.211983514024718156e-01
4.316969695670882068e+00 5.988192971460289948e-01
4.341921826530410478e+00 5.682803711209913899e-01
4.367018180972294772e+00 5.435845858111690854e-01
4.392259592610382235e+00 5.360142685990424427e-01
4.417646899876805477e+00 5.598803104590208690e-01
4.443180946049855251e+00 5.829297100815217236e-01
4.468862579281975833e+00 5.704835583338658811e-01
4.494692652627942486e+00 5.589981621597134298e-01
4.520672024073195239e+00 5.715731424956344009e-01
4.546801556562344082e+00 5.722718738218185441e-01
4.573082118027814502e+00 5.611904316956163319e-01
4.599514581418703507e+00 5.674135075694440866e-01
4.626099824729760002e+00 5.625813437418016871e-01
4.652838731030551678e+00 5.755144238823920455e-01
4.679732188494796219e+00 5.945810549456429506e-01
4.706781090429870140e+00 5.896702838438048211e-01
4.733986335306464177e+00 5.984371784520219339e-01
4.761348826788450062e+00 6.061494254647799007e-01
4.788869473762884077e+00 6.038719980484983374e-01
4.816549190370198019e+00 5.936530524030546596e-01
4.844388896034566017e+00 5.856394775058797464e-01
4.872389515494448098e+00 5.825890785600068567e-01
4.900551978833287414e+00 5.949020346486088018e-01
4.928877221510434836e+00 5.997232807992797232e-01
4.957366184392200559e+00 5.962798454824282945e-01
4.986019813783113541e+00 5.909673038680341994e-01
5.014839061457356806e+00 5.961073461862765877e-01
5.043824884690362609e+00 5.899104727371806689e-01
5.072978246290641202e+00 5.625638754586470558e-01
5.102300114631742822e+00 5.894737656583154406e-01
5.131791463684423960e+00 5.946858646445706276e-01
5.161453273049005475e+00 5.740580057743769338e-01
5.191286527987911903e+00 5.779992871611345784e-01
5.221292219458380401e+00 5.788814354604421286e-01
5.251471344145405951e+00 5.969152542821769547e-01
5.281824904494829553e+00 6.075097680154447621e-01
5.312353908746639597e+00 6.218992662640502322e-01
5.343059370968462396e+00 6.270458591884756627e-01
5.373942311089249912e+00 6.033959873325352996e-01
5.405003754933139781e+00 5.978825604618632772e-01
5.436244734253559585e+00 5.843206221277070789e-01
5.467666286767478567e+00 5.491678858144596331e-01
5.499269456189878724e+00 5.312519779040183465e-01
5.531055292268432844e+00 5.359487625372125752e-01
5.563024850818350409e+00 5.300728687910825077e-01
5.595179193757479297e+00 5.277976249101952178e-01
5.627519389141558470e+00 5.356911053606822071e-01
5.660046511199702479e+00 5.283304075464106964e-01
5.692761640370078702e+00 5.366256585094535403e-01
5.725665863335805739e+00 5.604545802677286526e-01
5.758760273061025892e+00 5.608760025988334119e-01
5.792045968827241431e+00 5.541223276241843410e-01
5.825524056269808071e+00 5.602274925867186672e-01
5.859195647414667363e+00 5.555983975507484685e-01
5.893061860715279821e+00 5.617952709998444982e-01
5.927123821089786304e+00 5.732566482846594980e-01
5.961382659958350594e+00 5.875719063298578959e-01
5.995839515280771082e+00 5.984262607750503449e-01
6.030495531594262104e+00 6.272860480818513995e-01
6.065351860051475086e+00 6.748019617977703000e-01
6.100409658458743500e+00 6.985544598172439557e-01
6.135670091314512575e+00 6.811232967643428005e-01
6.171134329848062094e+00 6.747299051297576122e-01
6.206803552058381079e+00 6.815447190954477819e-01
6.242678942753306259e+00 6.959844386581227615e-01
6.278761693588877257e+00 7.324341949955995856e-01
6.315053003108923591e+00 7.553744178483841054e-01
6.351554076784851510e+00 7.411727036436904781e-01
6.388266127055725718e+00 7.373755355929584310e-01
6.425190373368511843e+00 7.683555357676497000e-01
6.462328042218596025e+00 7.587457964972227353e-01
6.499680367190518560e+00 7.360785155687289416e-01
6.537248588998957999e+00 7.348186156462030993e-01
6.575033955529916874e+00 7.664689611869522912e-01
6.613037721882214726e+00 7.673685777694144727e-01
6.651261150409145451e+00 6.970238015058217718e-01
6.689705510760421525e+00 6.944799827714324136e-01
6.728372079924347382e+00 6.987684462858878565e-01
6.767262142270216607e+00 7.121884548194128417e-01
6.806376989591010229e+00 7.435527572235053340e-01
6.845717921146279750e+00 7.360435790024197900e-01
6.885286243705309062e+00 7.184071636224520496e-01
6.925083271590525058e+00 7.034259272819842757e-01
6.965110326721157818e+00 6.667818362944124555e-01
7.005368738657123728e+00 6.440053785962024380e-01
7.045859844643230119e+00 6.366337631049592272e-01
7.086584989653569089e+00 6.219975253567949780e-01
7.127545526436194656e+00 6.027802303513355442e-01
7.168742815558059256e+00 5.958715243636893977e-01
7.210178225450215805e+00 5.914476816547857840e-01
7.251853132453240036e+00 6.253754546118166502e-01
7.293768920862992111e+00 6.409134924778373543e-01
7.335926982976571864e+00 6.059179707129813686e-01
7.378328719138569802e+00 6.181195664964727055e-01
7.420975537787583676e+00 6.291311354900566144e-01
7.463868855503007715e+00 6.105798187798664456e-01
7.507010097052058128e+00 6.179601684126869721e-01
7.550400695437144982e+00 6.412781428886897839e-01
7.594042091943437711e+00 6.486017206012577585e-01
7.637935736186750368e+00 6.510560143844796865e-01
7.682083086161699548e+00 6.631637181460150465e-01
7.726485608290103890e+00 6.899753492529386856e-01
7.771144777469737974e+00 6.574144694527557231e-01
7.816062077123293150e+00 6.411165612695096661e-01
7.861238999247660786e+00 6.463766980344399782e-01
7.906677044463489068e+00 6.449945201298318276e-01
7.952377722065040011e+00 8.851899641118282647e-01
7.998342550070284496e+00 8.450587670995184375e-01
