2.511886431509579437e-02 5.729628502827616154e-01
2.526405161860213050e-02 5.740163511972184995e-01
2.541007810627042562e-02 5.745475281288774383e-01
2.555694862859406516e-02 5.760746618073968595e-01
2.570466806410236227e-02 5.782746195993508920e-01
2.585324131952258450e-02 5.814218429194301097e-01
2.600267332994290678e-02 5.852241844552219519e-01
2.615296905897638788e-02 5.897214824766008334e-01
2.630413349892583852e-02 5.948429133926789181e-01
2.645617167094958117e-02 6.005929036778867580e-01
2.660908862522835469e-02 6.069626003833634709e-01
2.676288944113292337e-02 6.145495775572251684e-01
2.691757922739292791e-02 6.246330863098836783e-01
2.707316312226650673e-02 6.375274063259042112e-01
2.722964629371095457e-02 6.530156403581923730e-01
2.738703393955444973e-02 6.713500974492863094e-01
2.754533128766867636e-02 6.927211159996971013e-01
2.770454359614242176e-02 7.174828139638640412e-01
2.786467615345633933e-02 7.460247210916702842e-01
2.802573427865854422e-02 7.741992308417458002e-01
2.818772332154127064e-02 7.961456910681204979e-01
2.835064866281864979e-02 8.122049403019420133e-01
2.851451571430539678e-02 8.236163913837479811e-01
2.867932991909653145e-02 8.316415895262281310e-01
2.884509675174826843e-02 8.373827268625750886e-01
2.901182171845980567e-02 8.416498482135683634e-01
2.917951035725619563e-02 8.423669370713079418e-01
2.934816823817239240e-02 8.331820026280390978e-01
2.951780096343814899e-02 8.160205612610252901e-01
2.968841416766421215e-02 7.967786769116805834e-01
2.986001351802944001e-02 7.776430279486679087e-01
3.003260471446899879e-02 7.601053362550622694e-01
3.020619348986378766e-02 7.446790728648010615e-01
3.038078561023081769e-02 7.321388708032199322e-01
3.055638687491469066e-02 7.242154815726409289e-01
3.073300311678033025e-02 7.199173749006341216e-01
3.091064020240668481e-02 7.174783874894334890e-01
3.108930403228154019e-02 7.164337395238375983e-01
3.126900054099761295e-02 7.163806218306717488e-01
3.144973569744963920e-02 7.171375489582856311e-01
3.163151550503255638e-02 7.189037122560516524e-01
3.181434600184106232e-02 7.220952003204356151e-01
3.199823326087009728e-02 7.264818364810523565e-01
3.218318339021652985e-02 7.317006498346011467e-01
3.236920253328214730e-02 7.376276990970287439e-01
3.255629686897762443e-02 7.441611753564336684e-01
3.274447261192782455e-02 7.512568138685107311e-01
3.293373601267822470e-02 7.595298945790984746e-01
3.312409335790250653e-02 7.694053590335239168e-01
3.331555097061136145e-02 7.805866334449443888e-01
3.350811521036261426e-02 7.931666737764000441e-01
3.370179247347232510e-02 8.071499065023212127e-01
3.389658919322740410e-02 8.226602729067618025e-01
3.409251184009919750e-02 8.340363121931237966e-01
3.428956692195841288e-02 8.322435900487749061e-01
3.448776098429136294e-02 8.205222857568346129e-01
3.468710061041735404e-02 8.066807002126892279e-01
3.488759242170727526e-02 7.951364548979685809e-01
3.508924307780367929e-02 7.874919335565104817e-01
3.529205927684192501e-02 7.840038717052835171e-01
3.549604775567258980e-02 7.836099154809698097e-01
3.570121529008542238e-02 7.847342399863145301e-01
3.590756869503420462e-02 7.866022121959818092e-01
3.611511482486330638e-02 7.889349642208505209e-01
3.632386057353523962e-02 7.916041283024366493e-01
3.653381287485973905e-02 7.944237925146594437e-01
3.674497870272393912e-02 7.972346037780212447e-01
3.695736507132423021e-02 8.001162386322709930e-01
3.717097903539903075e-02 8.031793589381708287e-01
3.738582769046329413e-02 8.064992147610391404e-01
3.760191817304411876e-02 8.101377767429026600e-01
3.781925766091774610e-02 8.137409269293224279e-01
3.803785337334809891e-02 8.172821064737152419e-01
3.825771257132654091e-02 8.210755950606459797e-01
3.847884255781295476e-02 8.252718928207515292e-01
3.870125067797849233e-02 8.299772351403634785e-01
3.892494431944945599e-02 8.352978574058138594e-01
3.914993091255265789e-02 8.414595098130573936e-01
3.937621793056233360e-02 8.486879425580492464e-01
3.960381288994833243e-02 8.571070969248432148e-01
3.983272335062570252e-02 8.668763259929369580e-01
4.006295691620595512e-02 8.779602179668865025e-01
4.029452123424955012e-02 8.871628583078774444e-01
4.052742399651988042e-02 8.927844808346011574e-01
4.076167293923887297e-02 8.965956753192538820e-01
4.099727584334383890e-02 8.988044860600689079e-01
4.123424053474603751e-02 9.001280019147857026e-01
4.147257488459059338e-02 8.954979096604921418e-01
4.171228680951784978e-02 8.831967372181575016e-01
4.195338427192649156e-02 8.675402971575106870e-01
4.219587528023795858e-02 8.506046059864519338e-01
4.243976788916238585e-02 8.338858120624871306e-01
4.268507019996626434e-02 8.181054307177865192e-01
4.293179036074151744e-02 8.032767413756415342e-01
4.317993656667604152e-02 7.893820381383300777e-01
4.342951706032609216e-02 7.764213210058523718e-01
4.368054013188996804e-02 7.644034429270690767e-01
4.393301411948334623e-02 7.534966099303391784e-01
4.418694740941636612e-02 7.435768807316087692e-01
4.444234843647213579e-02 7.344494904559362158e-01
4.469922568418681352e-02 7.260391890380031299e-01
4.495758768513159753e-02 7.182840058357828905e-01
4.521744302119593689e-02 7.110909848862350113e-01
4.547880032387276866e-02 7.043804496496104406e-01
4.574166827454511502e-02 6.981612530747705048e-01
4.600605560477452616e-02 6.924422481105760863e-01
4.627197109659098723e-02 6.871260523195563685e-01
4.653942358278480296e-02 6.821418421108234043e-01
4.680842194719982141e-02 6.775781469729872386e-01
4.707897512502866311e-02 6.735544817156707831e-01
4.735109210310945588e-02 6.701283905064706614e-01
4.762478192022426976e-02 6.671892114846247335e-01
4.790005366739954334e-02 6.648476065108949173e-01
4.817691648820784933e-02 6.633426052045279242e-01
4.845537957907175564e-02 6.628202812217300899e-01
4.873545218956924774e-02 6.615675889579010205e-01
4.901714362274099679e-02 6.573225999790600627e-01
4.930046323539925834e-02 6.506209176912967074e-01
4.958542043843887359e-02 6.424939106369150776e-01
4.987202469714965836e-02 6.334373439521304716e-01
5.016028553153097091e-02 6.234999088556779645e-01
5.045021251660784106e-02 6.133367235632706249e-01
5.074181528274907677e-02 6.036117592394817377e-01
5.103510351598705003e-02 5.945950308245714355e-01
5.133008695833959217e-02 5.864813031934813514e-01
5.162677540813340182e-02 5.791510615365881298e-01
5.192517872032970105e-02 5.724626586721162091e-01
5.222530680685147364e-02 5.663939622279129393e-01
5.252716963691266006e-02 5.610910458601846562e-01
5.283077723734942721e-02 5.565184977734873861e-01
5.313613969295318679e-02 5.525169648883234697e-01
5.344326714680543849e-02 5.490687413069710310e-01
5.375216980061491706e-02 5.463110477367750795e-01
5.406285791505632127e-02 5.442217518055832981e-01
5.437534181011107609e-02 5.426459269083284687e-01
5.468963186541032917e-02 5.415791465705800389e-01
5.500573852057948770e-02 5.411010873320870607e-01
5.532367227558519784e-02 5.412427345138628443e-01
5.564344369108398941e-02 5.419819557437548507e-01
5.596506338877313413e-02 5.432921921751800998e-01
5.628854205174332881e-02 5.450981937428204249e-01
5.661389042483377931e-02 5.474353722421197999e-01
5.694111931498885282e-02 5.503834042128268322e-01
5.727023959161724881e-02 5.532871714392290086e-01
5.760126218695296035e-02 5.555623792965013186e-01
5.793419809641841417e-02 5.575542927902222834e-01
5.826905837898961604e-02 5.595285003862213724e-01
5.860585415756369709e-02 5.604492070677634663e-01
5.894459661932811845e-02 5.603385452070011041e-01
5.928529701613251268e-02 5.603429716814316564e-01
5.962796666486229469e-02 5.607900455989112132e-01
5.997261694781454155e-02 5.621711056212244095e-01
6.031925931307623168e-02 5.651279905407925463e-01
6.066790527490428103e-02 5.702228626102876508e-01
6.101856641410823012e-02 5.777213102955395252e-01
6.137125437843479747e-02 5.879464662299738187e-01
6.172598088295483398e-02 6.014339338196801332e-01
6.208275771045231733e-02 6.157004609091527580e-01
6.244159671181598315e-02 6.251996750369865907e-01
6.280250980643269088e-02 6.296836936350739267e-01
6.316550898258359303e-02 6.325299166938797013e-01
6.353060629784218483e-02 6.374919945304602376e-01
6.389781387947492119e-02 6.478809300188227427e-01
6.426714392484385308e-02 6.651663126698903472e-01
6.463860870181208085e-02 6.898084958244339315e-01
6.501222054915094251e-02 7.204219929857099691e-01
6.538799187695008841e-02 7.575202751876555229e-01
6.576593516702965159e-02 7.878681838831022022e-01
6.614606297335466623e-02 7.900725681494867869e-01
6.652838792245242827e-02 7.667539008496598862e-01
6.691292271383147972e-02 7.316962233601708165e-01
6.729968012040381253e-02 6.954522507233099615e-01
6.768867298890894613e-02 6.625945310257749243e-01
6.807991424034069705e-02 6.350751394914121439e-01
6.847341687037629410e-02 6.147000776878618344e-01
6.886919394980822728e-02 5.999245060388826989e-01
6.926725862497820629e-02 5.888893052836685627e-01
6.966762411821400547e-02 5.804170332237085228e-01
7.007030372826857090e-02 5.735781302285999361e-01
7.047531083076181979e-02 5.680760225114995787e-01
7.088265887862478520e-02 5.622994733797087585e-01
7.129236140254673060e-02 5.560581444327162837e-01
7.170443201142430445e-02 5.500160068350961051e-01
7.211888439281383123e-02 5.424821473544002570e-01
7.253573231338585059e-02 5.339479046524135963e-01
7.295498961938230720e-02 5.264184716461483005e-01
7.337667023707672431e-02 5.207171725796757578e-01
7.380078817323644513e-02 5.174415815011124131e-01
7.422735751558823258e-02 5.159587125668978480e-01
7.465639243328600627e-02 5.142987846554637477e-01
7.508790717738160481e-02 5.122271946219939531e-01
7.552191608129793510e-02 5.078361319869468815e-01
7.595843356130543844e-02 4.990141684469781569e-01
7.639747411700059665e-02 4.883773503905081692e-01
7.683905233178781047e-02 4.757220599937342365e-01
7.728318287336367887e-02 4.593441046009174022e-01
7.772988049420428980e-02 4.421866470608910027e-01
7.817916003205507836e-02 4.273123650321119515e-01
7.863103641042397396e-02 4.121016709466155392e-01
7.908552463907676799e-02 3.941660392017088399e-01
7.954263981453599253e-02 3.694654265846826768e-01
8.000239712058217212e-02 3.410266563111068461e-01
8.046481182875830918e-02 3.157408637743697177e-01
8.092989929887701994e-02 2.945557571500395655e-01
8.139767497953076525e-02 2.761584441220326647e-01
8.186815440860513438e-02 2.601939214410236567e-01
8.234135321379483508e-02 2.461487180730755064e-01
8.281728711312283386e-02 2.336368454478495171e-01
8.329597191546232737e-02 2.224878842997717043e-01
8.377742352106211376e-02 2.125420389019013756e-01
8.426165792207447602e-02 2.035771002378278238e-01
8.474869120308657633e-02 1.955439344413726910e-01
8.523853954165466762e-02 1.883420605429637351e-01
8.573121920884146929e-02 1.818931299451813366e-01
8.622674656975649887e-02 1.763888089908657031e-01
8.672513808409994251e-02 1.719229389379432760e-01
8.722641030670905127e-02 1.685039300878320156e-01
8.773057988810836760e-02 1.663230061359290413e-01
8.823766357506258873e-02 1.655749319571760692e-01
8.874767821113291322e-02 1.661813589541533409e-01
8.926064073723644077e-02 1.676000440091257315e-01
8.977656819220893036e-02 1.695844324963148575e-01
9.029547771337091688e-02 1.719782698683244293e-01
9.081738653709675591e-02 1.746713369118351733e-01
9.134231199938727674e-02 1.775587261828444896e-01
9.187027153644546085e-02 1.803049109195211386e-01
9.240128268525588107e-02 1.828744793264212021e-01
9.293536308416693037e-02 1.849310193468273189e-01
9.347253047347692245e-02 1.866812473366434855e-01
9.401280269602330097e-02 1.879224307669531968e-01
9.455619769777530437e-02 1.884235076724847802e-01
9.510273352842993355e-02 1.882827457855951736e-01
9.565242834201181932e-02 1.873797450017749833e-01
9.620530039747586526e-02 1.865435839818552211e-01
9.676136805931405405e-02 1.862824219904562484e-01
9.732064979816532069e-02 1.867826136011017379e-01
9.788316419142908953e-02 1.881127691674643054e-01
9.844892992388228070e-02 1.902042783358713351e-01
9.901796578830000806e-02 1.929725954447004399e-01
9.959029068607995472e-02 1.963539792621525337e-01
1.001659236278700377e-01 2.002019134845783865e-01
1.007448837341998471e-01 2.044619524764829943e-01
1.013271902361159299e-01 2.087264179428180710e-01
1.019128624758204177e-01 2.128293170924402400e-01
1.025019199073136378e-01 2.161624523386000141e-01
1.030943820970401520e-01 2.186771324625619572e-01
1.036902687245389171e-01 2.215795717466349513e-01
1.042895995830967204e-01 2.256271399658759669e-01
1.048923945804057928e-01 2.300584835182405696e-01
1.054986737392250712e-01 2.336943896154458911e-01
1.061084571980452224e-01 2.349076862568435231e-01
1.067217652117575799e-01 2.323403310871586802e-01
1.073386181523270227e-01 2.283033864065508456e-01
1.079590365094685589e-01 2.241615342819403833e-01
1.085830408913279893e-01 2.209071902806433729e-01
1.092106520251663743e-01 2.190715313343186976e-01
1.098418907580486492e-01 2.193840404291113599e-01
1.104767780575359459e-01 2.226118255838254456e-01
1.111153350123821049e-01 2.296339846203564738e-01
1.117575828332342536e-01 2.414048654259182691e-01
1.124035428533372433e-01 2.529858504784119888e-01
1.130532365292423180e-01 2.584928273173859314e-01
1.137066854415197809e-01 2.593582030685468998e-01
1.143639112954759340e-01 2.602505803137339369e-01
1.150249359218739331e-01 2.659766676370171057e-01
1.156897812776589568e-01 2.754417979117361193e-01
1.163584694466876512e-01 2.819531417989885047e-01
1.170310226404614878e-01 2.820797389677005551e-01
1.177074631988646730e-01 2.773845775392786983e-01
1.183878135909062629e-01 2.736437639980706660e-01
1.190720964154663303e-01 2.735446109708277174e-01
1.197603344020467531e-01 2.737066199349836859e-01
1.204525504115261381e-01 2.704651127095350494e-01
1.211487674369193246e-01 2.648253416376463720e-01
1.218490086041408849e-01 2.588929806059023231e-01
1.225532971727734816e-01 2.544040928859413464e-01
1.232616565368404721e-01 2.521492468110492213e-01
1.239741102255828148e-01 2.523139116598634435e-01
1.246906819042407494e-01 2.549640419013984305e-01
1.254113953748399735e-01 2.602758112179877070e-01
1.261362745769819826e-01 2.684041462146984358e-01
1.268653435886395453e-01 2.798479105598469796e-01
1.275986266269562852e-01 2.953418990088947371e-01
1.283361480490512463e-01 3.161250817549363656e-01
1.290779323528278288e-01 3.444554034049651658e-01
1.298240041777875831e-01 3.832534517882192349e-01
1.305743883058487209e-01 4.309934211685082506e-01
1.313291096621690413e-01 4.793650484500284192e-01
1.320881933159741561e-01 5.141438580503965294e-01
1.328516644813900749e-01 5.258341770213235122e-01
1.336195485182806453e-01 5.115145322386849269e-01
1.343918709330900185e-01 4.829637721620176349e-01
1.351686573796898327e-01 4.558117780053855261e-01
1.359499336602315311e-01 4.346771331895629142e-01
1.367357257260030934e-01 4.207656093494156480e-01
1.375260596782912625e-01 4.125022668825749639e-01
1.383209617692485738e-01 4.084144177460165004e-01
1.391204584027652402e-01 4.076185376434142138e-01
1.399245761353461737e-01 4.092169375602644488e-01
1.407333416769932510e-01 4.127399685594922984e-01
1.415467818920924381e-01 4.175387094895877116e-01
1.423649238003061035e-01 4.228079846516442086e-01
1.431877945774705507e-01 4.275536078885737168e-01
1.440154215564987683e-01 4.279847464981035299e-01
1.448478322282882313e-01 4.211936494268441189e-01
1.456850542426340045e-01 4.085330472607536234e-01
1.465271154091474515e-01 3.926875967419247715e-01
1.473740436981796631e-01 3.766850063808135918e-01
1.482258672417506584e-01 3.619837995022667232e-01
1.490826143344838317e-01 3.493993326963806267e-01
1.499443134345459228e-01 3.392534106542521299e-01
1.508109931645919832e-01 3.315199171767411745e-01
1.516826823127164214e-01 3.262010655010631477e-01
1.525594098334091819e-01 3.237638486796347581e-01
1.534412048485173929e-01 3.246340935526693117e-01
1.543280966482127869e-01 3.283961541711436505e-01
1.552201146919646169e-01 3.311498639143521383e-01
1.561172886095181789e-01 3.309860843604239267e-01
1.570196482018790252e-01 3.327624285493800405e-01
1.579272234423027277e-01 3.389169985975347688e-01
1.588400444772908315e-01 3.487521821346428741e-01
1.597581416275917487e-01 3.661677031339668487e-01
1.606815453892082024e-01 3.965722707021237525e-01
1.616102864344102497e-01 3.985168209194384636e-01
1.625443956127538836e-01 3.718477551231729183e-01
1.634839039521058524e-01 3.379400756907254277e-01
1.644288426596743347e-01 3.013548218752737928e-01
1.653792431230455828e-01 2.709179410437743130e-01
1.663351369112262834e-01 2.486058540294411034e-01
1.672965557756923849e-01 2.328754918458050271e-01
1.682635316514438095e-01 2.220766648251790709e-01
1.692360966580649384e-01 2.149522542293037519e-01
1.702142831007917856e-01 2.107174461416529698e-01
1.711981234715850009e-01 2.088357518612512231e-01
1.721876504502090899e-01 2.089171989907722404e-01
1.731828969053178791e-01 2.110883846989280999e-01
1.741838958955464201e-01 2.165493262038249156e-01
1.751906806706090836e-01 2.266753291110162605e-01
1.762032846724038426e-01 2.366716363173941851e-01
1.772217415361232173e-01 2.451262024796320715e-01
1.782460850913716033e-01 2.541739162155557952e-01
1.792763493632887617e-01 2.611664178734025010e-01
1.803125685736800821e-01 2.666114240703495453e-01
1.813547771421535060e-01 2.727726338301500464e-01
1.824030096872625850e-01 2.814184236877851908e-01
1.834573010276564775e-01 2.875287289916350075e-01
1.845176861832364401e-01 2.848046766271108421e-01
1.855842003763193415e-01 2.817145548271849931e-01
1.866568790328071992e-01 2.836697285831329407e-01
1.877357577833641822e-01 2.898747604397952649e-01
1.888208724646001924e-01 2.996926807266244164e-01
1.899122591202609955e-01 3.137033575940146868e-01
1.910099540024255971e-01 3.330952994265529155e-01
1.921139935727104175e-01 3.567083272760074308e-01
1.932244145034804905e-01 3.767310417148906354e-01
1.943412536790674328e-01 3.855574317292898012e-01
1.954645481969946030e-01 3.861904175728500532e-01
1.965943353692096995e-01 3.847974060695745213e-01
1.977306527233236300e-01 3.861346439950258946e-01
1.988735380038573475e-01 3.941987951124944489e-01
2.000230291734956534e-01 4.092151669704922612e-01
2.011791644143479663e-01 4.192716742291249243e-01
2.023419821292166965e-01 4.155698136629052963e-01
2.035115209428728922e-01 4.099588146748148199e-01
2.046878197033392410e-01 4.089035431705857482e-01
2.058709174831803157e-01 4.112433775545433212e-01
2.070608535808005912e-01 4.140811903119310800e-01
2.082576675217497619e-01 4.131750909960096307e-01
2.094613990600355524e-01 4.038516079030662898e-01
2.106720881794442723e-01 3.864073148199441143e-01
2.118897750948690872e-01 3.666307123593962047e-01
2.131145002536455058e-01 3.494905180696487590e-01
2.143463043368951104e-01 3.370060895858918437e-01
2.155852282608767823e-01 3.296355670116811187e-01
2.168313131783459469e-01 3.273121105831163780e-01
2.180846004799212312e-01 3.280376097422738613e-01
2.193451317954595303e-01 3.267716380551534683e-01
2.206129489954388734e-01 3.225775535322631393e-01
2.218880941923488948e-01 3.180457290103264612e-01
2.231706097420899648e-01 3.144731214974770817e-01
2.244605382453801201e-01 3.128663112792088308e-01
2.257579225491697927e-01 3.146851496226976130e-01
2.270628057480653939e-01 3.220308839400974898e-01
2.283752311857605299e-01 3.388085499739877382e-01
2.296952424564759343e-01 3.723913261832372812e-01
2.310228834064072811e-01 4.225614300258658806e-01
2.323581981351817149e-01 4.303653044468216393e-01
2.337012309973229007e-01 3.895965896471129120e-01
2.350520266037238737e-01 3.554605041340520022e-01
2.364106298231291869e-01 3.373827825599265973e-01
2.377770857836252472e-01 3.295952860943636153e-01
2.391514398741393099e-01 3.241524931346319027e-01
2.405337377459470793e-01 3.246588818094801043e-01
2.419240253141889951e-01 3.409341429955095593e-01
2.433223487593957901e-01 3.622237144163992784e-01
2.447287545290218747e-01 3.585448715172181999e-01
2.461432893389885190e-01 3.372468897949104649e-01
2.475660001752356676e-01 3.132027233359261364e-01
2.489969342952823017e-01 2.935925563139646921e-01
2.504361392297964617e-01 2.795097279133574308e-01
2.518836627841739007e-01 2.709285645824074940e-01
2.533395530401260642e-01 2.676914838313893541e-01
2.548038583572773130e-01 2.690570511931958397e-01
2.562766273747711931e-01 2.707214055790604923e-01
2.577579090128856998e-01 2.655835967075895199e-01
2.592477524746588102e-01 2.542407559794562233e-01
2.607462072475227322e-01 2.417426054249647294e-01
2.622533231049470337e-01 2.303612543692861447e-01
2.637691501080930423e-01 2.209487991402899754e-01
2.652937386074759596e-01 2.135579147836990654e-01
2.668271392446371348e-01 2.081722233441206105e-01
2.683694029538270520e-01 2.057668771385917639e-01
2.699205809636965880e-01 2.086454134607401145e-01
2.714807247989985406e-01 2.181158555047756908e-01
2.730498862822996475e-01 2.274880298164544123e-01
2.746281175357012105e-01 2.321362706159130485e-01
2.762154709825712651e-01 2.378889167857792253e-01
2.778119993492854656e-01 2.472695013988758517e-01
2.794177556669779627e-01 2.576150574378195390e-01
2.810327932733039380e-01 2.656300746891097075e-01
2.826571658142107979e-01 2.723082966623915357e-01
2.842909272457196934e-01 2.798085149374155423e-01
2.859341318357184192e-01 2.897733941753370401e-01
2.875868341657639160e-01 3.021843431835478100e-01
2.892490891328946545e-01 3.158015064740674616e-01
2.909209519514548425e-01 3.234876366751721632e-01
2.926024781549284581e-01 3.147103805269514387e-01
2.942937235977828858e-01 2.960014436990379139e-01
2.959947444573255426e-01 2.751230917527408004e-01
2.977055972355692748e-01 2.592922485995325932e-01
2.994263387611086902e-01 2.502905701976859687e-01
3.011570261910088142e-01 2.381390125911019562e-01
3.028977170127025720e-01 2.221868840384983168e-01
3.046484690459013711e-01 2.101242985679671604e-01
3.064093404445150659e-01 2.042791390825037245e-01
3.081803896985833569e-01 2.040060256101424163e-01
3.099616756362194026e-01 2.089105592791265231e-01
3.117532574255635347e-01 2.205114634665574502e-01
3.135551945767480198e-01 2.316427187169133040e-01
3.153675469438748658e-01 2.263774273818441873e-01
3.171903747270033436e-01 2.116678102018793861e-01
3.190237384741493876e-01 1.962835983187077304e-01
3.208676990832974307e-01 1.836154711460853961e-01
3.227223178044230090e-01 1.739515921694373413e-01
3.245876562415266342e-01 1.672087436694703333e-01
3.264637763546810456e-01 1.634515521728694964e-01
3.283507404620888970e-01 1.627490706807505905e-01
3.302486112421523790e-01 1.652385199004587357e-01
3.321574517355558864e-01 1.697871650252313347e-01
3.340773253473591775e-01 1.733469357622322571e-01
3.360082958491044103e-01 1.727621984899643803e-01
3.379504273809338932e-01 1.659454278670081662e-01
3.399037844537201591e-01 1.585563141001894438e-01
3.418684319512097503e-01 1.554108613698825248e-01
3.438444351321779946e-01 1.573049497786896400e-01
3.458318596325960503e-01 1.631979151880023626e-01
3.478307714678123830e-01 1.725351203516801990e-01
3.498412370347446232e-01 1.848814428332058446e-01
3.518633231140849693e-01 1.990824581011072236e-01
3.538970968725191901e-01 2.215415040665327240e-01
3.559426258649572294e-01 2.483526596920170304e-01
3.579999780367765227e-01 2.477856283174711127e-01
3.600692217260801353e-01 2.371731558703688014e-01
3.621504256659661136e-01 2.230646539180647092e-01
3.642436589868098817e-01 2.024394963091916411e-01
3.663489912185618480e-01 1.832963223396469887e-01
3.684664922930561692e-01 1.701917447881782230e-01
3.705962325463332818e-01 1.636994347409770068e-01
3.727382827209774208e-01 1.631346166036463652e-01
3.748927139684648524e-01 1.678027765380422087e-01
3.770595978515288715e-01 1.776432718444668490e-01
3.792390063465359562e-01 1.954505358308893104e-01
3.814310118458763554e-01 2.251552777915856174e-01
3.836356871603694985e-01 2.552579598035830677e-01
3.858531055216822825e-01 2.774031687318867512e-01
3.880833405847607942e-01 2.885866563805223883e-01
3.903264664302779630e-01 2.880939897764087099e-01
3.925825575670940371e-01 2.893736835342636815e-01
3.948516889347303827e-01 3.002968944863864120e-01
3.971339359058604912e-01 3.155239665272756566e-01
3.994293742888124776e-01 3.225563064549967773e-01
4.017380803300868997e-01 3.248895011273086331e-01
4.040601307168905088e-01 3.247518377725203131e-01
4.063956025796829352e-01 3.214204731161328099e-01
4.087445734947380283e-01 3.132615954458516927e-01
4.111071214867221824e-01 2.997285351695113675e-01
4.134833250312844322e-01 2.826693453618419616e-01
4.158732630576643108e-01 2.651803448869717861e-01
4.182770149513134750e-01 2.504211511933854828e-01
4.206946605565314856e-01 2.400193789291745483e-01
4.231262801791195738e-01 2.351608805942675684e-01
4.255719545890473410e-01 2.367043922281797941e-01
4.280317650231349469e-01 2.473354558678901582e-01
4.305057931877529498e-01 2.690765276806900141e-01
4.329941212615355806e-01 2.950860487868123827e-01
4.354968318981098929e-01 3.152530662921295690e-01
4.380140082288422887e-01 3.243056491499268779e-01
4.405457338655994204e-01 3.259916932605008699e-01
4.430920929035247480e-01 3.259859388437412742e-01
4.456531699238333033e-01 3.187088148800140130e-01
4.482290499966203323e-01 3.002026105810169931e-01
4.508198186836865351e-01 2.784947373264458070e-01
4.534255620413813470e-01 2.598362623070399335e-01
4.560463666234608748e-01 2.464607845204251635e-01
4.586823194839622087e-01 2.383342201134866223e-01
4.613335081800964965e-01 2.368593188332470123e-01
4.640000207751556194e-01 2.426557870999750399e-01
4.666819458414390720e-01 2.540884852590473142e-01
4.693793724631949438e-01 2.751523064839820343e-01
4.720923902395786631e-01 3.152805104335986708e-01
4.748210892876304490e-01 3.671494951626497749e-01
4.775655602452679171e-01 3.984880488356402628e-01
4.803258942742961168e-01 4.153338825757600938e-01
4.831021830634371073e-01 4.206708827966031405e-01
4.858945188313745223e-01 4.104731710036378378e-01
4.887029943298164536e-01 3.958724450946631279e-01
4.915277028465775411e-01 3.906974538379760498e-01
4.943687382086768833e-01 3.988005579304329529e-01
4.972261947854541564e-01 4.113040202542410095e-01
5.001001674917054940e-01 4.098335454484319240e-01
5.029907517908354109e-01 3.931306868324169757e-01
5.058980436980275996e-01 3.614583769873673802e-01
5.088221397834349347e-01 3.301100850706297773e-01
5.117631371753864622e-01 3.172206341764828852e-01
5.147211335636141527e-01 3.160670949398969309e-01
5.176962272024980827e-01 3.136945046451537489e-01
5.206885169143288250e-01 3.153747943389680897e-01
5.236981020925914887e-01 3.193254227681813773e-01
5.267250827052667450e-01 3.182524453662303188e-01
5.297695592981502832e-01 3.092790964007389176e-01
5.328316329981945820e-01 2.877673159634384636e-01
5.359114055168668900e-01 2.679734502526116557e-01
5.390089791535270791e-01 2.606923424618969309e-01
5.421244567988269258e-01 2.733228446018600710e-01
5.452579419381275994e-01 2.992920847906649362e-01
5.484095386549359130e-01 3.222044017377727609e-01
5.515793516343632241e-01 3.507998692061879975e-01
5.547674861666017643e-01 3.812677353587009543e-01
5.579740481504216199e-01 4.093789465244204728e-01
5.611991440966896949e-01 4.454626807868973803e-01
5.644428811319066597e-01 4.997755220490226469e-01
5.677053670017649933e-01 5.545354372286274147e-01
5.709867100747291202e-01 5.727946442544029626e-01
5.742870193456336425e-01 5.571957483613525497e-01
5.776064044393048880e-01 5.428052799878261281e-01
5.809449756142023302e-01 5.513837874341177558e-01
5.843028437660793273e-01 5.903943065900353337e-01
5.876801204316687288e-01 6.560256429709262482e-01
5.910769177923870243e-01 6.817124740910658343e-01
5.944933486780595855e-01 6.692121102993591197e-01
5.979295265706701112e-01 6.519798453414573647e-01
6.013855656081297241e-01 6.203659649588902925e-01
6.048615805880666052e-01 5.912132043596761699e-01
6.083576869716416091e-01 5.523000676412294085e-01
6.118740008873820857e-01 4.906923965176550051e-01
6.154106391350390171e-01 4.376849225650816244e-01
6.189677191894675801e-01 4.051304163660351398e-01
6.225453592045292472e-01 3.814076119507044393e-01
6.261436780170150929e-01 3.659862176823167057e-01
6.297627951505950783e-01 3.569686039725203375e-01
6.334028308197864332e-01 3.466274744080071191e-01
6.370639059339481269e-01 3.420651072125000525e-01
6.407461421012968783e-01 3.263161538362558955e-01
6.444496616329448146e-01 3.054386871848448481e-01
6.481745875469649976e-01 2.884768798146462032e-01
6.519210435724759334e-01 2.713419972942153202e-01
6.556891541537508417e-01 2.621260775299329437e-01
6.594790444543533470e-01 2.669717390889915221e-01
6.632908403612935988e-01 2.925399406943939296e-01
6.671246684892090384e-01 3.309064078206751525e-01
6.709806561845721440e-01 3.592920604010850782e-01
6.748589315299192704e-01 3.832822238720174357e-01
6.787596233481042463e-01 3.997535778753177338e-01
6.826828612065795054e-01 3.839351288505148396e-01
6.866287754216984229e-01 3.483236994097713146e-01
6.905974970630435195e-01 3.218781705722455477e-01
6.945891579577818664e-01 3.090905285899999688e-01
6.986038906950429173e-01 2.951006561524329719e-01
7.026418286303216520e-01 2.780764354927643955e-01
7.067031058899108098e-01 2.540769764255280672e-01
7.107878573753529938e-01 2.366769480867107756e-01
7.148962187679240854e-01 2.341135767440134241e-01
7.190283265331394169e-01 2.324324017553129063e-01
7.231843179252852583e-01 2.181419717039155826e-01
7.273643309919801681e-01 2.012925967842514041e-01
7.315685045787596597e-01 1.950039045608527866e-01
7.357969783336865133e-01 1.992413685331618500e-01
7.400498927119919523e-01 2.062865452367314001e-01
7.443273889807401344e-01 2.209713741598854642e-01
7.486296092235191768e-01 2.562291282936327574e-01
7.529566963451627126e-01 2.912487381030196554e-01
7.573087940764960946e-01 2.883352326328704751e-01
7.616860469791092436e-01 2.627289633473658403e-01
7.660886004501606950e-01 2.436517438468354946e-01
7.705166007272060691e-01 2.344269711336921802e-01
7.749701948930545203e-01 2.329480860264651065e-01
7.794495308806568268e-01 2.397613154698769455e-01
7.839547574780165728e-01 2.584069537134344174e-01
7.884860243331343055e-01 2.878784204716438033e-01
7.930434819589780027e-01 3.207781916762685870e-01
7.976272817384808533e-01 3.421708999513887739e-01
8.022375759295721220e-01 3.363580537292678585e-01
8.068745176702336597e-01 3.167014087257862820e-01
8.115382609835852801e-01 2.884879460007224172e-01
8.162289607830032212e-01 2.640321174197024501e-01
8.209467728772645856e-01 2.491808530579618930e-01
8.256918539757219788e-01 2.356464648392924688e-01
8.304643616935105666e-01 2.265097789673158613e-01
8.352644545567829981e-01 2.407227457161796036e-01
8.400922920079733069e-01 2.493384355476873648e-01
8.449480344110958940e-01 2.478028915677500110e-01
8.498318430570707127e-01 2.658226263268360645e-01
8.547438801690798726e-01 3.072818711377013345e-01
8.596843089079587719e-01 3.451220304541970929e-01
8.646532933776126528e-01 3.532632022267562788e-01
8.696509986304700179e-01 3.325712048539827825e-01
8.746775906729644667e-01 3.102914311029922323e-01
8.797332364710471753e-01 2.989087521049844653e-01
8.848181039557355687e-01 2.831474046003349954e-01
8.899323620286901937e-01 2.577859193508365010e-01
8.950761805678236760e-01 2.356845325193946961e-01
9.002497304329459826e-01 2.212413891001454302e-01
9.054531834714387717e-01 2.171973620604487898e-01
9.106867125239620497e-01 2.202348088146517391e-01
9.159504914301977996e-01 2.220554177479127367e-01
9.212446950346235841e-01 2.155586812262810237e-01
9.265694991923183466e-01 2.173846019288585840e-01
9.319250807748065135e-01 2.358823959264376435e-01
9.373116176759319629e-01 2.641569439986422574e-01
9.427292888177655206e-01 2.781105193458792146e-01
9.481782741565508710e-01 2.630432430319307180e-01
9.536587546886805544e-01 2.339037618560081133e-01
9.591709124567069367e-01 2.127022772762851566e-01
9.647149305553922582e-01 1.948268455836331403e-01
9.702909931377862174e-01 1.772267406005576529e-01
9.758992854213467405e-01 1.690536982120989795e-01
9.815399936940907288e-01 1.741760144230632412e-01
9.872133053207802211e-01 1.801482137246817328e-01
9.929194087491489684e-01 1.841594848535927642e-01
9.986584935161608723e-01 1.798489840531805606e-01
1.004430750254303728e+00 1.729675869035391667e-01
1.010236370697924935e+00 1.698938430590062054e-01
1.016075547689597958e+00 1.769111329736636484e-01
1.021948475186527761e+00 1.904495050193205363e-01
1.027855348266994762e+00 1.985295914447388621e-01
1.033796363136834096e+00 2.078043833189467948e-01
1.039771717135951290e+00 2.064273071236210344e-01
1.045781608744880131e+00 1.993214877203537405e-01
1.051826237591374280e+00 1.853825197387374280e-01
1.057905804457035748e+00 1.777052424864937474e-01
1.064020511283988890e+00 1.853325005776728929e-01
1.070170561181583713e+00 1.962720894851884557e-01
1.076356158433145582e+00 2.045832378758784542e-01
1.082577508502760022e+00 2.031959807893625458e-01
1.088834818042095476e+00 1.935245768061826521e-01
1.095128294897270704e+00 1.832834855637985594e-01
1.101458148115757263e+00 1.811702866706821347e-01
1.107824587953321727e+00 1.773533377692697033e-01
1.114227825881013212e+00 1.587581613342198550e-01
1.120668074592185315e+00 1.421717189957268090e-01
1.127145548009560017e+00 1.399035934975432216e-01
1.133660461292336441e+00 1.568060861103732773e-01
1.140213030843336250e+00 1.816859709418343349e-01
1.146803474316190341e+00 1.951858326599459625e-01
1.153432010622570836e+00 1.927742893902144317e-01
1.160098859939462601e+00 1.823154156058501563e-01
1.166804243716473621e+00 1.805904185202878154e-01
1.173548384683194445e+00 1.880366338072598509e-01
1.180331506856595603e+00 2.002293576260474328e-01
1.187153835548465874e+00 1.958033258429994483e-01
1.194015597372901416e+00 1.821671287124287386e-01
1.200917020253827294e+00 1.664637680228186756e-01
1.207858333432573428e+00 1.592875676761065784e-01
1.214839767475487387e+00 1.598674358265008977e-01
1.221861554281590267e+00 1.588347393418673426e-01
1.228923927090283863e+00 1.667023549946221317e-01
1.236027120489096909e+00 1.797803736995079449e-01
1.243171370421473965e+00 1.771302434579729579e-01
1.250356914194617142e+00 1.734425476099308583e-01
1.257583990487367132e+00 1.819272137982961002e-01
1.264852839358128644e+00 2.140240225412297914e-01
1.272163702252848472e+00 2.257032753260804214e-01
1.279516822013033517e+00 2.033433823878979252e-01
1.286912442883815677e+00 1.746208751033275774e-01
1.294350810522067352e+00 1.613790768445136081e-01
1.301832172004561583e+00 1.668440021763978598e-01
1.309356775836174380e+00 1.712089486123050952e-01
1.316924871958146337e+00 1.780297030622487175e-01
1.324536711756377994e+00 2.147809496688437569e-01
1.332192548069784932e+00 2.605776967741472161e-01
1.339892635198694837e+00 2.632021534639853444e-01
1.347637228913291185e+00 2.388003278710173205e-01
1.355426586462114891e+00 2.191640446499159567e-01
1.363260966580605249e+00 2.060470729700418502e-01
1.371140629499693731e+00 1.824969010575002992e-01
1.379065836954451285e+00 1.633373491325628424e-01
1.387036852192779834e+00 1.647299179883953135e-01
1.395053939984155722e+00 1.719623345603746301e-01
1.403117366628427343e+00 1.758169084944462557e-01
1.411227399964658957e+00 1.815204207981339635e-01
1.419384309380025577e+00 1.836517682364154358e-01
1.427588365818764915e+00 1.935936298072983008e-01
1.435839841791175742e+00 2.142581830386027231e-01
1.444139011382666204e+00 2.346000462839243628e-01
1.452486150262864761e+00 2.388295426022585544e-01
1.460881535694769973e+00 2.222165414171826114e-01
1.469325446543965796e+00 2.054003650557471028e-01
1.477818163287882181e+00 1.933032530846581221e-01
1.486359968025109168e+00 1.951428958579701778e-01
1.494951144484772509e+00 2.154050825635429878e-01
1.503591978035954568e+00 2.227999507471213336e-01
1.512282755697172298e+00 2.227388653999805290e-01
1.521023766145914724e+00 2.173058106839958481e-01
1.529815299728230382e+00 2.135827030405098026e-01
1.538657648468367833e+00 1.982657735686816358e-01
1.547551106078482119e+00 1.915193838891702249e-01
1.556495967968387184e+00 1.787397095608994901e-01
1.565492531255366693e+00 1.599493256034650035e-01
1.574541094774047689e+00 1.504912776878347402e-01
1.583641959086324214e+00 1.396357917944985039e-01
1.592795426491339539e+00 1.243219608547716515e-01
1.602001801035530804e+00 1.227934992339231035e-01
1.611261388522727822e+00 1.343430563179603687e-01
1.620574496524306296e+00 1.483550611276797659e-01
1.629941434389411858e+00 1.538106908632599912e-01
1.639362513255227638e+00 1.540753940342033390e-01
1.648838046057315765e+00 1.565852050362917802e-01
1.658368347540009280e+00 1.601746331519769972e-01
1.667953734266863997e+00 1.612241502394464177e-01
1.677594524631179640e+00 1.637127141642684969e-01
1.687291038866571835e+00 1.639760893928827179e-01
1.697043599057607821e+00 1.600520198102523828e-01
1.706852529150509445e+00 1.604468613294521839e-01
1.716718154963911225e+00 1.774498349118543983e-01
1.726640804199680579e+00 1.880760294296912327e-01
1.736620806453807120e+00 1.760200836708058214e-01
1.746658493227349673e+00 1.589347776639964405e-01
1.756754197937443251e+00 1.498335035874638066e-01
1.766908255928380411e+00 1.364097772295566335e-01
1.777121004482747679e+00 1.350211922007115706e-01
1.787392782832625482e+00 1.499215904286305689e-01
1.797723932170862682e+00 1.657674835949024261e-01
1.808114795662403074e+00 1.657028570682172464e-01
1.818565718455690483e+00 1.351907261713993780e-01
1.829077047694130043e+00 1.101528162027698154e-01
1.839649132527616748e+00 1.045254392592865483e-01
1.850282324124138622e+00 1.079594981224615002e-01
1.860976975681438272e+00 1.260531550045367044e-01
1.871733442438742401e+00 1.461502342138521759e-01
1.882552081688566581e+00 1.598453034543484419e-01
1.893433252788581767e+00 1.504695879631253452e-01
1.904377317173546302e+00 1.358219414251874146e-01
1.915384638367318981e+00 1.297926406034155544e-01
1.926455581994929611e+00 1.260035784909152301e-01
1.937590515794722412e+00 1.317566673082244399e-01
1.948789809630575354e+00 1.447567800631336110e-01
1.960053835504184105e+00 1.440715618212935756e-01
1.971382967567415045e+00 1.375190517218376762e-01
1.982777582134739092e+00 1.273164708069988438e-01
1.994238057695728816e+00 1.295642345228022185e-01
2.005764774927627947e+00 1.389426058986835966e-01
2.017358116708002580e+00 1.429127108153910308e-01
2.029018468127450348e+00 1.419145408313153001e-01
2.040746216502401289e+00 1.328194638189853505e-01
2.052541751387976898e+00 1.214704260266493280e-01
2.064405464590929995e+00 1.150060027683602049e-01
2.076337750182662312e+00 1.127276963789864556e-01
2.088339004512313135e+00 1.160776522279820810e-01
2.100409626219920778e+00 1.202863441164929714e-01
2.112550016249669760e+00 1.181797849350222779e-01
2.124760577863207711e+00 1.158328681919759268e-01
2.137041716653034662e+00 1.211517198676539814e-01
2.149393840555982482e+00 1.166433556601988303e-01
2.161817359866763155e+00 1.038973225375998677e-01
2.174312687251592546e+00 9.450567173842699953e-02
2.186880237761905654e+00 9.468759983752017551e-02
2.199520428848138476e+00 9.358363711455570944e-02
2.212233680373592026e+00 8.816784564884989905e-02
2.225020414628386511e+00 8.456602340475934121e-02
2.237881056343477670e+00 8.691692397479312826e-02
2.250816032704775704e+00 8.325047520401740453e-02
2.263825773367328598e+00 7.910375395753337091e-02
2.276910710469592924e+00 8.176627832747375424e-02
2.290071278647793029e+00 8.892654336623607991e-02
2.303307915050354371e+00 1.016376073408341851e-01
2.316621059352423018e+00 9.725805353930633279e-02
2.330011153770474852e+00 8.269406736810466785e-02
2.343478643077001600e+00 7.601894392692416791e-02
2.357023974615280792e+00 7.310853698887630203e-02
2.370647598314243876e+00 7.308728991160994004e-02
2.384349966703414481e+00 7.670460481620723636e-02
2.398131534927939956e+00 8.055785080794969355e-02
2.411992760763713051e+00 8.137143680827393921e-02
2.425934104632577970e+00 7.507167839879909377e-02
2.439956029617617261e+00 6.926724247809616652e-02
2.454059001478542612e+00 6.840806379113785474e-02
2.468243488667162033e+00 7.281107790714730355e-02
2.482509962342935861e+00 7.806308981892493004e-02
2.496858896388636673e+00 7.222678328232248757e-02
2.511290767426078485e+00 6.135801796569475414e-02
2.525806054831960523e+00 5.617196052293143421e-02
2.540405240753779381e+00 5.430885743513775427e-02
2.555088810125852206e+00 5.401538218039619865e-02
2.569857250685421590e+00 5.444740608481212635e-02
2.584711052988855506e+00 5.052732032916924798e-02
2.599650710427946265e+00 4.800157401913106303e-02
2.614676719246288084e+00 4.688433187287511378e-02
2.629789578555775442e+00 4.262708155986173753e-02
2.644989790353173831e+00 3.702688316938167884e-02
2.660277859536794409e+00 3.574054969988098296e-02
2.675654293923265481e+00 3.645458429026349201e-02
2.691119604264405218e+00 3.497680580164404945e-02
2.706674304264172548e+00 3.399271200625728073e-02
2.722318910595750374e+00 3.435732070509683184e-02
2.738053942918694972e+00 3.506436146587916386e-02
2.753879923896200843e+00 3.673066350049321999e-02
2.769797379212459720e+00 3.743274660991340042e-02
2.785806837590128815e+00 3.501009288936134806e-02
2.801908830807877226e+00 3.508680369124175802e-02
2.818103893718070019e+00 3.984734414700197291e-02
2.834392564264522019e+00 4.229930112828387406e-02
2.850775383500368410e+00 4.106581976348323837e-02
2.867252895606037466e+00 4.097516556714678182e-02
2.883825647907329426e+00 4.177693288074162820e-02
2.900494190893583735e+00 4.079943453225629013e-02
2.917259078235983960e+00 3.797941620207904989e-02
2.934120866805935979e+00 3.333121966736470043e-02
2.951080116693567401e+00 3.061593172221287878e-02
2.968137391226336685e+00 2.671952760477313074e-02
2.985293256987731514e+00 2.571511629175040475e-02
3.002548283836107057e+00 2.748986694991148796e-02
3.019903044923603730e+00 2.857731892325022713e-02
3.037358116715186629e+00 3.186362206993539198e-02
3.054914079007794214e+00 3.549040962981393765e-02
3.072571514949601568e+00 3.716042990294959186e-02
3.090331011059376021e+00 4.046558983070865090e-02
3.108193157245980220e+00 3.828701191025386807e-02
3.126158546827951579e+00 3.610316648522680916e-02
3.144227776553216724e+00 3.592331882911595914e-02
3.162401446618910317e+00 3.431841199485281130e-02
3.180680160691316427e+00 3.393211357130386518e-02
3.199064525925907621e+00 3.113157172862078201e-02
3.217555152987530587e+00 2.829021779168857526e-02
3.236152656070678812e+00 2.763886207924181812e-02
3.254857652919894928e+00 2.683519138164186177e-02
3.273670764850296955e+00 2.778692764894174702e-02
3.292592616768199143e+00 2.735260197782195951e-02
3.311623837191892683e+00 2.639059628984334258e-02
3.330765058272506351e+00 2.504516938669558435e-02
3.350016915815009710e+00 2.586862642499983961e-02
3.369380049299332214e+00 2.636846391769088679e-02
3.388855101901607103e+00 2.432077684614572868e-02
3.408442720515521884e+00 2.339918486971749242e-02
3.428143555773827789e+00 2.386210556565824398e-02
3.447958262069935831e+00 2.551676597252010292e-02
3.467887497579658529e+00 2.630799827697037629e-02
3.487931924283071528e+00 2.399175700172732906e-02
3.508092207986506228e+00 2.426301135482782090e-02
3.528369018344649444e+00 2.453121144057127112e-02
3.548763028882812254e+00 2.167232866489432128e-02
3.569274917019284565e+00 2.033633015228351187e-02
3.589905364087840223e+00 2.082465881145528774e-02
3.610655055360374899e+00 2.294029226550848427e-02
3.631524680069651456e+00 2.183690498421997708e-02
3.652514931432215839e+00 2.105226812667113437e-02
3.673626506671410219e+00 2.376923813210654254e-02
3.694860107040534913e+00 2.296950699674972160e-02
3.716216437846141751e+00 2.025590111188148995e-02
3.737696208471465109e+00 2.040055829626993833e-02
3.759300132399972405e+00 2.080372158739906066e-02
3.781028927239082016e+00 2.389419750527930347e-02
3.802883314743989107e+00 2.457910589390918318e-02
3.824864020841640233e+00 2.132865719011099725e-02
3.846971775654848713e+00 1.895252571582339840e-02
3.869207313526548564e+00 1.911812012426807039e-02
3.891571373044171445e+00 2.028839143420129582e-02
3.914064697064205678e+00 2.211648110924979357e-02
3.936688032736852527e+00 2.681252783255775110e-02
3.959442131530850340e+00 3.290207297132859143e-02
3.982327749258438132e+00 3.056808153361927072e-02
4.005345646100446189e+00 2.963192645631472152e-02
4.028496586631570509e+00 3.256805121080374316e-02
4.051781339845751617e+00 3.091219565584564510e-02
4.075200679181723906e+00 2.871294609980047305e-02
4.098755382548707082e+00 2.955649933201915172e-02
4.122446232352245943e+00 2.789303024104061376e-02
4.146274015520188705e+00 2.534953376853615187e-02
4.170239523528843861e+00 2.695784898811076982e-02
4.194343552429258715e+00 2.922911728314003463e-02
4.218586902873665778e+00 2.845842382004723850e-02
4.242970380142073950e+00 2.844186880567720066e-02
4.267494794169023997e+00 3.002451047355497032e-02
4.292160959570472833e+00 3.061911878380283586e-02
4.316969695670882068e+00 2.983195883582860988e-02
4.341921826530410478e+00 2.618901464427877968e-02
4.367018180972294772e+00 2.245439816727348020e-02
4.392259592610382235e+00 2.251070292202932491e-02
4.417646899876805477e+00 2.364737729103512029e-02
4.443180946049855251e+00 2.372807191990297659e-02
4.468862579281975833e+00 2.503140305121676068e-02
4.494692652627942486e+00 2.519668760645129429e-02
4.520672024073195239e+00 2.300097922995051475e-02
4.546801556562344082e+00 2.020141121164214376e-02
4.573082118027814502e+00 1.936126636473494214e-02
4.599514581418703507e+00 2.045221525287376635e-02
4.626099824729760002e+00 2.011969849365527821e-02
4.652838731030551678e+00 2.077937597803136346e-02
4.679732188494796219e+00 2.189896415573546265e-02
4.706781090429870140e+00 2.114022217360499167e-02
4.733986335306464177e+00 2.166861042637270585e-02
4.761348826788450062e+00 2.258621857581350270e-02
4.788869473762884077e+00 2.374033325407543665e-02
4.816549190370198019e+00 2.696227546254126306e-02
4.844388896034566017e+00 2.468764304694482520e-02
4.872389515494448098e+00 2.182371409041711577e-02
4.900551978833287414e+00 2.137296619916020934e-02
4.928877221510434836e+00 2.067353897439831723e-02
4.957366184392200559e+00 1.840607744737927931e-02
4.986019813783113541e+00 1.791000245795414461e-02
5.014839061457356806e+00 1.927530423129480627e-02
5.043824884690362609e+00 1.984667355078259185e-02
5.072978246290641202e+00 1.872788213847597846e-02
5.102300114631742822e+00 1.949189162517873594e-02
5.131791463684423960e+00 2.145047376643810857e-02
5.161453273049005475e+00 2.034026971452664728e-02
5.191286527987911903e+00 1.766074768277319657e-02
5.221292219458380401e+00 1.741552099932399192e-02
5.251471344145405951e+00 1.693976352753481449e-02
5.281824904494829553e+00 1.681931915828115132e-02
5.312353908746639597e+00 1.732823092355470843e-02
5.343059370968462396e+00 1.878759527854330369e-02
5.373942311089249912e+00 2.050697074157893998e-02
5.405003754933139781e+00 2.079894099501413199e-02
5.436244734253559585e+00 1.834437239381823265e-02
5.467666286767478567e+00 1.708809468570056736e-02
5.499269456189878724e+00 1.801858387573409409e-02
5.531055292268432844e+00 1.901237165012363561e-02
5.563024850818350409e+00 1.863992809154212116e-02
5.595179193757479297e+00 1.666386137628230596e-02
5.627519389141558470e+00 1.806076817705667276e-02
5.660046511199702479e+00 1.968524002830258565e-02
5.692761640370078702e+00 1.977248583932756168e-02
5.725665863335805739e+00 2.288350059856528174e-02
5.758760273061025892e+00 2.443998180255885222e-02
5.792045968827241431e+00 2.249228878839848456e-02
5.825524056269808071e+00 2.258050842379816930e-02
5.859195647414667363e+00 2.189228017934542053e-02
5.893061860715279821e+00 1.951132384792858901e-02
5.927123821089786304e+00 1.812672264607098627e-02
5.961382659958350594e+00 1.746213177507706035e-02
5.995839515280771082e+00 1.642306116726359108e-02
6.030495531594262104e+00 1.322506618546672244e-02
6.065351860051475086e+00 1.146549833460222545e-02
6.100409658458743500e+00 1.137789840562280705e-02
6.135670091314512575e+00 1.064040350075869286e-02
6.171134329848062094e+00 1.119867045593222338e-02
6.206803552058381079e+00 1.300715084925364862e-02
6.242678942753306259e+00 1.245459404609545150e-02
6.278761693588877257e+00 1.185086719852077725e-02
6.315053003108923591e+00 1.179854627075237195e-02
6.351554076784851510e+00 1.248549083762027882e-02
6.388266127055725718e+00 1.316491039795635032e-02
6.425190373368511843e+00 1.399089052668598017e-02
6.462328042218596025e+00 1.347719816902749439e-02
6.499680367190518560e+00 1.347803919916928765e-02
6.537248588998957999e+00 1.422230660991205368e-02
6.575033955529916874e+00 1.411337107417766877e-02
6.613037721882214726e+00 1.333727731227967069e-02
6.651261150409145451e+00 1.302932748615040839e-02
6.689705510760421525e+00 1.373388942125166809e-02
6.728372079924347382e+00 1.387283645362478307e-02
6.767262142270216607e+00 1.438626322281743967e-02
6.806376989591010229e+00 1.527501075897143290e-02
6.845717921146279750e+00 1.496112945710531203e-02
6.885286243705309062e+00 1.372339867685140602e-02
6.925083271590525058e+00 1.309630004428373809e-02
6.965110326721157818e+00 1.162741876926958948e-02
7.005368738657123728e+00 1.277993991673654489e-02
7.045859844643230119e+00 1.444318768399355593e-02
7.086584989653569089e+00 1.277666432565798156e-02
7.127545526436194656e+00 1.197830539737461397e-02
7.168742815558059256e+00 1.151383543538318788e-02
7.210178225450215805e+00 1.285943939750816382e-02
7.251853132453240036e+00 1.370117777521034051e-02
7.293768920862992111e+00 1.245326610376630387e-02
7.335926982976571864e+00 1.257340061980983040e-02
7.378328719138569802e+00 1.196931965428071724e-02
7.420975537787583676e+00 1.279707037278254508e-02
7.463868855503007715e+00 1.357984811107058182e-02
7.507010097052058128e+00 1.433084376294769223e-02
7.550400695437144982e+00 1.414718933882661879e-02
7.594042091943437711e+00 1.414386948300375146e-02
7.637935736186750368e+00 1.524433529116813249e-02
7.682083086161699548e+00 1.478106047727293856e-02
7.726485608290103890e+00 1.440467735644828350e-02
7.771144777469737974e+00 1.583642051099061476e-02
7.816062077123293150e+00 1.757496260831028015e-02
7.861238999247660786e+00 1.766548401041382124e-02
7.906677044463489068e+00 1.984888678799784020e-02
7.952377722065040011e+00 3.708208130552990284e-02
7.998342550070284496e+00 1.861009365388061401e-02
