2.511886431509579437e-02 1.121078196531739790e+00
2.526405161860213050e-02 1.121845506908164092e+00
2.541007810627042562e-02 1.121978483413680339e+00
2.555694862859406516e-02 1.123031513578983898e+00
2.570466806410236227e-02 1.123858124288949156e+00
2.585324131952258450e-02 1.125087258475071295e+00
2.600267332994290678e-02 1.126612894328898440e+00
2.615296905897638788e-02 1.128627308689487796e+00
2.630413349892583852e-02 1.131098155920362114e+00
2.645617167094958117e-02 1.134090127294475447e+00
2.660908862522835469e-02 1.137617598650261908e+00
2.676288944113292337e-02 1.139534976101420405e+00
2.691757922739292791e-02 1.135342622218053155e+00
2.707316312226650673e-02 1.125649713153808573e+00
2.722964629371095457e-02 1.113786052486003042e+00
2.738703393955444973e-02 1.100996947218997102e+00
2.754533128766867636e-02 1.087877197668005280e+00
2.770454359614242176e-02 1.074991055491568703e+00
2.786467615345633933e-02 1.062818314297428346e+00
2.802573427865854422e-02 1.052029247552577429e+00
2.818772332154127064e-02 1.042781989479792282e+00
2.835064866281864979e-02 1.034582370632897819e+00
2.851451571430539678e-02 1.027151859142231949e+00
2.867932991909653145e-02 1.020343102663844315e+00
2.884509675174826843e-02 1.013949448520243379e+00
2.901182171845980567e-02 1.007034670233403872e+00
2.917951035725619563e-02 9.995089188131115465e-01
2.934816823817239240e-02 9.921071589993138984e-01
2.951780096343814899e-02 9.849138488428119675e-01
2.968841416766421215e-02 9.779811007579295445e-01
2.986001351802944001e-02 9.713412603811434343e-01
3.003260471446899879e-02 9.650158914701050250e-01
3.020619348986378766e-02 9.590139789238355528e-01
3.038078561023081769e-02 9.533373197221394202e-01
3.055638687491469066e-02 9.479535682285397113e-01
3.073300311678033025e-02 9.428267848469509271e-01
3.091064020240668481e-02 9.379605635369815397e-01
3.108930403228154019e-02 9.333459193996104242e-01
3.126900054099761295e-02 9.289846494146415390e-01
3.144973569744963920e-02 9.248803475416836894e-01
3.163151550503255638e-02 9.206987755371420779e-01
3.181434600184106232e-02 9.157786448330444973e-01
3.199823326087009728e-02 9.102116013994089316e-01
3.218318339021652985e-02 9.044001687123923716e-01
3.236920253328214730e-02 8.984503685804469120e-01
3.255629686897762443e-02 8.924825986504586472e-01
3.274447261192782455e-02 8.865615501953814093e-01
3.293373601267822470e-02 8.805183071136137851e-01
3.312409335790250653e-02 8.743223207484829285e-01
3.331555097061136145e-02 8.681730558582632096e-01
3.350811521036261426e-02 8.621819251908194870e-01
3.370179247347232510e-02 8.564441686757781058e-01
3.389658919322740410e-02 8.509472074545091358e-01
3.409251184009919750e-02 8.457629207191836862e-01
3.428956692195841288e-02 8.409524057831466726e-01
3.448776098429136294e-02 8.364491743936403045e-01
3.468710061041735404e-02 8.321867382979064587e-01
3.488759242170727526e-02 8.281345488392725107e-01
3.508924307780367929e-02 8.243249516542152655e-01
3.529205927684192501e-02 8.208136531166672079e-01
3.549604775567258980e-02 8.176150290650625596e-01
3.570121529008542238e-02 8.146913429235115300e-01
3.590756869503420462e-02 8.119743094594518151e-01
3.611511482486330638e-02 8.094387709556237764e-01
3.632386057353523962e-02 8.070613666745715120e-01
3.653381287485973905e-02 8.049121788286617285e-01
3.674497870272393912e-02 8.030630866100656462e-01
3.695736507132423021e-02 8.014619776044589194e-01
3.717097903539903075e-02 8.000567393975180908e-01
3.738582769046329413e-02 7.988222142719830776e-01
3.760191817304411876e-02 7.977440263894196582e-01
3.781925766091774610e-02 7.968976489016074138e-01
3.803785337334809891e-02 7.963136304652189690e-01
3.825771257132654091e-02 7.959398586659303110e-01
3.847884255781295476e-02 7.957583637056987458e-01
3.870125067797849233e-02 7.957403939076560517e-01
3.892494431944945599e-02 7.959200918880833253e-01
3.914993091255265789e-02 7.963621489199342873e-01
3.937621793056233360e-02 7.970755499022303958e-01
3.960381288994833243e-02 7.980081824206476382e-01
3.983272335062570252e-02 7.991384827175350702e-01
4.006295691620595512e-02 8.004754356919135949e-01
4.029452123424955012e-02 8.021448299300825147e-01
4.052742399651988042e-02 8.042185446242127167e-01
4.076167293923887297e-02 8.066264975619376054e-01
4.099727584334383890e-02 8.093704857230612504e-01
4.123424053474603751e-02 8.123894117942387361e-01
4.147257488459059338e-02 8.157102304725339925e-01
4.171228680951784978e-02 8.193994300107049211e-01
4.195338427192649156e-02 8.234767771865987296e-01
4.219587528023795858e-02 8.279889934751264446e-01
4.243976788916238585e-02 8.329666275329606906e-01
4.268507019996626434e-02 8.382281843998700133e-01
4.293179036074151744e-02 8.437844459546798292e-01
4.317993656667604152e-02 8.499175380266610347e-01
4.342951706032609216e-02 8.568484891317392771e-01
4.368054013188996804e-02 8.647767640281885937e-01
4.393301411948334623e-02 8.716358359410959489e-01
4.418694740941636612e-02 8.761426612902107891e-01
4.444234843647213579e-02 8.798120940505347320e-01
4.469922568418681352e-02 8.835264513059655211e-01
4.495758768513159753e-02 8.876720837144218557e-01
4.521744302119593689e-02 8.898104896815057785e-01
4.547880032387276866e-02 8.891707648711848488e-01
4.574166827454511502e-02 8.874169125822151116e-01
4.600605560477452616e-02 8.850448992405757220e-01
4.627197109659098723e-02 8.805470587904821178e-01
4.653942358278480296e-02 8.714920775567540634e-01
4.680842194719982141e-02 8.594199672316529259e-01
4.707897512502866311e-02 8.466057042473872363e-01
4.735109210310945588e-02 8.343179563457734371e-01
4.762478192022426976e-02 8.227238426486087608e-01
4.790005366739954334e-02 8.111836383455720556e-01
4.817691648820784933e-02 7.999579055082831625e-01
4.845537957907175564e-02 7.892227481575605497e-01
4.873545218956924774e-02 7.785468911403788939e-01
4.901714362274099679e-02 7.672492791109190025e-01
4.930046323539925834e-02 7.557054808482739361e-01
4.958542043843887359e-02 7.443054409699706442e-01
4.987202469714965836e-02 7.329629044454040177e-01
5.016028553153097091e-02 7.210040038479719193e-01
5.045021251660784106e-02 7.087629774212690359e-01
5.074181528274907677e-02 6.970987815117377639e-01
5.103510351598705003e-02 6.863726090600364982e-01
5.133008695833959217e-02 6.762861614186561621e-01
5.162677540813340182e-02 6.663865996769201550e-01
5.192517872032970105e-02 6.568248701383873067e-01
5.222530680685147364e-02 6.476009728030577284e-01
5.252716963691266006e-02 6.384004362051836079e-01
5.283077723734942721e-02 6.293778006079324694e-01
5.313613969295318679e-02 6.210146565988492462e-01
5.344326714680543849e-02 6.135500024919022799e-01
5.375216980061491706e-02 6.073432342479457846e-01
5.406285791505632127e-02 6.023871639477628159e-01
5.437534181011107609e-02 5.984751389138620592e-01
5.468963186541032917e-02 5.956251289442862085e-01
5.500573852057948770e-02 5.940707414135906195e-01
5.532367227558519784e-02 5.937868186045156538e-01
5.564344369108398941e-02 5.945451440819186084e-01
5.596506338877313413e-02 5.964715064320984528e-01
5.628854205174332881e-02 5.998336556458918611e-01
5.661389042483377931e-02 6.046693282991886242e-01
5.694111931498885282e-02 6.108671116441237725e-01
5.727023959161724881e-02 6.187702288233132286e-01
5.760126218695296035e-02 6.287147150601559709e-01
5.793419809641841417e-02 6.411552062451331135e-01
5.826905837898961604e-02 6.566182174608961031e-01
5.860585415756369709e-02 6.757668342552214380e-01
5.894459661932811845e-02 6.993144576104054488e-01
5.928529701613251268e-02 7.282602082976232793e-01
5.962796666486229469e-02 7.667263579878758062e-01
5.997261694781454155e-02 8.192089501514520089e-01
6.031925931307623168e-02 8.891725618509890294e-01
6.066790527490428103e-02 9.821482969240370453e-01
6.101856641410823012e-02 1.087535771505193427e+00
6.137125437843479747e-02 1.185586177545506326e+00
6.172598088295483398e-02 1.295410395263411063e+00
6.208275771045231733e-02 1.430164113805985293e+00
6.244159671181598315e-02 1.488909180587450365e+00
6.280250980643269088e-02 1.367832275335192360e+00
6.316550898258359303e-02 1.160092425062295485e+00
6.353060629784218483e-02 1.025922724956109811e+00
6.389781387947492119e-02 9.499356369526521515e-01
6.426714392484385308e-02 8.961502344309782986e-01
6.463860870181208085e-02 8.625521030304995618e-01
6.501222054915094251e-02 8.425984392838600234e-01
6.538799187695008841e-02 8.305371108375845246e-01
6.576593516702965159e-02 8.251821110208531485e-01
6.614606297335466623e-02 8.258739482454980907e-01
6.652838792245242827e-02 8.312684816179233271e-01
6.691292271383147972e-02 8.408697447121501467e-01
6.729968012040381253e-02 8.548017291346732272e-01
6.768867298890894613e-02 8.728290305311326991e-01
6.807991424034069705e-02 8.936668083414740504e-01
6.847341687037629410e-02 9.133563160568854977e-01
6.886919394980822728e-02 9.303701208437353820e-01
6.926725862497820629e-02 9.450532428244442507e-01
6.966762411821400547e-02 9.521351402330813229e-01
7.007030372826857090e-02 9.523992962643093030e-01
7.047531083076181979e-02 9.500129070842356915e-01
7.088265887862478520e-02 9.418959493083378653e-01
7.129236140254673060e-02 9.279891226030746454e-01
7.170443201142430445e-02 9.105206819257437578e-01
7.211888439281383123e-02 8.853270250698463961e-01
7.253573231338585059e-02 8.543596721028221541e-01
7.295498961938230720e-02 8.228298644570607445e-01
7.337667023707672431e-02 7.927286557556957325e-01
7.380078817323644513e-02 7.658602137222166872e-01
7.422735751558823258e-02 7.433171020776208060e-01
7.465639243328600627e-02 7.253976194694177204e-01
7.508790717738160481e-02 7.118825343614857415e-01
7.552191608129793510e-02 7.033522712306052860e-01
7.595843356130543844e-02 7.008436874238410663e-01
7.639747411700059665e-02 7.048257946701085297e-01
7.683905233178781047e-02 7.201144988448571205e-01
7.728318287336367887e-02 7.525014658572564130e-01
7.772988049420428980e-02 8.013649406950283938e-01
7.817916003205507836e-02 8.435095080446260996e-01
7.863103641042397396e-02 8.496156454195433749e-01
7.908552463907676799e-02 8.219816899894443196e-01
7.954263981453599253e-02 7.651252489822693015e-01
8.000239712058217212e-02 7.006999290394994029e-01
8.046481182875830918e-02 6.485138385436280961e-01
8.092989929887701994e-02 6.091977174059548528e-01
8.139767497953076525e-02 5.781423124285212101e-01
8.186815440860513438e-02 5.539675431216461998e-01
8.234135321379483508e-02 5.346536041853277021e-01
8.281728711312283386e-02 5.187341600992796398e-01
8.329597191546232737e-02 5.049657008389453194e-01
8.377742352106211376e-02 4.921945653699822398e-01
8.426165792207447602e-02 4.792832654762859135e-01
8.474869120308657633e-02 4.663180561884613939e-01
8.523853954165466762e-02 4.550617746944998210e-01
8.573121920884146929e-02 4.462709494919998021e-01
8.622674656975649887e-02 4.396832215295376489e-01
8.672513808409994251e-02 4.354082065751738728e-01
8.722641030670905127e-02 4.333973861741931555e-01
8.773057988810836760e-02 4.335070019422537779e-01
8.823766357506258873e-02 4.358736243444804037e-01
8.874767821113291322e-02 4.406374178056062241e-01
8.926064073723644077e-02 4.484165433783009469e-01
8.977656819220893036e-02 4.599765144591845267e-01
9.029547771337091688e-02 4.763541883953221201e-01
9.081738653709675591e-02 4.994256121023739059e-01
9.134231199938727674e-02 5.287217738514249366e-01
9.187027153644546085e-02 5.616442408454973556e-01
9.240128268525588107e-02 5.960276524204433102e-01
9.293536308416693037e-02 6.266068577497445613e-01
9.347253047347692245e-02 6.500286925186296028e-01
9.401280269602330097e-02 6.772583274927673758e-01
9.455619769777530437e-02 7.150595946554391125e-01
9.510273352842993355e-02 7.690300860969527807e-01
9.565242834201181932e-02 8.514377829410754162e-01
9.620530039747586526e-02 9.160302220056426581e-01
9.676136805931405405e-02 8.668181330858418798e-01
9.732064979816532069e-02 7.522966101595693900e-01
9.788316419142908953e-02 6.647172054387512352e-01
9.844892992388228070e-02 6.112247106251740281e-01
9.901796578830000806e-02 5.851038121902720768e-01
9.959029068607995472e-02 5.767370742215802704e-01
1.001659236278700377e-01 5.809330220645559928e-01
1.007448837341998471e-01 5.909152448772886368e-01
1.013271902361159299e-01 6.020241740272999076e-01
1.019128624758204177e-01 6.171044285447528921e-01
1.025019199073136378e-01 6.335090571779544710e-01
1.030943820970401520e-01 6.311442317555322479e-01
1.036902687245389171e-01 6.121825008608511309e-01
1.042895995830967204e-01 5.927122246815609286e-01
1.048923945804057928e-01 5.827264079092198124e-01
1.054986737392250712e-01 5.822520052408919344e-01
1.061084571980452224e-01 5.907607046141212237e-01
1.067217652117575799e-01 6.094169489420760977e-01
1.073386181523270227e-01 6.420015837329453579e-01
1.079590365094685589e-01 6.953916506976790535e-01
1.085830408913279893e-01 7.542786788836817191e-01
1.092106520251663743e-01 7.958679794737594237e-01
1.098418907580486492e-01 7.932264191614791793e-01
1.104767780575359459e-01 7.345801862692489248e-01
1.111153350123821049e-01 6.727155625475670364e-01
1.117575828332342536e-01 6.247290138542801463e-01
1.124035428533372433e-01 5.932656944612767491e-01
1.130532365292423180e-01 5.759769517643731351e-01
1.137066854415197809e-01 5.694970425901673128e-01
1.143639112954759340e-01 5.718492891539597167e-01
1.150249359218739331e-01 5.812241327928481249e-01
1.156897812776589568e-01 5.925019780444609196e-01
1.163584694466876512e-01 5.895746979433014179e-01
1.170310226404614878e-01 5.682427506867852030e-01
1.177074631988646730e-01 5.398989882339985114e-01
1.183878135909062629e-01 5.133486116258755283e-01
1.190720964154663303e-01 4.895188624414207879e-01
1.197603344020467531e-01 4.672327189088359978e-01
1.204525504115261381e-01 4.463302498255408146e-01
1.211487674369193246e-01 4.283334970857539115e-01
1.218490086041408849e-01 4.130537778100267232e-01
1.225532971727734816e-01 3.997363604805648230e-01
1.232616565368404721e-01 3.891485554737925123e-01
1.239741102255828148e-01 3.821834617524331734e-01
1.246906819042407494e-01 3.803217906752071054e-01
1.254113953748399735e-01 3.830909365535906663e-01
1.261362745769819826e-01 3.854000556020805157e-01
1.268653435886395453e-01 3.853353643291267394e-01
1.275986266269562852e-01 3.851125388333969668e-01
1.283361480490512463e-01 3.863488609387363271e-01
1.290779323528278288e-01 3.892887198985257591e-01
1.298240041777875831e-01 3.937649965909680305e-01
1.305743883058487209e-01 3.993212581457779575e-01
1.313291096621690413e-01 4.048918955390219954e-01
1.320881933159741561e-01 4.100833701935645559e-01
1.328516644813900749e-01 4.154419639699045708e-01
1.336195485182806453e-01 4.217134234868148424e-01
1.343918709330900185e-01 4.290343192094200897e-01
1.351686573796898327e-01 4.368493843782002006e-01
1.359499336602315311e-01 4.442187985555208773e-01
1.367357257260030934e-01 4.492934695227858155e-01
1.375260596782912625e-01 4.517265801777705092e-01
1.383209617692485738e-01 4.531264274452985741e-01
1.391204584027652402e-01 4.562729390825793763e-01
1.399245761353461737e-01 4.647097592636377228e-01
1.407333416769932510e-01 4.815240992922134033e-01
1.415467818920924381e-01 5.079954087889484438e-01
1.423649238003061035e-01 5.314208375174418464e-01
1.431877945774705507e-01 5.453186793236837193e-01
1.440154215564987683e-01 5.584617896121312208e-01
1.448478322282882313e-01 5.633819203162286904e-01
1.456850542426340045e-01 5.531355414722681774e-01
1.465271154091474515e-01 5.307002486159286825e-01
1.473740436981796631e-01 5.063511722680392735e-01
1.482258672417506584e-01 4.847011595861668298e-01
1.490826143344838317e-01 4.677520460722707218e-01
1.499443134345459228e-01 4.554085917967243824e-01
1.508109931645919832e-01 4.470005232925343686e-01
1.516826823127164214e-01 4.420534378913727469e-01
1.525594098334091819e-01 4.400983238643245143e-01
1.534412048485173929e-01 4.403265402994671063e-01
1.543280966482127869e-01 4.418036576985788777e-01
1.552201146919646169e-01 4.432142868449326922e-01
1.561172886095181789e-01 4.430633405413737513e-01
1.570196482018790252e-01 4.406769513613001954e-01
1.579272234423027277e-01 4.363013055378971439e-01
1.588400444772908315e-01 4.304593241942080151e-01
1.597581416275917487e-01 4.238446415346817653e-01
1.606815453892082024e-01 4.174689571891236906e-01
1.616102864344102497e-01 4.125416385658090546e-01
1.625443956127538836e-01 4.109243567419640364e-01
1.634839039521058524e-01 4.123870983026416415e-01
1.644288426596743347e-01 4.155228280610968050e-01
1.653792431230455828e-01 4.210557288784511631e-01
1.663351369112262834e-01 4.300675825968766630e-01
1.672965557756923849e-01 4.424954949232237644e-01
1.682635316514438095e-01 4.562100447894297806e-01
1.692360966580649384e-01 4.680036232448688271e-01
1.702142831007917856e-01 4.749166045519042645e-01
1.711981234715850009e-01 4.740540542458535622e-01
1.721876504502090899e-01 4.655938733273396468e-01
1.731828969053178791e-01 4.560375347282196734e-01
1.741838958955464201e-01 4.510742765088196493e-01
1.751906806706090836e-01 4.533240952237685417e-01
1.762032846724038426e-01 4.641598834435303744e-01
1.772217415361232173e-01 4.845897468383019158e-01
1.782460850913716033e-01 5.119721250958030323e-01
1.792763493632887617e-01 5.375647114682488015e-01
1.803125685736800821e-01 5.564599541101719060e-01
1.813547771421535060e-01 5.695671248025339084e-01
1.824030096872625850e-01 5.777164282149086505e-01
1.834573010276564775e-01 5.829474364251452378e-01
1.845176861832364401e-01 5.879430402810222889e-01
1.855842003763193415e-01 5.917813891429478668e-01
1.866568790328071992e-01 5.935603991491773535e-01
1.877357577833641822e-01 5.935945417654585610e-01
1.888208724646001924e-01 5.944984226070074707e-01
1.899122591202609955e-01 5.992442462700905415e-01
1.910099540024255971e-01 6.088221486268619032e-01
1.921139935727104175e-01 6.212051364581021584e-01
1.932244145034804905e-01 6.314533122818669630e-01
1.943412536790674328e-01 6.285889264738570015e-01
1.954645481969946030e-01 6.075534808850456825e-01
1.965943353692096995e-01 5.829923609202520840e-01
1.977306527233236300e-01 5.665589806101820614e-01
1.988735380038573475e-01 5.629811938198759913e-01
2.000230291734956534e-01 5.719049955278920905e-01
2.011791644143479663e-01 5.791162754824368264e-01
2.023419821292166965e-01 5.692634352156118460e-01
2.035115209428728922e-01 5.480267278887220872e-01
2.046878197033392410e-01 5.201232254879820660e-01
2.058709174831803157e-01 4.895745688153532726e-01
2.070608535808005912e-01 4.621310932445069630e-01
2.082576675217497619e-01 4.400120688337194608e-01
2.094613990600355524e-01 4.224016667518510904e-01
2.106720881794442723e-01 4.076322897405372236e-01
2.118897750948690872e-01 3.947048170286024393e-01
2.131145002536455058e-01 3.837450372023457623e-01
2.143463043368951104e-01 3.756424552648820470e-01
2.155852282608767823e-01 3.712254789059807880e-01
2.168313131783459469e-01 3.707438883184357992e-01
2.180846004799212312e-01 3.735903043284031222e-01
2.193451317954595303e-01 3.775400659381935586e-01
2.206129489954388734e-01 3.790135893776968579e-01
2.218880941923488948e-01 3.765373512074096651e-01
2.231706097420899648e-01 3.737825811674602150e-01
2.244605382453801201e-01 3.738616482788482132e-01
2.257579225491697927e-01 3.751932103138140295e-01
2.270628057480653939e-01 3.742875324924607727e-01
2.283752311857605299e-01 3.687600226145192339e-01
2.296952424564759343e-01 3.548262412121919174e-01
2.310228834064072811e-01 3.355464448921546272e-01
2.323581981351817149e-01 3.171256049185594561e-01
2.337012309973229007e-01 3.039753067108948992e-01
2.350520266037238737e-01 2.972977297582191092e-01
2.364106298231291869e-01 2.965178405231649883e-01
2.377770857836252472e-01 2.998943655753925630e-01
2.391514398741393099e-01 3.047605868853618949e-01
2.405337377459470793e-01 3.086348753433729164e-01
2.419240253141889951e-01 3.116915379904401373e-01
2.433223487593957901e-01 3.162414908548575321e-01
2.447287545290218747e-01 3.237295056992601228e-01
2.461432893389885190e-01 3.308617185424167495e-01
2.475660001752356676e-01 3.275031632882319244e-01
2.489969342952823017e-01 3.117957628190878849e-01
2.504361392297964617e-01 2.941440302017212516e-01
2.518836627841739007e-01 2.816280658649648050e-01
2.533395530401260642e-01 2.754680190959194475e-01
2.548038583572773130e-01 2.742963882635339190e-01
2.562766273747711931e-01 2.768427086461877629e-01
2.577579090128856998e-01 2.818167487444134256e-01
2.592477524746588102e-01 2.873963710366788105e-01
2.607462072475227322e-01 2.923003289225379331e-01
2.622533231049470337e-01 2.963363455629334231e-01
2.637691501080930423e-01 3.005987816586673245e-01
2.652937386074759596e-01 3.073140951872328497e-01
2.668271392446371348e-01 3.181121468311049472e-01
2.683694029538270520e-01 3.319650641422399739e-01
2.699205809636965880e-01 3.480947548653879342e-01
2.714807247989985406e-01 3.658704790892493564e-01
2.730498862822996475e-01 3.769560475018051138e-01
2.746281175357012105e-01 3.746684922109664861e-01
2.762154709825712651e-01 3.617931319133556034e-01
2.778119993492854656e-01 3.478359897735727735e-01
2.794177556669779627e-01 3.358034130041656073e-01
2.810327932733039380e-01 3.275750424804027561e-01
2.826571658142107979e-01 3.255875828168776631e-01
2.842909272457196934e-01 3.277062220061146558e-01
2.859341318357184192e-01 3.274205022172353985e-01
2.875868341657639160e-01 3.222380124617141295e-01
2.892490891328946545e-01 3.165218197043239701e-01
2.909209519514548425e-01 3.155748113474724503e-01
2.926024781549284581e-01 3.201786736060180383e-01
2.942937235977828858e-01 3.237097389214130816e-01
2.959947444573255426e-01 3.251994351791548388e-01
2.977055972355692748e-01 3.279685810575384552e-01
2.994263387611086902e-01 3.327144047206215260e-01
3.011570261910088142e-01 3.401233524536361186e-01
3.028977170127025720e-01 3.499564259426140578e-01
3.046484690459013711e-01 3.598434088257201346e-01
3.064093404445150659e-01 3.653763096430744928e-01
3.081803896985833569e-01 3.649630042880918634e-01
3.099616756362194026e-01 3.588586638929789352e-01
3.117532574255635347e-01 3.495431205876314285e-01
3.135551945767480198e-01 3.422006611073748483e-01
3.153675469438748658e-01 3.404557937174265136e-01
3.171903747270033436e-01 3.448583942378935507e-01
3.190237384741493876e-01 3.544057479379922326e-01
3.208676990832974307e-01 3.693530259499290258e-01
3.227223178044230090e-01 3.902411191947900426e-01
3.245876562415266342e-01 4.200637960264928528e-01
3.264637763546810456e-01 4.608462526844523399e-01
3.283507404620888970e-01 5.037886790671469717e-01
3.302486112421523790e-01 5.380678658134451231e-01
3.321574517355558864e-01 5.574357141438917029e-01
3.340773253473591775e-01 5.833661327195407420e-01
3.360082958491044103e-01 6.267434282148693914e-01
3.379504273809338932e-01 6.855424043904627673e-01
3.399037844537201591e-01 7.549812979871521890e-01
3.418684319512097503e-01 8.008114709153124622e-01
3.438444351321779946e-01 7.975283888129069965e-01
3.458318596325960503e-01 7.822792181938524880e-01
3.478307714678123830e-01 7.712978746099444782e-01
3.498412370347446232e-01 7.587855042327965593e-01
3.518633231140849693e-01 7.427169108229939587e-01
3.538970968725191901e-01 7.294444179886387936e-01
3.559426258649572294e-01 7.182815794444994406e-01
3.579999780367765227e-01 7.106875427916446997e-01
3.600692217260801353e-01 6.970754207742821951e-01
3.621504256659661136e-01 6.596137827946179089e-01
3.642436589868098817e-01 6.273022889339980868e-01
3.663489912185618480e-01 6.134637474612971708e-01
3.684664922930561692e-01 6.218825978443128788e-01
3.705962325463332818e-01 6.496459358203194867e-01
3.727382827209774208e-01 6.737649987532622342e-01
3.748927139684648524e-01 6.624781686026279814e-01
3.770595978515288715e-01 6.150486836486652731e-01
3.792390063465359562e-01 5.633423867605347191e-01
3.814310118458763554e-01 5.269229970673483532e-01
3.836356871603694985e-01 5.049171823842300011e-01
3.858531055216822825e-01 4.936177733749659291e-01
3.880833405847607942e-01 4.871953675544967166e-01
3.903264664302779630e-01 4.808448409261985579e-01
3.925825575670940371e-01 4.745302538939857318e-01
3.948516889347303827e-01 4.718653328442499184e-01
3.971339359058604912e-01 4.819949080009328091e-01
3.994293742888124776e-01 5.149155780152009365e-01
4.017380803300868997e-01 5.661169235783310993e-01
4.040601307168905088e-01 5.831936226583305238e-01
4.063956025796829352e-01 5.609254489237884833e-01
4.087445734947380283e-01 5.358216410581047029e-01
4.111071214867221824e-01 5.157278128867320843e-01
4.134833250312844322e-01 5.031040297617193069e-01
4.158732630576643108e-01 5.066728316530040299e-01
4.182770149513134750e-01 5.289284265289162512e-01
4.206946605565314856e-01 5.537770632623933986e-01
4.231262801791195738e-01 5.764441665134838466e-01
4.255719545890473410e-01 5.739643343835881817e-01
4.280317650231349469e-01 5.538453484949557026e-01
4.305057931877529498e-01 5.343373357397758205e-01
4.329941212615355806e-01 5.239741532085375741e-01
4.354968318981098929e-01 5.118894640248065064e-01
4.380140082288422887e-01 4.848215572330530909e-01
4.405457338655994204e-01 4.674375746065230208e-01
4.430920929035247480e-01 4.598165832566042943e-01
4.456531699238333033e-01 4.593349926690593055e-01
4.482290499966203323e-01 4.719803395517233602e-01
4.508198186836865351e-01 4.883184799321669267e-01
4.534255620413813470e-01 5.053592394160809631e-01
4.560463666234608748e-01 5.144555511853072804e-01
4.586823194839622087e-01 5.195338161121807463e-01
4.613335081800964965e-01 5.343858541944911389e-01
4.640000207751556194e-01 5.549936185898856067e-01
4.666819458414390720e-01 5.514733351533163130e-01
4.693793724631949438e-01 5.281718980313175882e-01
4.720923902395786631e-01 5.020366237579815261e-01
4.748210892876304490e-01 4.843651243627679071e-01
4.775655602452679171e-01 4.759247102221010328e-01
4.803258942742961168e-01 4.734125324557283410e-01
4.831021830634371073e-01 4.722822321588410754e-01
4.858945188313745223e-01 4.731322036062619030e-01
4.887029943298164536e-01 4.822285153754881648e-01
4.915277028465775411e-01 4.988397966861811139e-01
4.943687382086768833e-01 5.209839788142285322e-01
4.972261947854541564e-01 5.490707731550041881e-01
5.001001674917054940e-01 5.762267319571670043e-01
5.029907517908354109e-01 6.004266589813017641e-01
5.058980436980275996e-01 6.219203344202025585e-01
5.088221397834349347e-01 6.225474803718935579e-01
5.117631371753864622e-01 6.018372881276554676e-01
5.147211335636141527e-01 5.929566139349419229e-01
5.176962272024980827e-01 6.174943731622799525e-01
5.206885169143288250e-01 6.529577695995933961e-01
5.236981020925914887e-01 6.245205641969845400e-01
5.267250827052667450e-01 5.650944420697001647e-01
5.297695592981502832e-01 5.275896765747334349e-01
5.328316329981945820e-01 5.173810343066624906e-01
5.359114055168668900e-01 5.266444651976861513e-01
5.390089791535270791e-01 5.477428050796470105e-01
5.421244567988269258e-01 5.747226598609911363e-01
5.452579419381275994e-01 5.510079173840097821e-01
5.484095386549359130e-01 4.738653713664049971e-01
5.515793516343632241e-01 4.132981670634077176e-01
5.547674861666017643e-01 3.729811281747548168e-01
5.579740481504216199e-01 3.367737820984725849e-01
5.611991440966896949e-01 3.053212445842948264e-01
5.644428811319066597e-01 2.893658609021613204e-01
5.677053670017649933e-01 2.846308191179037772e-01
5.709867100747291202e-01 2.867692250849878111e-01
5.742870193456336425e-01 3.053158536448820626e-01
5.776064044393048880e-01 3.405905672027468856e-01
5.809449756142023302e-01 3.709110074402330870e-01
5.843028437660793273e-01 4.060779022098416902e-01
5.876801204316687288e-01 4.679982323054560078e-01
5.910769177923870243e-01 5.108651855363712802e-01
5.944933486780595855e-01 4.824441529520008265e-01
5.979295265706701112e-01 4.488244577938707569e-01
6.013855656081297241e-01 4.367307837111182867e-01
6.048615805880666052e-01 4.407811761899479985e-01
6.083576869716416091e-01 4.435916526038298779e-01
6.118740008873820857e-01 4.327289096870038931e-01
6.154106391350390171e-01 4.157618263750650356e-01
6.189677191894675801e-01 4.010463587578792510e-01
6.225453592045292472e-01 3.883057719455887957e-01
6.261436780170150929e-01 3.806344651611504593e-01
6.297627951505950783e-01 3.746002069784041266e-01
6.334028308197864332e-01 3.733602909134562942e-01
6.370639059339481269e-01 3.540104123810522974e-01
6.407461421012968783e-01 3.168075394932032829e-01
6.444496616329448146e-01 2.896605655900619247e-01
6.481745875469649976e-01 2.754177036613998375e-01
6.519210435724759334e-01 2.689665461640623478e-01
6.556891541537508417e-01 2.687347357693112282e-01
6.594790444543533470e-01 2.725640997322154035e-01
6.632908403612935988e-01 2.888663005165735265e-01
6.671246684892090384e-01 3.020148017444338473e-01
6.709806561845721440e-01 2.939661292010982696e-01
6.748589315299192704e-01 2.906704682400629292e-01
6.787596233481042463e-01 2.937558825639984827e-01
6.826828612065795054e-01 2.987029679651599934e-01
6.866287754216984229e-01 3.158479522777218884e-01
6.905974970630435195e-01 3.331600557120810158e-01
6.945891579577818664e-01 3.187734353990771541e-01
6.986038906950429173e-01 3.106043652088553708e-01
7.026418286303216520e-01 3.184212273574397734e-01
7.067031058899108098e-01 3.209513749218551593e-01
7.107878573753529938e-01 3.113519088074326313e-01
7.148962187679240854e-01 3.041747714691691029e-01
7.190283265331394169e-01 2.984064662974551529e-01
7.231843179252852583e-01 2.915276276067008121e-01
7.273643309919801681e-01 2.882301696658611800e-01
7.315685045787596597e-01 2.881259448372133769e-01
7.357969783336865133e-01 2.827206295859623908e-01
7.400498927119919523e-01 2.746378144263456611e-01
7.443273889807401344e-01 2.714391903747409573e-01
7.486296092235191768e-01 2.757070174098876780e-01
7.529566963451627126e-01 2.772164804454763654e-01
7.573087940764960946e-01 2.727743463693153014e-01
7.616860469791092436e-01 2.659817627091660697e-01
7.660886004501606950e-01 2.644237812188620085e-01
7.705166007272060691e-01 2.689593582448452369e-01
7.749701948930545203e-01 2.743664704759005146e-01
7.794495308806568268e-01 2.868429012569629899e-01
7.839547574780165728e-01 3.064263871639222869e-01
7.884860243331343055e-01 3.201553128685625249e-01
7.930434819589780027e-01 3.198408414028148794e-01
7.976272817384808533e-01 3.141785580395529132e-01
8.022375759295721220e-01 3.105486588349229415e-01
8.068745176702336597e-01 3.065953032655238664e-01
8.115382609835852801e-01 2.994073840484347548e-01
8.162289607830032212e-01 2.965304193817948630e-01
8.209467728772645856e-01 3.016787665210349245e-01
8.256918539757219788e-01 3.157059908731843501e-01
8.304643616935105666e-01 3.354745656999837400e-01
8.352644545567829981e-01 3.594947947436913371e-01
8.400922920079733069e-01 3.797521480772527713e-01
8.449480344110958940e-01 3.623933231679825062e-01
8.498318430570707127e-01 3.366372116333479214e-01
8.547438801690798726e-01 3.224015376239028341e-01
8.596843089079587719e-01 3.054685969282451841e-01
8.646532933776126528e-01 2.815651715718152648e-01
8.696509986304700179e-01 2.653510227978664870e-01
8.746775906729644667e-01 2.543948369312183933e-01
8.797332364710471753e-01 2.402454179523784428e-01
8.848181039557355687e-01 2.268812791480054880e-01
8.899323620286901937e-01 2.238120376423084201e-01
8.950761805678236760e-01 2.418483239377893224e-01
9.002497304329459826e-01 2.764096365133580924e-01
9.054531834714387717e-01 3.093626521641031912e-01
9.106867125239620497e-01 3.285364266756884422e-01
9.159504914301977996e-01 3.414405386501677686e-01
9.212446950346235841e-01 3.502421457314933706e-01
9.265694991923183466e-01 3.441090536595120541e-01
9.319250807748065135e-01 3.295840659015792373e-01
9.373116176759319629e-01 3.115765312829666400e-01
9.427292888177655206e-01 2.948682130628429432e-01
9.481782741565508710e-01 2.771266314552627286e-01
9.536587546886805544e-01 2.600301655974162629e-01
9.591709124567069367e-01 2.468043942379722910e-01
9.647149305553922582e-01 2.383711680165224445e-01
9.702909931377862174e-01 2.397602334052249262e-01
9.758992854213467405e-01 2.497316743391317928e-01
9.815399936940907288e-01 2.634318483669036981e-01
9.872133053207802211e-01 2.819389433711039228e-01
9.929194087491489684e-01 2.826199987169231154e-01
9.986584935161608723e-01 2.646645765126344751e-01
1.004430750254303728e+00 2.454656442837894192e-01
1.010236370697924935e+00 2.352210624196331423e-01
1.016075547689597958e+00 2.409067065203506497e-01
1.021948475186527761e+00 2.560426674117360912e-01
1.027855348266994762e+00 2.590813602607605071e-01
1.033796363136834096e+00 2.497909746726728053e-01
1.039771717135951290e+00 2.341482654764825699e-01
1.045781608744880131e+00 2.206601350656148541e-01
1.051826237591374280e+00 2.145899372867830779e-01
1.057905804457035748e+00 2.148648751968367521e-01
1.064020511283988890e+00 2.213501753104553937e-01
1.070170561181583713e+00 2.332138359782609804e-01
1.076356158433145582e+00 2.420028642009567355e-01
1.082577508502760022e+00 2.536832329287265764e-01
1.088834818042095476e+00 2.770493613236790220e-01
1.095128294897270704e+00 2.992169041891818981e-01
1.101458148115757263e+00 3.126169825896402688e-01
1.107824587953321727e+00 3.126403433270958376e-01
1.114227825881013212e+00 3.133950748448902091e-01
1.120668074592185315e+00 3.182379354174039721e-01
1.127145548009560017e+00 3.188884421065505403e-01
1.133660461292336441e+00 3.141336335444461225e-01
1.140213030843336250e+00 2.954414496204058049e-01
1.146803474316190341e+00 2.572358620017728414e-01
1.153432010622570836e+00 2.319990776305729530e-01
1.160098859939462601e+00 2.241408849464902597e-01
1.166804243716473621e+00 2.271454351792334958e-01
1.173548384683194445e+00 2.342488963455218454e-01
1.180331506856595603e+00 2.401142384266665708e-01
1.187153835548465874e+00 2.568243536265945037e-01
1.194015597372901416e+00 2.742029453137117545e-01
1.200917020253827294e+00 2.928915352781434889e-01
1.207858333432573428e+00 3.165074438658898037e-01
1.214839767475487387e+00 3.229172708277290305e-01
1.221861554281590267e+00 2.943542768388211495e-01
1.228923927090283863e+00 2.781850525599791069e-01
1.236027120489096909e+00 2.675163834620146175e-01
1.243171370421473965e+00 2.639871151264238103e-01
1.250356914194617142e+00 2.725640997322154035e-01
1.257583990487367132e+00 2.940883238277888223e-01
1.264852839358128644e+00 3.147032761424004010e-01
1.272163702252848472e+00 3.199504571708755019e-01
1.279516822013033517e+00 3.242236751454349863e-01
1.286912442883815677e+00 3.231203295456118174e-01
1.294350810522067352e+00 3.159557710659782193e-01
1.301832172004561583e+00 3.037758419526206954e-01
1.309356775836174380e+00 2.983256022062628632e-01
1.316924871958146337e+00 2.999770266463890889e-01
1.324536711756377994e+00 3.167823817759434224e-01
1.332192548069784932e+00 3.369301193414442896e-01
1.339892635198694837e+00 3.486302548470611162e-01
1.347637228913291185e+00 3.502978521054257999e-01
1.355426586462114891e+00 3.473454142870064376e-01
1.363260966580605249e+00 3.376345354247190511e-01
1.371140629499693731e+00 3.305095105007793688e-01
1.379065836954451285e+00 3.246118227831578107e-01
1.387036852192779834e+00 3.047498050065362563e-01
1.395053939984155722e+00 2.909885336654191579e-01
1.403117366628427343e+00 3.020435534213021800e-01
1.411227399964658957e+00 3.191076736426717853e-01
1.419384309380025577e+00 3.292677974560272447e-01
1.427588365818764915e+00 3.156215328223835881e-01
1.435839841791175742e+00 2.927280101159546732e-01
1.444139011382666204e+00 2.950245503058146479e-01
1.452486150262864761e+00 3.057722865151671909e-01
1.460881535694769973e+00 3.133735110872389318e-01
1.469325446543965796e+00 3.185380310447174512e-01
1.477818163287882181e+00 3.387881964590618300e-01
1.486359968025109168e+00 3.877379263274388088e-01
1.494951144484772509e+00 4.301161010515920369e-01
1.503591978035954568e+00 4.601939490155014800e-01
1.512282755697172298e+00 5.019503687273764170e-01
1.521023766145914724e+00 5.130575008975835072e-01
1.529815299728230382e+00 4.836966478755786447e-01
1.538657648468367833e+00 4.521740281490342905e-01
1.547551106078482119e+00 4.404810805626345194e-01
1.556495967968387184e+00 4.092747292816421023e-01
1.565492531255366693e+00 3.490651239596950228e-01
1.574541094774047689e+00 3.104731856831434711e-01
1.583641959086324214e+00 2.932635100976278553e-01
1.592795426491339539e+00 2.851914768168367642e-01
1.602001801035530804e+00 2.977631475275256401e-01
1.611261388522727822e+00 3.004765870319767718e-01
1.620574496524306296e+00 2.885320622729788953e-01
1.629941434389411858e+00 2.910711947364156837e-01
1.639362513255227638e+00 3.022340332805550367e-01
1.648838046057315765e+00 2.937486946447813718e-01
1.658368347540009280e+00 2.947460184361525015e-01
1.667953734266863997e+00 3.269802421651886726e-01
1.677594524631179640e+00 3.562889827728696335e-01
1.687291038866571835e+00 3.511352446942166416e-01
1.697043599057607821e+00 3.323999332548738250e-01
1.706852529150509445e+00 3.120024154965791996e-01
1.716718154963911225e+00 3.166260445329717732e-01
1.726640804199680579e+00 3.360064717220483388e-01
1.736620806453807120e+00 3.386084984786346119e-01
1.746658493227349673e+00 3.178569756988983142e-01
1.756754197937443251e+00 3.122486017297644856e-01
1.766908255928380411e+00 3.138137711392856577e-01
1.777121004482747679e+00 3.121695346183765429e-01
1.787392782832625482e+00 3.128056654690888894e-01
1.797723932170862682e+00 3.049115331889207803e-01
1.808114795662403074e+00 2.930927970162219842e-01
1.818565718455690483e+00 2.805085474469031781e-01
1.829077047694130043e+00 2.654085261516032079e-01
1.839649132527616748e+00 2.570723368395840813e-01
1.850282324124138622e+00 2.637265530548043579e-01
1.860976975681438272e+00 2.623878031006214862e-01
1.871733442438742401e+00 2.541720114354886206e-01
1.882552081688566581e+00 2.509015081917130852e-01
1.893433252788581767e+00 2.462401425794307486e-01
1.904377317173546302e+00 2.475573287759623708e-01
1.915384638367318981e+00 2.452500067072767298e-01
1.926455581994929611e+00 2.244409805738037389e-01
1.937590515794722412e+00 2.243133950077003669e-01
1.948789809630575354e+00 2.474566979069230954e-01
1.960053835504184105e+00 2.720070359928910553e-01
1.971382967567415045e+00 2.790547907852469200e-01
1.982777582134739092e+00 2.851142066852530577e-01
1.994238057695728816e+00 3.104947494407947484e-01
2.005764774927627947e+00 3.061101187183704053e-01
2.017358116708002580e+00 3.004406474358913282e-01
2.029018468127450348e+00 3.152244002856393612e-01
2.040746216502401289e+00 3.195515276543270389e-01
2.052541751387976898e+00 3.039860885897205378e-01
2.064405464590929995e+00 2.995008269982569193e-01
2.076337750182662312e+00 3.153483918921342055e-01
2.088339004512313135e+00 3.389337518232078961e-01
2.100409626219920778e+00 3.705893480552684416e-01
2.112550016249669760e+00 3.793622034597257109e-01
2.124760577863207711e+00 3.323837604366354226e-01
2.137041716653034662e+00 2.929616174905100845e-01
2.149393840555982482e+00 2.736944000291027246e-01
2.161817359866763155e+00 2.847278560273344694e-01
2.174312687251592546e+00 3.281249183005101044e-01
2.186880237761905654e+00 3.543482445842555117e-01
2.199520428848138476e+00 3.641004539820412167e-01
2.212233680373592026e+00 3.584795011542775134e-01
2.225020414628386511e+00 3.380999531940255820e-01
2.237881056343477670e+00 3.239990526699009776e-01
2.250816032704775704e+00 3.401161645344190076e-01
2.263825773367328598e+00 3.395087853605749939e-01
2.276910710469592924e+00 3.172010780703389266e-01
2.290071278647793029e+00 3.096411840337654486e-01
2.303307915050354371e+00 3.057255650402561087e-01
2.316621059352423018e+00 2.782425559137158277e-01
2.330011153770474852e+00 2.605926202761534860e-01
2.343478643077001600e+00 2.638128080854094115e-01
2.357023974615280792e+00 2.714877088294563312e-01
2.370647598314243876e+00 2.882715002013594430e-01
2.384349966703414481e+00 3.142055127366170098e-01
2.398131534927939956e+00 3.334242117433090513e-01
2.411992760763713051e+00 3.557966103064990060e-01
2.425934104632577970e+00 3.856408508958530379e-01
2.439956029617617261e+00 3.688840142210139672e-01
2.454059001478542612e+00 3.463175418389627391e-01
2.468243488667162033e+00 3.327179986802300538e-01
2.482509962342935861e+00 3.126403433270958376e-01
2.496858896388636673e+00 2.953156610341067800e-01
2.511290767426078485e+00 2.901601259756495521e-01
2.525806054831960523e+00 2.919948423558115791e-01
2.540405240753779381e+00 2.937522886043898995e-01
2.555088810125852206e+00 3.153933163872409962e-01
2.569857250685421590e+00 3.240924956197230866e-01
2.584711052988855506e+00 3.210214571342217549e-01
2.599650710427946265e+00 3.047318352084935067e-01
2.614676719246288084e+00 3.072026824393679356e-01
2.629789578555775442e+00 3.232946365866262162e-01
2.644989790353173831e+00 3.187680444596643348e-01
2.660277859536794409e+00 2.879156982001135345e-01
2.675654293923265481e+00 2.560103217752591753e-01
2.691119604264405218e+00 2.555269342079098949e-01
2.706674304264172548e+00 2.696817441261626924e-01
2.722318910595750374e+00 2.900073826922864861e-01
2.738053942918694972e+00 3.000668756366026702e-01
2.753879923896200843e+00 3.037650600737950568e-01
2.769797379212459720e+00 3.072583888133003649e-01
2.785806837590128815e+00 3.135657879262960801e-01
2.801908830807877226e+00 3.185236552062832849e-01
2.818103893718070019e+00 2.961512566430933857e-01
2.834392564264522019e+00 2.997757649083105935e-01
2.850775383500368410e+00 3.264878696988181006e-01
2.867252895606037466e+00 3.418394681667161761e-01
2.883825647907329426e+00 3.948341995745100474e-01
2.900494190893583735e+00 4.273325793347742541e-01
2.917259078235983960e+00 4.293380087963420966e-01
2.934120866805935979e+00 4.351260807459031432e-01
2.951080116693567401e+00 3.764061716816977654e-01
2.968137391226336685e+00 3.594193215919119222e-01
2.985293256987731514e+00 3.272605710146551661e-01
3.002548283836107057e+00 3.096573568520038511e-01
3.019903044923603730e+00 3.444504798223237407e-01
3.037358116715186629e+00 3.692523950808898059e-01
3.054914079007794214e+00 3.609485514053476507e-01
3.072571514949601568e+00 3.176233683243429029e-01
3.090331011059376021e+00 3.212370947107344721e-01
3.108193157245980220e+00 3.829238174317933230e-01
3.126158546827951579e+00 4.536798972250144502e-01
3.144227776553216724e+00 4.774844886922093301e-01
3.162401446618910317e+00 4.634123398449531139e-01
3.180680160691316427e+00 4.781439802803773009e-01
3.199064525925907621e+00 4.959628320195411666e-01
3.217555152987530587e+00 4.830551260854534235e-01
3.236152656070678812e+00 4.357999481725052249e-01
3.254857652919894928e+00 3.822122134293015061e-01
3.273670764850296955e+00 3.385599800239192381e-01
3.292592616768199143e+00 3.618416503680709218e-01
3.311623837191892683e+00 4.340209381662756827e-01
3.330765058272506351e+00 4.480823051347063157e-01
3.350016915815009710e+00 4.209640829084332903e-01
3.369380049299332214e+00 4.011433956673099988e-01
3.388855101901607103e+00 4.043276438804804807e-01
3.408442720515521884e+00 4.103205715277285504e-01
3.428143555773827789e+00 3.756514401639033940e-01
3.447958262069935831e+00 3.208884806287056191e-01
3.467887497579658529e+00 3.127948835902633062e-01
3.487931924283071528e+00 3.105432678955101222e-01
3.508092207986506228e+00 3.250916163908985079e-01
3.528369018344649444e+00 3.550257059704661211e-01
3.548763028882812254e+00 3.418520470253461063e-01
3.569274917019284565e+00 3.284555625844961524e-01
3.589905364087840223e+00 3.522996876073851147e-01
3.610655055360374899e+00 4.040347361723841124e-01
3.631524680069651456e+00 4.174420024920595940e-01
3.652514931432215839e+00 4.433903908657513271e-01
3.673626506671410219e+00 4.576404407136305252e-01
3.694860107040534913e+00 4.574607427332033072e-01
3.716216437846141751e+00 5.084374658207994058e-01
3.737696208471465109e+00 5.202993295088007564e-01
3.759300132399972405e+00 4.970535987607344608e-01
3.781028927239082016e+00 4.353075757061345974e-01
3.802883314743989107e+00 4.053052008940046247e-01
3.824864020841640233e+00 4.212012842425971737e-01
3.846971775654848713e+00 4.435754797855913645e-01
3.869207313526548564e+00 4.600897241868536769e-01
3.891571373044171445e+00 4.653926115892611515e-01
3.914064697064205678e+00 5.083080832748917421e-01
3.936688032736852527e+00 5.312069969207334763e-01
3.959442131530850340e+00 5.739625374037838901e-01
3.982327749258438132e+00 6.086712023233029623e-01
4.005345646100446189e+00 6.518795817170300877e-01
4.028496586631570509e+00 5.504831992811622943e-01
4.051781339845751617e+00 5.005666942780868656e-01
4.075200679181723906e+00 5.205329368833561121e-01
4.098755382548707082e+00 5.142542894472287296e-01
4.122446232352245943e+00 5.164771534651135809e-01
4.146274015520188705e+00 5.715114569507564468e-01
4.170239523528843861e+00 4.890678205105484788e-01
4.194343552429258715e+00 4.314548510057749087e-01
4.218586902873665778e+00 4.919393942377756068e-01
4.242970380142073950e+00 4.915512466000527270e-01
4.267494794169023997e+00 5.040797897954391038e-01
4.292160959570472833e+00 5.111311385474035518e-01
4.316969695670882068e+00 4.821260875266446533e-01
4.341921826530410478e+00 4.453203471755398102e-01
4.367018180972294772e+00 3.835419784844629754e-01
4.392259592610382235e+00 3.092458484768255134e-01
4.417646899876805477e+00 2.744760862439611371e-01
4.443180946049855251e+00 2.821599718870294038e-01
4.468862579281975833e+00 2.773404720519711542e-01
4.494692652627942486e+00 2.626771168491093267e-01
4.520672024073195239e+00 2.616420564818485173e-01
4.546801556562344082e+00 2.705281216139749367e-01
4.573082118027814502e+00 2.633258265584516589e-01
4.599514581418703507e+00 2.823109181905882892e-01
4.626099824729760002e+00 2.998566289995028278e-01
4.652838731030551678e+00 2.987227347430070346e-01
4.679732188494796219e+00 2.741903664550818243e-01
4.706781090429870140e+00 2.495717431365515881e-01
4.733986335306464177e+00 2.445348087451763852e-01
4.761348826788450062e+00 2.612467209249085820e-01
4.788869473762884077e+00 2.773440660115796819e-01
4.816549190370198019e+00 2.700016065313231572e-01
4.844388896034566017e+00 2.412373508043367254e-01
4.872389515494448098e+00 2.379973962172338420e-01
4.900551978833287414e+00 2.364789482826237521e-01
4.928877221510434836e+00 2.390019079278220271e-01
4.957366184392200559e+00 2.363819113731930599e-01
4.986019813783113541e+00 2.306369669389345400e-01
5.014839061457356806e+00 2.252999369202458579e-01
5.043824884690362609e+00 2.120490078435420533e-01
5.072978246290641202e+00 2.185540747350077362e-01
5.102300114631742822e+00 2.267051751271867976e-01
5.131791463684423960e+00 2.527416155112878760e-01
5.161453273049005475e+00 2.638469507016906190e-01
5.191286527987911903e+00 2.536185416557727446e-01
5.221292219458380401e+00 2.568387294650286701e-01
5.251471344145405951e+00 2.327556061281715882e-01
5.281824904494829553e+00 2.164785630610732148e-01
5.312353908746639597e+00 2.345723527102908379e-01
5.343059370968462396e+00 2.737644822414693202e-01
5.373942311089249912e+00 3.055692277972844040e-01
5.405003754933139781e+00 3.197276316751457292e-01
5.436244734253559585e+00 3.065234240733530346e-01
5.467666286767478567e+00 3.151956486087710285e-01
5.499269456189878724e+00 3.409337903453629193e-01
5.531055292268432844e+00 3.197545863722098258e-01
5.563024850818350409e+00 2.933839077445140608e-01
5.595179193757479297e+00 3.462043321112935335e-01
5.627519389141558470e+00 3.621776855914699000e-01
5.660046511199702479e+00 3.341681613822777841e-01
5.692761640370078702e+00 3.598811454016098699e-01
5.725665863335805739e+00 3.569880079167314646e-01
5.758760273061025892e+00 3.429248439684966510e-01
5.792045968827241431e+00 4.180224269688395111e-01
5.825524056269808071e+00 4.720647976025241221e-01
5.859195647414667363e+00 5.014561992812015534e-01
5.893061860715279821e+00 4.648373448297410393e-01
5.927123821089786304e+00 4.092549625037950611e-01
5.961382659958350594e+00 3.678687206316001435e-01
5.995839515280771082e+00 3.525350919617448175e-01
6.030495531594262104e+00 3.024263101196121850e-01
6.065351860051475086e+00 2.777933109626477548e-01
6.100409658458743500e+00 2.929759933289442508e-01
6.135670091314512575e+00 2.560768100280172432e-01
6.171134329848062094e+00 2.143725027304661246e-01
6.206803552058381079e+00 2.045573990395309349e-01
6.242678942753306259e+00 2.275892891908887772e-01
6.278761693588877257e+00 2.496723740055908358e-01
6.315053003108923591e+00 2.559600063407395654e-01
6.351554076784851510e+00 2.736746332512556834e-01
6.388266127055725718e+00 3.108074239267381023e-01
6.425190373368511843e+00 2.953354278119537657e-01
6.462328042218596025e+00 2.757788966020585653e-01
6.499680367190518560e+00 2.673043398451104280e-01
6.537248588998957999e+00 2.826541413332042674e-01
6.575033955529916874e+00 3.180366736793255322e-01
6.613037721882214726e+00 3.439581073559531688e-01
6.651261150409145451e+00 3.439814680934086821e-01
6.689705510760421525e+00 3.302435574897471526e-01
6.728372079924347382e+00 3.777287488176421792e-01
6.767262142270216607e+00 4.088919725833320973e-01
6.806376989591010229e+00 3.898098440417647192e-01
6.845717921146279750e+00 4.436491559575665988e-01
6.885286243705309062e+00 4.742517220243235299e-01
6.925083271590525058e+00 4.867856561591226705e-01
6.965110326721157818e+00 4.423409546600563513e-01
7.005368738657123728e+00 4.330379902133387193e-01
7.045859844643230119e+00 4.521165247952975696e-01
7.086584989653569089e+00 4.122631066961469082e-01
7.127545526436194656e+00 3.752219619906823622e-01
7.168742815558059256e+00 3.730494134073171208e-01
7.210178225450215805e+00 3.811555893043894194e-01
7.251853132453240036e+00 4.056987394711402128e-01
7.293768920862992111e+00 4.747009669753915473e-01
7.335926982976571864e+00 5.304055439280280781e-01
7.378328719138569802e+00 6.019540918149332009e-01
7.420975537787583676e+00 6.467276406181813320e-01
7.463868855503007715e+00 5.704548328258444156e-01
7.507010097052058128e+00 5.568768534247630075e-01
7.550400695437144982e+00 5.661780208916763479e-01
7.594042091943437711e+00 5.538363635959343556e-01
7.637935736186750368e+00 5.375018171750992613e-01
7.682083086161699548e+00 5.041696387856526851e-01
7.726485608290103890e+00 5.256435474467064939e-01
7.771144777469737974e+00 5.183801550778379674e-01
7.816062077123293150e+00 4.600016721764443317e-01
7.861238999247660786e+00 4.703307120914014261e-01
7.906677044463489068e+00 4.498990517168255376e-01
7.952377722065040011e+00 4.013446574053884941e-01
7.998342550070284496e+00 5.434408354282191933e-01
