2.511886431509579437e-02 7.872802928320984384e-01
2.526405161860213050e-02 7.851002414921197659e-01
2.541007810627042562e-02 7.840448387623600857e-01
2.555694862859406516e-02 7.828819855284394613e-01
2.570466806410236227e-02 7.829679459317682166e-01
2.585324131952258450e-02 7.839302248912550786e-01
2.600267332994290678e-02 7.854679609952487374e-01
2.615296905897638788e-02 7.874259479599612366e-01
2.630413349892583852e-02 7.896919597032686644e-01
2.645617167094958117e-02 7.921967503447118197e-01
2.660908862522835469e-02 7.949021152605890705e-01
2.676288944113292337e-02 7.980492211380171286e-01
2.691757922739292791e-02 8.021084624063236079e-01
2.707316312226650673e-02 8.069723885613471204e-01
2.722964629371095457e-02 8.123090969346793422e-01
2.738703393955444973e-02 8.180278515450286614e-01
2.754533128766867636e-02 8.240116507323085315e-01
2.770454359614242176e-02 8.302199020838358923e-01
2.786467615345633933e-02 8.366167887648905399e-01
2.802573427865854422e-02 8.433885583160181110e-01
2.818772332154127064e-02 8.506760902871187691e-01
2.835064866281864979e-02 8.583599952291245394e-01
2.851451571430539678e-02 8.663614761056509517e-01
2.867932991909653145e-02 8.746280015591076928e-01
2.884509675174826843e-02 8.831333059107002725e-01
2.901182171845980567e-02 8.918582868485777082e-01
2.917951035725619563e-02 9.008292100515349343e-01
2.934816823817239240e-02 9.101463626567887211e-01
2.951780096343814899e-02 9.198264591872087337e-01
2.968841416766421215e-02 9.298289072301120228e-01
2.986001351802944001e-02 9.401513189965169381e-01
3.003260471446899879e-02 9.507913066974423844e-01
3.020619348986378766e-02 9.617560336998324244e-01
3.038078561023081769e-02 9.729117838207308466e-01
3.055638687491469066e-02 9.835995273012835272e-01
3.073300311678033025e-02 9.936115265001120855e-01
3.091064020240668481e-02 1.003301174186457478e+00
3.108930403228154019e-02 1.012787859809387792e+00
3.126900054099761295e-02 1.022226789652690870e+00
3.144973569744963920e-02 1.031711087486639533e+00
3.163151550503255638e-02 1.041161956274849310e+00
3.181434600184106232e-02 1.050417026366587958e+00
3.199823326087009728e-02 1.059636279623606070e+00
3.218318339021652985e-02 1.069032229265244771e+00
3.236920253328214730e-02 1.078683672327888532e+00
3.255629686897762443e-02 1.088643140169127443e+00
3.274447261192782455e-02 1.098932122889793472e+00
3.293373601267822470e-02 1.109567335012756173e+00
3.312409335790250653e-02 1.120529674226164785e+00
3.331555097061136145e-02 1.131792874851224262e+00
3.350811521036261426e-02 1.143356936887934605e+00
3.370179247347232510e-02 1.155224248125277464e+00
3.389658919322740410e-02 1.167397196352234046e+00
3.409251184009919750e-02 1.179703860762146395e+00
3.428956692195841288e-02 1.191943667080580749e+00
3.448776098429136294e-02 1.204238392545586400e+00
3.468710061041735404e-02 1.216733692285026036e+00
3.488759242170727526e-02 1.229513138913247206e+00
3.508924307780367929e-02 1.242641202732746253e+00
3.529205927684192501e-02 1.255666591626046991e+00
3.549604775567258980e-02 1.267994746136791528e+00
3.570121529008542238e-02 1.279845342851265055e+00
3.590756869503420462e-02 1.291684000620831441e+00
3.611511482486330638e-02 1.303689803619092924e+00
3.632386057353523962e-02 1.316046611597613714e+00
3.653381287485973905e-02 1.326581536583359533e+00
3.674497870272393912e-02 1.333104976080426107e+00
3.695736507132423021e-02 1.336851416992174801e+00
3.717097903539903075e-02 1.339337105321767085e+00
3.738582769046329413e-02 1.341412093946565909e+00
3.760191817304411876e-02 1.343785556194034614e+00
3.781925766091774610e-02 1.337560590319637699e+00
3.803785337334809891e-02 1.318835549127838513e+00
3.825771257132654091e-02 1.294181627895330644e+00
3.847884255781295476e-02 1.266418805409096349e+00
3.870125067797849233e-02 1.238426755180651595e+00
3.892494431944945599e-02 1.208409859896016680e+00
3.914993091255265789e-02 1.171661787472936922e+00
3.937621793056233360e-02 1.130809105790905100e+00
3.960381288994833243e-02 1.091018990205577355e+00
3.983272335062570252e-02 1.054173018434261921e+00
4.006295691620595512e-02 1.021219142702558313e+00
4.029452123424955012e-02 9.886616399417595957e-01
4.052742399651988042e-02 9.568706174439766121e-01
4.076167293923887297e-02 9.292534500856048929e-01
4.099727584334383890e-02 9.062017352595874708e-01
4.123424053474603751e-02 8.881118459368290141e-01
4.147257488459059338e-02 8.665190701784204474e-01
4.171228680951784978e-02 8.428918982078958955e-01
4.195338427192649156e-02 8.257022053311089405e-01
4.219587528023795858e-02 8.148067242091784346e-01
4.243976788916238585e-02 8.098640010177700077e-01
4.268507019996626434e-02 8.100478607693344379e-01
4.293179036074151744e-02 8.147279271727937422e-01
4.317993656667604152e-02 8.235460318809438851e-01
4.342951706032609216e-02 8.372041848543042564e-01
4.368054013188996804e-02 8.573284703891784764e-01
4.393301411948334623e-02 8.775196140155308022e-01
4.418694740941636612e-02 8.937852325565325273e-01
4.444234843647213579e-02 9.090503675143458695e-01
4.469922568418681352e-02 9.238546591987575329e-01
4.495758768513159753e-02 9.386255218374299769e-01
4.521744302119593689e-02 9.502325640758048086e-01
4.547880032387276866e-02 9.578663254492023604e-01
4.574166827454511502e-02 9.636710404628804350e-01
4.600605560477452616e-02 9.685087009391090129e-01
4.627197109659098723e-02 9.718635444579152294e-01
4.653942358278480296e-02 9.724581039142731198e-01
4.680842194719982141e-02 9.711304932406387147e-01
4.707897512502866311e-02 9.688955227540889670e-01
4.735109210310945588e-02 9.660134614535914599e-01
4.762478192022426976e-02 9.595712067818908952e-01
4.790005366739954334e-02 9.491676101901198592e-01
4.817691648820784933e-02 9.373623814662923603e-01
4.845537957907175564e-02 9.247381411218594804e-01
4.873545218956924774e-02 9.094085358615494608e-01
4.901714362274099679e-02 8.902417537081991350e-01
4.930046323539925834e-02 8.695754400745570045e-01
4.958542043843887359e-02 8.487777980469400907e-01
4.987202469714965836e-02 8.278034596347029206e-01
5.016028553153097091e-02 8.058453521621468107e-01
5.045021251660784106e-02 7.836651803143243056e-01
5.074181528274907677e-02 7.625260844623734657e-01
5.103510351598705003e-02 7.428244375771994035e-01
5.133008695833959217e-02 7.239083732668916138e-01
5.162677540813340182e-02 7.057946060543196509e-01
5.192517872032970105e-02 6.893690056515670017e-01
5.222530680685147364e-02 6.748894532686199321e-01
5.252716963691266006e-02 6.617613894491208848e-01
5.283077723734942721e-02 6.496935039373440413e-01
5.313613969295318679e-02 6.391155987499338442e-01
5.344326714680543849e-02 6.301781045927158376e-01
5.375216980061491706e-02 6.234039472526068382e-01
5.406285791505632127e-02 6.186641861246138241e-01
5.437534181011107609e-02 6.155505092929246524e-01
5.468963186541032917e-02 6.141823062066072980e-01
5.500573852057948770e-02 6.152209944134974240e-01
5.532367227558519784e-02 6.185567356204527689e-01
5.564344369108398941e-02 6.235758680592645709e-01
5.596506338877313413e-02 6.304001689679820108e-01
5.628854205174332881e-02 6.392994585014983855e-01
5.661389042483377931e-02 6.500779379633425670e-01
5.694111931498885282e-02 6.624037046851057875e-01
5.727023959161724881e-02 6.763412289692848356e-01
5.760126218695296035e-02 6.918546939811592855e-01
5.793419809641841417e-02 7.087578521801833897e-01
5.826905837898961604e-02 7.269480286401587277e-01
5.860585415756369709e-02 7.461530154172105744e-01
5.894459661932811845e-02 7.662964032639357770e-01
5.928529701613251268e-02 7.875453374090289893e-01
5.962796666486229469e-02 8.098138574491615671e-01
5.997261694781454155e-02 8.330709221275759413e-01
6.031925931307623168e-02 8.579612344692379988e-01
6.066790527490428103e-02 8.855616873047400528e-01
6.101856641410823012e-02 9.114835244863483954e-01
6.137125437843479747e-02 9.273623212123703885e-01
6.172598088295483398e-02 9.338642706086047740e-01
6.208275771045231733e-02 9.386231340484486596e-01
6.244159671181598315e-02 9.446499134373930184e-01
6.280250980643269088e-02 9.511614139895527842e-01
6.316550898258359303e-02 9.579045300729039925e-01
6.353060629784218483e-02 9.633271988495649696e-01
6.389781387947492119e-02 9.672097437332510816e-01
6.426714392484385308e-02 9.706911400680690027e-01
6.463860870181208085e-02 9.724127359236274248e-01
6.501222054915094251e-02 9.719877094849458388e-01
6.538799187695008841e-02 9.705693628300199327e-01
6.576593516702965159e-02 9.675894021812867507e-01
6.614606297335466623e-02 9.625057994399783823e-01
6.652838792245242827e-02 9.561327906487373518e-01
6.691292271383147972e-02 9.485921530456128403e-01
6.729968012040381253e-02 9.392391836056386278e-01
6.768867298890894613e-02 9.286254615835081161e-01
6.807991424034069705e-02 9.172500348763248379e-01
6.847341687037629410e-02 9.044562615142156536e-01
6.886919394980822728e-02 8.906715557248433557e-01
6.926725862497820629e-02 8.765382327441931798e-01
6.966762411821400547e-02 8.612707099973984093e-01
7.007030372826857090e-02 8.450791129148186309e-01
7.047531083076181979e-02 8.285771032646624956e-01
7.088265887862478520e-02 8.109217915365110052e-01
7.129236140254673060e-02 7.922850985370221144e-01
7.170443201142430445e-02 7.734215655843041937e-01
7.211888439281383123e-02 7.541879253394759841e-01
7.253573231338585059e-02 7.350402454979765299e-01
7.295498961938230720e-02 7.163772868196925936e-01
7.337667023707672431e-02 6.980987621674070720e-01
7.380078817323644513e-02 6.805986567230438711e-01
7.422735751558823258e-02 6.637838467163299505e-01
7.465639243328600627e-02 6.470884261586840047e-01
7.508790717738160481e-02 6.310615865158177851e-01
7.552191608129793510e-02 6.146646395808413876e-01
7.595843356130543844e-02 5.968350192570508472e-01
7.639747411700059665e-02 5.791725441619554049e-01
7.683905233178781047e-02 5.622049156604347342e-01
7.728318287336367887e-02 5.465744489884737378e-01
7.772988049420428980e-02 5.341078027168104647e-01
7.817916003205507836e-02 5.306669987946753819e-01
7.863103641042397396e-02 5.416556036868789281e-01
7.908552463907676799e-02 5.667679804038072700e-01
7.954263981453599253e-02 6.004668462976944232e-01
8.000239712058217212e-02 6.411308926501989580e-01
8.046481182875830918e-02 6.865323123417151896e-01
8.092989929887701994e-02 7.323492073159875160e-01
8.139767497953076525e-02 7.808619160502116019e-01
8.186815440860513438e-02 8.284887550723523120e-01
8.234135321379483508e-02 8.754159719229555048e-01
8.281728711312283386e-02 9.241364182985575271e-01
8.329597191546232737e-02 9.736400594600446157e-01
8.377742352106211376e-02 1.024858133110145841e+00
8.426165792207447602e-02 1.075992634145899629e+00
8.474869120308657633e-02 1.126544514670202224e+00
8.523853954165466762e-02 1.177103558561448882e+00
8.573121920884146929e-02 1.226779120529593703e+00
8.622674656975649887e-02 1.277235489494642051e+00
8.672513808409994251e-02 1.328840384959723009e+00
8.722641030670905127e-02 1.382778150259589500e+00
8.773057988810836760e-02 1.441711170108454176e+00
8.823766357506258873e-02 1.507907844038605782e+00
8.874767821113291322e-02 1.584149946213325277e+00
8.926064073723644077e-02 1.675618978722156260e+00
8.977656819220893036e-02 1.785464435231508551e+00
9.029547771337091688e-02 1.923378351216708859e+00
9.081738653709675591e-02 2.100382760615699507e+00
9.134231199938727674e-02 2.322771875183336832e+00
9.187027153644546085e-02 2.606605963608226162e+00
9.240128268525588107e-02 2.936574522941908683e+00
9.293536308416693037e-02 3.217903820725354525e+00
9.347253047347692245e-02 3.394122647549479233e+00
9.401280269602330097e-02 3.394815106354072576e+00
9.455619769777530437e-02 3.227693755548917576e+00
9.510273352842993355e-02 3.040777634088314585e+00
9.565242834201181932e-02 2.887959139281486287e+00
9.620530039747586526e-02 2.791277563426353137e+00
9.676136805931405405e-02 2.754911537240290809e+00
9.732064979816532069e-02 2.760904887583496059e+00
9.788316419142908953e-02 2.775733057157721451e+00
9.844892992388228070e-02 2.772223007355126612e+00
9.901796578830000806e-02 2.715918943174735922e+00
9.959029068607995472e-02 2.603430204263021963e+00
1.001659236278700377e-01 2.466394994622961079e+00
1.007448837341998471e-01 2.321809596223850303e+00
1.013271902361159299e-01 2.191596299703525208e+00
1.019128624758204177e-01 2.079759427183721865e+00
1.025019199073136378e-01 1.987874919392134565e+00
1.030943820970401520e-01 1.914459959371341391e+00
1.036902687245389171e-01 1.856634873609826153e+00
1.042895995830967204e-01 1.812264978758256095e+00
1.048923945804057928e-01 1.778102881801985724e+00
1.054986737392250712e-01 1.751994797079831523e+00
1.061084571980452224e-01 1.730710046100018218e+00
1.067217652117575799e-01 1.712207069283484984e+00
1.073386181523270227e-01 1.694609064490886441e+00
1.079590365094685589e-01 1.677311921109938320e+00
1.085830408913279893e-01 1.661748312529455207e+00
1.092106520251663743e-01 1.649735346164249883e+00
1.098418907580486492e-01 1.643130721841817188e+00
1.104767780575359459e-01 1.642660327412490018e+00
1.111153350123821049e-01 1.643020883548674593e+00
1.117575828332342536e-01 1.637918178495515464e+00
1.124035428533372433e-01 1.621026959241398169e+00
1.130532365292423180e-01 1.589835271777935821e+00
1.137066854415197809e-01 1.551203233848565510e+00
1.143639112954759340e-01 1.510264591763204933e+00
1.150249359218739331e-01 1.471639717200779129e+00
1.156897812776589568e-01 1.436983347925367971e+00
1.163584694466876512e-01 1.407367601189600803e+00
1.170310226404614878e-01 1.383074236093277731e+00
1.177074631988646730e-01 1.363434671721618807e+00
1.183878135909062629e-01 1.344048212981983959e+00
1.190720964154663303e-01 1.321072907403369801e+00
1.197603344020467531e-01 1.290377880048029446e+00
1.204525504115261381e-01 1.250616417930477731e+00
1.211487674369193246e-01 1.206088929006137844e+00
1.218490086041408849e-01 1.162222857629634065e+00
1.225532971727734816e-01 1.124863511227327084e+00
1.232616565368404721e-01 1.098478442983335412e+00
1.239741102255828148e-01 1.085362318108743285e+00
1.246906819042407494e-01 1.086596805012104650e+00
1.254113953748399735e-01 1.103791273466854239e+00
1.261362745769819826e-01 1.137382688856580115e+00
1.268653435886395453e-01 1.188199613957813483e+00
1.275986266269562852e-01 1.254732966134336491e+00
1.283361480490512463e-01 1.329117368481560479e+00
1.290779323528278288e-01 1.392997887099796106e+00
1.298240041777875831e-01 1.427532479137158195e+00
1.305743883058487209e-01 1.413146050524483943e+00
1.313291096621690413e-01 1.354912652847156895e+00
1.320881933159741561e-01 1.277483819548703270e+00
1.328516644813900749e-01 1.196377791218960152e+00
1.336195485182806453e-01 1.113442716529498000e+00
1.343918709330900185e-01 1.032986166802684069e+00
1.351686573796898327e-01 9.625105750179410169e-01
1.359499336602315311e-01 9.039787037179444207e-01
1.367357257260030934e-01 8.574574109941717204e-01
1.375260596782912625e-01 8.204204161043480159e-01
1.383209617692485738e-01 7.883786757635224962e-01
1.391204584027652402e-01 7.587056220922028249e-01
1.399245761353461737e-01 7.315397468513076262e-01
1.407333416769932510e-01 7.076260402030203345e-01
1.415467818920924381e-01 6.866875186255033681e-01
1.423649238003061035e-01 6.679123338650957420e-01
1.431877945774705507e-01 6.507226409883087870e-01
1.440154215564987683e-01 6.344450835024001423e-01
1.448478322282882313e-01 6.186188181339680181e-01
1.456850542426340045e-01 6.031387821678325656e-01
1.465271154091474515e-01 5.876420316788275588e-01
1.473740436981796631e-01 5.719160534476123159e-01
1.482258672417506584e-01 5.560133788317767056e-01
1.490826143344838317e-01 5.397119434560545548e-01
1.499443134345459228e-01 5.228851945044338256e-01
1.508109931645919832e-01 5.058268300216216540e-01
1.516826823127164214e-01 4.889499375013924842e-01
1.525594098334091819e-01 4.725267248876211523e-01
1.534412048485173929e-01 4.571445882697212637e-01
1.543280966482127869e-01 4.436297026352423734e-01
1.552201146919646169e-01 4.329061423199694336e-01
1.561172886095181789e-01 4.267862391607522010e-01
1.570196482018790252e-01 4.272303679112845476e-01
1.579272234423027277e-01 4.358884907576839329e-01
1.588400444772908315e-01 4.553418075887969985e-01
1.597581416275917487e-01 4.880855578901413527e-01
1.606815453892082024e-01 5.349005486586208002e-01
1.616102864344102497e-01 5.937523836821193557e-01
1.625443956127538836e-01 6.536309679676012285e-01
1.634839039521058524e-01 6.922558425300271434e-01
1.644288426596743347e-01 7.015515050344488523e-01
1.653792431230455828e-01 6.924277633366848761e-01
1.663351369112262834e-01 6.760045507229135442e-01
1.672965557756923849e-01 6.581319501974586261e-01
1.682635316514438095e-01 6.415081633092533098e-01
1.692360966580649384e-01 6.277425598317319944e-01
1.702142831007917856e-01 6.173891068085693989e-01
1.711981234715850009e-01 6.114124709882334807e-01
1.721876504502090899e-01 6.124702615069744782e-01
1.731828969053178791e-01 6.246814143576326916e-01
1.741838958955464201e-01 6.558611628761884527e-01
1.751906806706090836e-01 7.057969938433010793e-01
1.762032846724038426e-01 7.342737652349611288e-01
1.772217415361232173e-01 6.825757459996071308e-01
1.782460850913716033e-01 5.919639297350831608e-01
1.792763493632887617e-01 5.170542138119608166e-01
1.803125685736800821e-01 4.628872207698841446e-01
1.813547771421535060e-01 4.249428660671448754e-01
1.824030096872625850e-01 3.980945667607701521e-01
1.834573010276564775e-01 3.795127929078522810e-01
1.845176861832364401e-01 3.680251401185452576e-01
1.855842003763193415e-01 3.594267119966797486e-01
1.866568790328071992e-01 3.465827950659620682e-01
1.877357577833641822e-01 3.314943564927690933e-01
1.888208724646001924e-01 3.168834757158474624e-01
1.899122591202609955e-01 3.035046940533058790e-01
1.910099540024255971e-01 2.908804537088729991e-01
1.921139935727104175e-01 2.787480978945995891e-01
1.932244145034804905e-01 2.677189005897130381e-01
1.943412536790674328e-01 2.594308850354239415e-01
1.954645481969946030e-01 2.562981058918839539e-01
1.965943353692096995e-01 2.606414940489717447e-01
1.977306527233236300e-01 2.732896122832181862e-01
1.988735380038573475e-01 2.925113135831395872e-01
2.000230291734956534e-01 3.143500316066279998e-01
2.011791644143479663e-01 3.343883567381734090e-01
2.023419821292166965e-01 3.500140478321716597e-01
2.035115209428728922e-01 3.613082897139888727e-01
2.046878197033392410e-01 3.704773994023985439e-01
2.058709174831803157e-01 3.811555917270256777e-01
2.070608535808005912e-01 3.961103141172626629e-01
2.082576675217497619e-01 4.169222828787677027e-01
2.094613990600355524e-01 4.451769898951614679e-01
2.106720881794442723e-01 4.831237323868821654e-01
2.118897750948690872e-01 5.339263307542273518e-01
2.131145002536455058e-01 5.994544237695991207e-01
2.143463043368951104e-01 6.745957552239130184e-01
2.155852282608767823e-01 7.435383864826250466e-01
2.168313131783459469e-01 7.897540422167839136e-01
2.180846004799212312e-01 8.119891332111774940e-01
2.193451317954595303e-01 8.186582278361068665e-01
2.206129489954388734e-01 8.110435687745601863e-01
2.218880941923488948e-01 7.935124220734394163e-01
2.231706097420899648e-01 7.769101252860662887e-01
2.244605382453801201e-01 7.651765302316794193e-01
2.257579225491697927e-01 7.568622489985954438e-01
2.270628057480653939e-01 7.488679314890132055e-01
2.283752311857605299e-01 7.381300444398521954e-01
2.296952424564759343e-01 7.234021620028440180e-01
2.310228834064072811e-01 7.056035829358111577e-01
2.323581981351817149e-01 6.868546638541983551e-01
2.337012309973229007e-01 6.694238042902944663e-01
2.350520266037238737e-01 6.540345043054505147e-01
2.364106298231291869e-01 6.407154173674428632e-01
2.377770857836252472e-01 6.280935648119914116e-01
2.391514398741393099e-01 6.077448271128695900e-01
2.405337377459470793e-01 5.827781055238039354e-01
2.419240253141889951e-01 5.569708822133008219e-01
2.433223487593957901e-01 5.312448437281637181e-01
2.447287545290218747e-01 5.054495593625673022e-01
2.461432893389885190e-01 4.808314549647797476e-01
2.475660001752356676e-01 4.594058244350660569e-01
2.489969342952823017e-01 4.410031347557500370e-01
2.504361392297964617e-01 4.254180360744348466e-01
2.518836627841739007e-01 4.142407958527040690e-01
2.533395530401260642e-01 4.089781089377939605e-01
2.548038583572773130e-01 4.100502261904230838e-01
2.562766273747711931e-01 4.169007927779355138e-01
2.577579090128856998e-01 4.289018201982342515e-01
2.592477524746588102e-01 4.445609403379714442e-01
2.607462072475227322e-01 4.631880821815350657e-01
2.622533231049470337e-01 4.867937640512274289e-01
2.637691501080930423e-01 5.176869778920203391e-01
2.652937386074759596e-01 5.520830781684635813e-01
2.668271392446371348e-01 5.774199070496395247e-01
2.683694029538270520e-01 5.959395983890420911e-01
2.699205809636965880e-01 6.196861598086345069e-01
2.714807247989985406e-01 6.546457782846778484e-01
2.730498862822996475e-01 7.048418782507583913e-01
2.746281175357012105e-01 7.745581531394298835e-01
2.762154709825712651e-01 8.683194630703634509e-01
2.778119993492854656e-01 9.969257776062351306e-01
2.794177556669779627e-01 1.153464447646017632e+00
2.810327932733039380e-01 1.197903588378047113e+00
2.826571658142107979e-01 1.074579063068936469e+00
2.842909272457196934e-01 9.413738669549716054e-01
2.859341318357184192e-01 8.507214582777645751e-01
2.875868341657639160e-01 7.904990323789672368e-01
2.892490891328946545e-01 7.446940763496017190e-01
2.909209519514548425e-01 7.096962532498566345e-01
2.926024781549284581e-01 6.869812166702102818e-01
2.942937235977828858e-01 6.748990044245454234e-01
2.959947444573255426e-01 6.729983243953854277e-01
2.977055972355692748e-01 6.876712876858223078e-01
2.994263387611086902e-01 7.251595746931225328e-01
3.011570261910088142e-01 7.890066642656192730e-01
3.028977170127025720e-01 8.875077353245457434e-01
3.046484690459013711e-01 1.036672912989898832e+00
3.064093404445150659e-01 1.190360562985941284e+00
3.081803896985833569e-01 1.236179845749195039e+00
3.099616756362194026e-01 1.240026573798160614e+00
3.117532574255635347e-01 1.238732392170265317e+00
3.135551945767480198e-01 1.230924322201228938e+00
3.153675469438748658e-01 1.215721269756930845e+00
3.171903747270033436e-01 1.199849636397852803e+00
3.190237384741493876e-01 1.183445526095932232e+00
3.208676990832974307e-01 1.156888537045283272e+00
3.227223178044230090e-01 1.112244046460856950e+00
3.245876562415266342e-01 1.048542612016222897e+00
3.264637763546810456e-01 9.713286797260913819e-01
3.283507404620888970e-01 8.919227571510742747e-01
3.302486112421523790e-01 8.197876520242886045e-01
3.321574517355558864e-01 7.606158532772880898e-01
3.340773253473591775e-01 7.175855080442590239e-01
3.360082958491044103e-01 6.929220356558257743e-01
3.379504273809338932e-01 6.904841031058606138e-01
3.399037844537201591e-01 7.125592122385032701e-01
3.418684319512097503e-01 7.521487535493973642e-01
3.438444351321779946e-01 7.981041402845883148e-01
3.458318596325960503e-01 8.678490686410361699e-01
3.478307714678123830e-01 9.837881626308105920e-01
3.498412370347446232e-01 1.076976403206218347e+00
3.518633231140849693e-01 1.045758450063961176e+00
3.538970968725191901e-01 9.524675345623547784e-01
3.559426258649572294e-01 8.564163349983002771e-01
3.579999780367765227e-01 7.736054253358686239e-01
3.600692217260801353e-01 7.027430117361458395e-01
3.621504256659661136e-01 6.428477129277944124e-01
3.642436589868098817e-01 5.950632798328842066e-01
3.663489912185618480e-01 5.620353826427583188e-01
3.684664922930561692e-01 5.445113993085815007e-01
3.705962325463332818e-01 5.312018635264993405e-01
3.727382827209774208e-01 5.109940053772775714e-01
3.748927139684648524e-01 5.014977685984219891e-01
3.770595978515288715e-01 5.184200291092968538e-01
3.792390063465359562e-01 5.479474276527538379e-01
3.814310118458763554e-01 5.727565551690498857e-01
3.836356871603694985e-01 5.921430139086849564e-01
3.858531055216822825e-01 6.128785734227865101e-01
3.880833405847607942e-01 6.304885171602920835e-01
3.903264664302779630e-01 6.232511287578000880e-01
3.925825575670940371e-01 5.772097816192801600e-01
3.948516889347303827e-01 5.052656996110027610e-01
3.971339359058604912e-01 4.296300958375480206e-01
3.994293742888124776e-01 3.632519499448131906e-01
4.017380803300868997e-01 3.129794407313292726e-01
4.040601307168905088e-01 2.789701622698657624e-01
4.063956025796829352e-01 2.601090171061292144e-01
4.087445734947380283e-01 2.556343005550667513e-01
4.111071214867221824e-01 2.601758751976072093e-01
4.134833250312844322e-01 2.682036217529284450e-01
4.158732630576643108e-01 2.793426573509574240e-01
4.182770149513134750e-01 2.951068402058743545e-01
4.206946605565314856e-01 3.134044671700107476e-01
4.231262801791195738e-01 3.307254884407722084e-01
4.255719545890473410e-01 3.482494717749490265e-01
4.280317650231349469e-01 3.711507558951411268e-01
4.305057931877529498e-01 4.015234317379983153e-01
4.329941212615355806e-01 4.126123237674188537e-01
4.354968318981098929e-01 3.716187625354870350e-01
4.380140082288422887e-01 3.099350097800994686e-01
4.405457338655994204e-01 2.538410710300679218e-01
4.430920929035247480e-01 2.125036681848207210e-01
4.456531699238333033e-01 1.896663768093289903e-01
4.482290499966203323e-01 1.830763179996826306e-01
4.508198186836865351e-01 1.863795852764915106e-01
4.534255620413813470e-01 1.952979771218587568e-01
4.560463666234608748e-01 2.072880207128433017e-01
4.586823194839622087e-01 2.202066754386774738e-01
4.613335081800964965e-01 2.304923152547695697e-01
4.640000207751556194e-01 2.333956278772011672e-01
4.666819458414390720e-01 2.275464999884698192e-01
4.693793724631949438e-01 2.171159213812093314e-01
4.720923902395786631e-01 2.073240763264617703e-01
4.748210892876304490e-01 2.005704539715924828e-01
4.775655602452679171e-01 1.975842850715077981e-01
4.803258942742961168e-01 1.976883926710949757e-01
4.831021830634371073e-01 2.002571760572385007e-01
4.858945188313745223e-01 2.034045207135647682e-01
4.887029943298164536e-01 2.040592524522527595e-01
4.915277028465775411e-01 1.986607003443034147e-01
4.943687382086768833e-01 1.845717902387063458e-01
4.972261947854541564e-01 1.788969709456140200e-01
5.001001674917054940e-01 1.898165687362563248e-01
5.029907517908354109e-01 2.101239976860006242e-01
5.058980436980275996e-01 2.435353737865323664e-01
5.088221397834349347e-01 2.881297208023501089e-01
5.117631371753864622e-01 3.194002053021974263e-01
5.147211335636141527e-01 3.283114337806206096e-01
5.176962272024980827e-01 3.256371101215011499e-01
5.206885169143288250e-01 3.276715063336170242e-01
5.236981020925914887e-01 3.353601868535855957e-01
5.267250827052667450e-01 3.409667153818111140e-01
5.297695592981502832e-01 3.378912431738236855e-01
5.328316329981945820e-01 3.240683327607497555e-01
5.359114055168668900e-01 3.059115853465134149e-01
5.390089791535270791e-01 2.919645099064089311e-01
5.421244567988269258e-01 2.878503494915313210e-01
5.452579419381275994e-01 2.941397856684249135e-01
5.484095386549359130e-01 2.962505911279442183e-01
5.515793516343632241e-01 2.750971685421052526e-01
5.547674861666017643e-01 2.399202612687583724e-01
5.579740481504216199e-01 2.123945462283727270e-01
5.611991440966896949e-01 1.987855817080283471e-01
5.644428811319066597e-01 1.954997452907834277e-01
5.677053670017649933e-01 1.960260139822744274e-01
5.709867100747291202e-01 1.986874435808946293e-01
5.742870193456336425e-01 2.122185661804467660e-01
5.776064044393048880e-01 2.424584809559404974e-01
5.809449756142023302e-01 2.813818291410360439e-01
5.843028437660793273e-01 2.998251112330351797e-01
5.876801204316687288e-01 3.046197915075994356e-01
5.910769177923870243e-01 3.055940094119929951e-01
5.944933486780595855e-01 2.905461632514830250e-01
5.979295265706701112e-01 2.657728525699072919e-01
6.013855656081297241e-01 2.464675786556383974e-01
6.048615805880666052e-01 2.408920913841705314e-01
6.083576869716416091e-01 2.458085488967839682e-01
6.118740008873820857e-01 2.581653568753048966e-01
6.154106391350390171e-01 2.795981507719625947e-01
6.189677191894675801e-01 2.943881157224860212e-01
6.225453592045292472e-01 2.727738498632451547e-01
6.261436780170150929e-01 2.433324117231170647e-01
6.297627951505950783e-01 2.256271952052553154e-01
6.334028308197864332e-01 2.177840247381929439e-01
6.370639059339481269e-01 2.171481565324576701e-01
6.407461421012968783e-01 2.260675034934174765e-01
6.444496616329448146e-01 2.369644172887369060e-01
6.481745875469649976e-01 2.355066721156185983e-01
6.519210435724759334e-01 2.326991098313394291e-01
6.556891541537508417e-01 2.472483856525420354e-01
6.594790444543533470e-01 2.867137619364055756e-01
6.632908403612935988e-01 3.338128995936664456e-01
6.671246684892090384e-01 3.632829912015708151e-01
6.709806561845721440e-01 3.655394517889529182e-01
6.748589315299192704e-01 3.446367470461563220e-01
6.787596233481042463e-01 3.114202145265033139e-01
6.826828612065795054e-01 2.769954607822838200e-01
6.866287754216984229e-01 2.539485215342289770e-01
6.905974970630435195e-01 2.367361446621192023e-01
6.945891579577818664e-01 2.063708709651042028e-01
6.986038906950429173e-01 1.792983582733800596e-01
7.026418286303216520e-01 1.581320416270417806e-01
7.067031058899108098e-01 1.511857247013769778e-01
7.107878573753529938e-01 1.613166357914771754e-01
7.148962187679240854e-01 1.890818460666928991e-01
7.190283265331394169e-01 2.402497761481855731e-01
7.231843179252852583e-01 3.057516034847625463e-01
7.273643309919801681e-01 3.224135949966695502e-01
7.315685045787596597e-01 2.908756781309103090e-01
7.357969783336865133e-01 2.643473425480373784e-01
7.400498927119919523e-01 2.541108911849611629e-01
7.443273889807401344e-01 2.580101505915167182e-01
7.486296092235191768e-01 2.632967153962404439e-01
7.529566963451627126e-01 2.655412370387156828e-01
7.573087940764960946e-01 2.722246583975331258e-01
7.616860469791092436e-01 2.793450451399387968e-01
7.660886004501606950e-01 2.804744693281205348e-01
7.705166007272060691e-01 2.775542034039212846e-01
7.749701948930545203e-01 2.683086844681081273e-01
7.794495308806568268e-01 2.575182660613572483e-01
7.839547574780165728e-01 2.569356455499062220e-01
7.884860243331343055e-01 2.772008106346804945e-01
7.930434819589780027e-01 3.119670182032339700e-01
7.976272817384808533e-01 3.089655674536685992e-01
8.022375759295721220e-01 2.765680465546209166e-01
8.068745176702336597e-01 2.451447435599668212e-01
8.115382609835852801e-01 2.158613770504045071e-01
8.162289607830032212e-01 1.989493840321494567e-01
8.209467728772645856e-01 1.965088249143047416e-01
8.256918539757219788e-01 2.118728143359462912e-01
8.304643616935105666e-01 2.373686699632805708e-01
8.352644545567829981e-01 2.634614728359540026e-01
8.400922920079733069e-01 3.022654315719817131e-01
8.449480344110958940e-01 3.114655825171491199e-01
8.498318430570707127e-01 2.771817083228296230e-01
8.547438801690798726e-01 2.338201767580863899e-01
8.596843089079587719e-01 2.005869297155638553e-01
8.646532933776126528e-01 1.854349759554667909e-01
8.696509986304700179e-01 1.852795308927804585e-01
8.746775906729644667e-01 1.958851344323744026e-01
8.797332364710471753e-01 2.154571243758608146e-01
8.848181039557355687e-01 2.317752742744525196e-01
8.899323620286901937e-01 2.449011890838684036e-01
8.950761805678236760e-01 2.751974556793221893e-01
9.002497304329459826e-01 3.168476588811270922e-01
9.054531834714387717e-01 3.560384394321345902e-01
9.106867125239620497e-01 3.985721245570414406e-01
9.159504914301977996e-01 4.399692221268224901e-01
9.212446950346235841e-01 4.521923139223874566e-01
9.265694991923183466e-01 4.282165247605848601e-01
9.319250807748065135e-01 3.947158453521503740e-01
9.373116176759319629e-01 3.779225254462686978e-01
9.427292888177655206e-01 3.489634206803746697e-01
9.481782741565508710e-01 2.820169810100769392e-01
9.536587546886805544e-01 2.482249913459169399e-01
9.591709124567069367e-01 2.419618208478183374e-01
9.647149305553922582e-01 2.444857138011123643e-01
9.702909931377862174e-01 2.515105889842637610e-01
9.758992854213467405e-01 2.603836128389852567e-01
9.815399936940907288e-01 2.570478716320299672e-01
9.872133053207802211e-01 2.483061761712830606e-01
9.929194087491489684e-01 2.280918709918116627e-01
9.986584935161608723e-01 2.110196573329075620e-01
1.004430750254303728e+00 1.967218156914417593e-01
1.010236370697924935e+00 1.841957134741426805e-01
1.016075547689597958e+00 1.900410209005038709e-01
1.021948475186527761e+00 2.151445627982012387e-01
1.027855348266994762e+00 2.669500325377161531e-01
1.033796363136834096e+00 3.384977415750882734e-01
1.039771717135951290e+00 3.945272100226231982e-01
1.045781608744880131e+00 4.011557122348693993e-01
1.051826237591374280e+00 3.643264549864236868e-01
1.057905804457035748e+00 3.075257306979105598e-01
1.064020511283988890e+00 2.716396500971007266e-01
1.070170561181583713e+00 2.780819047688011247e-01
1.076356158433145582e+00 3.116184010119559256e-01
1.082577508502760022e+00 3.426835356594065685e-01
1.088834818042095476e+00 3.572872530693841919e-01
1.095128294897270704e+00 3.455512702260160052e-01
1.101458148115757263e+00 3.339633302994919339e-01
1.107824587953321727e+00 3.530728055172895896e-01
1.114227825881013212e+00 3.571463735194840838e-01
1.120668074592185315e+00 3.388702366561799351e-01
1.127145548009560017e+00 2.962028353483170950e-01
1.133660461292336441e+00 2.442230570131631029e-01
1.140213030843336250e+00 2.021609602120741922e-01
1.146803474316190341e+00 1.880541416891169659e-01
1.153432010622570836e+00 1.875691817470034051e-01
1.160098859939462601e+00 1.725086803048923034e-01
1.166804243716473621e+00 1.653916364670605377e-01
1.173548384683194445e+00 1.875295444499129049e-01
1.180331506856595603e+00 2.361074398233279914e-01
1.187153835548465874e+00 2.562885547359585181e-01
1.194015597372901416e+00 2.409493983197230627e-01
1.200917020253827294e+00 2.487359781879272813e-01
1.207858333432573428e+00 2.928790330862685587e-01
1.214839767475487387e+00 3.562222991836990760e-01
1.221861554281590267e+00 4.031495160343022688e-01
1.228923927090283863e+00 4.104657014731791786e-01
1.236027120489096909e+00 4.316692676276266405e-01
1.243171370421473965e+00 4.281281765682746765e-01
1.250356914194617142e+00 3.786030453059553991e-01
1.257583990487367132e+00 3.637677123647862221e-01
1.264852839358128644e+00 4.029274516590360955e-01
1.272163702252848472e+00 4.211104647520673150e-01
1.279516822013033517e+00 3.837893229734621325e-01
1.286912442883815677e+00 3.554438799757767553e-01
1.294350810522067352e+00 3.286051318253275233e-01
1.301832172004561583e+00 2.892161647888673581e-01
1.309356775836174380e+00 2.827739101171670155e-01
1.316924871958146337e+00 3.216853193573557812e-01
1.324536711756377994e+00 3.934097247793482688e-01
1.332192548069784932e+00 4.072278596144595086e-01
1.339892635198694837e+00 3.649616068554645820e-01
1.347637228913291185e+00 3.140515579839583959e-01
1.355426586462114891e+00 3.018666708120951725e-01
1.363260966580605249e+00 3.451357949432599104e-01
1.371140629499693731e+00 4.249786829018651346e-01
1.379065836954451285e+00 4.959533225837116643e-01
1.387036852192779834e+00 5.994472604026550577e-01
1.395053939984155722e+00 6.880390071889513903e-01
1.403117366628427343e+00 7.008590462298553980e-01
1.411227399964658957e+00 6.831129985204124067e-01
1.419384309380025577e+00 6.044210248508210537e-01
1.427588365818764915e+00 6.587121829199283907e-01
1.435839841791175742e+00 7.157564616845398797e-01
1.444139011382666204e+00 6.802046715411199651e-01
1.452486150262864761e+00 6.332846180574608352e-01
1.460881535694769973e+00 6.521147219644397586e-01
1.469325446543965796e+00 6.994215972630786204e-01
1.477818163287882181e+00 7.380178183577283946e-01
1.486359968025109168e+00 6.765155375649238856e-01
1.494951144484772509e+00 5.987189847633412887e-01
1.503591978035954568e+00 6.069878980057795692e-01
1.512282755697172298e+00 6.040509175587107649e-01
1.521023766145914724e+00 5.784418807336602075e-01
1.529815299728230382e+00 5.650869769609322413e-01
1.538657648468367833e+00 5.246927507633208920e-01
1.547551106078482119e+00 4.639617258114945852e-01
1.556495967968387184e+00 4.761537763503019272e-01
1.565492531255366693e+00 5.077394489956883472e-01
1.574541094774047689e+00 5.505572810093767311e-01
1.583641959086324214e+00 5.562975257205581281e-01
1.592795426491339539e+00 5.172738903982456726e-01
1.602001801035530804e+00 5.397119434560545548e-01
1.611261388522727822e+00 6.107343389175282633e-01
1.620574496524306296e+00 6.534996395736266672e-01
1.629941434389411858e+00 6.161570076941892404e-01
1.639362513255227638e+00 5.637808563881301360e-01
1.648838046057315765e+00 5.849008499282301043e-01
1.658368347540009280e+00 5.164333886768081028e-01
1.667953734266863997e+00 3.913466750994561427e-01
1.677594524631179640e+00 3.653579798263698053e-01
1.687291038866571835e+00 3.990878869770144721e-01
1.697043599057607821e+00 4.098711420168213437e-01
1.706852529150509445e+00 3.962679081900322697e-01
1.716718154963911225e+00 3.674592341299636744e-01
1.726640804199680579e+00 3.612748606682498198e-01
1.736620806453807120e+00 4.133549261406207487e-01
1.746658493227349673e+00 4.973907715504884419e-01
1.756754197937443251e+00 5.117007909157591516e-01
1.766908255928380411e+00 5.104854063242485473e-01
1.777121004482747679e+00 6.252640348690836625e-01
1.787392782832625482e+00 7.464825302966378029e-01
1.797723932170862682e+00 7.147894071470903832e-01
1.808114795662403074e+00 6.857825466015692317e-01
1.818565718455690483e+00 6.617016947245869529e-01
1.829077047694130043e+00 5.985900441583480447e-01
1.839649132527616748e+00 5.027776234924291598e-01
1.850282324124138622e+00 4.663017590132242374e-01
1.860976975681438272e+00 4.267313200141810148e-01
1.871733442438742401e+00 3.912225100724255333e-01
1.882552081688566581e+00 4.565213753455871770e-01
1.893433252788581767e+00 5.554021048525494830e-01
1.904377317173546302e+00 6.567589715331785261e-01
1.915384638367318981e+00 8.738782358189617350e-01
1.926455581994929611e+00 9.613357828391135840e-01
1.937590515794722412e+00 8.066070568471995772e-01
1.948789809630575354e+00 7.602529093521219750e-01
1.960053835504184105e+00 7.896083870889212264e-01
1.971382967567415045e+00 7.191686121388985997e-01
1.982777582134739092e+00 5.814624337950764499e-01
1.994238057695728816e+00 5.605024221167272946e-01
2.005764774927627947e+00 5.329043570702066690e-01
2.017358116708002580e+00 4.375551674666709467e-01
2.029018468127450348e+00 3.774330287050906563e-01
2.040746216502401289e+00 4.048854386237485392e-01
2.052541751387976898e+00 4.428536712163014810e-01
2.064405464590929995e+00 4.765262714313936443e-01
2.076337750182662312e+00 5.811663479613881078e-01
2.088339004512313135e+00 7.030820777714985592e-01
2.100409626219920778e+00 7.127884399807135063e-01
2.112550016249669760e+00 6.861789195724743440e-01
2.124760577863207711e+00 6.417326154735008004e-01
2.137041716653034662e+00 5.036969222502514221e-01
2.149393840555982482e+00 4.210101776148503228e-01
2.161817359866763155e+00 4.849360642237319219e-01
2.174312687251592546e+00 5.143870535197854199e-01
2.186880237761905654e+00 5.416341135860466283e-01
2.199520428848138476e+00 6.178499500819710777e-01
2.212233680373592026e+00 6.749825770388928614e-01
2.225020414628386511e+00 6.940872766787278270e-01
2.237881056343477670e+00 6.353022997467072663e-01
2.250816032704775704e+00 5.335323455723034458e-01
2.263825773367328598e+00 5.256550297228076429e-01
2.276910710469592924e+00 6.182869154655593613e-01
2.290071278647793029e+00 6.476089641566197264e-01
2.303307915050354371e+00 7.242808683479832199e-01
2.316621059352423018e+00 7.603173796546185415e-01
2.330011153770474852e+00 6.378572339567589733e-01
2.343478643077001600e+00 5.535157515572776132e-01
2.357023974615280792e+00 5.664360777353987242e-01
2.370647598314243876e+00 5.883774706850855019e-01
2.384349966703414481e+00 6.002997010689994362e-01
2.398131534927939956e+00 6.983303776985986255e-01
2.411992760763713051e+00 6.505554957596139110e-01
2.425934104632577970e+00 6.411165659163108321e-01
2.439956029617617261e+00 6.900399743553282672e-01
2.454059001478542612e+00 5.998125921168027119e-01
2.468243488667162033e+00 5.945188639451348678e-01
2.482509962342935861e+00 7.634000152295500330e-01
2.496858896388636673e+00 8.927155030928847212e-01
2.511290767426078485e+00 9.103970804998311461e-01
2.525806054831960523e+00 9.777589954528850269e-01
2.540405240753779381e+00 1.054177794012224778e+00
2.555088810125852206e+00 8.844442020614652344e-01
2.569857250685421590e+00 8.465213374595581541e-01
2.584711052988855506e+00 8.523857471977700495e-01
2.599650710427946265e+00 8.044341688741649676e-01
2.614676719246288084e+00 7.796489192476823149e-01
2.629789578555775442e+00 8.161629883505890914e-01
2.644989790353173831e+00 8.353512606047713840e-01
2.660277859536794409e+00 7.637987759894366846e-01
2.675654293923265481e+00 6.509447053635749603e-01
2.691119604264405218e+00 5.651801007312050595e-01
2.706674304264172548e+00 5.189811595199157468e-01
2.722318910595750374e+00 4.681690099966451246e-01
2.738053942918694972e+00 4.520585977394314670e-01
2.753879923896200843e+00 4.838997638058230577e-01
2.769797379212459720e+00 4.911777446209982800e-01
2.785806837590128815e+00 4.733027563065620447e-01
2.801908830807877226e+00 5.276392823663150766e-01
2.818103893718070019e+00 5.801634765892184076e-01
2.834392564264522019e+00 5.721166277220463003e-01
2.850775383500368410e+00 6.108537283665960160e-01
2.867252895606037466e+00 6.057223698456605243e-01
2.883825647907329426e+00 6.018446005399372689e-01
2.900494190893583735e+00 6.119950914996844515e-01
2.917259078235983960e+00 5.657937624994137105e-01
2.934120866805935979e+00 5.244324817643530867e-01
2.951080116693567401e+00 5.338021657271967424e-01
2.968137391226336685e+00 5.121902876569371932e-01
2.985293256987731514e+00 4.932479576678345801e-01
3.002548283836107057e+00 6.197267522213175672e-01
3.019903044923603730e+00 7.108495553278518786e-01
3.037358116715186629e+00 7.744029468556418161e-01
3.054914079007794214e+00 7.163844501866366565e-01
3.072571514949601568e+00 6.653717263889321609e-01
3.090331011059376021e+00 6.752189681480471606e-01
3.108193157245980220e+00 6.551328872368746836e-01
3.126158546827951579e+00 5.821548925996699042e-01
3.144227776553216724e+00 5.074194852721864990e-01
3.162401446618910317e+00 4.924934163497258210e-01
3.180680160691316427e+00 4.948788175421011681e-01
3.199064525925907621e+00 5.765220983926494513e-01
3.217555152987530587e+00 5.973770473558188687e-01
3.236152656070678812e+00 5.130284015893934457e-01
3.254857652919894928e+00 5.021997785589408236e-01
3.273670764850296955e+00 4.692984341848268626e-01
3.292592616768199143e+00 4.825005194627480787e-01
3.311623837191892683e+00 6.207272358045059502e-01
3.330765058272506351e+00 6.720599233257122940e-01
3.350016915815009710e+00 6.179669517420576241e-01
3.369380049299332214e+00 4.665859059020057154e-01
3.388855101901607103e+00 4.391979662858443434e-01
3.408442720515521884e+00 4.959676493175998457e-01
3.428143555773827789e+00 5.486183963565149924e-01
3.447958262069935831e+00 6.319808852736400473e-01
3.467887497579658529e+00 4.800721380687082984e-01
3.487931924283071528e+00 4.259791664850536286e-01
3.508092207986506228e+00 4.378058853097133718e-01
3.528369018344649444e+00 4.164542762384217389e-01
3.548763028882812254e+00 3.857592488830814403e-01
3.569274917019284565e+00 3.904966222220930816e-01
3.589905364087840223e+00 4.058787588399929702e-01
3.610655055360374899e+00 4.075788645947188704e-01
3.631524680069651456e+00 4.526865862415283548e-01
3.652514931432215839e+00 3.900668202054488609e-01
3.673626506671410219e+00 2.598439725291986080e-01
3.694860107040534913e+00 2.638888870636169059e-01
3.716216437846141751e+00 3.055916216230116222e-01
3.737696208471465109e+00 3.409691031707924869e-01
3.759300132399972405e+00 3.809956098652748091e-01
3.781028927239082016e+00 3.854154072697660860e-01
3.802883314743989107e+00 4.156806326084622194e-01
3.824864020841640233e+00 4.023137898908274446e-01
3.846971775654848713e+00 3.635647503013709203e-01
3.869207313526548564e+00 3.223610636390797368e-01
3.891571373044171445e+00 3.051904730741437088e-01
3.914064697064205678e+00 2.872366877233227256e-01
3.936688032736852527e+00 3.081226779432497120e-01
3.959442131530850340e+00 3.351715515240583643e-01
3.982327749258438132e+00 3.492165263123985230e-01
4.005345646100446189e+00 3.740829607642471299e-01
4.028496586631570509e+00 3.627146974240079147e-01
4.051781339845751617e+00 3.426095142009845107e-01
4.075200679181723906e+00 3.502719290421581477e-01
4.098755382548707082e+00 3.439371248746188603e-01
4.122446232352245943e+00 3.630895802940808936e-01
4.146274015520188705e+00 3.680561813753028266e-01
4.170239523528843861e+00 3.218309744852185239e-01
4.194343552429258715e+00 2.986192777974500667e-01
4.218586902873665778e+00 2.919668976953903039e-01
4.242970380142073950e+00 3.470412505503825962e-01
4.267494794169023997e+00 3.902960479476591527e-01
4.292160959570472833e+00 3.927411438645684316e-01
4.316969695670882068e+00 3.058542784109608559e-01
4.341921826530410478e+00 2.869047850549140688e-01
4.367018180972294772e+00 3.305559554230959041e-01
4.392259592610382235e+00 3.510551238280431585e-01
4.417646899876805477e+00 3.449829764484531047e-01
4.443180946049855251e+00 3.146294029174467322e-01
4.468862579281975833e+00 3.118929967448119123e-01
4.494692652627942486e+00 3.211600057814573139e-01
4.520672024073195239e+00 3.490589322396289718e-01
4.546801556562344082e+00 3.641354318679151381e-01
4.573082118027814502e+00 3.521678334933553978e-01
4.599514581418703507e+00 3.759311094358172567e-01
4.626099824729760002e+00 3.924952015994886412e-01
4.652838731030551678e+00 3.188080336348209642e-01
4.679732188494796219e+00 2.936073087255823832e-01
4.706781090429870140e+00 3.747610928349524584e-01
4.733986335306464177e+00 4.176290684172492829e-01
4.761348826788450062e+00 4.156686936635554663e-01
4.788869473762884077e+00 3.865973628155376374e-01
4.816549190370198019e+00 3.544624987044391329e-01
4.844388896034566017e+00 3.516711733852331823e-01
4.872389515494448098e+00 3.946465994716910619e-01
4.900551978833287414e+00 4.170392845388541381e-01
4.928877221510434836e+00 4.646971648177525283e-01
4.957366184392200559e+00 4.823620277018293434e-01
4.986019813783113541e+00 4.276577821389473955e-01
5.014839061457356806e+00 4.560462053382972059e-01
5.043824884690362609e+00 3.848662158040540016e-01
5.072978246290641202e+00 3.837535061387418178e-01
5.102300114631742822e+00 3.918170695287833127e-01
5.131791463684423960e+00 3.529534160682217259e-01
5.161453273049005475e+00 3.144598698997703723e-01
5.191286527987911903e+00 3.056656430814336800e-01
5.221292219458380401e+00 3.645150903159508626e-01
5.251471344145405951e+00 3.433807700419627129e-01
5.281824904494829553e+00 3.190945683125837595e-01
5.312353908746639597e+00 2.631558358463403358e-01
5.343059370968462396e+00 2.731821617790571310e-01
5.373942311089249912e+00 3.200735617949400091e-01
5.405003754933139781e+00 3.278768561860136987e-01
5.436244734253559585e+00 3.847014583643403873e-01
5.467666286767478567e+00 3.769865121655769369e-01
5.499269456189878724e+00 3.071341333049680822e-01
5.531055292268432844e+00 3.336815711996918288e-01
5.563024850818350409e+00 3.569840038687518424e-01
5.595179193757479297e+00 3.141136404974736451e-01
5.627519389141558470e+00 3.201380320974366311e-01
5.660046511199702479e+00 3.185859692595547910e-01
5.692761640370078702e+00 2.620550651259349606e-01
5.725665863335805739e+00 2.389245532635325964e-01
5.758760273061025892e+00 2.023075704555294951e-01
5.792045968827241431e+00 2.007287643810564681e-01
5.825524056269808071e+00 2.097374146499189906e-01
5.859195647414667363e+00 1.927948579327025402e-01
5.893061860715279821e+00 2.518401038636909894e-01
5.927123821089786304e+00 2.647031231062594858e-01
5.961382659958350594e+00 2.332401828145148348e-01
5.995839515280771082e+00 2.349398110114445382e-01
6.030495531594262104e+00 2.768498056544210773e-01
6.065351860051475086e+00 2.878622884364381296e-01
6.100409658458743500e+00 2.777285119995602791e-01
6.135670091314512575e+00 2.691300838776948812e-01
6.171134329848062094e+00 2.460234499051060786e-01
6.206803552058381079e+00 2.352468806744470453e-01
6.242678942753306259e+00 1.718596792597595624e-01
6.278761693588877257e+00 1.761543565216277252e-01
6.315053003108923591e+00 2.167088033598880414e-01
6.351554076784851510e+00 1.980487100283817026e-01
6.388266127055725718e+00 1.911926515262121762e-01
6.425190373368511843e+00 1.848628617155337328e-01
6.462328042218596025e+00 1.774115274203120207e-01
6.499680367190518560e+00 1.881668453290369913e-01
6.537248588998957999e+00 1.960236261932930546e-01
6.575033955529916874e+00 1.876061924762144617e-01
6.613037721882214726e+00 1.835615167206943177e-01
6.651261150409145451e+00 1.832195853385640560e-01
6.689705510760421525e+00 1.764442341039643980e-01
6.728372079924347382e+00 1.789136854684835187e-01
6.767262142270216607e+00 1.603514914852128270e-01
6.806376989591010229e+00 1.564582015511107316e-01
6.845717921146279750e+00 1.534395587208795819e-01
6.885286243705309062e+00 1.626731387117859307e-01
6.925083271590525058e+00 1.827389234166169329e-01
6.965110326721157818e+00 2.076113273409189997e-01
7.005368738657123728e+00 2.045945947418729427e-01
7.045859844643230119e+00 1.980021481432452379e-01
7.086584989653569089e+00 2.125110703306629378e-01
7.127545526436194656e+00 2.089396543512477278e-01
7.168742815558059256e+00 2.020174540942946684e-01
7.210178225450215805e+00 2.515344668740773226e-01
7.251853132453240036e+00 2.208346639407742507e-01
7.293768920862992111e+00 1.793465916108034630e-01
7.335926982976571864e+00 1.547000725241377828e-01
7.378328719138569802e+00 1.361882608883736856e-01
7.420975537787583676e+00 1.299492070589867987e-01
7.463868855503007715e+00 1.370094215190622577e-01
7.507010097052058128e+00 1.240754849437474411e-01
7.550400695437144982e+00 1.301039357849786970e-01
7.594042091943437711e+00 1.392121568543638332e-01
7.637935736186750368e+00 1.390908571741109045e-01
7.682083086161699548e+00 1.386223729759687162e-01
7.726485608290103890e+00 1.526623334074479754e-01
7.771144777469737974e+00 1.582382982367121216e-01
7.816062077123293150e+00 1.646557199030063978e-01
7.861238999247660786e+00 1.711622060983052640e-01
7.906677044463489068e+00 1.546716578352596294e-01
7.952377722065040011e+00 2.000759428735535139e-01
7.998342550070284496e+00 2.133838072033488187e-01
