2.511886431509579437e-02 1.284072135936810133e+00
2.526405161860213050e-02 1.300420055410944853e+00
2.541007810627042562e-02 1.308494658928674337e+00
2.555694862859406516e-02 1.324919006263838073e+00
2.570466806410236227e-02 1.344232326745903761e+00
2.585324131952258450e-02 1.368612814414201573e+00
2.600267332994290678e-02 1.395607134929696569e+00
2.615296905897638788e-02 1.425566856453122533e+00
2.630413349892583852e-02 1.458258874008340422e+00
2.645617167094958117e-02 1.493813114959099630e+00
2.660908862522835469e-02 1.532225757912349273e+00
2.676288944113292337e-02 1.577406087959730030e+00
2.691757922739292791e-02 1.637199425035883449e+00
2.707316312226650673e-02 1.713126683575290077e+00
2.722964629371095457e-02 1.803105204364905179e+00
2.738703393955444973e-02 1.908128549598108625e+00
2.754533128766867636e-02 2.028510073505118694e+00
2.770454359614242176e-02 2.165403836787476166e+00
2.786467615345633933e-02 2.319986828505030019e+00
2.802573427865854422e-02 2.458000259951464539e+00
2.818772332154127064e-02 2.538192193136297625e+00
2.835064866281864979e-02 2.569718685810820968e+00
2.851451571430539678e-02 2.566829712663918794e+00
2.867932991909653145e-02 2.541528269270219909e+00
2.884509675174826843e-02 2.503127090496124474e+00
2.901182171845980567e-02 2.457908546518229542e+00
2.917951035725619563e-02 2.396032550229032054e+00
2.934816823817239240e-02 2.286266856218969856e+00
2.951780096343814899e-02 2.140534210808591631e+00
2.968841416766421215e-02 1.989394294230401039e+00
2.986001351802944001e-02 1.843654006033919490e+00
3.003260471446899879e-02 1.710482279583681375e+00
3.020619348986378766e-02 1.591999988023245383e+00
3.038078561023081769e-02 1.490633715940287152e+00
3.055638687491469066e-02 1.410193392207109486e+00
3.073300311678033025e-02 1.344423396398476411e+00
3.091064020240668481e-02 1.286961109083712085e+00
3.108930403228154019e-02 1.236465221301754180e+00
3.126900054099761295e-02 1.192010955934150518e+00
3.144973569744963920e-02 1.153143567207777664e+00
3.163151550503255638e-02 1.120222266069472283e+00
3.181434600184106232e-02 1.093392265455190193e+00
3.199823326087009728e-02 1.071063865855524710e+00
3.218318339021652985e-02 1.052136506071656319e+00
3.236920253328214730e-02 1.036560507993915969e+00
3.255629686897762443e-02 1.024347335801458092e+00
3.274447261192782455e-02 1.015607809892775215e+00
3.293373601267822470e-02 1.009474474045186199e+00
3.312409335790250653e-02 1.003895240190058491e+00
3.331555097061136145e-02 9.987898590733113036e-01
3.350811521036261426e-02 9.951289645300150921e-01
3.370179247347232510e-02 9.939863680076292951e-01
3.389658919322740410e-02 9.960766700067765766e-01
3.409251184009919750e-02 1.000352808831357354e+00
3.428956692195841288e-02 1.004285022281307116e+00
3.448776098429136294e-02 1.007590527270817660e+00
3.468710061041735404e-02 1.011037423803232249e+00
3.488759242170727526e-02 1.015153064119651782e+00
3.508924307780367929e-02 1.020304301953016246e+00
3.529205927684192501e-02 1.023659485052195839e+00
3.549604775567258980e-02 1.020655870113750474e+00
3.570121529008542238e-02 1.013058940727453061e+00
3.590756869503420462e-02 1.004938480493106301e+00
3.611511482486330638e-02 9.985987894207384308e-01
3.632386057353523962e-02 9.958894217472551436e-01
3.653381287485973905e-02 9.957900655279172675e-01
3.674497870272393912e-02 9.933558381541389704e-01
3.695736507132423021e-02 9.862021903618107821e-01
3.717097903539903075e-02 9.765034947972118795e-01
3.738582769046329413e-02 9.682416430199609625e-01
3.760191817304411876e-02 9.640648604147182832e-01
3.781925766091774610e-02 9.638470410107851105e-01
3.803785337334809891e-02 9.654252763410370308e-01
3.825771257132654091e-02 9.687842808332679523e-01
3.847884255781295476e-02 9.753761838470319523e-01
3.870125067797849233e-02 9.873371440980935887e-01
3.892494431944945599e-02 1.003558957601530244e+00
3.914993091255265789e-02 1.013207975056459986e+00
3.937621793056233360e-02 1.005481118306413180e+00
3.960381288994833243e-02 9.811579515338870738e-01
3.983272335062570252e-02 9.513778354838796636e-01
4.006295691620595512e-02 9.261795697025697605e-01
4.029452123424955012e-02 9.061096133963155719e-01
4.052742399651988042e-02 8.868459710239189331e-01
4.076167293923887297e-02 8.694089545301190158e-01
4.099727584334383890e-02 8.548800181484779159e-01
4.123424053474603751e-02 8.440998683503168065e-01
4.147257488459059338e-02 8.369156494135768787e-01
4.171228680951784978e-02 8.317185548635949166e-01
4.195338427192649156e-02 8.282487299728716890e-01
4.219587528023795858e-02 8.267163513592372670e-01
4.243976788916238585e-02 8.275685220097122041e-01
4.268507019996626434e-02 8.294601115701836225e-01
4.293179036074151744e-02 8.311185961545161094e-01
4.317993656667604152e-02 8.336025016379633445e-01
4.342951706032609216e-02 8.378786404625442330e-01
4.368054013188996804e-02 8.448106474578878089e-01
4.393301411948334623e-02 8.519337241058043686e-01
4.418694740941636612e-02 8.563206833288774522e-01
4.444234843647213579e-02 8.594351186658152342e-01
4.469922568418681352e-02 8.628514440538181951e-01
4.495758768513159753e-02 8.677542913388378576e-01
4.521744302119593689e-02 8.721909286715798792e-01
4.547880032387276866e-02 8.748811893798058570e-01
4.574166827454511502e-02 8.772810242161211969e-01
4.600605560477452616e-02 8.803343172642356107e-01
4.627197109659098723e-02 8.840525327033035285e-01
4.653942358278480296e-02 8.871746108263443009e-01
4.680842194719982141e-02 8.907972914391258934e-01
4.707897512502866311e-02 8.970490904713102065e-01
4.735109210310945588e-02 9.068127497177838059e-01
4.762478192022426976e-02 9.135231159161429915e-01
4.790005366739954334e-02 9.112341014783199578e-01
4.817691648820784933e-02 9.040689895068374504e-01
4.845537957907175564e-02 8.954441053896980973e-01
4.873545218956924774e-02 8.874459297329977403e-01
4.901714362274099679e-02 8.790847217364090582e-01
4.930046323539925834e-02 8.714954351362146356e-01
4.958542043843887359e-02 8.660614142170423024e-01
4.987202469714965836e-02 8.632565117172725788e-01
5.016028553153097091e-02 8.617394186758440267e-01
5.045021251660784106e-02 8.607038211588990961e-01
5.074181528274907677e-02 8.609063549906262880e-01
5.103510351598705003e-02 8.632488689311695884e-01
5.133008695833959217e-02 8.677504699457865289e-01
5.162677540813340182e-02 8.740978038042572784e-01
5.192517872032970105e-02 8.829940068280498489e-01
5.222530680685147364e-02 8.945002213059880525e-01
5.252716963691266006e-02 9.039467049291907141e-01
5.283077723734942721e-02 9.093119407734367998e-01
5.313613969295318679e-02 9.139778616892663132e-01
5.344326714680543849e-02 9.168095139403963367e-01
5.375216980061491706e-02 9.138937910421341959e-01
5.406285791505632127e-02 9.067095721053944901e-01
5.437534181011107609e-02 8.999648133695721253e-01
5.468963186541032917e-02 8.961663486764235298e-01
5.500573852057948770e-02 8.946683626002521761e-01
5.532367227558519784e-02 8.942403665784889322e-01
5.564344369108398941e-02 8.964605959413857184e-01
5.596506338877313413e-02 9.016959044218822994e-01
5.628854205174332881e-02 9.065987517069021839e-01
5.661389042483377931e-02 9.094418681371864155e-01
5.694111931498885282e-02 9.122314850647502693e-01
5.727023959161724881e-02 9.146045701497053093e-01
5.760126218695296035e-02 9.147268547273519346e-01
5.793419809641841417e-02 9.136988999965099945e-01
5.826905837898961604e-02 9.130836557152254285e-01
5.860585415756369709e-02 9.111309238659306420e-01
5.894459661932811845e-02 9.067783571803206266e-01
5.928529701613251268e-02 9.029989994524293406e-01
5.962796666486229469e-02 9.000718123750129918e-01
5.997261694781454155e-02 8.947218621029725538e-01
6.031925931307623168e-02 8.858256590791798724e-01
6.066790527490428103e-02 8.766428515765276597e-01
6.101856641410823012e-02 8.706967639884600763e-01
6.137125437843479747e-02 8.669021206883628095e-01
6.172598088295483398e-02 8.648462112266789292e-01
6.208275771045231733e-02 8.656678107327422378e-01
6.244159671181598315e-02 8.683657142270710949e-01
6.280250980643269088e-02 8.716177197138612609e-01
6.316550898258359303e-02 8.760276072952430937e-01
6.353060629784218483e-02 8.814616282144154269e-01
6.389781387947492119e-02 8.891005929242787875e-01
6.426714392484385308e-02 9.024028621364019731e-01
6.463860870181208085e-02 9.194500965389533764e-01
6.501222054915094251e-02 9.257783234321668164e-01
6.538799187695008841e-02 9.150746014950346119e-01
6.576593516702965159e-02 9.040269541832712807e-01
6.614606297335466623e-02 8.975076576374850790e-01
6.652838792245242827e-02 8.933308750322420666e-01
6.691292271383147972e-02 8.916800332340125701e-01
6.729968012040381253e-02 8.894139471544982856e-01
6.768867298890894613e-02 8.870026481390286266e-01
6.807991424034069705e-02 8.888789521272942862e-01
6.847341687037629410e-02 8.949778954374203455e-01
6.886919394980822728e-02 9.048867676198492083e-01
6.926725862497820629e-02 9.234587378499320431e-01
6.966762411821400547e-02 9.477475120849950807e-01
7.007030372826857090e-02 9.475717280046280777e-01
7.047531083076181979e-02 9.188577806159774486e-01
7.088265887862478520e-02 9.045046283147035737e-01
7.129236140254673060e-02 8.979853317689171499e-01
7.170443201142430445e-02 8.947486118543327427e-01
7.211888439281383123e-02 8.851492725090719382e-01
7.253573231338585059e-02 8.638144351027854384e-01
7.295498961938230720e-02 8.404733663444837743e-01
7.337667023707672431e-02 8.208505130252500281e-01
7.380078817323644513e-02 8.030313572263043653e-01
7.422735751558823258e-02 7.874973944721301855e-01
7.465639243328600627e-02 7.749059043675781133e-01
7.508790717738160481e-02 7.643894306899674529e-01
7.552191608129793510e-02 7.562613276695174802e-01
7.595843356130543844e-02 7.499178152040982814e-01
7.639747411700059665e-02 7.454926420505105789e-01
7.683905233178781047e-02 7.417132843226192929e-01
7.728318287336367887e-02 7.372422544524140919e-01
7.772988049420428980e-02 7.334323255801111774e-01
7.817916003205507836e-02 7.306159589011870237e-01
7.863103641042397396e-02 7.294275056621838393e-01
7.908552463907676799e-02 7.307497076579880790e-01
7.954263981453599253e-02 7.339482136420579783e-01
8.000239712058217212e-02 7.387669902799456345e-01
8.046481182875830918e-02 7.459741375749942005e-01
8.092989929887701994e-02 7.538653142262538021e-01
8.139767497953076525e-02 7.605260023149439386e-01
8.186815440860513438e-02 7.684401073245120672e-01
8.234135321379483508e-02 7.776420217924214784e-01
8.281728711312283386e-02 7.875165014373873840e-01
8.329597191546232737e-02 7.944217586813707710e-01
8.377742352106211376e-02 7.976470144168009702e-01
8.426165792207447602e-02 7.972954462560667421e-01
8.474869120308657633e-02 7.959159233644907960e-01
8.523853954165466762e-02 7.982316875536737966e-01
8.573121920884146929e-02 8.046439850940193539e-01
8.622674656975649887e-02 8.159323801680244959e-01
8.672513808409994251e-02 8.279621254940123798e-01
8.722641030670905127e-02 8.298690006266894459e-01
8.773057988810836760e-02 8.281111598230190829e-01
8.823766357506258873e-02 8.293722195300000655e-01
8.874767821113291322e-02 8.360825857283591400e-01
8.926064073723644077e-02 8.491441071782405148e-01
8.977656819220893036e-02 8.684536062672545409e-01
9.029547771337091688e-02 8.895744456626595298e-01
9.081738653709675591e-02 9.061401845407273115e-01
9.134231199938727674e-02 9.168897631944769033e-01
9.187027153644546085e-02 9.183801064845451556e-01
9.240128268525588107e-02 9.173139378231885965e-01
9.293536308416693037e-02 9.219989657042753084e-01
9.347253047347692245e-02 9.323129055501587770e-01
9.401280269602330097e-02 9.447400757534982763e-01
9.455619769777530437e-02 9.565711086408102970e-01
9.510273352842993355e-02 9.653908838035738516e-01
9.565242834201181932e-02 9.668277275909218371e-01
9.620530039747586526e-02 9.629986917533616131e-01
9.676136805931405405e-02 9.517637961820768489e-01
9.732064979816532069e-02 9.349343811834586182e-01
9.788316419142908953e-02 9.144287860693383063e-01
9.844892992388228070e-02 8.925169183122817484e-01
9.901796578830000806e-02 8.742888734568300402e-01
9.959029068607995472e-02 8.637456500278590799e-01
1.001659236278700377e-01 8.584874131890537496e-01
1.007448837341998471e-01 8.481352594126557731e-01
1.013271902361159299e-01 8.399765852477942829e-01
1.019128624758204177e-01 8.346954200506802035e-01
1.025019199073136378e-01 8.308128847103994907e-01
1.030943820970401520e-01 8.285582628100396363e-01
1.036902687245389171e-01 8.296167886852933160e-01
1.042895995830967204e-01 8.305148160523857515e-01
1.048923945804057928e-01 8.360634787631019416e-01
1.054986737392250712e-01 8.484791847872870107e-01
1.061084571980452224e-01 8.666002306372977415e-01
1.067217652117575799e-01 8.865096884353906859e-01
1.073386181523270227e-01 9.083489497244695565e-01
1.079590365094685589e-01 9.296914299168589357e-01
1.085830408913279893e-01 9.546604121150815692e-01
1.092106520251663743e-01 9.921635635220842353e-01
1.098418907580486492e-01 1.045953492114398253e+00
1.104767780575359459e-01 1.062683550893678497e+00
1.111153350123821049e-01 1.058181949879061889e+00
1.117575828332342536e-01 1.069921269333138802e+00
1.124035428533372433e-01 1.095295319194816042e+00
1.130532365292423180e-01 1.134235314389166582e+00
1.137066854415197809e-01 1.185491659388364427e+00
1.143639112954759340e-01 1.242273738739969602e+00
1.150249359218739331e-01 1.282646756328616577e+00
1.156897812776589568e-01 1.310669031574953625e+00
1.163584694466876512e-01 1.343212014801164589e+00
1.170310226404614878e-01 1.389687797092989285e+00
1.177074631988646730e-01 1.448904103818372757e+00
1.183878135909062629e-01 1.492811909979617990e+00
1.190720964154663303e-01 1.499090458763162381e+00
1.197603344020467531e-01 1.481519693512561409e+00
1.204525504115261381e-01 1.445671205296839679e+00
1.211487674369193246e-01 1.404759371287937153e+00
1.218490086041408849e-01 1.366331442762481752e+00
1.225532971727734816e-01 1.333647067993366742e+00
1.232616565368404721e-01 1.305731791752470672e+00
1.239741102255828148e-01 1.278706900092564158e+00
1.246906819042407494e-01 1.252962175104895826e+00
1.254113953748399735e-01 1.230297492916702096e+00
1.261362745769819826e-01 1.209241617203171915e+00
1.268653435886395453e-01 1.187807423577547539e+00
1.275986266269562852e-01 1.168650780210591655e+00
1.283361480490512463e-01 1.159311295592829749e+00
1.290779323528278288e-01 1.160121430919738739e+00
1.298240041777875831e-01 1.166717155326554067e+00
1.305743883058487209e-01 1.177749517066111640e+00
1.313291096621690413e-01 1.193692368876791754e+00
1.320881933159741561e-01 1.212933082890879755e+00
1.328516644813900749e-01 1.223640626221063288e+00
1.336195485182806453e-01 1.213200580404481865e+00
1.343918709330900185e-01 1.205236797285244466e+00
1.351686573796898327e-01 1.207353849035752047e+00
1.359499336602315311e-01 1.213292293837716640e+00
1.367357257260030934e-01 1.220174622723391611e+00
1.375260596782912625e-01 1.225688892896644511e+00
1.383209617692485738e-01 1.217392648581930414e+00
1.391204584027652402e-01 1.194857893757486300e+00
1.399245761353461737e-01 1.169529700612426781e+00
1.407333416769932510e-01 1.147850937831509155e+00
1.415467818920924381e-01 1.130861024324729680e+00
1.423649238003061035e-01 1.116779190930109245e+00
1.431877945774705507e-01 1.105043692869083660e+00
1.440154215564987683e-01 1.091913386344276038e+00
1.448478322282882313e-01 1.074075123580073177e+00
1.456850542426340045e-01 1.051280514028129831e+00
1.465271154091474515e-01 1.021072401956359288e+00
1.473740436981796631e-01 9.853500197113357340e-01
1.482258672417506584e-01 9.494327464206877565e-01
1.490826143344838317e-01 9.163509467742212422e-01
1.499443134345459228e-01 8.878930327200182937e-01
1.508109931645919832e-01 8.631991908215006504e-01
1.516826823127164214e-01 8.444017584013818745e-01
1.525594098334091819e-01 8.312294165530081935e-01
1.534412048485173929e-01 8.200480204844440291e-01
1.543280966482127869e-01 8.112511736799892237e-01
1.552201146919646169e-01 8.061572567423964664e-01
1.561172886095181789e-01 8.050872666879884676e-01
1.570196482018790252e-01 8.074909229173551362e-01
1.579272234423027277e-01 8.134790458289888893e-01
1.588400444772908315e-01 8.262807125513709217e-01
1.597581416275917487e-01 8.463392046784707912e-01
1.606815453892082024e-01 8.612197092208458971e-01
1.616102864344102497e-01 8.572263534820728781e-01
1.625443956127538836e-01 8.430375210820116871e-01
1.634839039521058524e-01 8.330636852177079055e-01
1.644288426596743347e-01 8.314778071013531058e-01
1.653792431230455828e-01 8.400988698254409082e-01
1.663351369112262834e-01 8.548150544666032191e-01
1.672965557756923849e-01 8.687249251739080913e-01
1.682635316514438095e-01 8.836818575773123241e-01
1.692360966580649384e-01 9.025939317889748459e-01
1.702142831007917856e-01 9.210550816205653746e-01
1.711981234715850009e-01 9.272992378666468083e-01
1.721876504502090899e-01 9.237338781496369222e-01
1.731828969053178791e-01 9.180782164334800877e-01
1.741838958955464201e-01 9.141498243765818765e-01
1.751906806706090836e-01 9.166413726461321021e-01
1.762032846724038426e-01 9.244790497946712149e-01
1.772217415361232173e-01 9.356719100423899205e-01
1.782460850913716033e-01 9.519777941929584708e-01
1.792763493632887617e-01 9.781849077398531156e-01
1.803125685736800821e-01 1.016991154177402823e+00
1.813547771421535060e-01 1.061460705117212244e+00
1.824030096872625850e-01 1.098203399306974859e+00
1.834573010276564775e-01 1.116167768041876007e+00
1.845176861832364401e-01 1.119568807857673098e+00
1.855842003763193415e-01 1.116098982966949871e+00
1.866568790328071992e-01 1.109407723733847995e+00
1.877357577833641822e-01 1.098291291347158527e+00
1.888208724646001924e-01 1.079639071862995126e+00
1.899122591202609955e-01 1.055980827481422413e+00
1.910099540024255971e-01 1.034267672163041496e+00
1.921139935727104175e-01 1.021412505937939086e+00
1.932244145034804905e-01 1.020606192004081425e+00
1.943412536790674328e-01 1.031076808965074809e+00
1.954645481969946030e-01 1.045598102560612697e+00
1.965943353692096995e-01 1.049537958796665338e+00
1.977306527233236300e-01 1.035096914455207795e+00
1.988735380038573475e-01 1.011839916344038137e+00
2.000230291734956534e-01 9.882810281818036335e-01
2.011791644143479663e-01 9.704656937759091884e-01
2.023419821292166965e-01 9.612255653774852693e-01
2.035115209428728922e-01 9.591658345227498383e-01
2.046878197033392410e-01 9.633426171279926287e-01
2.058709174831803157e-01 9.690173858094068837e-01
2.070608535808005912e-01 9.561736837634586816e-01
2.082576675217497619e-01 9.337764990888670624e-01
2.094613990600355524e-01 9.189418512631093439e-01
2.106720881794442723e-01 9.155828467708784224e-01
2.118897750948690872e-01 9.234243453124688639e-01
2.131145002536455058e-01 9.387710598071218326e-01
2.143463043368951104e-01 9.548744101259630801e-01
2.155852282608767823e-01 9.649323166373989791e-01
2.168313131783459469e-01 9.691549559592593788e-01
2.180846004799212312e-01 9.734654873213033355e-01
2.193451317954595303e-01 9.792396122220554666e-01
2.206129489954388734e-01 9.848838097590579821e-01
2.218880941923488948e-01 9.928934495949126582e-01
2.231706097420899648e-01 1.004013703374653455e+00
2.244605382453801201e-01 1.003356423769802941e+00
2.257579225491697927e-01 9.899127630147759316e-01
2.270628057480653939e-01 9.747724037449017054e-01
2.283752311857605299e-01 9.681843221241891451e-01
2.296952424564759343e-01 9.712490793514579890e-01
2.310228834064072811e-01 9.789912216737105544e-01
2.323581981351817149e-01 9.858697291663339746e-01
2.337012309973229007e-01 9.895879446054018924e-01
2.350520266037238737e-01 9.968524127962224979e-01
2.364106298231291869e-01 1.013941682522339738e+00
2.377770857836252472e-01 1.039743728405779999e+00
2.391514398741393099e-01 1.073043347456179575e+00
2.405337377459470793e-01 1.105181263018936155e+00
2.419240253141889951e-01 1.094213864961253391e+00
2.433223487593957901e-01 1.037596105510860900e+00
2.447287545290218747e-01 9.797631430701049249e-01
2.461432893389885190e-01 9.386946319460927057e-01
2.475660001752356676e-01 9.172413313552109093e-01
2.489969342952823017e-01 9.067095721053944901e-01
2.504361392297964617e-01 8.930136994089711289e-01
2.518836627841739007e-01 8.718775744413603812e-01
2.533395530401260642e-01 8.531756768475279307e-01
2.548038583572773130e-01 8.415777489363549524e-01
2.562766273747711931e-01 8.352113081126270044e-01
2.577579090128856998e-01 8.337095006434042110e-01
2.592477524746588102e-01 8.361322638380280781e-01
2.607462072475227322e-01 8.419178529179346393e-01
2.622533231049470337e-01 8.488231101619180263e-01
2.637691501080930423e-01 8.527171096813531692e-01
2.652937386074759596e-01 8.562060415373337063e-01
2.668271392446371348e-01 8.628055873372004747e-01
2.683694029538270520e-01 8.728787794208423545e-01
2.699205809636965880e-01 8.844499575806551439e-01
2.714807247989985406e-01 8.897196585986150152e-01
2.730498862822996475e-01 8.827035809561391000e-01
2.746281175357012105e-01 8.747054052994388540e-01
2.762154709825712651e-01 8.717705754359195147e-01
2.778119993492854656e-01 8.686905326364449120e-01
2.794177556669779627e-01 8.588275171706334365e-01
2.810327932733039380e-01 8.437750499409428784e-01
2.826571658142107979e-01 8.326586175542532997e-01
2.842909272457196934e-01 8.265711384232817815e-01
2.859341318357184192e-01 8.208352274530442694e-01
2.875868341657639160e-01 8.128026592588808441e-01
2.892490891328946545e-01 8.010404114464950709e-01
2.909209519514548425e-01 7.902717258274882806e-01
2.926024781549284581e-01 7.850325959539401488e-01
2.942937235977828858e-01 7.840046412230982087e-01
2.959947444573255426e-01 7.768586362168726778e-01
2.977055972355692748e-01 7.484542216653901070e-01
2.994263387611086902e-01 7.104198966242347701e-01
3.011570261910088142e-01 6.852865945247996748e-01
3.028977170127025720e-01 6.715563292909133564e-01
3.046484690459013711e-01 6.599240088422770878e-01
3.064093404445150659e-01 6.522506515949506589e-01
3.081803896985833569e-01 6.518914406481136625e-01
3.099616756362194026e-01 6.548033421533241416e-01
3.117532574255635347e-01 6.590947665501107888e-01
3.135551945767480198e-01 6.669248009125469112e-01
3.153675469438748658e-01 6.759050745834718210e-01
3.171903747270033436e-01 6.842166044703915651e-01
3.190237384741493876e-01 6.936669094866457774e-01
3.208676990832974307e-01 7.051807667506868604e-01
3.227223178044230090e-01 7.237374514085638255e-01
3.245876562415266342e-01 7.447742201568366971e-01
3.264637763546810456e-01 7.519966530240910219e-01
3.283507404620888970e-01 7.507852714267790883e-01
3.302486112421523790e-01 7.501623843593915320e-01
3.321574517355558864e-01 7.520960092434290090e-01
3.340773253473591775e-01 7.569109644882653365e-01
3.360082958491044103e-01 7.606330013203846940e-01
3.379504273809338932e-01 7.635449028255952841e-01
3.399037844537201591e-01 7.710271904203487292e-01
3.418684319512097503e-01 7.822926571360452330e-01
3.438444351321779946e-01 8.009334124410542044e-01
3.458318596325960503e-01 8.197461304333789611e-01
3.478307714678123830e-01 8.319096245161676784e-01
3.498412370347446232e-01 8.410809678396654610e-01
3.518633231140849693e-01 8.398390150979417879e-01
3.538970968725191901e-01 8.320510160590717241e-01
3.559426258649572294e-01 8.316803409330802976e-01
3.579999780367765227e-01 8.290703294789348865e-01
3.600692217260801353e-01 8.152177796674019428e-01
3.621504256659661136e-01 8.049344109659302138e-01
3.642436589868098817e-01 8.071011408261065112e-01
3.663489912185618480e-01 8.109148910914609765e-01
3.684664922930561692e-01 8.091341219294817533e-01
3.705962325463332818e-01 8.038758850906763120e-01
3.727382827209774208e-01 7.899163362737026128e-01
3.748927139684648524e-01 7.712870451478478495e-01
3.770595978515288715e-01 7.589286600194348198e-01
3.792390063465359562e-01 7.537774221860702450e-01
3.814310118458763554e-01 7.488975032593592207e-01
3.836356871603694985e-01 7.395885897860089431e-01
3.858531055216822825e-01 7.278951270485494174e-01
3.880833405847607942e-01 7.147877488820506553e-01
3.903264664302779630e-01 7.031210358959513185e-01
3.925825575670940371e-01 7.000409930964766048e-01
3.948516889347303827e-01 7.037630299285960733e-01
3.971339359058604912e-01 7.136260453944076598e-01
3.994293742888124776e-01 7.250023325085961368e-01
4.017380803300868997e-01 7.170614777476678192e-01
4.040601307168905088e-01 6.934376259035582857e-01
4.063956025796829352e-01 6.752248666203124472e-01
4.087445734947380283e-01 6.663477705617769642e-01
4.111071214867221824e-01 6.583954516216941055e-01
4.134833250312844322e-01 6.469618436117337001e-01
4.158732630576643108e-01 6.408858286599165011e-01
4.182770149513134750e-01 6.456052490784662812e-01
4.206946605565314856e-01 6.626754118393264337e-01
4.231262801791195738e-01 6.881411751342383365e-01
4.255719545890473410e-01 7.168054444132201386e-01
4.280317650231349469e-01 7.460543868290748781e-01
4.305057931877529498e-01 7.644735013370993482e-01
4.329941212615355806e-01 7.731595277430619584e-01
4.354968318981098929e-01 7.851663447107412042e-01
4.380140082288422887e-01 7.873903954666893190e-01
4.405457338655994204e-01 7.763045342244114799e-01
4.430920929035247480e-01 7.538232789026877434e-01
4.456531699238333033e-01 7.261678573892906829e-01
4.482290499966203323e-01 7.041948473434107569e-01
4.508198186836865351e-01 6.937700870990350932e-01
4.534255620413813470e-01 6.927000970446269834e-01
4.560463666234608748e-01 6.918020696775345479e-01
4.586823194839622087e-01 6.936095885908738490e-01
4.613335081800964965e-01 6.978054781613740598e-01
4.640000207751556194e-01 6.867081527399417906e-01
4.666819458414390720e-01 6.647198571218561058e-01
4.693793724631949438e-01 6.421010316502798743e-01
4.720923902395786631e-01 6.349244554996429368e-01
4.748210892876304490e-01 6.453148232065555323e-01
4.775655602452679171e-01 6.633288700511256186e-01
4.803258942742961168e-01 6.758057183641339449e-01
4.831021830634371073e-01 6.749650118928133269e-01
4.858945188313745223e-01 6.686558919648571964e-01
4.887029943298164536e-01 6.609137496426046310e-01
4.915277028465775411e-01 6.486317923752206172e-01
4.943687382086768833e-01 6.332736137014134403e-01
4.972261947854541564e-01 6.230284589304562193e-01
5.001001674917054940e-01 6.200286653850620722e-01
5.029907517908354109e-01 6.223329653950908646e-01
5.058980436980275996e-01 6.267963524791931862e-01
5.088221397834349347e-01 6.337168952953823320e-01
5.117631371753864622e-01 6.451772530567031483e-01
5.147211335636141527e-01 6.527245043333314012e-01
5.176962272024980827e-01 6.503819903927881008e-01
5.206885169143288250e-01 6.422080306557207408e-01
5.236981020925914887e-01 6.388184550190779687e-01
5.267250827052667450e-01 6.469312724673219606e-01
5.297695592981502832e-01 6.601800421767247684e-01
5.328316329981945820e-01 6.695577407250010715e-01
5.359114055168668900e-01 6.751866526897979393e-01
5.390089791535270791e-01 6.751178676148715807e-01
5.421244567988269258e-01 6.657745616040583458e-01
5.452579419381275994e-01 6.582043819691213438e-01
5.484095386549359130e-01 6.540887416527015885e-01
5.515793516343632241e-01 6.434155908599812346e-01
5.547674861666017643e-01 6.370873639667677946e-01
5.579740481504216199e-01 6.412106470692903182e-01
5.611991440966896949e-01 6.579215988833134743e-01
5.644428811319066597e-01 6.732300994474517131e-01
5.677053670017649933e-01 6.899028373309601392e-01
5.709867100747291202e-01 7.142298254965377957e-01
5.742870193456336425e-01 7.268939220690675551e-01
5.776064044393048880e-01 7.280288758053504727e-01
5.809449756142023302e-01 7.284186578965990977e-01
5.843028437660793273e-01 7.195300976589091846e-01
5.876801204316687288e-01 6.935637318742563506e-01
5.910769177923870243e-01 6.651746028949795386e-01
5.944933486780595855e-01 6.441607625050154162e-01
5.979295265706701112e-01 6.354441649546411774e-01
6.013855656081297241e-01 6.357460550057063564e-01
6.048615805880666052e-01 6.389980604924965224e-01
6.083576869716416091e-01 6.452460381316292848e-01
6.118740008873820857e-01 6.525181491085527696e-01
6.154106391350390171e-01 6.557586904161886165e-01
6.189677191894675801e-01 6.577534575890493507e-01
6.225453592045292472e-01 6.579215988833134743e-01
6.261436780170150929e-01 6.489298610332342454e-01
6.297627951505950783e-01 6.366822963033132998e-01
6.334028308197864332e-01 6.363765848591967922e-01
6.370639059339481269e-01 6.452040028080632261e-01
6.407461421012968783e-01 6.522774013463108478e-01
6.444496616329448146e-01 6.608143934232666439e-01
6.481745875469649976e-01 6.708417287902908033e-01
6.519210435724759334e-01 6.788093333025794207e-01
6.556891541537508417e-01 6.888137403112948309e-01
6.594790444543533470e-01 7.001441707088660316e-01
6.632908403612935988e-01 7.124337707623529248e-01
6.671246684892090384e-01 7.179327553634000658e-01
6.709806561845721440e-01 7.172372618280348222e-01
6.748589315299192704e-01 7.150628891817555344e-01
6.787596233481042463e-01 7.210166195559261082e-01
6.826828612065795054e-01 7.464709186716836919e-01
6.866287754216984229e-01 7.687993182713490636e-01
6.905974970630435195e-01 7.617526694844617419e-01
6.945891579577818664e-01 7.503840251563761443e-01
6.986038906950429173e-01 7.348806335466134820e-01
7.026418286303216520e-01 7.145049657962427858e-01
7.067031058899108098e-01 6.993225712028026120e-01
7.107878573753529938e-01 6.879844980191285320e-01
7.148962187679240854e-01 6.808537785851090929e-01
7.190283265331394169e-01 6.793634352950407296e-01
7.231843179252852583e-01 6.764133198593156315e-01
7.273643309919801681e-01 6.740975556701325200e-01
7.315685045787596597e-01 6.854279860677036096e-01
7.357969783336865133e-01 7.017109418599635218e-01
7.400498927119919523e-01 7.111994608067321311e-01
7.443273889807401344e-01 7.153609578397692736e-01
7.486296092235191768e-01 7.116274568284953750e-01
7.529566963451627126e-01 7.025975050479015271e-01
7.573087940764960946e-01 6.967469522861203801e-01
7.616860469791092436e-01 6.952107522794345185e-01
7.660886004501606950e-01 6.960667443229608953e-01
7.705166007272060691e-01 6.964412408420037615e-01
7.749701948930545203e-01 6.939420497863506565e-01
7.794495308806568268e-01 6.873501467725866565e-01
7.839547574780165728e-01 6.705780526697402433e-01
7.884860243331343055e-01 6.493654998411003687e-01
7.930434819589780027e-01 6.407482585100638950e-01
7.976272817384808533e-01 6.421354241877429425e-01
8.022375759295721220e-01 6.443900460881027970e-01
8.068745176702336597e-01 6.453453943509672719e-01
8.115382609835852801e-01 6.532747849327412704e-01
8.162289607830032212e-01 6.696685611234933777e-01
8.209467728772645856e-01 6.796920750974660974e-01
8.256918539757219788e-01 6.796423969877971594e-01
8.304643616935105666e-01 6.706162666002547512e-01
8.352644545567829981e-01 6.618194197957999458e-01
8.400922920079733069e-01 6.691832442059583164e-01
8.449480344110958940e-01 6.927459537612444818e-01
8.498318430570707127e-01 7.160717369473402760e-01
8.547438801690798726e-01 7.308070285537598965e-01
8.596843089079587719e-01 7.320680882607408790e-01
8.646532933776126528e-01 7.235425603629395130e-01
8.696509986304700179e-01 7.144591090796252875e-01
8.746775906729644667e-01 7.074315672579951642e-01
8.797332364710471753e-01 7.078824916380671572e-01
8.848181039557355687e-01 7.093078712462607127e-01
8.899323620286901937e-01 6.990588950822520520e-01
8.950761805678236760e-01 6.919663895787472319e-01
9.002497304329459826e-01 6.885309572254869614e-01
9.054531834714387717e-01 6.939191214280419073e-01
9.106867125239620497e-01 7.050546607799886845e-01
9.159504914301977996e-01 7.171570125739541446e-01
9.212446950346235841e-01 7.251055101209854525e-01
9.265694991923183466e-01 7.281626245621514171e-01
9.319250807748065135e-01 7.145928578364263428e-01
9.373116176759319629e-01 6.971634841287291939e-01
9.427292888177655206e-01 6.843312462619354219e-01
9.481782741565508710e-01 6.843847457646556887e-01
9.536587546886805544e-01 6.860470517420397263e-01
9.591709124567069367e-01 6.876100015000857768e-01
9.647149305553922582e-01 6.816333427676064538e-01
9.702909931377862174e-01 6.710786551594811744e-01
9.758992854213467405e-01 6.776247014566276761e-01
9.815399936940907288e-01 7.139317568385241675e-01
9.872133053207802211e-01 7.623908421240551680e-01
9.929194087491489684e-01 7.933403044478084531e-01
9.986584935161608723e-01 7.941236900233572538e-01
1.004430750254303728e+00 7.825869044010073106e-01
1.010236370697924935e+00 7.669191928900321864e-01
1.016075547689597958e+00 7.462378136955448715e-01
1.021948475186527761e+00 7.321789086592330742e-01
1.027855348266994762e+00 7.240813767831949521e-01
1.033796363136834096e+00 7.138018294747746628e-01
1.039771717135951290e+00 7.029108592781211362e-01
1.045781608744880131e+00 6.983251876163723004e-01
1.051826237591374280e+00 7.084939145263002835e-01
1.057905804457035748e+00 7.243679812620542613e-01
1.064020511283988890e+00 7.463524554870885064e-01
1.070170561181583713e+00 7.681764312039617293e-01
1.076356158433145582e+00 7.602241122638788706e-01
1.082577508502760022e+00 7.382281738596901954e-01
1.088834818042095476e+00 7.247730489255087560e-01
1.095128294897270704e+00 7.192969926827703642e-01
1.101458148115757263e+00 7.133929404182687284e-01
1.107824587953321727e+00 7.104160752311834415e-01
1.114227825881013212e+00 7.206535872160376721e-01
1.120668074592185315e+00 7.381097106750950099e-01
1.127145548009560017e+00 7.659294520897046432e-01
1.133660461292336441e+00 7.935390168864842053e-01
1.140213030843336250e+00 8.064438612212557755e-01
1.146803474316190341e+00 8.055305482819575813e-01
1.153432010622570836e+00 8.038682423045735437e-01
1.160098859939462601e+00 7.949108969919573831e-01
1.166804243716473621e+00 7.866414024286036977e-01
1.173548384683194445e+00 7.865496889953685899e-01
1.180331506856595603e+00 7.858121601364375097e-01
1.187153835548465874e+00 7.863777263080531377e-01
1.194015597372901416e+00 7.792699352323423367e-01
1.200917020253827294e+00 7.600521495765631963e-01
1.207858333432573428e+00 7.427527032326156631e-01
1.214839767475487387e+00 7.454123927964301233e-01
1.221861554281590267e+00 7.474339097206510463e-01
1.228923927090283863e+00 7.355493773306185368e-01
1.236027120489096909e+00 7.347583489689668568e-01
1.243171370421473965e+00 7.467575231505430011e-01
1.250356914194617142e+00 7.630595859080602228e-01
1.257583990487367132e+00 7.781540884613167286e-01
1.264852839358128644e+00 7.943797233578048234e-01
1.272163702252848472e+00 7.928626303163763822e-01
1.279516822013033517e+00 7.902220477178191205e-01
1.286912442883815677e+00 7.842874243089059672e-01
1.294350810522067352e+00 7.758841809887511154e-01
1.301832172004561583e+00 7.770076705458797139e-01
1.309356775836174380e+00 7.939364417638358207e-01
1.316924871958146337e+00 8.121148085096184799e-01
1.324536711756377994e+00 8.455863902473336191e-01
1.332192548069784932e+00 8.793216481055994294e-01
1.339892635198694837e+00 8.736163082797735457e-01
1.347637228913291185e+00 8.551933723786974140e-01
1.355426586462114891e+00 8.515477634076071833e-01
1.363260966580605249e+00 8.295518250034185082e-01
1.371140629499693731e+00 8.022097577202410568e-01
1.379065836954451285e+00 7.955414268454478188e-01
1.387036852192779834e+00 8.111594602467541160e-01
1.395053939984155722e+00 8.284436210184958904e-01
1.403117366628427343e+00 8.133873323957537815e-01
1.411227399964658957e+00 7.853421287911082072e-01
1.419384309380025577e+00 7.750396531243791687e-01
1.427588365818764915e+00 7.857739462059227797e-01
1.435839841791175742e+00 8.018046900567864510e-01
1.444139011382666204e+00 8.184239284375747214e-01
1.452486150262864761e+00 8.139605413534723999e-01
1.460881535694769973e+00 8.092029070044080008e-01
1.469325446543965796e+00 8.061534353493449157e-01
1.477818163287882181e+00 7.910933253335514781e-01
1.486359968025109168e+00 7.759529660636773629e-01
1.494951144484772509e+00 7.844326372448613416e-01
1.503591978035954568e+00 7.907226502075601626e-01
1.512282755697172298e+00 7.918537825507914185e-01
1.521023766145914724e+00 7.969133069509211076e-01
1.529815299728230382e+00 8.014187293585892657e-01
1.538657648468367833e+00 8.059279731593089746e-01
1.547551106078482119e+00 8.260514289682835409e-01
1.556495967968387184e+00 8.558047952669307623e-01
1.565492531255366693e+00 8.926200959246711752e-01
1.574541094774047689e+00 9.466889862097414010e-01
1.583641959086324214e+00 1.000001240670623348e+00
1.592795426491339539e+00 1.055017836432455169e+00
1.602001801035530804e+00 1.077193380310062176e+00
1.611261388522727822e+00 1.044933180169659082e+00
1.620574496524306296e+00 1.043962546334588959e+00
1.629941434389411858e+00 1.044402006535506411e+00
1.639362513255227638e+00 1.033663892060911360e+00
1.648838046057315765e+00 1.072030678297543504e+00
1.658368347540009280e+00 1.117088723767277303e+00
1.667953734266863997e+00 1.153529527905974739e+00
1.677594524631179640e+00 1.177803016568832017e+00
1.687291038866571835e+00 1.149375673659040586e+00
1.697043599057607821e+00 1.064101287715769395e+00
1.706852529150509445e+00 1.018213999953869076e+00
1.716718154963911225e+00 9.907114341625304910e-01
1.726640804199680579e+00 9.678212897843007090e-01
1.736620806453807120e+00 9.726094952777768476e-01
1.746658493227349673e+00 9.885561684815085126e-01
1.756754197937443251e+00 9.722770340822999291e-01
1.766908255928380411e+00 9.536553857425481562e-01
1.777121004482747679e+00 9.075846711141781764e-01
1.787392782832625482e+00 8.785459053161536191e-01
1.797723932170862682e+00 8.993763188396477481e-01
1.808114795662403074e+00 9.173903656842177234e-01
1.818565718455690483e+00 9.081502372857938044e-01
1.829077047694130043e+00 9.071910676298780007e-01
1.839649132527616748e+00 9.397684433935520332e-01
1.850282324124138622e+00 9.675232211262870807e-01
1.860976975681438272e+00 9.584703409873844837e-01
1.871733442438742401e+00 9.488136807463517508e-01
1.882552081688566581e+00 9.494365678137393072e-01
1.893433252788581767e+00 9.542133091280610158e-01
1.904377317173546302e+00 9.442547588359631039e-01
1.915384638367318981e+00 9.540872031573629508e-01
1.926455581994929611e+00 9.768206704204828172e-01
1.937590515794722412e+00 9.708707614393637941e-01
1.948789809630575354e+00 9.433452672897162383e-01
1.960053835504184105e+00 9.336809642625805150e-01
1.971382967567415045e+00 9.529407852419257141e-01
1.982777582134739092e+00 9.599377559191442089e-01
1.994238057695728816e+00 9.249185099955888889e-01
2.005764774927627947e+00 8.977713337580356390e-01
2.017358116708002580e+00 8.945193282712453620e-01
2.029018468127450348e+00 9.023149700962184161e-01
2.040746216502401289e+00 9.036486362711770859e-01
2.052541751387976898e+00 9.213455074924762345e-01
2.064405464590929995e+00 9.375482140306553580e-01
2.076337750182662312e+00 9.430701269900113592e-01
2.088339004512313135e+00 9.454508548610692786e-01
2.100409626219920778e+00 9.298939637485863496e-01
2.112550016249669760e+00 8.968427352465315749e-01
2.124760577863207711e+00 8.999495277973663665e-01
2.137041716653034662e+00 9.354196981009935685e-01
2.149393840555982482e+00 9.648597101694212919e-01
2.161817359866763155e+00 9.828775784070428179e-01
2.174312687251592546e+00 9.701561609387411300e-01
2.186880237761905654e+00 9.570984608819113060e-01
2.199520428848138476e+00 9.698619136737790525e-01
2.212233680373592026e+00 9.731521330910838374e-01
2.225020414628386511e+00 9.610956380137357646e-01
2.237881056343477670e+00 9.599836126357617072e-01
2.250816032704775704e+00 9.693307400396263818e-01
2.263825773367328598e+00 9.766028510165497556e-01
2.276910710469592924e+00 9.868059704639410290e-01
2.290071278647793029e+00 9.738705549847578302e-01
2.303307915050354371e+00 9.793733609788565220e-01
2.316621059352423018e+00 1.015596345713620785e+00
2.330011153770474852e+00 1.047917688142847359e+00
2.343478643077001600e+00 1.066657799667194206e+00
2.357023974615280792e+00 1.058002344405643225e+00
2.370647598314243876e+00 1.058426519034355140e+00
2.384349966703414481e+00 1.043110375684114022e+00
2.398131534927939956e+00 1.004735946661378998e+00
2.411992760763713051e+00 9.882237072860317051e-01
2.425934104632577970e+00 9.618446310518213860e-01
2.439956029617617261e+00 9.649246738512959887e-01
2.454059001478542612e+00 9.758041798687951962e-01
2.468243488667162033e+00 9.857512659817386780e-01
2.482509962342935861e+00 9.948538242303102130e-01
2.496858896388636673e+00 9.661322340555565935e-01
2.511290767426078485e+00 9.534796016621811532e-01
2.525806054831960523e+00 9.770575967896731884e-01
2.540405240753779381e+00 9.908833968498459432e-01
2.555088810125852206e+00 9.850366654811162359e-01
2.569857250685421590e+00 9.733164529922964103e-01
2.584711052988855506e+00 9.691702415314651375e-01
2.599650710427946265e+00 9.604918579116054067e-01
2.614676719246288084e+00 9.613937066717495039e-01
2.629789578555775442e+00 9.978459749896012587e-01
2.644989790353173831e+00 1.050183774222361643e+00
2.660277859536794409e+00 1.075580752442347299e+00
2.675654293923265481e+00 1.083624784815665043e+00
2.691119604264405218e+00 1.080181709676302004e+00
2.706674304264172548e+00 1.070150552916226294e+00
2.722318910595750374e+00 1.051307263779490020e+00
2.738053942918694972e+00 1.067425899670537248e+00
2.753879923896200843e+00 1.092704414705927940e+00
2.769797379212459720e+00 1.077384449962635271e+00
2.785806837590128815e+00 1.095746243574887924e+00
2.801908830807877226e+00 1.167703074733830171e+00
2.818103893718070019e+00 1.255793827356025627e+00
2.834392564264522019e+00 1.255835862679591575e+00
2.850775383500368410e+00 1.208049342571117180e+00
2.867252895606037466e+00 1.190176687269451028e+00
2.883825647907329426e+00 1.179950639463751116e+00
2.900494190893583735e+00 1.164072751334945588e+00
2.917259078235983960e+00 1.096671020693340548e+00
2.934120866805935979e+00 1.066936761359950747e+00
2.951080116693567401e+00 1.047527906051598734e+00
2.968137391226336685e+00 1.041998350306139853e+00
2.985293256987731514e+00 1.041872244335441788e+00
3.002548283836107057e+00 1.046087240871199198e+00
3.019903044923603730e+00 1.052812892641764364e+00
3.037358116715186629e+00 1.052140327464707648e+00
3.054914079007794214e+00 1.051066516017248320e+00
3.072571514949601568e+00 1.055617795141533977e+00
3.090331011059376021e+00 1.074166837013307951e+00
3.108193157245980220e+00 1.085134235070990716e+00
3.126158546827951579e+00 1.082333153964272432e+00
3.144227776553216724e+00 1.067876824050609130e+00
3.162401446618910317e+00 1.038134921931116450e+00
3.180680160691316427e+00 1.025726858693034371e+00
3.199064525925907621e+00 1.045254177185981570e+00
3.217555152987530587e+00 1.062939584228126400e+00
3.236152656070678812e+00 1.089215482849947181e+00
3.254857652919894928e+00 1.101054158523362192e+00
3.273670764850296955e+00 1.110989780457151355e+00
3.292592616768199143e+00 1.094339970931951456e+00
3.311623837191892683e+00 1.061705274272505495e+00
3.330765058272506351e+00 1.061819916064049352e+00
3.350016915815009710e+00 1.055671294644254354e+00
3.369380049299332214e+00 1.045353533405319446e+00
3.388855101901607103e+00 1.052132684678604768e+00
3.408442720515521884e+00 1.040251973681623809e+00
3.428143555773827789e+00 1.037745139839867825e+00
3.447958262069935831e+00 1.094210043568201840e+00
3.467887497579658529e+00 1.117658111331944371e+00
3.487931924283071528e+00 1.055357940414034745e+00
3.508092207986506228e+00 1.052572144879522442e+00
3.528369018344649444e+00 1.037431785609648216e+00
3.548763028882812254e+00 1.011041245196283578e+00
3.569274917019284565e+00 1.006295075026373498e+00
3.589905364087840223e+00 9.846583475690220411e-01
3.610655055360374899e+00 9.764958520111090001e-01
3.631524680069651456e+00 9.846468833898676110e-01
3.652514931432215839e+00 9.597772574109829646e-01
3.673626506671410219e+00 9.425809886794248582e-01
3.694860107040534913e+00 9.700071266097343159e-01
3.716216437846141751e+00 1.018328641745412932e+00
3.737696208471465109e+00 1.035127485599619535e+00
3.759300132399972405e+00 1.035035772166384538e+00
3.781028927239082016e+00 1.078813650963880155e+00
3.802883314743989107e+00 1.121212006869799716e+00
3.824864020841640233e+00 1.142856377113254274e+00
3.846971775654848713e+00 1.156326787619641472e+00
3.869207313526548564e+00 1.158183984642650044e+00
3.891571373044171445e+00 1.104871730181768097e+00
3.914064697064205678e+00 1.106583714268821073e+00
3.936688032736852527e+00 1.152513037354287118e+00
3.959442131530850340e+00 1.131950121344395210e+00
3.982327749258438132e+00 1.156498750306957257e+00
4.005345646100446189e+00 1.156804461751073765e+00
4.028496586631570509e+00 1.170206087182534826e+00
4.051781339845751617e+00 1.200658768409598620e+00
4.075200679181723906e+00 1.208293911726410430e+00
4.098755382548707082e+00 1.246878517366975636e+00
4.122446232352245943e+00 1.282478615034352565e+00
4.146274015520188705e+00 1.321445359980063294e+00
4.170239523528843861e+00 1.327914978416180780e+00
4.194343552429258715e+00 1.375605963698368628e+00
4.218586902873665778e+00 1.366140373109908879e+00
4.242970380142073950e+00 1.348577250645410786e+00
4.267494794169023997e+00 1.354167948679692923e+00
4.292160959570472833e+00 1.280216350347889831e+00
4.316969695670882068e+00 1.245411102435215911e+00
4.341921826530410478e+00 1.213838753044075069e+00
4.367018180972294772e+00 1.212057983882095957e+00
4.392259592610382235e+00 1.232873111833384439e+00
4.417646899876805477e+00 1.233973673032203955e+00
4.443180946049855251e+00 1.200127594775446171e+00
4.468862579281975833e+00 1.237458783495133163e+00
4.494692652627942486e+00 1.324181477404906992e+00
4.520672024073195239e+00 1.312415408199469669e+00
4.546801556562344082e+00 1.307699809173971106e+00
4.573082118027814502e+00 1.347048693424827803e+00
4.599514581418703507e+00 1.342161131712013900e+00
4.626099824729760002e+00 1.324972505766558450e+00
4.652838731030551678e+00 1.283502748372143065e+00
4.679732188494796219e+00 1.265572772174704985e+00
4.706781090429870140e+00 1.256584855717677307e+00
4.733986335306464177e+00 1.281248126471783211e+00
4.761348826788450062e+00 1.267663074173852156e+00
4.788869473762884077e+00 1.254372269140883622e+00
4.816549190370198019e+00 1.298367967342312301e+00
4.844388896034566017e+00 1.363893393995651904e+00
4.872389515494448098e+00 1.378930575653136703e+00
4.900551978833287414e+00 1.428543721640207709e+00
4.928877221510434836e+00 1.469245379031280274e+00
4.957366184392200559e+00 1.475852567617250255e+00
4.986019813783113541e+00 1.458476693412273262e+00
5.014839061457356806e+00 1.497153012486073465e+00
5.043824884690362609e+00 1.537361710173507978e+00
5.072978246290641202e+00 1.510508781200917028e+00
5.102300114631742822e+00 1.527892298191996678e+00
5.131791463684423960e+00 1.542207236562756156e+00
5.161453273049005475e+00 1.614576778171255889e+00
5.191286527987911903e+00 1.665393662969536059e+00
5.221292219458380401e+00 1.718319956732220488e+00
5.251471344145405951e+00 1.743816291171544020e+00
5.281824904494829553e+00 1.732333005051914565e+00
5.312353908746639597e+00 1.705770501951234364e+00
5.343059370968462396e+00 1.797483935186211523e+00
5.373942311089249912e+00 1.916745790929144766e+00
5.405003754933139781e+00 1.885704615172156373e+00
5.436244734253559585e+00 1.979546564336795322e+00
5.467666286767478567e+00 1.859505144411364608e+00
5.499269456189878724e+00 1.857991872762987606e+00
5.531055292268432844e+00 1.836057076647622299e+00
5.563024850818350409e+00 1.736005363774365318e+00
5.595179193757479297e+00 1.741504348375412459e+00
5.627519389141558470e+00 1.825773707946150681e+00
5.660046511199702479e+00 1.758910793724800969e+00
5.692761640370078702e+00 1.639744472808154052e+00
5.725665863335805739e+00 1.575117073521906663e+00
5.758760273061025892e+00 1.547431080864098085e+00
5.792045968827241431e+00 1.468068389971431298e+00
5.825524056269808071e+00 1.474056512883065162e+00
5.859195647414667363e+00 1.504631478687775692e+00
5.893061860715279821e+00 1.499082815977059502e+00
5.927123821089786304e+00 1.540468502724342992e+00
5.961382659958350594e+00 1.535726153947484462e+00
5.995839515280771082e+00 1.551286866453018609e+00
6.030495531594262104e+00 1.556334926673993646e+00
6.065351860051475086e+00 1.581594334744127250e+00
6.100409658458743500e+00 1.652496461420867258e+00
6.135670091314512575e+00 1.642614338989798473e+00
6.171134329848062094e+00 1.559667181414864601e+00
6.206803552058381079e+00 1.526543346444832139e+00
6.242678942753306259e+00 1.577834083981492830e+00
6.278761693588877257e+00 1.589435833285717470e+00
6.315053003108923591e+00 1.676693522222695298e+00
6.351554076784851510e+00 1.732195434902062292e+00
6.388266127055725718e+00 1.799474880966020818e+00
6.425190373368511843e+00 1.790861461028036006e+00
6.462328042218596025e+00 1.765594410171799744e+00
6.499680367190518560e+00 1.866142904141746106e+00
6.537248588998957999e+00 1.847620612021332098e+00
6.575033955529916874e+00 1.768601846503296882e+00
6.613037721882214726e+00 1.801270935700205911e+00
6.651261150409145451e+00 1.847922502072397499e+00
6.689705510760421525e+00 1.863594034976424174e+00
6.728372079924347382e+00 1.811626910869655438e+00
6.767262142270216607e+00 1.837027710482692422e+00
6.806376989591010229e+00 1.872578130040400302e+00
6.845717921146279750e+00 1.911900264539896810e+00
6.885286243705309062e+00 1.942349124373909275e+00
6.925083271590525058e+00 2.049821982553096333e+00
6.965110326721157818e+00 2.068837234377148171e+00
7.005368738657123728e+00 2.046237515870829249e+00
7.045859844643230119e+00 2.173944650257483513e+00
7.086584989653569089e+00 1.983314457885532400e+00
7.127545526436194656e+00 1.822269490517964163e+00
7.168742815558059256e+00 2.000075087809224161e+00
7.210178225450215805e+00 1.988905155919814316e+00
7.251853132453240036e+00 1.946797225885805727e+00
7.293768920862992111e+00 2.120536860970315463e+00
7.335926982976571864e+00 2.141852591411344431e+00
7.378328719138569802e+00 2.088204054361934237e+00
7.420975537787583676e+00 2.122302344560088372e+00
7.463868855503007715e+00 2.172802053735097605e+00
7.507010097052058128e+00 2.135222474467065812e+00
7.550400695437144982e+00 2.176497340815857218e+00
7.594042091943437711e+00 2.314510772262291738e+00
7.637935736186750368e+00 2.265176587967976829e+00
7.682083086161699548e+00 2.325084566835673883e+00
7.726485608290103890e+00 2.315041945896444187e+00
7.771144777469737974e+00 2.082880853841254432e+00
7.816062077123293150e+00 2.023221265521901735e+00
7.861238999247660786e+00 1.989474543484481606e+00
7.906677044463489068e+00 1.886851033087593610e+00
7.952377722065040011e+00 2.348888024153202192e+00
7.998342550070284496e+00 3.998323549739851490e+00
