2.511886431509579437e-02 9.664457764499183590e-01
2.526405161860213050e-02 9.785469984734734838e-01
2.541007810627042562e-02 9.843375218130394622e-01
2.555694862859406516e-02 9.938035698390229600e-01
2.570466806410236227e-02 9.956127511193514357e-01
2.585324131952258450e-02 9.927689353627531244e-01
2.600267332994290678e-02 9.870927362747086153e-01
2.615296905897638788e-02 9.803504635412257917e-01
2.630413349892583852e-02 9.734538530681888790e-01
2.645617167094958117e-02 9.670516949829824904e-01
2.660908862522835469e-02 9.614526647647151369e-01
2.676288944113292337e-02 9.569139919793099303e-01
2.691757922739292791e-02 9.536700413423861988e-01
2.707316312226650673e-02 9.517694006608405921e-01
2.722964629371095457e-02 9.511606240214883767e-01
2.738703393955444973e-02 9.516979480036396044e-01
2.754533128766867636e-02 9.531327173602349712e-01
2.770454359614242176e-02 9.555106617918830425e-01
2.786467615345633933e-02 9.589946933570019372e-01
2.802573427865854422e-02 9.623158128637026021e-01
2.818772332154127064e-02 9.635619472052875389e-01
2.835064866281864979e-02 9.630932177740491040e-01
2.851451571430539678e-02 9.618756644953447843e-01
2.867932991909653145e-02 9.607267057675532573e-01
2.884509675174826843e-02 9.601407939785054912e-01
2.901182171845980567e-02 9.602236790608584815e-01
2.917951035725619563e-02 9.612611716434165121e-01
2.934816823817239240e-02 9.636762714568090082e-01
2.951780096343814899e-02 9.673174988677700759e-01
2.968841416766421215e-02 9.719590634795446382e-01
2.986001351802944001e-02 9.775523774852360459e-01
3.003260471446899879e-02 9.840602855030996521e-01
3.020619348986378766e-02 9.914799294268477059e-01
3.038078561023081769e-02 9.998541808508005779e-01
3.055638687491469066e-02 1.009374532896256893e+00
3.073300311678033025e-02 1.020263917853683422e+00
3.091064020240668481e-02 1.032688105887786811e+00
3.108930403228154019e-02 1.046978637327979467e+00
3.126900054099761295e-02 1.063467052503673793e+00
3.144973569744963920e-02 1.082607790314667584e+00
3.163151550503255638e-02 1.103554851299701767e+00
3.181434600184106232e-02 1.123664487142340906e+00
3.199823326087009728e-02 1.140750246532235002e+00
3.218318339021652985e-02 1.152379881018263719e+00
3.236920253328214730e-02 1.158379046116856381e+00
3.255629686897762443e-02 1.161028510645868206e+00
3.274447261192782455e-02 1.163152083617880805e+00
3.293373601267822470e-02 1.163646536005711551e+00
3.312409335790250653e-02 1.161780192599622508e+00
3.331555097061136145e-02 1.159610889927001232e+00
3.350811521036261426e-02 1.158270438077910969e+00
3.370179247347232510e-02 1.158404769073448914e+00
3.389658919322740410e-02 1.160179653078320827e+00
3.409251184009919750e-02 1.162926293221125951e+00
3.428956692195841288e-02 1.165824412997196857e+00
3.448776098429136294e-02 1.169597113297407676e+00
3.468710061041735404e-02 1.175170420559082940e+00
3.488759242170727526e-02 1.183073084445509293e+00
3.508924307780367929e-02 1.190212633953029453e+00
3.529205927684192501e-02 1.194399759665005778e+00
3.549604775567258980e-02 1.197289305122212877e+00
3.570121529008542238e-02 1.199650100916132667e+00
3.590756869503420462e-02 1.202854038065023889e+00
3.611511482486330638e-02 1.207684237691808882e+00
3.632386057353523962e-02 1.214826645305617348e+00
3.653381287485973905e-02 1.218039156773372600e+00
3.674497870272393912e-02 1.209339081232583268e+00
3.695736507132423021e-02 1.191713139754249751e+00
3.717097903539903075e-02 1.170225896680776145e+00
3.738582769046329413e-02 1.147818343382554174e+00
3.760191817304411876e-02 1.126579755556140094e+00
3.781925766091774610e-02 1.104040729368668261e+00
3.803785337334809891e-02 1.080155535119530441e+00
3.825771257132654091e-02 1.058285305803459808e+00
3.847884255781295476e-02 1.039404655664677435e+00
3.870125067797849233e-02 1.024130935661399677e+00
3.892494431944945599e-02 1.011778200284497053e+00
3.914993091255265789e-02 1.000111410416724134e+00
3.937621793056233360e-02 9.889562215745095752e-01
3.960381288994833243e-02 9.777210057562302215e-01
3.983272335062570252e-02 9.640621158056942308e-01
4.006295691620595512e-02 9.487455242080958806e-01
4.029452123424955012e-02 9.285387127516635530e-01
4.052742399651988042e-02 9.031444383824415167e-01
4.076167293923887297e-02 8.769613266777206428e-01
4.099727584334383890e-02 8.516870927725961327e-01
4.123424053474603751e-02 8.296653838232592726e-01
4.147257488459059338e-02 8.112134496276827145e-01
4.171228680951784978e-02 7.960483376633502584e-01
4.195338427192649156e-02 7.848074056324948478e-01
4.219587528023795858e-02 7.779136532657459080e-01
4.243976788916238585e-02 7.759844315213200172e-01
4.268507019996626434e-02 7.756071614912988244e-01
4.293179036074151744e-02 7.711485156819587461e-01
4.317993656667604152e-02 7.626256427310279529e-01
4.342951706032609216e-02 7.510989000713685915e-01
4.368054013188996804e-02 7.385946850612001846e-01
4.393301411948334623e-02 7.265077535690853683e-01
4.418694740941636612e-02 7.157155442254519162e-01
4.444234843647213579e-02 7.068439823073804362e-01
4.469922568418681352e-02 7.002731959511798721e-01
4.495758768513159753e-02 6.961546647901163398e-01
4.521744302119593689e-02 6.944169361669889629e-01
4.547880032387276866e-02 6.952457869905200871e-01
4.574166827454511502e-02 6.994986491471214540e-01
4.600605560477452616e-02 7.077471438944005211e-01
4.627197109659098723e-02 7.177933874968558392e-01
4.653942358278480296e-02 7.237925525954487238e-01
4.680842194719982141e-02 7.238097012331770053e-01
4.707897512502866311e-02 7.209001490319537631e-01
4.735109210310945588e-02 7.187422787844846006e-01
4.762478192022426976e-02 7.201113116964551475e-01
4.790005366739954334e-02 7.245813899309473394e-01
4.817691648820784933e-02 7.320353311301517341e-01
4.845537957907175564e-02 7.428904188121220331e-01
4.873545218956924774e-02 7.531424460673161736e-01
4.901714362274099679e-02 7.566121871009949817e-01
4.930046323539925834e-02 7.543171277517000117e-01
4.958542043843887359e-02 7.494926443374909653e-01
4.987202469714965836e-02 7.445709853094887309e-01
5.016028553153097091e-02 7.393520832275304322e-01
5.045021251660784106e-02 7.321010675747766649e-01
5.074181528274907677e-02 7.236982350879435089e-01
5.103510351598705003e-02 7.154440241280882740e-01
5.133008695833959217e-02 7.068525566262444659e-01
5.162677540813340182e-02 6.983725552696342653e-01
5.192517872032970105e-02 6.912444381872662191e-01
5.222530680685147364e-02 6.856339755438465300e-01
5.252716963691266006e-02 6.818384103933313733e-01
5.283077723734942721e-02 6.800578101758834038e-01
5.313613969295318679e-02 6.803464789109753275e-01
5.344326714680543849e-02 6.829016259324817151e-01
5.375216980061491706e-02 6.877489741969950998e-01
5.406285791505632127e-02 6.948456521101946670e-01
5.437534181011107609e-02 7.047632809296883183e-01
5.468963186541032917e-02 7.184764748996971262e-01
5.500573852057948770e-02 7.348762887804620725e-01
5.532367227558519784e-02 7.520563656778616046e-01
5.564344369108398941e-02 7.697394692819558015e-01
5.596506338877313413e-02 7.858992022345255846e-01
5.628854205174332881e-02 7.974373773193370596e-01
5.661389042483377931e-02 8.056744396414640130e-01
5.694111931498885282e-02 8.142430422930034828e-01
5.727023959161724881e-02 8.253124879465766339e-01
5.760126218695296035e-02 8.384311958086734240e-01
5.793419809641841417e-02 8.526045448910564151e-01
5.826905837898961604e-02 8.674381165259763549e-01
5.860585415756369709e-02 8.804910879434482140e-01
5.894459661932811845e-02 8.909746218079734881e-01
5.928529701613251268e-02 9.009208316903474234e-01
5.962796666486229469e-02 9.110613928003080675e-01
5.997261694781454155e-02 9.224395139329893967e-01
6.031925931307623168e-02 9.360412417577647082e-01
6.066790527490428103e-02 9.526582717164205905e-01
6.101856641410823012e-02 9.714360300288336081e-01
6.137125437843479747e-02 9.917743143745156864e-01
6.172598088295483398e-02 1.014907826669899427e+00
6.208275771045231733e-02 1.036889522131203556e+00
6.244159671181598315e-02 1.050294040622104186e+00
6.280250980643269088e-02 1.056756218939359337e+00
6.316550898258359303e-02 1.060937628438759495e+00
6.353060629784218483e-02 1.057736549396156356e+00
6.389781387947492119e-02 1.045981158233453945e+00
6.426714392484385308e-02 1.032216518350260737e+00
6.463860870181208085e-02 1.016185400180652509e+00
6.501222054915094251e-02 9.967502774219907380e-01
6.538799187695008841e-02 9.762919526122110225e-01
6.576593516702965159e-02 9.547246825626723998e-01
6.614606297335466623e-02 9.313739541893978346e-01
6.652838792245242827e-02 9.077174084433030643e-01
6.691292271383147972e-02 8.845753218290551834e-01
6.729968012040381253e-02 8.612931880066935220e-01
6.768867298890894613e-02 8.389113576650638615e-01
6.807991424034069705e-02 8.191875661713101664e-01
6.847341687037629410e-02 8.031850290645825563e-01
6.886919394980822728e-02 7.914953743465049651e-01
6.926725862497820629e-02 7.843986964333053979e-01
6.966762411821400547e-02 7.820121776827932969e-01
7.007030372826857090e-02 7.849760339034891343e-01
7.047531083076181979e-02 7.934388866223711645e-01
7.088265887862478520e-02 8.005955847676197168e-01
7.129236140254673060e-02 8.011043276868904384e-01
7.170443201142430445e-02 7.991122276041275896e-01
7.211888439281383123e-02 8.009499899473363493e-01
7.253573231338585059e-02 8.124824488195717676e-01
7.295498961938230720e-02 8.347213738467994526e-01
7.337667023707672431e-02 8.544480234468412316e-01
7.380078817323644513e-02 8.473199063644731854e-01
7.422735751558823258e-02 8.250038124674685669e-01
7.465639243328600627e-02 8.077808639757484421e-01
7.508790717738160481e-02 7.986006265785687841e-01
7.552191608129793510e-02 7.973230530678154793e-01
7.595843356130543844e-02 7.961312227457034707e-01
7.639747411700059665e-02 7.851761013436517889e-01
7.683905233178781047e-02 7.761101881979936001e-01
7.728318287336367887e-02 7.705311647237425010e-01
7.772988049420428980e-02 7.661411134653153265e-01
7.817916003205507836e-02 7.666127010028417343e-01
7.863103641042397396e-02 7.699995569541673301e-01
7.908552463907676799e-02 7.753928035196959723e-01
7.954263981453599253e-02 7.787396459829891704e-01
8.000239712058217212e-02 7.797142602272102430e-01
8.046481182875830918e-02 7.839614061712354420e-01
8.092989929887701994e-02 7.923871035083729364e-01
8.139767497953076525e-02 8.044025823432868760e-01
8.186815440860513438e-02 8.184416004301320324e-01
8.234135321379483508e-02 8.306628629177847944e-01
8.281728711312283386e-02 8.411606873137502660e-01
8.329597191546232737e-02 8.515556198833462709e-01
8.377742352106211376e-02 8.647800776781005005e-01
8.426165792207447602e-02 8.853841659085700533e-01
8.474869120308657633e-02 9.171491591938301102e-01
8.523853954165466762e-02 9.600064629829676566e-01
8.573121920884146929e-02 1.007576784041080531e+00
8.622674656975649887e-02 1.047141549386397585e+00
8.672513808409994251e-02 1.082890742837183451e+00
8.722641030670905127e-02 1.106584443965022757e+00
8.773057988810836760e-02 1.115444573457942123e+00
8.823766357506258873e-02 1.105704147228306899e+00
8.874767821113291322e-02 1.088741286408798192e+00
8.926064073723644077e-02 1.076059868808771469e+00
8.977656819220893036e-02 1.070552297991721247e+00
9.029547771337091688e-02 1.069806332250543113e+00
9.081738653709675591e-02 1.070160737430259967e+00
9.134231199938727674e-02 1.069431920326810115e+00
9.187027153644546085e-02 1.062721086762495659e+00
9.240128268525588107e-02 1.053280761693104361e+00
9.293536308416693037e-02 1.046046894678078987e+00
9.347253047347692245e-02 1.042419957798558006e+00
9.401280269602330097e-02 1.041736870395716830e+00
9.455619769777530437e-02 1.042182734976650815e+00
9.510273352842993355e-02 1.039570425829383638e+00
9.565242834201181932e-02 1.031304782444376400e+00
9.620530039747586526e-02 1.017905980166051716e+00
9.676136805931405405e-02 9.971818514714845261e-01
9.732064979816532069e-02 9.708815574089540990e-01
9.788316419142908953e-02 9.379961864587830211e-01
9.844892992388228070e-02 9.038418163167228903e-01
9.901796578830000806e-02 8.737573895288294201e-01
9.959029068607995472e-02 8.476257237372932796e-01
1.001659236278700377e-01 8.261384806638197853e-01
1.007448837341998471e-01 8.095300250240279327e-01
1.013271902361159299e-01 7.857448644949714955e-01
1.019128624758204177e-01 7.418672167610043111e-01
1.025019199073136378e-01 7.056149966035237808e-01
1.030943820970401520e-01 6.823557276314663467e-01
1.036902687245389171e-01 6.701773367381342883e-01
1.042895995830967204e-01 6.672334872614545942e-01
1.048923945804057928e-01 6.718178897474683664e-01
1.054986737392250712e-01 6.826672612168624976e-01
1.061084571980452224e-01 6.997415881816045902e-01
1.067217652117575799e-01 7.240526402676602524e-01
1.073386181523270227e-01 7.570952070636735032e-01
1.079590365094685589e-01 8.034136775676256059e-01
1.085830408913279893e-01 8.516928089851720785e-01
1.092106520251663743e-01 8.780502651734632957e-01
1.098418907580486492e-01 8.865988610809865111e-01
1.104767780575359459e-01 8.859214898907213920e-01
1.111153350123821049e-01 8.861301316497481873e-01
1.117575828332342536e-01 8.889682311937703307e-01
1.124035428533372433e-01 8.943300385901307159e-01
1.130532365292423180e-01 8.995860960538334394e-01
1.137066854415197809e-01 9.053851937122636695e-01
1.143639112954759340e-01 9.156086399045773039e-01
1.150249359218739331e-01 9.288559625496357608e-01
1.156897812776589568e-01 9.433808587054476336e-01
1.163584694466876512e-01 9.611011176912863663e-01
1.170310226404614878e-01 9.807677470592793822e-01
1.177074631988646730e-01 9.978677969806136749e-01
1.183878135909062629e-01 1.012304091841496279e+00
1.190720964154663303e-01 1.025917252091423704e+00
1.197603344020467531e-01 1.039333203007476447e+00
1.204525504115261381e-01 1.052937788938539843e+00
1.211487674369193246e-01 1.068551623590094257e+00
1.218490086041408849e-01 1.089127130757683304e+00
1.225532971727734816e-01 1.120206178533814212e+00
1.232616565368404721e-01 1.147092384385392405e+00
1.239741102255828148e-01 1.142470826517634208e+00
1.246906819042407494e-01 1.116616397036037878e+00
1.254113953748399735e-01 1.084757086243272495e+00
1.261362745769819826e-01 1.056361800271609974e+00
1.268653435886395453e-01 1.033657003919431938e+00
1.275986266269562852e-01 1.016374035195663161e+00
1.283361480490512463e-01 1.005218846353448825e+00
1.290779323528278288e-01 1.000331484600902821e+00
1.298240041777875831e-01 1.001720524256889622e+00
1.305743883058487209e-01 1.010632099662993832e+00
1.313291096621690413e-01 1.027346305235443014e+00
1.320881933159741561e-01 1.045200895216819470e+00
1.328516644813900749e-01 1.053706619530022204e+00
1.336195485182806453e-01 1.049165088638329024e+00
1.343918709330900185e-01 1.041788316308901674e+00
1.351686573796898327e-01 1.036823785686578736e+00
1.359499336602315311e-01 1.035491908156352725e+00
1.367357257260030934e-01 1.038592953478874481e+00
1.375260596782912625e-01 1.046181225673616710e+00
1.383209617692485738e-01 1.057142063288244449e+00
1.391204584027652402e-01 1.068342981831067462e+00
1.399245761353461737e-01 1.076597192790922586e+00
1.407333416769932510e-01 1.084156883922784420e+00
1.415467818920924381e-01 1.091950939770265361e+00
1.423649238003061035e-01 1.099030469045736869e+00
1.431877945774705507e-01 1.104923884211672203e+00
1.440154215564987683e-01 1.109122442348800863e+00
1.448478322282882313e-01 1.112983743943940951e+00
1.456850542426340045e-01 1.119105807612919445e+00
1.465271154091474515e-01 1.129112037727342255e+00
1.473740436981796631e-01 1.140258652250692339e+00
1.482258672417506584e-01 1.134468128911126472e+00
1.490826143344838317e-01 1.105189688096459788e+00
1.499443134345459228e-01 1.069128961060277883e+00
1.508109931645919832e-01 1.036126407752297363e+00
1.516826823127164214e-01 1.010166228338043481e+00
1.525594098334091819e-01 9.948925083347656129e-01
1.534412048485173929e-01 9.897993629294810081e-01
1.543280966482127869e-01 9.859380613343410316e-01
1.552201146919646169e-01 9.747314265789420729e-01
1.561172886095181789e-01 9.587546124288066629e-01
1.570196482018790252e-01 9.424548322681230994e-01
1.579272234423027277e-01 9.240143304976985439e-01
1.588400444772908315e-01 9.074230234956350838e-01
1.597581416275917487e-01 8.964736183061595698e-01
1.606815453892082024e-01 8.901543453033063935e-01
1.616102864344102497e-01 8.860615370988351724e-01
1.625443956127538836e-01 8.820458977641412179e-01
1.634839039521058524e-01 8.790134469925322547e-01
1.644288426596743347e-01 8.793935751288413094e-01
1.653792431230455828e-01 8.797279735645419096e-01
1.663351369112262834e-01 8.827518500172866212e-01
1.672965557756923849e-01 8.880850763507665002e-01
1.682635316514438095e-01 8.801566895077476138e-01
1.692360966580649384e-01 8.506210191271577070e-01
1.702142831007917856e-01 8.096557817007017377e-01
1.711981234715850009e-01 7.709141509663397507e-01
1.721876504502090899e-01 7.413241765662770266e-01
1.731828969053178791e-01 7.201513251844877672e-01
1.741838958955464201e-01 7.056064222846596401e-01
1.751906806706090836e-01 6.969149210627345603e-01
1.762032846724038426e-01 6.882377103722496781e-01
1.772217415361232173e-01 6.767938527949435290e-01
1.782460850913716033e-01 6.663932040127712453e-01
1.792763493632887617e-01 6.621374837498819055e-01
1.803125685736800821e-01 6.660873866399511511e-01
1.813547771421535060e-01 6.732097875097432516e-01
1.824030096872625850e-01 6.736184967089325903e-01
1.834573010276564775e-01 6.638209083535365762e-01
1.845176861832364401e-01 6.505249979015814699e-01
1.855842003763193415e-01 6.400471802496322526e-01
1.866568790328071992e-01 6.335135492751762243e-01
1.877357577833641822e-01 6.312642196264900418e-01
1.888208724646001924e-01 6.326532592824767320e-01
1.899122591202609955e-01 6.361144259972912884e-01
1.910099540024255971e-01 6.409617742618046732e-01
1.921139935727104175e-01 6.463378721896051449e-01
1.932244145034804905e-01 6.512052271981346729e-01
1.943412536790674328e-01 6.545292048111235328e-01
1.954645481969946030e-01 6.546892587632535676e-01
1.965943353692096995e-01 6.506507545782551638e-01
1.977306527233236300e-01 6.450460081474116425e-01
1.988735380038573475e-01 6.415705509011568886e-01
2.000230291734956534e-01 6.411075376824945105e-01
2.011791644143479663e-01 6.427109353100842748e-01
2.023419821292166965e-01 6.464264734845343030e-01
2.035115209428728922e-01 6.520140712776496539e-01
2.046878197033392410e-01 6.549179072662967283e-01
2.058709174831803157e-01 6.525742601101051088e-01
2.070608535808005912e-01 6.454061295397045539e-01
2.082576675217497619e-01 6.337364815656433281e-01
2.094613990600355524e-01 6.188714707615549093e-01
2.106720881794442723e-01 6.031976158779517316e-01
2.118897750948690872e-01 5.897816649618990992e-01
2.131145002536455058e-01 5.808872381935231699e-01
2.143463043368951104e-01 5.773803417780999370e-01
2.155852282608767823e-01 5.791723744207000202e-01
2.168313131783459469e-01 5.849200261659455169e-01
2.180846004799212312e-01 5.920938729489221286e-01
2.193451317954595303e-01 5.992877264759151057e-01
2.206129489954388734e-01 6.055727022033118301e-01
2.218880941923488948e-01 6.111488675712749563e-01
2.231706097420899648e-01 6.178139714349807354e-01
2.244605382453801201e-01 6.279888298203978314e-01
2.257579225491697927e-01 6.428424081993340256e-01
2.270628057480653939e-01 6.591250397222894186e-01
2.283752311857605299e-01 6.760193059908851110e-01
2.296952424564759343e-01 6.905556345718488753e-01
2.310228834064072811e-01 6.924734238911226525e-01
2.323581981351817149e-01 6.768824540898726871e-01
2.337012309973229007e-01 6.499133631559412816e-01
2.350520266037238737e-01 6.250764195128866163e-01
2.364106298231291869e-01 6.102685708345589877e-01
2.377770857836252472e-01 6.111174284021064773e-01
2.391514398741393099e-01 6.260538918633956618e-01
2.405337377459470793e-01 6.280488500524467055e-01
2.419240253141889951e-01 5.999622395598921409e-01
2.433223487593957901e-01 5.598973056141682836e-01
2.447287545290218747e-01 5.249769629869137644e-01
2.461432893389885190e-01 5.011632213949769321e-01
2.475660001752356676e-01 4.879016082184782221e-01
2.489969342952823017e-01 4.832457530752635178e-01
2.504361392297964617e-01 4.859037919231393166e-01
2.518836627841739007e-01 4.954069953308674057e-01
2.533395530401260642e-01 5.111265799150791489e-01
2.548038583572773130e-01 5.286181903978748320e-01
2.562766273747711931e-01 5.411281216206194067e-01
2.577579090128856998e-01 5.461240914121107126e-01
2.592477524746588102e-01 5.429230123695075738e-01
2.607462072475227322e-01 5.361435842542802144e-01
2.622533231049470337e-01 5.323851744855095935e-01
2.637691501080930423e-01 5.333112009228341277e-01
2.652937386074759596e-01 5.381814140376517397e-01
2.668271392446371348e-01 5.452895243760035315e-01
2.683694029538270520e-01 5.512772570494441915e-01
2.699205809636965880e-01 5.573135775297815009e-01
2.714807247989985406e-01 5.665223959898415540e-01
2.730498862822996475e-01 5.767372678632912697e-01
2.746281175357012105e-01 5.861432956572258934e-01
2.762154709825712651e-01 5.902446781805612552e-01
2.778119993492854656e-01 5.794410364117755785e-01
2.794177556669779627e-01 5.514315947889982805e-01
2.810327932733039380e-01 5.181660957025180370e-01
2.826571658142107979e-01 4.896936408610783609e-01
2.842909272457196934e-01 4.683350125705665890e-01
2.859341318357184192e-01 4.549219197608018739e-01
2.875868341657639160e-01 4.512263883303680445e-01
2.892490891328946545e-01 4.566596483839292508e-01
2.909209519514548425e-01 4.641478868585901529e-01
2.926024781549284581e-01 4.696040117624556420e-01
2.942937235977828858e-01 4.750687109851853274e-01
2.959947444573255426e-01 4.773466216967520159e-01
2.977055972355692748e-01 4.857751771401775942e-01
2.994263387611086902e-01 5.075539470550310961e-01
3.011570261910088142e-01 5.288182578380375976e-01
3.028977170127025720e-01 5.420341413139275755e-01
3.046484690459013711e-01 5.503026428052231189e-01
3.064093404445150659e-01 5.595200355841472017e-01
3.081803896985833569e-01 5.670940172474492336e-01
3.099616756362194026e-01 5.627296889456144813e-01
3.117532574255635347e-01 5.502540549983263585e-01
3.135551945767480198e-01 5.375812117171636650e-01
3.153675469438748658e-01 5.231420587499930885e-01
3.171903747270033436e-01 4.999085127345280211e-01
3.190237384741493876e-01 4.750029745405604520e-01
3.208676990832974307e-01 4.587803632496538220e-01
3.227223178044230090e-01 4.535042990419347331e-01
3.245876562415266342e-01 4.510977735474063222e-01
3.264637763546810456e-01 4.466048304626097365e-01
3.283507404620888970e-01 4.345664867773915696e-01
3.302486112421523790e-01 4.148055399018932832e-01
3.321574517355558864e-01 3.940585463570217550e-01
3.340773253473591775e-01 3.781360362263591623e-01
3.360082958491044103e-01 3.693902309849613208e-01
3.379504273809338932e-01 3.620591883561425917e-01
3.399037844537201591e-01 3.492720208234582624e-01
3.418684319512097503e-01 3.365505897353988640e-01
3.438444351321779946e-01 3.290852161110422447e-01
3.458318596325960503e-01 3.253639617240161042e-01
3.478307714678123830e-01 3.232804022400360133e-01
3.498412370347446232e-01 3.243293272477462130e-01
3.518633231140849693e-01 3.320319236940099672e-01
3.538970968725191901e-01 3.459280364664532037e-01
3.559426258649572294e-01 3.569774753760101005e-01
3.579999780367765227e-01 3.602128516940696912e-01
3.600692217260801353e-01 3.635082482441780449e-01
3.621504256659661136e-01 3.676810834247143389e-01
3.642436589868098817e-01 3.623278503472181500e-01
3.663489912185618480e-01 3.514927694092642163e-01
3.684664922930561692e-01 3.441531524615812909e-01
3.705962325463332818e-01 3.460766579934312359e-01
3.727382827209774208e-01 3.542879973589658227e-01
3.748927139684648524e-01 3.635596941573627783e-01
3.770595978515288715e-01 3.741489779545454919e-01
3.792390063465359562e-01 3.873048411983867623e-01
3.814310118458763554e-01 3.996575765752892195e-01
3.836356871603694985e-01 4.087177735083712404e-01
3.858531055216822825e-01 4.203845633761444378e-01
3.880833405847607942e-01 4.285044433404618935e-01
3.903264664302779630e-01 4.306851784382352832e-01
3.925825575670940371e-01 4.325143664625799023e-01
3.948516889347303827e-01 4.340120141575120605e-01
3.971339359058604912e-01 4.346893853477771796e-01
3.994293742888124776e-01 4.368529718078223434e-01
4.017380803300868997e-01 4.407228477218265716e-01
4.040601307168905088e-01 4.490485113388826832e-01
4.063956025796829352e-01 4.555364126127300906e-01
4.087445734947380283e-01 4.575628099709493912e-01
4.111071214867221824e-01 4.571969723660804785e-01
4.134833250312844322e-01 4.601579704804883986e-01
4.158732630576643108e-01 4.721505844650979444e-01
4.182770149513134750e-01 4.918800921714278629e-01
4.206946605565314856e-01 5.217187218185498354e-01
4.231262801791195738e-01 5.547927277837315652e-01
4.255719545890473410e-01 5.721585815898535543e-01
4.280317650231349469e-01 5.671368888417699372e-01
4.305057931877529498e-01 5.466642735005500242e-01
4.329941212615355806e-01 5.167656236213791221e-01
4.354968318981098929e-01 4.892792154493127987e-01
4.380140082288422887e-01 4.762176697129767433e-01
4.405457338655994204e-01 4.679005804147847170e-01
4.430920929035247480e-01 4.576456950533025481e-01
4.456531699238333033e-01 4.562423648658756048e-01
4.482290499966203323e-01 4.601722610119285961e-01
4.508198186836865351e-01 4.614726993729861282e-01
4.534255620413813470e-01 4.683350125705665890e-01
4.560463666234608748e-01 4.774095000350888074e-01
4.586823194839622087e-01 4.877301218411959072e-01
4.613335081800964965e-01 4.907254172310602791e-01
4.640000207751556194e-01 4.674518577275626474e-01
4.666819458414390720e-01 4.349809121891571317e-01
4.693793724631949438e-01 4.085491452373770094e-01
4.720923902395786631e-01 3.894712857647198989e-01
4.748210892876304490e-01 3.710050610377030877e-01
4.775655602452679171e-01 3.578663464315900988e-01
4.803258942742961168e-01 3.551768684145458210e-01
4.831021830634371073e-01 3.600156423601950095e-01
4.858945188313745223e-01 3.632024308713579508e-01
4.887029943298164536e-01 3.613903914847415577e-01
4.915277028465775411e-01 3.596155074798696449e-01
4.943687382086768833e-01 3.584951298149585686e-01
4.972261947854541564e-01 3.621506477573597782e-01
5.001001674917054940e-01 3.737745660308124385e-01
5.029907517908354109e-01 3.875906518271905465e-01
5.058980436980275996e-01 3.985286245915139469e-01
5.088221397834349347e-01 4.077717403270305074e-01
5.117631371753864622e-01 4.181781053217787369e-01
5.147211335636141527e-01 4.349837702954451601e-01
5.176962272024980827e-01 4.588746807571590924e-01
5.206885169143288250e-01 4.759604401470532986e-01
5.236981020925914887e-01 4.813565448188700246e-01
5.267250827052667450e-01 4.789014315174449088e-01
5.297695592981502832e-01 4.657141291044352704e-01
5.328316329981945820e-01 4.464704994670719573e-01
5.359114055168668900e-01 4.272011468731162775e-01
5.390089791535270791e-01 4.117330756422518667e-01
5.421244567988269258e-01 4.015867983197152213e-01
5.452579419381275994e-01 3.919664125541775790e-01
5.484095386549359130e-01 3.829633777468562372e-01
5.515793516343632241e-01 3.829205061525356446e-01
5.547674861666017643e-01 3.891483197541715788e-01
5.579740481504216199e-01 3.989544824284316782e-01
5.611991440966896949e-01 4.166204373947977602e-01
5.644428811319066597e-01 4.410601042638150893e-01
5.677053670017649933e-01 4.508834155758034701e-01
5.709867100747291202e-01 4.458702971465838827e-01
5.742870193456336425e-01 4.385535450492052401e-01
5.776064044393048880e-01 4.416002863522543453e-01
5.809449756142023302e-01 4.432436974678764519e-01
5.843028437660793273e-01 4.360898574289160945e-01
5.876801204316687288e-01 4.224566904349723595e-01
5.910769177923870243e-01 4.041933912544062868e-01
5.944933486780595855e-01 3.924265676665517621e-01
5.979295265706701112e-01 3.935040737371422459e-01
6.013855656081297241e-01 3.992602998012518278e-01
6.048615805880666052e-01 4.047993097874704738e-01
6.083576869716416091e-01 4.149398708974311178e-01
6.118740008873820857e-01 4.219993934288862047e-01
6.154106391350390171e-01 4.175264570881059289e-01
6.189677191894675801e-01 4.155600799619354468e-01
6.225453592045292472e-01 4.216535625680335464e-01
6.261436780170150929e-01 4.280071328463431746e-01
6.297627951505950783e-01 4.331974538654210782e-01
6.334028308197864332e-01 4.353724727506184111e-01
6.370639059339481269e-01 4.409886516066141016e-01
6.407461421012968783e-01 4.544846294987319735e-01
6.444496616329448146e-01 4.710930851385237150e-01
6.481745875469649976e-01 4.830685504854050905e-01
6.519210435724759334e-01 4.840603133673545000e-01
6.556891541537508417e-01 4.742655831182465143e-01
6.594790444543533470e-01 4.623044083028053364e-01
6.632908403612935988e-01 4.563766958614134950e-01
6.671246684892090384e-01 4.501260174094732225e-01
6.709806561845721440e-01 4.310738808934085342e-01
6.748589315299192704e-01 4.048907691886876603e-01
6.787596233481042463e-01 3.812685207180493974e-01
6.826828612065795054e-01 3.763840170717915878e-01
6.866287754216984229e-01 3.892969412811495555e-01
6.905974970630435195e-01 4.085148479619205020e-01
6.945891579577818664e-01 4.255320128009018599e-01
6.986038906950429173e-01 4.406656855960657260e-01
7.026418286303216520e-01 4.492600112041975069e-01
7.067031058899108098e-01 4.526354347303710446e-01
7.107878573753529938e-01 4.574113303376833861e-01
7.148962187679240854e-01 4.626902526516905034e-01
7.190283265331394169e-01 4.714989362314252475e-01
7.231843179252852583e-01 4.870356020132025621e-01
7.273643309919801681e-01 5.007173568140428355e-01
7.315685045787596597e-01 5.112094649974322502e-01
7.357969783336865133e-01 5.344372948003212054e-01
7.400498927119919523e-01 5.644817081001820558e-01
7.443273889807401344e-01 5.803642047428121398e-01
7.486296092235191768e-01 5.837196215249693676e-01
7.529566963451627126e-01 5.797125565091393318e-01
7.573087940764960946e-01 5.671225983103296286e-01
7.616860469791092436e-01 5.553729233602033855e-01
7.660886004501606950e-01 5.585082659581815934e-01
7.705166007272060691e-01 5.598201367443912391e-01
7.749701948930545203e-01 5.477246309334122820e-01
7.794495308806568268e-01 5.148792734712737129e-01
7.839547574780165728e-01 4.728622529308195710e-01
7.884860243331343055e-01 4.534156977470055194e-01
7.930434819589780027e-01 4.615870236245076530e-01
7.976272817384808533e-01 4.704757341803074144e-01
8.022375759295721220e-01 4.718590576237180478e-01
8.068745176702336597e-01 4.790414787255588558e-01
8.115382609835852801e-01 4.825712399912864270e-01
8.162289607830032212e-01 4.706529367701658417e-01
8.209467728772645856e-01 4.518265906508561192e-01
8.256918539757219788e-01 4.439667983587502476e-01
8.304643616935105666e-01 4.478652553356347599e-01
8.352644545567829981e-01 4.492057071847248007e-01
8.400922920079733069e-01 4.589089780326155443e-01
8.449480344110958940e-01 4.833686516456491278e-01
8.498318430570707127e-01 5.120954779467242757e-01
8.547438801690798726e-01 5.418540806177811753e-01
8.596843089079587719e-01 5.647303633472414708e-01
8.646532933776126528e-01 5.745765395095340233e-01
8.696509986304700179e-01 5.850343504174670972e-01
8.746775906729644667e-01 5.854259109789282656e-01
8.797332364710471753e-01 5.862862009716278688e-01
8.848181039557355687e-01 5.784578478486903652e-01
8.899323620286901937e-01 5.451151798924331882e-01
8.950761805678236760e-01 5.156481040627560741e-01
9.002497304329459826e-01 5.066650759994509867e-01
9.054531834714387717e-01 5.138360646761396255e-01
9.106867125239620497e-01 5.221588701869078752e-01
9.159504914301977996e-01 5.113409378866821120e-01
9.212446950346235841e-01 4.846890967507229697e-01
9.265694991923183466e-01 4.550333859060353148e-01
9.319250807748065135e-01 4.400940643384579909e-01
9.373116176759319629e-01 4.486769575214376582e-01
9.427292888177655206e-01 4.682264045316210654e-01
9.481782741565508710e-01 4.844461577162396670e-01
9.536587546886805544e-01 4.838030838014309998e-01
9.591709124567069367e-01 4.685064989478488484e-01
9.647149305553922582e-01 4.466477020569303291e-01
9.702909931377862174e-01 4.304965434232246868e-01
9.758992854213467405e-01 4.252347697469457954e-01
9.815399936940907288e-01 4.419461172131070037e-01
9.872133053207802211e-01 4.817966931872280090e-01
9.929194087491489684e-01 5.289868861090317731e-01
9.986584935161608723e-01 5.538552689212549174e-01
1.004430750254303728e+00 5.537380865634453642e-01
1.010236370697924935e+00 5.511257774161781864e-01
1.016075547689597958e+00 5.441291332230598909e-01
1.021948475186527761e+00 5.242795850526323909e-01
1.027855348266994762e+00 4.792529785908736795e-01
1.033796363136834096e+00 4.437324336431310856e-01
1.039771717135951290e+00 4.418489415993136493e-01
1.045781608744880131e+00 4.613383683774482935e-01
1.051826237591374280e+00 4.755460147352877365e-01
1.057905804457035748e+00 4.779411078046640338e-01
1.064020511283988890e+00 4.779125267417835832e-01
1.070170561181583713e+00 4.811393287409790886e-01
1.076356158433145582e+00 4.846976710695870549e-01
1.082577508502760022e+00 4.951869211466883858e-01
1.088834818042095476e+00 5.064307112838318803e-01
1.095128294897270704e+00 5.043014220992432239e-01
1.101458148115757263e+00 5.047530028927532664e-01
1.107824587953321727e+00 5.069365960968147400e-01
1.114227825881013212e+00 4.972333252489239408e-01
1.120668074592185315e+00 4.781926211580114217e-01
1.127145548009560017e+00 4.726564692780808041e-01
1.133660461292336441e+00 4.782412089649080711e-01
1.140213030843336250e+00 4.819710376707983523e-01
1.146803474316190341e+00 4.894564180391711705e-01
1.153432010622570836e+00 4.889076616318677737e-01
1.160098859939462601e+00 4.793530123109550622e-01
1.166804243716473621e+00 4.655169197705605888e-01
1.173548384683194445e+00 4.496687204033870677e-01
1.180331506856595603e+00 4.474165326484127458e-01
1.187153835548465874e+00 4.692324579450106725e-01
1.194015597372901416e+00 4.893849653819701828e-01
1.200917020253827294e+00 4.945209823815754357e-01
1.207858333432573428e+00 4.967960349868540404e-01
1.214839767475487387e+00 5.047958744870738590e-01
1.221861554281590267e+00 5.101033778639613159e-01
1.228923927090283863e+00 5.109207962623404375e-01
1.236027120489096909e+00 5.050102324586767111e-01
1.243171370421473965e+00 4.952640900164654303e-01
1.250356914194617142e+00 4.952840967604816846e-01
1.257583990487367132e+00 4.943780770671735159e-01
1.264852839358128644e+00 4.845176103734406547e-01
1.272163702252848472e+00 4.778210673405663966e-01
1.279516822013033517e+00 4.714789294874089376e-01
1.286912442883815677e+00 4.777667633210936904e-01
1.294350810522067352e+00 4.820796457097437648e-01
1.301832172004561583e+00 4.693667889405485072e-01
1.309356775836174380e+00 4.687637285137723486e-01
1.316924871958146337e+00 4.864011024172579800e-01
1.324536711756377994e+00 5.083056290087851758e-01
1.332192548069784932e+00 4.984451623150523147e-01
1.339892635198694837e+00 4.726879084472492276e-01
1.347637228913291185e+00 4.577886003677044680e-01
1.355426586462114891e+00 4.560165744691205836e-01
1.363260966580605249e+00 4.637191709153843933e-01
1.371140629499693731e+00 4.692181674135704750e-01
1.379065836954451285e+00 4.694639645543418061e-01
1.387036852192779834e+00 4.752544878939078399e-01
1.395053939984155722e+00 4.906825456367396865e-01
1.403117366628427343e+00 4.955441844326931577e-01
1.411227399964658957e+00 4.731937932602320873e-01
1.419384309380025577e+00 4.455816284114920145e-01
1.427588365818764915e+00 4.351724053104557566e-01
1.435839841791175742e+00 4.292161118061834646e-01
1.444139011382666204e+00 4.261922353534387531e-01
1.452486150262864761e+00 4.325315151003081282e-01
1.460881535694769973e+00 4.491113896772195857e-01
1.469325446543965796e+00 4.472650530151466297e-01
1.477818163287882181e+00 4.331088525704919756e-01
1.486359968025109168e+00 4.383992073096512065e-01
1.494951144484772509e+00 4.530012723352399573e-01
1.503591978035954568e+00 4.655426427271529000e-01
1.512282755697172298e+00 4.688094582143809697e-01
1.521023766145914724e+00 4.796816945340794947e-01
1.529815299728230382e+00 4.690781202054565835e-01
1.538657648468367833e+00 4.518180163319919784e-01
1.547551106078482119e+00 4.406028072577288790e-01
1.556495967968387184e+00 4.382820249518416533e-01
1.565492531255366693e+00 4.483168361291448578e-01
1.574541094774047689e+00 4.581372893348451547e-01
1.583641959086324214e+00 4.473079246094672778e-01
1.592795426491339539e+00 4.238800273664155571e-01
1.602001801035530804e+00 4.030844460146473796e-01
1.611261388522727822e+00 3.965536731464793796e-01
1.620574496524306296e+00 4.082861994588774524e-01
1.629941434389411858e+00 4.137937702759276193e-01
1.639362513255227638e+00 4.339662844569034950e-01
1.648838046057315765e+00 4.514750435774274040e-01
1.658368347540009280e+00 4.427235221234534501e-01
1.667953734266863997e+00 4.337033386784039379e-01
1.677594524631179640e+00 4.304565299351921781e-01
1.687291038866571835e+00 4.326858528398622172e-01
1.697043599057607821e+00 4.252747832349783597e-01
1.706852529150509445e+00 4.152914179708598330e-01
1.716718154963911225e+00 4.205817727100191195e-01
1.726640804199680579e+00 4.378218698394674147e-01
1.736620806453807120e+00 4.418718064496179876e-01
1.746658493227349673e+00 4.273497684000943098e-01
1.756754197937443251e+00 4.185639496706639595e-01
1.766908255928380411e+00 4.189497940195491266e-01
1.777121004482747679e+00 4.279899842086149486e-01
1.787392782832625482e+00 4.628274417535163665e-01
1.797723932170862682e+00 5.059191102582729638e-01
1.808114795662403074e+00 5.079740886793726595e-01
1.818565718455690483e+00 4.763491426022265496e-01
1.829077047694130043e+00 4.382277209323688916e-01
1.839649132527616748e+00 4.025899936268166890e-01
1.850282324124138622e+00 3.992260025257953759e-01
1.860976975681438272e+00 4.171263222077805644e-01
1.871733442438742401e+00 4.621757935198435585e-01
1.882552081688566581e+00 4.992597226071432970e-01
1.893433252788581767e+00 4.895593098655405262e-01
1.904377317173546302e+00 4.673289591571770374e-01
1.915384638367318981e+00 4.511949491611996765e-01
1.926455581994929611e+00 4.372531066881477635e-01
1.937590515794722412e+00 4.380790994053908594e-01
1.948789809630575354e+00 4.546161023879817242e-01
1.960053835504184105e+00 4.618213883401268149e-01
1.971382967567415045e+00 4.501203011968971102e-01
1.982777582134739092e+00 4.503232267433478486e-01
1.994238057695728816e+00 4.668630878322267419e-01
2.005764774927627947e+00 4.787613843093310728e-01
2.017358116708002580e+00 4.786727830144018592e-01
2.029018468127450348e+00 4.636677250021997154e-01
2.040746216502401289e+00 4.226967713631675783e-01
2.052541751387976898e+00 4.019812169874645291e-01
2.064405464590929995e+00 4.038761414564340235e-01
2.076337750182662312e+00 3.975025644341081410e-01
2.088339004512313135e+00 4.008408325785371429e-01
2.100409626219920778e+00 4.133593381201458028e-01
2.112550016249669760e+00 4.013895889858405397e-01
2.124760577863207711e+00 4.064798762848370606e-01
2.137041716653034662e+00 4.233084061088078776e-01
2.149393840555982482e+00 4.559079664301751156e-01
2.161817359866763155e+00 4.930290508992193343e-01
2.174312687251592546e+00 4.896021814598611743e-01
2.186880237761905654e+00 4.827284358371284889e-01
2.199520428848138476e+00 4.726964827661133683e-01
2.212233680373592026e+00 4.661485612602171424e-01
2.225020414628386511e+00 4.706329300261495319e-01
2.237881056343477670e+00 4.578257557494489483e-01
2.250816032704775704e+00 4.369672960593439237e-01
2.263825773367328598e+00 4.177636799100131748e-01
2.276910710469592924e+00 4.345664867773915696e-01
2.290071278647793029e+00 4.691781539255379108e-01
2.303307915050354371e+00 4.517694285250953290e-01
2.316621059352423018e+00 4.562709459287560554e-01
2.330011153770474852e+00 4.551048385632363025e-01
2.343478643077001600e+00 4.385964166435258327e-01
2.357023974615280792e+00 4.535185895733749306e-01
2.370647598314243876e+00 4.439868051027665019e-01
2.384349966703414481e+00 4.141110200738999381e-01
2.398131534927939956e+00 4.156229583002723493e-01
2.411992760763713051e+00 4.368786947644147101e-01
2.425934104632577970e+00 4.543788795660745339e-01
2.439956029617617261e+00 4.536614948877768505e-01
2.454059001478542612e+00 4.345436219270872313e-01
2.468243488667162033e+00 4.158716135473316533e-01
2.482509962342935861e+00 4.391966189640139628e-01
2.496858896388636673e+00 4.803476332991924447e-01
2.511290767426078485e+00 4.929147266476978095e-01
2.525806054831960523e+00 5.064221369649677396e-01
2.540405240753779381e+00 5.006659109008582131e-01
2.555088810125852206e+00 4.885475402395749733e-01
2.569857250685421590e+00 4.981364868359441367e-01
2.584711052988855506e+00 5.161597050883149906e-01
2.599650710427946265e+00 5.348202810429184551e-01
2.614676719246288084e+00 5.488307180668832164e-01
2.629789578555775442e+00 5.409937906250816830e-01
2.644989790353173831e+00 5.181660957025180370e-01
2.660277859536794409e+00 5.166541574761456257e-01
2.675654293923265481e+00 4.992883036700236365e-01
2.691119604264405218e+00 4.858866432854110351e-01
2.706674304264172548e+00 4.809221126630882082e-01
2.722318910595750374e+00 4.763548588148026064e-01
2.738053942918694972e+00 4.654654738573759110e-01
2.753879923896200843e+00 4.589661401583763345e-01
2.769797379212459720e+00 4.711988350711812101e-01
2.785806837590128815e+00 4.994226346655614712e-01
2.801908830807877226e+00 5.005144312675922080e-01
2.818103893718070019e+00 4.773894932910725530e-01
2.834392564264522019e+00 4.614041048220732244e-01
2.850775383500368410e+00 4.858009000967699054e-01
2.867252895606037466e+00 4.962615691109908411e-01
2.883825647907329426e+00 4.936749829203159745e-01
2.900494190893583735e+00 4.891105871783185677e-01
2.917259078235983960e+00 4.653825887750228096e-01
2.934120866805935979e+00 4.539015758159720693e-01
2.951080116693567401e+00 4.704757341803074144e-01
2.968137391226336685e+00 5.144705642720842631e-01
2.985293256987731514e+00 5.846999519817664970e-01
3.002548283836107057e+00 5.984931729278404333e-01
3.019903044923603730e+00 5.813216703493049309e-01
3.037358116715186629e+00 5.774860917107572655e-01
3.054914079007794214e+00 5.537666676263257592e-01
3.072571514949601568e+00 5.846342155371415661e-01
3.090331011059376021e+00 6.089852811112297370e-01
3.108193157245980220e+00 5.741964113732249686e-01
3.126158546827951579e+00 5.309732699792185651e-01
3.144227776553216724e+00 5.127299775426688022e-01
3.162401446618910317e+00 5.326967080709058555e-01
3.180680160691316427e+00 5.386272786185857253e-01
3.199064525925907621e+00 4.967674539239737008e-01
3.217555152987530587e+00 5.039184358566460853e-01
3.236152656070678812e+00 5.124098696384083995e-01
3.254857652919894928e+00 5.034154091499513095e-01
3.273670764850296955e+00 5.294041696270854747e-01
3.292592616768199143e+00 5.288268321569017383e-01
3.311623837191892683e+00 5.086057301690292132e-01
3.330765058272506351e+00 4.991082429738771808e-01
3.350016915815009710e+00 4.628217255409402542e-01
3.369380049299332214e+00 4.491085315709315018e-01
3.388855101901607103e+00 4.466048304626097365e-01
3.408442720515521884e+00 4.511292127165746901e-01
3.428143555773827789e+00 4.544331835855472401e-01
3.447958262069935831e+00 4.934920641178815459e-01
3.467887497579658529e+00 5.169285356797973519e-01
3.487931924283071528e+00 5.238537272157146596e-01
3.508092207986506228e+00 5.633327493723906398e-01
3.528369018344649444e+00 5.792809824596455437e-01
3.548763028882812254e+00 5.951291818268190648e-01
3.569274917019284565e+00 5.948205063477109977e-01
3.589905364087840223e+00 5.932571222081538531e-01
3.610655055360374899e+00 6.101285236264450962e-01
3.631524680069651456e+00 6.106744219274604646e-01
3.652514931432215839e+00 5.445235518908091432e-01
3.673626506671410219e+00 5.488650153423396683e-01
3.694860107040534913e+00 5.837910741821703553e-01
3.716216437846141751e+00 5.919881230162648000e-01
3.737696208471465109e+00 5.878324364734567320e-01
3.759300132399972405e+00 5.680371923225020492e-01
3.781028927239082016e+00 5.813759743687778592e-01
3.802883314743989107e+00 5.867663628280183064e-01
3.824864020841640233e+00 5.764285923841830916e-01
3.846971775654848713e+00 5.689689349724025291e-01
3.869207313526548564e+00 5.489764814875731647e-01
3.891571373044171445e+00 5.517517026932585722e-01
3.914064697064205678e+00 5.577051380912427803e-01
3.936688032736852527e+00 5.673055171127642238e-01
3.959442131530850340e+00 6.102942937911514099e-01
3.982327749258438132e+00 6.529915436281586993e-01
4.005345646100446189e+00 6.382265665441517744e-01
4.028496586631570509e+00 6.202004901854929475e-01
4.051781339845751617e+00 6.567299466529130658e-01
4.075200679181723906e+00 7.129631878700708469e-01
4.098755382548707082e+00 6.980467311527979168e-01
4.122446232352245943e+00 6.582418848792854771e-01
4.146274015520188705e+00 6.410075039624132387e-01
4.170239523528843861e+00 6.374691683778215268e-01
4.194343552429258715e+00 6.632635776273690942e-01
4.218586902873665778e+00 6.090853148313111198e-01
4.242970380142073950e+00 5.786207599071087060e-01
4.267494794169023997e+00 5.730588850705856663e-01
4.292160959570472833e+00 5.899131378511488499e-01
4.316969695670882068e+00 6.110145365757371216e-01
4.341921826530410478e+00 5.902618268182895367e-01
4.367018180972294772e+00 5.699949951298084461e-01
4.392259592610382235e+00 5.844370062032671065e-01
4.417646899876805477e+00 6.212894286812354894e-01
4.443180946049855251e+00 6.526199898107136743e-01
4.468862579281975833e+00 6.590564451713764038e-01
4.494692652627942486e+00 6.421478883713406249e-01
4.520672024073195239e+00 6.335164073814643082e-01
4.546801556562344082e+00 6.293550046260801833e-01
4.573082118027814502e+00 6.295179166844985241e-01
4.599514581418703507e+00 6.043551489246072883e-01
4.626099824729760002e+00 5.843484049083378373e-01
4.652838731030551678e+00 5.776575780880396360e-01
4.679732188494796219e+00 6.007253539387984453e-01
4.706781090429870140e+00 6.225384211291083991e-01
4.733986335306464177e+00 6.255737300070052243e-01
4.761348826788450062e+00 6.469637974666855307e-01
4.788869473762884077e+00 6.543920157092976142e-01
4.816549190370198019e+00 6.316586382942392941e-01
4.844388896034566017e+00 6.292378222682706301e-01
4.872389515494448098e+00 6.459234467778395272e-01
4.900551978833287414e+00 6.524913750277520075e-01
4.928877221510434836e+00 6.347596836167610501e-01
4.957366184392200559e+00 6.464979261417351797e-01
4.986019813783113541e+00 6.726896121653200833e-01
5.014839061457356806e+00 6.672106224111502559e-01
5.043824884690362609e+00 6.645725903072907670e-01
5.072978246290641202e+00 6.633407464971461387e-01
5.102300114631742822e+00 6.667276024484718455e-01
5.131791463684423960e+00 6.650956237580017971e-01
5.161453273049005475e+00 6.446515894796623902e-01
5.191286527987911903e+00 6.346567917903915834e-01
5.221292219458380401e+00 6.175853229319376858e-01
5.251471344145405951e+00 6.300895379421060927e-01
5.281824904494829553e+00 6.669219536760584432e-01
5.312353908746639597e+00 6.648412522983663253e-01
5.343059370968462396e+00 6.522370035681165357e-01
5.373942311089249912e+00 6.548350221839436269e-01
5.405003754933139781e+00 6.242790078585238600e-01
5.436244734253559585e+00 6.390096876670743331e-01
5.467666286767478567e+00 6.742501381985891440e-01
5.499269456189878724e+00 6.743015841117738773e-01
5.531055292268432844e+00 6.915559717726623701e-01
5.563024850818350409e+00 6.847393882756904748e-01
5.595179193757479297e+00 6.776398522562028237e-01
5.627519389141558470e+00 6.693742088711955862e-01
5.660046511199702479e+00 6.217381513684575589e-01
5.692761640370078702e+00 6.058499385132515291e-01
5.725665863335805739e+00 6.401700788200179737e-01
5.758760273061025892e+00 6.454375687088729219e-01
5.792045968827241431e+00 6.373319792759957192e-01
5.825524056269808071e+00 6.266569522901718203e-01
5.859195647414667363e+00 6.567470952906413473e-01
5.893061860715279821e+00 6.946227198197276742e-01
5.927123821089786304e+00 6.625261862050552120e-01
5.961382659958350594e+00 6.866857586578447581e-01
5.995839515280771082e+00 7.332357357711278834e-01
6.030495531594262104e+00 7.494097592551379750e-01
6.065351860051475086e+00 7.557004511951106451e-01
6.100409658458743500e+00 7.687162672308380795e-01
6.135670091314512575e+00 7.517505483050415105e-01
6.171134329848062094e+00 6.603826064890263581e-01
6.206803552058381079e+00 6.521855576549319133e-01
6.242678942753306259e+00 6.699972760419877771e-01
6.278761693588877257e+00 6.529143747583816548e-01
6.315053003108923591e+00 8.183672896666430718e-01
6.351554076784851510e+00 1.024042334366470408e+00
6.388266127055725718e+00 1.330762868773611496e+00
6.425190373368511843e+00 1.330828605218236094e+00
6.462328042218596025e+00 1.138615241135070288e+00
6.499680367190518560e+00 1.028526703132402798e+00
6.537248588998957999e+00 8.476200075247172228e-01
6.575033955529916874e+00 7.887001463968034143e-01
6.613037721882214726e+00 7.674901396332695080e-01
6.651261150409145451e+00 7.225521344664400658e-01
6.689705510760421525e+00 7.033027886165006404e-01
6.728372079924347382e+00 6.851309488371517542e-01
6.767262142270216607e+00 6.501763089344407831e-01
6.806376989591010229e+00 6.168679382536400579e-01
6.845717921146279750e+00 5.996421316556319603e-01
6.885286243705309062e+00 5.711725349204802571e-01
6.925083271590525058e+00 5.457611119135298283e-01
6.965110326721157818e+00 5.496681432092784814e-01
7.005368738657123728e+00 5.617865138705617767e-01
7.045859844643230119e+00 5.777661861269851595e-01
7.086584989653569089e+00 5.990762266106002265e-01
7.127545526436194656e+00 6.063529652199463049e-01
7.168742815558059256e+00 6.162648778268638994e-01
7.210178225450215805e+00 6.237902716832691707e-01
7.251853132453240036e+00 6.172480663899491127e-01
7.293768920862992111e+00 5.832165948182745918e-01
7.335926982976571864e+00 5.371524957739578499e-01
7.378328719138569802e+00 5.273977790128824283e-01
7.420975537787583676e+00 5.450808826169767363e-01
7.463868855503007715e+00 5.512715408368681347e-01
7.507010097052058128e+00 5.953321073732698032e-01
7.550400695437144982e+00 6.069903229221788044e-01
7.594042091943437711e+00 5.732389457667321775e-01
7.637935736186750368e+00 5.695834278243308013e-01
7.682083086161699548e+00 5.580452527395193263e-01
7.726485608290103890e+00 5.578709082559489829e-01
7.771144777469737974e+00 5.956407828523778702e-01
7.816062077123293150e+00 5.838282295639147801e-01
7.861238999247660786e+00 5.910106506657555325e-01
7.906677044463489068e+00 6.097226725335436193e-01
7.952377722065040011e+00 9.383505916384997647e-01
7.998342550070284496e+00 8.357903055985258511e-01
