2.511886431509579437e-02 3.946189423642156857e-01
2.526405161860213050e-02 4.030853074954360848e-01
2.541007810627042562e-02 4.072892646901737912e-01
2.555694862859406516e-02 4.157264044505216138e-01
2.570466806410236227e-02 4.254112427365804305e-01
2.585324131952258450e-02 4.378477620955583127e-01
2.600267332994290678e-02 4.521839305612493920e-01
2.615296905897638788e-02 4.688289033258684624e-01
2.630413349892583852e-02 4.877601993348984477e-01
2.645617167094958117e-02 5.092475912425469264e-01
2.660908862522835469e-02 5.335113933830837318e-01
2.676288944113292337e-02 5.568219988120863828e-01
2.691757922739292791e-02 5.690224670986325783e-01
2.707316312226650673e-02 5.683390430413062244e-01
2.722964629371095457e-02 5.603335395276908271e-01
2.738703393955444973e-02 5.484612946370973630e-01
2.754533128766867636e-02 5.357212810421355664e-01
2.770454359614242176e-02 5.236399623445312512e-01
2.786467615345633933e-02 5.129996792414865947e-01
2.802573427865854422e-02 5.044861038957798582e-01
2.818772332154127064e-02 4.980048158784383117e-01
2.835064866281864979e-02 4.930252623028533732e-01
2.851451571430539678e-02 4.892889110420757803e-01
2.867932991909653145e-02 4.866631238744535404e-01
2.884509675174826843e-02 4.850804576364346477e-01
2.901182171845980567e-02 4.844869577971774866e-01
2.917951035725619563e-02 4.850624727928207758e-01
2.934816823817239240e-02 4.872993377172934459e-01
2.951780096343814899e-02 4.911503423561093817e-01
2.968841416766421215e-02 4.963164886841880952e-01
2.986001351802944001e-02 5.027775437524639734e-01
3.003260471446899879e-02 5.105200189282268486e-01
3.020619348986378766e-02 5.195911244259630024e-01
3.038078561023081769e-02 5.299706272966068221e-01
3.055638687491469066e-02 5.413325522496571507e-01
3.073300311678033025e-02 5.535397648525585135e-01
3.091064020240668481e-02 5.667990908068701872e-01
3.108930403228154019e-02 5.811667327488855284e-01
3.126900054099761295e-02 5.967933137438703461e-01
3.144973569744963920e-02 6.137777504317007971e-01
3.163151550503255638e-02 6.295054961720135678e-01
3.181434600184106232e-02 6.381517097393724081e-01
3.199823326087009728e-02 6.394893324831525394e-01
3.218318339021652985e-02 6.367331551993299366e-01
3.236920253328214730e-02 6.314343706495990638e-01
3.255629686897762443e-02 6.250407587448750801e-01
3.274447261192782455e-02 6.183346601823602740e-01
3.293373601267822470e-02 6.117904252123702591e-01
3.312409335790250653e-02 6.056373605909814994e-01
3.331555097061136145e-02 6.000350818052668789e-01
3.350811521036261426e-02 5.950465358078750322e-01
3.370179247347232510e-02 5.907121884969368519e-01
3.389658919322740410e-02 5.870387841888078384e-01
3.409251184009919750e-02 5.844085008102820611e-01
3.428956692195841288e-02 5.830956072264710244e-01
3.448776098429136294e-02 5.827921129904872766e-01
3.468710061041735404e-02 5.832192530263161645e-01
3.488759242170727526e-02 5.842668701668229936e-01
3.508924307780367929e-02 5.858562807211971091e-01
3.529205927684192501e-02 5.881583407037700439e-01
3.549604775567258980e-02 5.914158455033288186e-01
3.570121529008542238e-02 5.955253822690937948e-01
3.590756869503420462e-02 6.003093506703781612e-01
3.611511482486330638e-02 6.057205404926955250e-01
3.632386057353523962e-02 6.117094934161080300e-01
3.653381287485973905e-02 6.185549745166299962e-01
3.674497870272393912e-02 6.265762147684076355e-01
3.695736507132423021e-02 6.356967785860817566e-01
3.717097903539903075e-02 6.458087569079695722e-01
3.738582769046329413e-02 6.568851724686499693e-01
3.760191817304411876e-02 6.689057923190576682e-01
3.781925766091774610e-02 6.826282279964259736e-01
3.803785337334809891e-02 6.984593865875183827e-01
3.825771257132654091e-02 7.160328269037025128e-01
3.847884255781295476e-02 7.353373084177199370e-01
3.870125067797849233e-02 7.563188765987287621e-01
3.892494431944945599e-02 7.787010144761664643e-01
3.914993091255265789e-02 8.018362676799341004e-01
3.937621793056233360e-02 8.257381248427421161e-01
3.960381288994833243e-02 8.508562070549368084e-01
3.983272335062570252e-02 8.774602869707259778e-01
4.006295691620595512e-02 9.056807547063099317e-01
4.029452123424955012e-02 9.313046606451441667e-01
4.052742399651988042e-02 9.530056225707070894e-01
4.076167293923887297e-02 9.738320714755466234e-01
4.099727584334383890e-02 9.946630165912896393e-01
4.123424053474603751e-02 1.016687705701901923e+00
4.147257488459059338e-02 1.037734468941011068e+00
4.171228680951784978e-02 1.056976003502379857e+00
4.195338427192649156e-02 1.076784060637584917e+00
4.219587528023795858e-02 1.098653630472027798e+00
4.243976788916238585e-02 1.124162883032823856e+00
4.268507019996626434e-02 1.148671728667599368e+00
4.293179036074151744e-02 1.166548663219767246e+00
4.317993656667604152e-02 1.179416818825477664e+00
4.342951706032609216e-02 1.188573352330379418e+00
4.368054013188996804e-02 1.195983107899286191e+00
4.393301411948334623e-02 1.202695950778156053e+00
4.418694740941636612e-02 1.211164564014828082e+00
4.444234843647213579e-02 1.223565113686578387e+00
4.469922568418681352e-02 1.241898413645447841e+00
4.495758768513159753e-02 1.267796588449393358e+00
4.521744302119593689e-02 1.303449292808401161e+00
4.547880032387276866e-02 1.349589409099736015e+00
4.574166827454511502e-02 1.406936331067951684e+00
4.600605560477452616e-02 1.477005281787515445e+00
4.627197109659098723e-02 1.534997410020378039e+00
4.653942358278480296e-02 1.530494454800560122e+00
4.680842194719982141e-02 1.468314106111121786e+00
4.707897512502866311e-02 1.385089242288026323e+00
4.735109210310945588e-02 1.306796721826029239e+00
4.762478192022426976e-02 1.255461233835743373e+00
4.790005366739954334e-02 1.223245882712432619e+00
4.817691648820784933e-02 1.199330536916914269e+00
4.845537957907175564e-02 1.181325460353997547e+00
4.873545218956924774e-02 1.167877293541740524e+00
4.901714362274099679e-02 1.157778803852563154e+00
4.930046323539925834e-02 1.149908186666051657e+00
4.958542043843887359e-02 1.143802332259149290e+00
4.987202469714965836e-02 1.139337594832010803e+00
5.016028553153097091e-02 1.136482500908311710e+00
5.045021251660784106e-02 1.135140381953628097e+00
5.074181528274907677e-02 1.135248291015311217e+00
5.103510351598705003e-02 1.136830957253330165e+00
5.133008695833959217e-02 1.139906365511298647e+00
5.162677540813340182e-02 1.144541958952768779e+00
5.192517872032970105e-02 1.150852390955778848e+00
5.222530680685147364e-02 1.158821924782166501e+00
5.252716963691266006e-02 1.167191621378962374e+00
5.283077723734942721e-02 1.175421935437750864e+00
5.313613969295318679e-02 1.184373891346545360e+00
5.344326714680543849e-02 1.194299276915939290e+00
5.375216980061491706e-02 1.204588855568513805e+00
5.406285791505632127e-02 1.215678759761904759e+00
5.437534181011107609e-02 1.228859402025405778e+00
5.468963186541032917e-02 1.244548929973039231e+00
5.500573852057948770e-02 1.262558502746859324e+00
5.532367227558519784e-02 1.284996843260590049e+00
5.564344369108398941e-02 1.315449679709743247e+00
5.596506338877313413e-02 1.351958912245861066e+00
5.628854205174332881e-02 1.378000965798717337e+00
5.661389042483377931e-02 1.383661695326176666e+00
5.694111931498885282e-02 1.372014260980756628e+00
5.727023959161724881e-02 1.338724315451518265e+00
5.760126218695296035e-02 1.285815153645020414e+00
5.793419809641841417e-02 1.226512379933798247e+00
5.826905837898961604e-02 1.169862370655619266e+00
5.860585415756369709e-02 1.122816267867236650e+00
5.894459661932811845e-02 1.083049530531560389e+00
5.928529701613251268e-02 1.047477757968814815e+00
5.962796666486229469e-02 1.016139167971679580e+00
5.997261694781454155e-02 9.888134462058844054e-01
6.031925931307623168e-02 9.644439831091163873e-01
6.066790527490428103e-02 9.422282050351069582e-01
6.101856641410823012e-02 9.222402994637632911e-01
6.137125437843479747e-02 9.041003365737426689e-01
6.172598088295483398e-02 8.873047407438575673e-01
6.208275771045231733e-02 8.717838207051040733e-01
6.244159671181598315e-02 8.574723813993823107e-01
6.280250980643269088e-02 8.441703414414876150e-01
6.316550898258359303e-02 8.317495588206716972e-01
6.353060629784218483e-02 8.202842210168417303e-01
6.389781387947492119e-02 8.096933962337352630e-01
6.426714392484385308e-02 7.998287095115379497e-01
6.463860870181208085e-02 7.908497763373227851e-01
6.501222054915094251e-02 7.827925663983175131e-01
6.538799187695008841e-02 7.754929679965456568e-01
6.576593516702965159e-02 7.691892803098910880e-01
6.614606297335466623e-02 7.641332911489471247e-01
6.652838792245242827e-02 7.601856179757068288e-01
6.691292271383147972e-02 7.575351016481154387e-01
6.729968012040381253e-02 7.567729938999786521e-01
6.768867298890894613e-02 7.578813098876822085e-01
6.807991424034069705e-02 7.608735382439366646e-01
6.847341687037629410e-02 7.666646578875966345e-01
6.886919394980822728e-02 7.754277729384455586e-01
6.926725862497820629e-02 7.873427318326219337e-01
6.966762411821400547e-02 8.050330736322960368e-01
7.007030372826857090e-02 8.299870441465144744e-01
7.047531083076181979e-02 8.645943794704671337e-01
7.088265887862478520e-02 9.225910039142333208e-01
7.129236140254673060e-02 1.017085620366858345e+00
7.170443201142430445e-02 1.149887953716985933e+00
7.211888439281383123e-02 1.284632650177409463e+00
7.253573231338585059e-02 1.310186864847240118e+00
7.295498961938230720e-02 1.266090276411529159e+00
7.337667023707672431e-02 1.240273033403846092e+00
7.380078817323644513e-02 1.181878494295123483e+00
7.422735751558823258e-02 1.097615005753328044e+00
7.465639243328600627e-02 1.016033507015448034e+00
7.508790717738160481e-02 9.438356004330948901e-01
7.552191608129793510e-02 8.806998069266707141e-01
7.595843356130543844e-02 8.232944342167100027e-01
7.639747411700059665e-02 7.710079976203417784e-01
7.683905233178781047e-02 7.260054226875829464e-01
7.728318287336367887e-02 6.881945370949129615e-01
7.772988049420428980e-02 6.564310551674003014e-01
7.817916003205507836e-02 6.305418727852616367e-01
7.863103641042397396e-02 6.095108462843147334e-01
7.908552463907676799e-02 5.923667941094111766e-01
7.954263981453599253e-02 5.778934912111646227e-01
8.000239712058217212e-02 5.653962730049898466e-01
8.046481182875830918e-02 5.545356755676754679e-01
8.092989929887701994e-02 5.447923865398717203e-01
8.139767497953076525e-02 5.361731502379336600e-01
8.186815440860513438e-02 5.286195159201162452e-01
8.234135321379483508e-02 5.221292354809677905e-01
8.281728711312283386e-02 5.165831593315464154e-01
8.329597191546232737e-02 5.117587250321308234e-01
8.377742352106211376e-02 5.078380291243114186e-01
8.426165792207447602e-02 5.047895981317636060e-01
8.474869120308657633e-02 5.028247539669503663e-01
8.523853954165466762e-02 5.023728847711523837e-01
8.573121920884146929e-02 5.037194999367394788e-01
8.622674656975649887e-02 5.071658455942437138e-01
8.672513808409994251e-02 5.128850258634483072e-01
8.722641030670905127e-02 5.210793702350091650e-01
8.773057988810836760e-02 5.319512081995820818e-01
8.823766357506258873e-02 5.460041153783549150e-01
8.874767821113291322e-02 5.648589758020260421e-01
8.926064073723644077e-02 5.925803641273257316e-01
8.977656819220893036e-02 6.351235116958902083e-01
9.029547771337091688e-02 6.836196425006395572e-01
9.081738653709675591e-02 7.111814153388662518e-01
9.134231199938727674e-02 7.096864252134649220e-01
9.187027153644546085e-02 6.912317275602020139e-01
9.240128268525588107e-02 6.731839369937024919e-01
9.293536308416693037e-02 6.647850150260341540e-01
9.347253047347692245e-02 6.643915965719811023e-01
9.401280269602330097e-02 6.698679814523986753e-01
9.455619769777530437e-02 6.796404958510749994e-01
9.510273352842993355e-02 6.914632824217302742e-01
9.565242834201181932e-02 7.039155385188704539e-01
9.620530039747586526e-02 7.161384878599339476e-01
9.676136805931405405e-02 7.270013334026999008e-01
9.732064979816532069e-02 7.366119842088516556e-01
9.788316419142908953e-02 7.445770218243358274e-01
9.844892992388228070e-02 7.513910294485336427e-01
9.901796578830000806e-02 7.574384331136911896e-01
9.959029068607995472e-02 7.636342117386627493e-01
1.001659236278700377e-01 7.710507116239245784e-01
1.007448837341998471e-01 7.810210593023533265e-01
1.013271902361159299e-01 7.954359114588548385e-01
1.019128624758204177e-01 8.170761745372211449e-01
1.025019199073136378e-01 8.448695022369760999e-01
1.030943820970401520e-01 8.795150553536084104e-01
1.036902687245389171e-01 9.014363316134410553e-01
1.042895995830967204e-01 8.761181680160423646e-01
1.048923945804057928e-01 8.317832804024477555e-01
1.054986737392250712e-01 7.890917578740688221e-01
1.061084571980452224e-01 7.523194970000987025e-01
1.067217652117575799e-01 7.208887346794422557e-01
1.073386181523270227e-01 6.940620923239317897e-01
1.079590365094685589e-01 6.713112651524102414e-01
1.085830408913279893e-01 6.526654785357501876e-01
1.092106520251663743e-01 6.387766830549538311e-01
1.098418907580486492e-01 6.297303067171866608e-01
1.104767780575359459e-01 6.263896220159138606e-01
1.111153350123821049e-01 6.195216598608744851e-01
1.117575828332342536e-01 5.990976218318949664e-01
1.124035428533372433e-01 5.704522621659336989e-01
1.130532365292423180e-01 5.399319825532284955e-01
1.137066854415197809e-01 5.134268192773155937e-01
1.143639112954759340e-01 4.917865561989492873e-01
1.150249359218739331e-01 4.749999527908711494e-01
1.156897812776589568e-01 4.625589372209897299e-01
1.163584694466876512e-01 4.535327938322881725e-01
1.170310226404614878e-01 4.434208155104004678e-01
1.177074631988646730e-01 4.271242990907997417e-01
1.183878135909062629e-01 4.044768847700578318e-01
1.190720964154663303e-01 3.789496473656480124e-01
1.197603344020467531e-01 3.556300495148384533e-01
1.204525504115261381e-01 3.357545492160813327e-01
1.211487674369193246e-01 3.193681085784113027e-01
1.218490086041408849e-01 3.062414208457517883e-01
1.225532971727734816e-01 2.960462626221499471e-01
1.232616565368404721e-01 2.889512418164857377e-01
1.239741102255828148e-01 2.851969057120943285e-01
1.246906819042407494e-01 2.852103943448047185e-01
1.254113953748399735e-01 2.893154348996662684e-01
1.261362745769819826e-01 2.970938797626567762e-01
1.268653435886395453e-01 3.045620860733084245e-01
1.275986266269562852e-01 3.069428297466919586e-01
1.283361480490512463e-01 3.020576966000796948e-01
1.290779323528278288e-01 2.919277334345781183e-01
1.298240041777875831e-01 2.818831982762423083e-01
1.305743883058487209e-01 2.736079221084191104e-01
1.313291096621690413e-01 2.671805886219190684e-01
1.320881933159741561e-01 2.622257642063031691e-01
1.328516644813900749e-01 2.578037407827474814e-01
1.336195485182806453e-01 2.534266794682265012e-01
1.343918709330900185e-01 2.492631881716199926e-01
1.351686573796898327e-01 2.456369940779772609e-01
1.359499336602315311e-01 2.427324418343403400e-01
1.367357257260030934e-01 2.400212266595523058e-01
1.375260596782912625e-01 2.375100928699683533e-01
1.383209617692485738e-01 2.356778869268072729e-01
1.391204584027652402e-01 2.349517488658980635e-01
1.399245761353461737e-01 2.356891274540659498e-01
1.407333416769932510e-01 2.379327366948938705e-01
1.415467818920924381e-01 2.417432754355785252e-01
1.423649238003061035e-01 2.472713667413860006e-01
1.431877945774705507e-01 2.548474821137207691e-01
1.440154215564987683e-01 2.650089187555465520e-01
1.448478322282882313e-01 2.784346045132863878e-01
1.456850542426340045e-01 2.957157911207454748e-01
1.465271154091474515e-01 3.145863882825786217e-01
1.473740436981796631e-01 3.281626971055844333e-01
1.482258672417506584e-01 3.296644315473409859e-01
1.490826143344838317e-01 3.199166463086337564e-01
1.499443134345459228e-01 3.071811289245754972e-01
1.508109931645919832e-01 2.967161980467659110e-01
1.516826823127164214e-01 2.904934421563734603e-01
1.525594098334091819e-01 2.897987775717885128e-01
1.534412048485173929e-01 2.960575031494086518e-01
1.543280966482127869e-01 3.099193213647843392e-01
1.552201146919646169e-01 3.263552203223923920e-01
1.561172886095181789e-01 3.275174908409375640e-01
1.570196482018790252e-01 3.041933967792245230e-01
1.579272234423027277e-01 2.742913461657454643e-01
1.588400444772908315e-01 2.499083944362669174e-01
1.597581416275917487e-01 2.325642608761593344e-01
1.606815453892082024e-01 2.213990451501354484e-01
1.616102864344102497e-01 2.156733453751207841e-01
1.625443956127538836e-01 2.147509477082754359e-01
1.634839039521058524e-01 2.166119294012186502e-01
1.644288426596743347e-01 2.189232066161436729e-01
1.653792431230455828e-01 2.214610928606032259e-01
1.663351369112262834e-01 2.237390981148426050e-01
1.672965557756923849e-01 2.235635210790624106e-01
1.682635316514438095e-01 2.190075105705835967e-01
1.692360966580649384e-01 2.104064839228045047e-01
1.702142831007917856e-01 1.991740498437738760e-01
1.711981234715850009e-01 1.868623003373669489e-01
1.721876504502090899e-01 1.747144377183912911e-01
1.731828969053178791e-01 1.638246149102045024e-01
1.741838958955464201e-01 1.550363210782961798e-01
1.751906806706090836e-01 1.492472247295427157e-01
1.762032846724038426e-01 1.475393390178623976e-01
1.772217415361232173e-01 1.510283986789494881e-01
1.782460850913716033e-01 1.574510111440008686e-01
1.792763493632887617e-01 1.607015468166592687e-01
1.803125685736800821e-01 1.589983821264275565e-01
1.813547771421535060e-01 1.560520151213884432e-01
1.824030096872625850e-01 1.501732193651108827e-01
1.834573010276564775e-01 1.429354438632617075e-01
1.845176861832364401e-01 1.381087614583944301e-01
1.855842003763193415e-01 1.358307562041550509e-01
1.866568790328071992e-01 1.352132016365644174e-01
1.877357577833641822e-01 1.351713868751621972e-01
1.888208724646001924e-01 1.351030444694295840e-01
1.899122591202609955e-01 1.352491713237921334e-01
1.910099540024255971e-01 1.362997110013862145e-01
1.921139935727104175e-01 1.386125618901274392e-01
1.932244145034804905e-01 1.416756055681114290e-01
1.943412536790674328e-01 1.439772159295940324e-01
1.954645481969946030e-01 1.443414090127745075e-01
1.965943353692096995e-01 1.435586186944816656e-01
1.977306527233236300e-01 1.431881309160362992e-01
1.988735380038573475e-01 1.440388140189714783e-01
2.000230291734956534e-01 1.464955436566235114e-01
2.011791644143479663e-01 1.510160340989649685e-01
2.023419821292166965e-01 1.576749224469932986e-01
2.035115209428728922e-01 1.656552471795493531e-01
2.046878197033392410e-01 1.732747509871025160e-01
2.058709174831803157e-01 1.792549362992531536e-01
2.070608535808005912e-01 1.831781051230696178e-01
2.082576675217497619e-01 1.850492032905456108e-01
2.094613990600355524e-01 1.849732173262770840e-01
2.106720881794442723e-01 1.830036521400152383e-01
2.118897750948690872e-01 1.792805647014028836e-01
2.131145002536455058e-01 1.742634677647739716e-01
2.143463043368951104e-01 1.686501732623459093e-01
2.155852282608767823e-01 1.629815753658052091e-01
2.168313131783459469e-01 1.573694049161030173e-01
2.180846004799212312e-01 1.517534126871328548e-01
2.193451317954595303e-01 1.464465349577757647e-01
2.206129489954388734e-01 1.422090809918072907e-01
2.218880941923488948e-01 1.399223081263061275e-01
2.231706097420899648e-01 1.400398840414316948e-01
2.244605382453801201e-01 1.414656325189197206e-01
2.257579225491697927e-01 1.422129027710752336e-01
2.270628057480653939e-01 1.424563725914977652e-01
2.283752311857605299e-01 1.426667952617798052e-01
2.296952424564759343e-01 1.429858014253805043e-01
2.310228834064072811e-01 1.432254494665350653e-01
2.323581981351817149e-01 1.427468278158614268e-01
2.337012309973229007e-01 1.411981079701636888e-01
2.350520266037238737e-01 1.393856853549778618e-01
2.364106298231291869e-01 1.385696230759993763e-01
2.377770857836252472e-01 1.395767743183750353e-01
2.391514398741393099e-01 1.427364865307834962e-01
2.405337377459470793e-01 1.480323485434270891e-01
2.419240253141889951e-01 1.551948125126432487e-01
2.433223487593957901e-01 1.634550263739398546e-01
2.447287545290218747e-01 1.710979104781910343e-01
2.461432893389885190e-01 1.767759504176289742e-01
2.475660001752356676e-01 1.811467170368851187e-01
2.489969342952823017e-01 1.860752386187158047e-01
2.504361392297964617e-01 1.921374797798546530e-01
2.518836627841739007e-01 1.995285760735119041e-01
2.533395530401260642e-01 2.078200386005875644e-01
2.548038583572773130e-01 2.116559809328767972e-01
2.562766273747711931e-01 2.101045633606370144e-01
2.577579090128856998e-01 2.082438064782389520e-01
2.592477524746588102e-01 2.054476129173754551e-01
2.607462072475227322e-01 1.972649586941635780e-01
2.622533231049470337e-01 1.839395384395709765e-01
2.637691501080930423e-01 1.702813985781221895e-01
2.652937386074759596e-01 1.596721393303114633e-01
2.668271392446371348e-01 1.533405751360552016e-01
2.683694029538270520e-01 1.516745041857770759e-01
2.699205809636965880e-01 1.543915644347396421e-01
2.714807247989985406e-01 1.604792091874830406e-01
2.730498862822996475e-01 1.690887786359787093e-01
2.746281175357012105e-01 1.797333331393816125e-01
2.762154709825712651e-01 1.915095839271860889e-01
2.778119993492854656e-01 2.044366398957318531e-01
2.794177556669779627e-01 2.214365885111793386e-01
2.810327932733039380e-01 2.461990204409101324e-01
2.826571658142107979e-01 2.763034005450449859e-01
2.842909272457196934e-01 3.009268995578587846e-01
2.859341318357184192e-01 3.174729556826017540e-01
2.875868341657639160e-01 3.254807073016688923e-01
2.892490891328946545e-01 3.302287060157255705e-01
2.909209519514548425e-01 3.359613749176406094e-01
2.926024781549284581e-01 3.358062556414711519e-01
2.942937235977828858e-01 3.271690344959191643e-01
2.959947444573255426e-01 3.145953807043855854e-01
2.977055972355692748e-01 3.027006547592748786e-01
2.994263387611086902e-01 2.939825018174605509e-01
3.011570261910088142e-01 2.863142141216048486e-01
3.028977170127025720e-01 2.754850901606147873e-01
3.046484690459013711e-01 2.615828060471079297e-01
3.064093404445150659e-01 2.488787621393739602e-01
3.081803896985833569e-01 2.402415409938220003e-01
3.099616756362194026e-01 2.358937050501735133e-01
3.117532574255635347e-01 2.338052150855150502e-01
3.135551945767480198e-01 2.274700539225360252e-01
3.153675469438748658e-01 2.154042471525485503e-01
3.171903747270033436e-01 2.020770284135945949e-01
3.190237384741493876e-01 1.874501799129947022e-01
3.208676990832974307e-01 1.751289883636905631e-01
3.227223178044230090e-01 1.690181881247943274e-01
3.245876562415266342e-01 1.682913756322495791e-01
3.264637763546810456e-01 1.693023486538931810e-01
3.283507404620888970e-01 1.685789083195260163e-01
3.302486112421523790e-01 1.661835519607062217e-01
3.321574517355558864e-01 1.644561077315958297e-01
3.340773253473591775e-01 1.657716990419490499e-01
3.360082958491044103e-01 1.724517195812236559e-01
3.379504273809338932e-01 1.823991365840446632e-01
3.399037844537201591e-01 1.892497883271056780e-01
3.418684319512097503e-01 1.954264580557376618e-01
3.438444351321779946e-01 2.050710552542104326e-01
3.458318596325960503e-01 2.219822037043145679e-01
3.478307714678123830e-01 2.417477716464819792e-01
3.498412370347446232e-01 2.510774092711672290e-01
3.518633231140849693e-01 2.473140807449688838e-01
3.538970968725191901e-01 2.396660259981787389e-01
3.559426258649572294e-01 2.357745554612317440e-01
3.579999780367765227e-01 2.325575165598041394e-01
3.600692217260801353e-01 2.294731158800286663e-01
3.621504256659661136e-01 2.284142582122631882e-01
3.642436589868098817e-01 2.246558755180586564e-01
3.663489912185618480e-01 2.206124330525746080e-01
3.684664922930561692e-01 2.147442033919202131e-01
3.705962325463332818e-01 2.142608607197979687e-01
3.727382827209774208e-01 2.249881455038245659e-01
3.748927139684648524e-01 2.442881308069384805e-01
3.770595978515288715e-01 2.668388765932559470e-01
3.792390063465359562e-01 2.922177390378514206e-01
3.814310118458763554e-01 3.201414568538069050e-01
3.836356871603694985e-01 3.433981077519679959e-01
3.858531055216822825e-01 3.524916943042214479e-01
3.880833405847607942e-01 3.463296372610257245e-01
3.903264664302779630e-01 3.321913020750870693e-01
3.925825575670940371e-01 3.188375556918026654e-01
3.948516889347303827e-01 3.108657737599632154e-01
3.971339359058604912e-01 3.039730824449548008e-01
3.994293742888124776e-01 2.922020022996893451e-01
4.017380803300868997e-01 2.831308968019532468e-01
4.040601307168905088e-01 2.898347472590162011e-01
4.063956025796829352e-01 3.117312943588798069e-01
4.087445734947380283e-01 3.307592589023341523e-01
4.111071214867221824e-01 3.523635522934727149e-01
4.134833250312844322e-01 3.775895435673505274e-01
4.158732630576643108e-01 3.871619765808226865e-01
4.182770149513134750e-01 3.844889791987141092e-01
4.206946605565314856e-01 3.693704700358205750e-01
4.231262801791195738e-01 3.386163874561353704e-01
4.255719545890473410e-01 3.150742271656043481e-01
4.280317650231349469e-01 2.948255413618598442e-01
4.305057931877529498e-01 2.711844644314526653e-01
4.329941212615355806e-01 2.468869407091399126e-01
4.354968318981098929e-01 2.242638059272767381e-01
4.380140082288422887e-01 2.117724327952764940e-01
4.405457338655994204e-01 2.132809115533882693e-01
4.430920929035247480e-01 2.259930486407485117e-01
4.456531699238333033e-01 2.454121835328041401e-01
4.482290499966203323e-01 2.690937263613424890e-01
4.508198186836865351e-01 2.937869166431599233e-01
4.534255620413813470e-01 3.190623662369758695e-01
4.560463666234608748e-01 3.450144955717628359e-01
4.586823194839622087e-01 3.772006213242010131e-01
4.613335081800964965e-01 3.900350553481354288e-01
4.640000207751556194e-01 3.749929817706007529e-01
4.666819458414390720e-01 3.708946855320944813e-01
4.693793724631949438e-01 3.658094710002780525e-01
4.720923902395786631e-01 3.612727941986841884e-01
4.748210892876304490e-01 3.579928083446081155e-01
4.775655602452679171e-01 3.573723312399302299e-01
4.803258942742961168e-01 3.531773664669994872e-01
4.831021830634371073e-01 3.359838559721579077e-01
4.858945188313745223e-01 3.265125877040135904e-01
4.887029943298164536e-01 3.358467215396022665e-01
4.915277028465775411e-01 3.670122074169543391e-01
4.943687382086768833e-01 4.202406001975982353e-01
4.972261947854541564e-01 4.659940423512352603e-01
5.001001674917054940e-01 4.586449856295253258e-01
5.029907517908354109e-01 4.148518914297980587e-01
5.058980436980275996e-01 3.626778601060162699e-01
5.088221397834349347e-01 3.173942719917911548e-01
5.117631371753864622e-01 2.824879386427580075e-01
5.147211335636141527e-01 2.571405496744867403e-01
5.176962272024980827e-01 2.390725261589216610e-01
5.206885169143288250e-01 2.301947577300344494e-01
5.236981020925914887e-01 2.322652628510790407e-01
5.267250827052667450e-01 2.307095738784809280e-01
5.297695592981502832e-01 2.220829188285521061e-01
5.328316329981945820e-01 2.133207030198839282e-01
5.359114055168668900e-01 1.999222193381100521e-01
5.390089791535270791e-01 1.883058088479236947e-01
5.421244567988269258e-01 1.773696750674312317e-01
5.452579419381275994e-01 1.641465436108924258e-01
5.484095386549359130e-01 1.547123690827016951e-01
5.515793516343632241e-01 1.545752346501460817e-01
5.547674861666017643e-01 1.652544099775056508e-01
5.579740481504216199e-01 1.715304459671041504e-01
5.611991440966896949e-01 1.721275427750839915e-01
5.644428811319066597e-01 1.872411061059836845e-01
5.677053670017649933e-01 2.063630414573204563e-01
5.709867100747291202e-01 2.127294512860785358e-01
5.742870193456336425e-01 2.204467476807820125e-01
5.776064044393048880e-01 2.250960545655077139e-01
5.809449756142023302e-01 2.162969698274310737e-01
5.843028437660793273e-01 2.005253860308096048e-01
5.876801204316687288e-01 1.895732907016098312e-01
5.910769177923870243e-01 1.925365184975369459e-01
5.944933486780595855e-01 2.066865438318245818e-01
5.979295265706701112e-01 2.244092583500037763e-01
6.013855656081297241e-01 2.444432500831079380e-01
6.048615805880666052e-01 2.654068334205030300e-01
6.083576869716416091e-01 2.804556513143928731e-01
6.118740008873820857e-01 2.781198697500439354e-01
6.154106391350390171e-01 2.604699938485008914e-01
6.189677191894675801e-01 2.406754253460061388e-01
6.225453592045292472e-01 2.286165877029190108e-01
6.261436780170150929e-01 2.264561583638051712e-01
6.297627951505950783e-01 2.420018075625276488e-01
6.334028308197864332e-01 2.611399292731168553e-01
6.370639059339481269e-01 2.508031404060560021e-01
6.407461421012968783e-01 2.254512552268812253e-01
6.444496616329448146e-01 2.018805439971132487e-01
6.481745875469649976e-01 1.863656938430794940e-01
6.519210435724759334e-01 1.801393409839642801e-01
6.556891541537508417e-01 1.760875805283088069e-01
6.594790444543533470e-01 1.676753947384751753e-01
6.632908403612935988e-01 1.602310183456118753e-01
6.671246684892090384e-01 1.570627633324868377e-01
6.709806561845721440e-01 1.482023053155779868e-01
6.748589315299192704e-01 1.406417018708601696e-01
6.787596233481042463e-01 1.413905457968319124e-01
6.826828612065795054e-01 1.460740238844238925e-01
6.866287754216984229e-01 1.452197438127659501e-01
6.905974970630435195e-01 1.489237223550385902e-01
6.945891579577818664e-01 1.603874864850523829e-01
6.986038906950429173e-01 1.701860789069687685e-01
7.026418286303216520e-01 1.711473687981291125e-01
7.067031058899108098e-01 1.609724435235928841e-01
7.107878573753529938e-01 1.449425524105674989e-01
7.148962187679240854e-01 1.300650401520995758e-01
7.190283265331394169e-01 1.185864385261043152e-01
7.231843179252852583e-01 1.113138173897533223e-01
7.273643309919801681e-01 1.086102457735011739e-01
7.315685045787596597e-01 1.179834966439499699e-01
7.357969783336865133e-01 1.409467697806601472e-01
7.400498927119919523e-01 1.585633737215175754e-01
7.443273889807401344e-01 1.656743560758890677e-01
7.486296092235191768e-01 1.654102036853106472e-01
7.529566963451627126e-01 1.641759937923100987e-01
7.573087940764960946e-01 1.632470766196547074e-01
7.616860469791092436e-01 1.657872109695660012e-01
7.660886004501606950e-01 1.698650494484615359e-01
7.705166007272060691e-01 1.523028496595360270e-01
7.749701948930545203e-01 1.309076300754084821e-01
7.794495308806568268e-01 1.257192275033576501e-01
7.839547574780165728e-01 1.360638847394995965e-01
7.884860243331343055e-01 1.615643696890337599e-01
7.930434819589780027e-01 1.929638833439110968e-01
7.976272817384808533e-01 2.059078001033448346e-01
8.022375759295721220e-01 1.933130141205649799e-01
8.068745176702336597e-01 1.791749037451715321e-01
8.115382609835852801e-01 1.806379707731582684e-01
8.162289607830032212e-01 1.827316313803557246e-01
8.209467728772645856e-01 1.767991059037817836e-01
8.256918539757219788e-01 1.688226029504936998e-01
8.304643616935105666e-01 1.648749297772534039e-01
8.352644545567829981e-01 1.666163122601645175e-01
8.400922920079733069e-01 1.690013273339063538e-01
8.449480344110958940e-01 1.738821890801603431e-01
8.498318430570707127e-01 1.657656291572293661e-01
8.547438801690798726e-01 1.403813712595496921e-01
8.596843089079587719e-01 1.247660307918235373e-01
8.646532933776126528e-01 1.190771999462172798e-01
8.696509986304700179e-01 1.175473641863140767e-01
8.746775906729644667e-01 1.192925684484931470e-01
8.797332364710471753e-01 1.228951574348926823e-01
8.848181039557355687e-01 1.230779284081184449e-01
8.899323620286901937e-01 1.198489745477966661e-01
8.950761805678236760e-01 1.192595212983527109e-01
9.002497304329459826e-01 1.180239625420811400e-01
9.054531834714387717e-01 1.167335500127873182e-01
9.106867125239620497e-01 1.153140962305641282e-01
9.159504914301977996e-01 1.132764134491148211e-01
9.212446950346235841e-01 1.114837741619042061e-01
9.265694991923183466e-01 1.107394264468359590e-01
9.319250807748065135e-01 1.145054526995763489e-01
9.373116176759319629e-01 1.181669420488112437e-01
9.427292888177655206e-01 1.184110863008692727e-01
9.481782741565508710e-01 1.187350382964637713e-01
9.536587546886805544e-01 1.161530891851502850e-01
9.591709124567069367e-01 1.110827121493153241e-01
9.647149305553922582e-01 1.094820610676826012e-01
9.702909931377862174e-01 1.138074159568137483e-01
9.758992854213467405e-01 1.209255922486308088e-01
9.815399936940907288e-01 1.253093978795070118e-01
9.872133053207802211e-01 1.255213942236052815e-01
9.929194087491489684e-01 1.262675404230349241e-01
9.986584935161608723e-01 1.249499258177751704e-01
1.004430750254303728e+00 1.188022566494705418e-01
1.010236370697924935e+00 1.124198852720051656e-01
1.016075547689597958e+00 1.096286375431354820e-01
1.021948475186527761e+00 1.127753107439238983e-01
1.027855348266994762e+00 1.210222607830552799e-01
1.033796363136834096e+00 1.330743541097872129e-01
1.039771717135951290e+00 1.516972100508395815e-01
1.045781608744880131e+00 1.631769357295606848e-01
1.051826237591374280e+00 1.612370455352616916e-01
1.057905804457035748e+00 1.570494995103216274e-01
1.064020511283988890e+00 1.573810950644520257e-01
1.070170561181583713e+00 1.646932828567534979e-01
1.076356158433145582e+00 1.726999104230947935e-01
1.082577508502760022e+00 1.747746869444976869e-01
1.088834818042095476e+00 1.633133957304807871e-01
1.095128294897270704e+00 1.438394070654028800e-01
1.101458148115757263e+00 1.278758350632035468e-01
1.107824587953321727e+00 1.230698352284922137e-01
1.114227825881013212e+00 1.298561911556337378e-01
1.120668074592185315e+00 1.312821644436669433e-01
1.127145548009560017e+00 1.264748157456845601e-01
1.133660461292336441e+00 1.201025608427519625e-01
1.140213030843336250e+00 1.133022666618097307e-01
1.146803474316190341e+00 1.075030538385234463e-01
1.153432010622570836e+00 9.844049114150392465e-02
1.160098859939462601e+00 9.163210378093544772e-02
1.166804243716473621e+00 8.921224307269179365e-02
1.173548384683194445e+00 9.223257274709290021e-02
1.180331506856595603e+00 1.016696698123708692e-01
1.187153835548465874e+00 1.133789270577137548e-01
1.194015597372901416e+00 1.158415017695403060e-01
1.200917020253827294e+00 1.130306955232405763e-01
1.207858333432573428e+00 1.140376219550710557e-01
1.214839767475487387e+00 1.124482114006969680e-01
1.221861554281590267e+00 1.017796021689605507e-01
1.228923927090283863e+00 8.844811202964830699e-02
1.236027120489096909e+00 8.149696997289487821e-02
1.243171370421473965e+00 7.618447197990846353e-02
1.250356914194617142e+00 7.023463609135618957e-02
1.257583990487367132e+00 6.741348855997848777e-02
1.264852839358128644e+00 7.241417432680975763e-02
1.272163702252848472e+00 7.826981459693449494e-02
1.279516822013033517e+00 7.580948799055965692e-02
1.286912442883815677e+00 7.537717731219172046e-02
1.294350810522067352e+00 8.154620348228780458e-02
1.301832172004561583e+00 9.265319327711184216e-02
1.309356775836174380e+00 9.829189137114448249e-02
1.316924871958146337e+00 9.613438456911786723e-02
1.324536711756377994e+00 9.223661933690600889e-02
1.332192548069784932e+00 9.185331735738581915e-02
1.339892635198694837e+00 9.670630259603835155e-02
1.347637228913291185e+00 1.028897166410255026e-01
1.355426586462114891e+00 1.032532352925704666e-01
1.363260966580605249e+00 9.577154034920844217e-02
1.371140629499693731e+00 8.971806679933135020e-02
1.379065836954451285e+00 9.049658571726593159e-02
1.387036852192779834e+00 9.249515146385511866e-02
1.395053939984155722e+00 9.320330468115051170e-02
1.403117366628427343e+00 9.389527153919342839e-02
1.411227399964658957e+00 1.014540764995498501e-01
1.419384309380025577e+00 1.103228525066301258e-01
1.427588365818764915e+00 1.229960973696754140e-01
1.435839841791175742e+00 1.323167425725537139e-01
1.444139011382666204e+00 1.271634104455498793e-01
1.452486150262864761e+00 1.263169987429730301e-01
1.460881535694769973e+00 1.323990232320870764e-01
1.469325446543965796e+00 1.351136105650527219e-01
1.477818163287882181e+00 1.395934102987178571e-01
1.486359968025109168e+00 1.499425637457632576e-01
1.494951144484772509e+00 1.411072845099137496e-01
1.503591978035954568e+00 1.157745082270787151e-01
1.512282755697172298e+00 9.892315938199065795e-02
1.521023766145914724e+00 9.772671766057922094e-02
1.529815299728230382e+00 1.059269071063145828e-01
1.538657648468367833e+00 1.074194243157190476e-01
1.547551106078482119e+00 1.046194089755876216e-01
1.556495967968387184e+00 1.098046642000060358e-01
1.565492531255366693e+00 1.140140168478278732e-01
1.574541094774047689e+00 1.093080577057185809e-01
1.583641959086324214e+00 1.003295741525938173e-01
1.592795426491339539e+00 9.719661439506094291e-02
1.602001801035530804e+00 9.880423460359405441e-02
1.611261388522727822e+00 9.946967381730655033e-02
1.620574496524306296e+00 1.021363765041503058e-01
1.629941434389411858e+00 1.023330857311768038e-01
1.639362513255227638e+00 8.907803117722343234e-02
1.648838046057315765e+00 8.049656304687441422e-02
1.658368347540009280e+00 8.729708203836183955e-02
1.667953734266863997e+00 9.988939510514480147e-02
1.677594524631179640e+00 9.789847291709148636e-02
1.687291038866571835e+00 8.475987022553779782e-02
1.697043599057607821e+00 7.556534373850162800e-02
1.706852529150509445e+00 7.593403303258558501e-02
1.716718154963911225e+00 9.152486915088786645e-02
1.726640804199680579e+00 1.085956330880649134e-01
1.736620806453807120e+00 1.026493941682354166e-01
1.746658493227349673e+00 1.000989185332461645e-01
1.756754197937443251e+00 1.043446904893860355e-01
1.766908255928380411e+00 9.773458602966025865e-02
1.777121004482747679e+00 9.078321916236169187e-02
1.787392782832625482e+00 8.640638265838584964e-02
1.797723932170862682e+00 7.545473695027644923e-02
1.808114795662403074e+00 6.944105486689501616e-02
1.818565718455690483e+00 7.288335393458610090e-02
1.829077047694130043e+00 7.669052051709318585e-02
1.839649132527616748e+00 8.278625844946282952e-02
1.850282324124138622e+00 8.994669912377244170e-02
1.860976975681438272e+00 1.000397933598656253e-01
1.871733442438742401e+00 1.163929620368500256e-01
1.882552081688566581e+00 1.349306147812817935e-01
1.893433252788581767e+00 1.510063672455225492e-01
1.904377317173546302e+00 1.486220266034162241e-01
1.915384638367318981e+00 1.431568822502572447e-01
1.926455581994929611e+00 1.468176971678566145e-01
1.937590515794722412e+00 1.482908806703761850e-01
1.948789809630575354e+00 1.496154644025363134e-01
1.960053835504184105e+00 1.522612597086789865e-01
1.971382967567415045e+00 1.508860936038549094e-01
1.982777582134739092e+00 1.536521625516651945e-01
1.994238057695728816e+00 1.584709765874513787e-01
2.005764774927627947e+00 1.507183849371557527e-01
2.017358116708002580e+00 1.443751305945504826e-01
2.029018468127450348e+00 1.524195263324808758e-01
2.040746216502401289e+00 1.592043085858061702e-01
2.052541751387976898e+00 1.473826460678767103e-01
2.064405464590929995e+00 1.442492366892535183e-01
2.076337750182662312e+00 1.533470946418652447e-01
2.088339004512313135e+00 1.622246382602072767e-01
2.100409626219920778e+00 1.564296968372793084e-01
2.112550016249669760e+00 1.465917625699576232e-01
2.124760577863207711e+00 1.400315660512602700e-01
2.137041716653034662e+00 1.395025868384678902e-01
2.149393840555982482e+00 1.401752199896259266e-01
2.161817359866763155e+00 1.316155584821586955e-01
2.174312687251592546e+00 1.251147119473870750e-01
2.186880237761905654e+00 1.226860836278816647e-01
2.199520428848138476e+00 1.238404857773457296e-01
2.212233680373592026e+00 1.254296715211746238e-01
2.225020414628386511e+00 1.233904150659091148e-01
2.237881056343477670e+00 1.294600749750386692e-01
2.250816032704775704e+00 1.243597981366956762e-01
2.263825773367328598e+00 1.291824339517498310e-01
2.276910710469592924e+00 1.400605666115876113e-01
2.290071278647793029e+00 1.439929526677561356e-01
2.303307915050354371e+00 1.446307401844123264e-01
2.316621059352423018e+00 1.515414163430345851e-01
2.330011153770474852e+00 1.498393757055287712e-01
2.343478643077001600e+00 1.415984955511170595e-01
2.357023974615280792e+00 1.259602244077832334e-01
2.370647598314243876e+00 1.094395718746448698e-01
2.384349966703414481e+00 1.227177819147510646e-01
2.398131534927939956e+00 1.545444356054573865e-01
2.411992760763713051e+00 1.674762125954517566e-01
2.425934104632577970e+00 1.615929206282707697e-01
2.439956029617617261e+00 1.431820610313166431e-01
2.454059001478542612e+00 1.271027115983531242e-01
2.468243488667162033e+00 1.232714902875125113e-01
2.482509962342935861e+00 1.235187818872029580e-01
2.496858896388636673e+00 1.213965703407685337e-01
2.511290767426078485e+00 1.299957985041862440e-01
2.525806054831960523e+00 1.399555800869917710e-01
2.540405240753779381e+00 1.471447965110835310e-01
2.555088810125852206e+00 1.570816474182814004e-01
2.569857250685421590e+00 1.578030644577420039e-01
2.584711052988855506e+00 1.591132603150110514e-01
2.599650710427946265e+00 1.549126752784509842e-01
2.614676719246288084e+00 1.404411708645657564e-01
2.629789578555775442e+00 1.413829022382959988e-01
2.644989790353173831e+00 1.520546588176648617e-01
2.660277859536794409e+00 1.659068101795981021e-01
2.675654293923265481e+00 1.704778829946035079e-01
2.691119604264405218e+00 1.526834539125141166e-01
2.706674304264172548e+00 1.433075053155232481e-01
2.722318910595750374e+00 1.356192094811471127e-01
2.738053942918694972e+00 1.421369168068067068e-01
2.753879923896200843e+00 1.378978891670220308e-01
2.769797379212459720e+00 1.250411988991154688e-01
2.785806837590128815e+00 1.409975769638692478e-01
2.801908830807877226e+00 1.424853731518250788e-01
2.818103893718070019e+00 1.320006589460402946e-01
2.834392564264522019e+00 1.365712821399553689e-01
2.850775383500368410e+00 1.402984161683807907e-01
2.867252895606037466e+00 1.317715770005088438e-01
2.883825647907329426e+00 1.126939293265711989e-01
2.900494190893583735e+00 1.074227964738966451e-01
2.917259078235983960e+00 1.109491746854824878e-01
2.934120866805935979e+00 1.155101310259551151e-01
2.951080116693567401e+00 1.277007076485136838e-01
2.968137391226336685e+00 1.405798789709375718e-01
2.985293256987731514e+00 1.279974575681422366e-01
3.002548283836107057e+00 1.171602404275259302e-01
3.019903044923603730e+00 1.276780017834511782e-01
3.037358116715186629e+00 1.385869334879777093e-01
3.054914079007794214e+00 1.345261806105153002e-01
3.072571514949601568e+00 1.303231226579583124e-01
3.090331011059376021e+00 1.302478111253253246e-01
3.108193157245980220e+00 1.323916044840963702e-01
3.126158546827951579e+00 1.349591657205187756e-01
3.144227776553216724e+00 1.350272833157062369e-01
3.162401446618910317e+00 1.379477971080504684e-01
3.180680160691316427e+00 1.349013894104093003e-01
3.199064525925907621e+00 1.257770038134671531e-01
3.217555152987530587e+00 1.249733061144731733e-01
3.236152656070678812e+00 1.183009291337344393e-01
3.254857652919894928e+00 1.191313792876040195e-01
3.273670764850296955e+00 1.123742487313350025e-01
3.292592616768199143e+00 1.131145498565901547e-01
3.311623837191892683e+00 1.152491259830090986e-01
3.330765058272506351e+00 1.124171875454630792e-01
3.350016915815009710e+00 1.162830296802603441e-01
3.369380049299332214e+00 1.366558109049404446e-01
3.388855101901607103e+00 1.413512039514265850e-01
3.408442720515521884e+00 1.367488824706421247e-01
3.428143555773827789e+00 1.350825867098188193e-01
3.447958262069935831e+00 1.331928292670934433e-01
3.467887497579658529e+00 1.323320296896254855e-01
3.487931924283071528e+00 1.283211847531915417e-01
3.508092207986506228e+00 1.240001012644186551e-01
3.528369018344649444e+00 1.189236543438640381e-01
3.548763028882812254e+00 1.218129194704292012e-01
3.569274917019284565e+00 1.498031812077558755e-01
3.589905364087840223e+00 1.729984588270847279e-01
3.610655055360374899e+00 1.882167838720351094e-01
3.631524680069651456e+00 1.906971186169303667e-01
3.652514931432215839e+00 1.600716276690841433e-01
3.673626506671410219e+00 1.441159240359658478e-01
3.694860107040534913e+00 1.469543819793218964e-01
3.716216437846141751e+00 1.448409380441492145e-01
3.737696208471465109e+00 1.371483708094148046e-01
3.759300132399972405e+00 1.230181288031023945e-01
3.781028927239082016e+00 1.162657192682820112e-01
3.802883314743989107e+00 1.220723508395590018e-01
3.824864020841640233e+00 1.285624064681623047e-01
3.846971775654848713e+00 1.265937405240811497e-01
3.869207313526548564e+00 1.308882963685236156e-01
3.891571373044171445e+00 1.340093411671622603e-01
3.914064697064205678e+00 1.287256189239580073e-01
3.936688032736852527e+00 1.237966477210369620e-01
3.959442131530850340e+00 1.245962988302178193e-01
3.982327749258438132e+00 1.310306014436181943e-01
4.005345646100446189e+00 1.437060944121152095e-01
4.028496586631570509e+00 1.422396552259508340e-01
4.051781339845751617e+00 1.331431461366101854e-01
4.075200679181723906e+00 1.354998350816601638e-01
4.098755382548707082e+00 1.186759131230832320e-01
4.122446232352245943e+00 1.105411435459932451e-01
4.146274015520188705e+00 1.205148633825995075e-01
4.170239523528843861e+00 1.099658533608951910e-01
4.194343552429258715e+00 1.101005148774538839e-01
4.218586902873665778e+00 1.173135612193340199e-01
4.242970380142073950e+00 1.200402883217390054e-01
4.267494794169023997e+00 1.274761219138857149e-01
4.292160959570472833e+00 1.201108788329233734e-01
4.316969695670882068e+00 1.166755488921326495e-01
4.341921826530410478e+00 1.198507730321580617e-01
4.367018180972294772e+00 1.127348448457927282e-01
4.392259592610382235e+00 1.130671148315586239e-01
4.417646899876805477e+00 1.189897486441449243e-01
4.443180946049855251e+00 1.202668973512735356e-01
4.468862579281975833e+00 1.226453929192053288e-01
4.494692652627942486e+00 1.158381296113627223e-01
4.520672024073195239e+00 1.070314013147502102e-01
4.546801556562344082e+00 1.025154070833122211e-01
4.573082118027814502e+00 1.003401402482169552e-01
4.599514581418703507e+00 1.011285508301391217e-01
4.626099824729760002e+00 9.926487141065382103e-02
4.652838731030551678e+00 1.077699039556439670e-01
4.679732188494796219e+00 1.090220986922583596e-01
4.706781090429870140e+00 1.065550277695283404e-01
4.733986335306464177e+00 1.108255288856372645e-01
4.761348826788450062e+00 1.115887606865000603e-01
4.788869473762884077e+00 1.013713462189261283e-01
4.816549190370198019e+00 8.873856725401199630e-02
4.844388896034566017e+00 8.949955094942306510e-02
4.872389515494448098e+00 9.006337579671729043e-02
4.900551978833287414e+00 9.129758568971782506e-02
4.928877221510434836e+00 9.235284638876053998e-02
4.957366184392200559e+00 1.020626386453335199e-01
4.986019813783113541e+00 9.820219196362039993e-02
5.014839061457356806e+00 9.231462859608109695e-02
5.043824884690362609e+00 9.193492358528365660e-02
5.072978246290641202e+00 8.570205122035842726e-02
5.102300114631742822e+00 8.285010464429198862e-02
5.131791463684423960e+00 9.345329400738303094e-02
5.161453273049005475e+00 1.047234962580027712e-01
5.191286527987911903e+00 1.101621129668313298e-01
5.221292219458380401e+00 9.785755739786998475e-02
5.251471344145405951e+00 8.331591209389073438e-02
5.281824904494829553e+00 8.129194275569696926e-02
5.312353908746639597e+00 8.831749710290269506e-02
5.343059370968462396e+00 1.016555067480249541e-01
5.373942311089249912e+00 9.675935788469919308e-02
5.405003754933139781e+00 9.841216501281210838e-02
5.436244734253559585e+00 1.064098001573464958e-01
5.467666286767478567e+00 1.162771846060858538e-01
5.499269456189878724e+00 1.174342844820919912e-01
5.531055292268432844e+00 1.153383757694428219e-01
5.563024850818350409e+00 1.036414831040844697e-01
5.595179193757479297e+00 8.666311630097357777e-02
5.627519389141558470e+00 7.968342330498318082e-02
5.660046511199702479e+00 8.385365891794487048e-02
5.692761640370078702e+00 8.183665870665149389e-02
5.725665863335805739e+00 7.522228284656742869e-02
5.758760273061025892e+00 7.502624805117645568e-02
5.792045968827241431e+00 7.664241106042612994e-02
5.825524056269808071e+00 7.620155758134161683e-02
5.859195647414667363e+00 7.478929773656395330e-02
5.893061860715279821e+00 8.408723707437977535e-02
5.927123821089786304e+00 8.980596772249405113e-02
5.961382659958350594e+00 1.017638654307984197e-01
5.995839515280771082e+00 1.100391415986216315e-01
6.030495531594262104e+00 1.021507643790413866e-01
6.065351860051475086e+00 9.794478388939716063e-02
6.100409658458743500e+00 9.780562616193498593e-02
6.135670091314512575e+00 8.946155796728880172e-02
6.171134329848062094e+00 9.209723679889866843e-02
6.206803552058381079e+00 9.918955987802081931e-02
6.242678942753306259e+00 1.128953595750463307e-01
6.278761693588877257e+00 1.172728705106576841e-01
6.315053003108923591e+00 1.101731286835448131e-01
6.351554076784851510e+00 1.154728124754563628e-01
6.388266127055725718e+00 1.146358428157767673e-01
6.425190373368511843e+00 1.160155051315043262e-01
6.462328042218596025e+00 1.142125245592157667e-01
6.499680367190518560e+00 1.325984301856556469e-01
6.537248588998957999e+00 1.358460433212268226e-01
6.575033955529916874e+00 1.501678239120267377e-01
6.613037721882214726e+00 1.534179099635947785e-01
6.651261150409145451e+00 1.501606299745811834e-01
6.689705510760421525e+00 1.573118534165386939e-01
6.728372079924347382e+00 1.404872570263262233e-01
6.767262142270216607e+00 1.390527409375764412e-01
6.806376989591010229e+00 1.310782612791948909e-01
6.845717921146279750e+00 1.296657766238720755e-01
6.885286243705309062e+00 1.301399020636422321e-01
6.925083271590525058e+00 1.231010838942712682e-01
6.965110326721157818e+00 1.261268090217565474e-01
7.005368738657123728e+00 1.193582131276837155e-01
7.045859844643230119e+00 1.164181408179093963e-01
7.086584989653569089e+00 1.318590283025811993e-01
7.127545526436194656e+00 1.029182675802624986e-01
7.168742815558059256e+00 1.185529417548735337e-01
7.210178225450215805e+00 1.394056934934982672e-01
7.251853132453240036e+00 1.208534280636302527e-01
7.293768920862992111e+00 1.321252039880662088e-01
7.335926982976571864e+00 1.235151849184801948e-01
7.378328719138569802e+00 1.285675771107012977e-01
7.420975537787583676e+00 1.317760732114123257e-01
7.463868855503007715e+00 1.238269971446353535e-01
7.507010097052058128e+00 1.287305647559518207e-01
7.550400695437144982e+00 1.293530651555362398e-01
7.594042091943437711e+00 1.319723328173484644e-01
7.637935736186750368e+00 1.271849922578864867e-01
7.682083086161699548e+00 1.103502793931412512e-01
7.726485608290103890e+00 1.080470953578424598e-01
7.771144777469737974e+00 1.150598355039733067e-01
7.816062077123293150e+00 1.165406625650287770e-01
7.861238999247660786e+00 1.186044233697181871e-01
7.906677044463489068e+00 1.326651989175720858e-01
7.952377722065040011e+00 3.164343309639018331e-01
7.998342550070284496e+00 1.493902042362728333e-01
