2.511886431509579437e-02 9.704150592250686547e-01
2.526405161860213050e-02 9.781161836568186274e-01
2.541007810627042562e-02 9.820903346298731629e-01
2.555694862859406516e-02 9.885826065304607058e-01
2.570466806410236227e-02 9.925297224628821802e-01
2.585324131952258450e-02 9.954958526351911363e-01
2.600267332994290678e-02 9.977552096023795114e-01
2.615296905897638788e-02 9.998253212851367921e-01
2.630413349892583852e-02 1.001883846521908428e+00
2.645617167094958117e-02 1.004116168448463853e+00
2.660908862522835469e-02 1.006607254335363910e+00
2.676288944113292337e-02 1.008387704868481727e+00
2.691757922739292791e-02 1.007580515798152776e+00
2.707316312226650673e-02 1.004483072571340729e+00
2.722964629371095457e-02 1.000331262759840634e+00
2.738703393955444973e-02 9.955267498244859681e-01
2.754533128766867636e-02 9.904711972261106556e-01
2.770454359614242176e-02 9.853808852897782966e-01
2.786467615345633933e-02 9.804218864079493612e-01
2.802573427865854422e-02 9.750728105112724808e-01
2.818772332154127064e-02 9.690246857067988939e-01
2.835064866281864979e-02 9.627255212393043271e-01
2.851451571430539678e-02 9.564842890017376531e-01
2.867932991909653145e-02 9.504786478325444321e-01
2.884509675174826843e-02 9.448167378942569083e-01
2.901182171845980567e-02 9.395333185248316843e-01
2.917951035725619563e-02 9.347828756707432518e-01
2.934816823817239240e-02 9.309554863468394448e-01
2.951780096343814899e-02 9.281554285669905147e-01
2.968841416766421215e-02 9.262900107633117441e-01
2.986001351802944001e-02 9.254017165710838322e-01
3.003260471446899879e-02 9.255253053282633813e-01
3.020619348986378766e-02 9.267496064540732270e-01
3.038078561023081769e-02 9.291827601110455026e-01
3.055638687491469066e-02 9.328015934072086957e-01
3.073300311678033025e-02 9.375790713019301892e-01
3.091064020240668481e-02 9.435654017278141126e-01
3.108930403228154019e-02 9.508107926174644842e-01
3.126900054099761295e-02 9.593847626467948420e-01
3.144973569744963920e-02 9.693529683430570643e-01
3.163151550503255638e-02 9.805879588004093872e-01
3.181434600184106232e-02 9.926842084093566720e-01
3.199823326087009728e-02 1.005742133035107289e+00
3.218318339021652985e-02 1.020124774651875788e+00
3.236920253328214730e-02 1.036117932260640417e+00
3.255629686897762443e-02 1.053980369821745589e+00
3.274447261192782455e-02 1.073932229808917116e+00
3.293373601267822470e-02 1.093911124836721704e+00
3.312409335790250653e-02 1.113318421862571128e+00
3.331555097061136145e-02 1.134201059677251155e+00
3.350811521036261426e-02 1.157744717919953148e+00
3.370179247347232510e-02 1.185081006148602123e+00
3.389658919322740410e-02 1.217105942852749756e+00
3.409251184009919750e-02 1.244198915715701625e+00
3.428956692195841288e-02 1.251359339334791043e+00
3.448776098429136294e-02 1.240375388540459589e+00
3.468710061041735404e-02 1.218504040668343391e+00
3.488759242170727526e-02 1.190159731638948726e+00
3.508924307780367929e-02 1.159007640532381478e+00
3.529205927684192501e-02 1.125588468161302202e+00
3.549604775567258980e-02 1.089311305780445771e+00
3.570121529008542238e-02 1.052149711356023642e+00
3.590756869503420462e-02 1.016216280206073019e+00
3.611511482486330638e-02 9.823220635495847342e-01
3.632386057353523962e-02 9.509073463340110832e-01
3.653381287485973905e-02 9.239881701608428921e-01
3.674497870272393912e-02 9.026189016147684319e-01
3.695736507132423021e-02 8.851233681765401373e-01
3.717097903539903075e-02 8.701227827738737819e-01
3.738582769046329413e-02 8.570030637695335018e-01
3.760191817304411876e-02 8.453470991080384023e-01
3.781925766091774610e-02 8.362864983473135005e-01
3.803785337334809891e-02 8.298791937172868005e-01
3.825771257132654091e-02 8.250167485520043531e-01
3.847884255781295476e-02 8.213361208772512745e-01
3.870125067797849233e-02 8.185515116920497602e-01
3.892494431944945599e-02 8.167478882669609863e-01
3.914993091255265789e-02 8.162342224949334923e-01
3.937621793056233360e-02 8.168792013214641878e-01
3.960381288994833243e-02 8.182657126910721779e-01
3.983272335062570252e-02 8.202083734679880278e-01
4.006295691620595512e-02 8.226878729089025510e-01
4.029452123424955012e-02 8.256308301892402168e-01
4.052742399651988042e-02 8.289754509304113617e-01
4.076167293923887297e-02 8.327526323217111504e-01
4.099727584334383890e-02 8.368967178358874826e-01
4.123424053474603751e-02 8.410292169040781696e-01
4.147257488459059338e-02 8.448334333360109083e-01
4.171228680951784978e-02 8.484522666321742124e-01
4.195338427192649156e-02 8.520826863743231616e-01
4.219587528023795858e-02 8.558521434682990758e-01
4.243976788916238585e-02 8.598571916306484431e-01
4.268507019996626434e-02 8.635185085620922241e-01
4.293179036074151744e-02 8.666236760862281452e-01
4.317993656667604152e-02 8.696207034478319331e-01
4.342951706032609216e-02 8.727065602286584456e-01
4.368054013188996804e-02 8.760280080778586331e-01
4.393301411948334623e-02 8.793996638596628390e-01
4.418694740941636612e-02 8.828138032767476329e-01
4.444234843647213579e-02 8.865137416948100091e-01
4.469922568418681352e-02 8.905767220870872691e-01
4.495758768513159753e-02 8.950992981701260121e-01
4.521744302119593689e-02 9.001934722551200307e-01
4.547880032387276866e-02 9.059789709505871036e-01
4.574166827454511502e-02 9.129655978798929539e-01
4.600605560477452616e-02 9.216515702204173266e-01
4.627197109659098723e-02 9.320755094587790390e-01
4.653942358278480296e-02 9.445734225285596919e-01
4.680842194719982141e-02 9.594465570253847275e-01
4.707897512502866311e-02 9.767567073278438095e-01
4.735109210310945588e-02 9.940398225896697193e-01
4.762478192022426976e-02 1.009117650965573265e+00
4.790005366739954334e-02 1.022720138552646096e+00
4.817691648820784933e-02 1.035210327325103208e+00
4.845537957907175564e-02 1.047530581556438412e+00
4.873545218956924774e-02 1.057649411050513022e+00
4.901714362274099679e-02 1.063751605936252620e+00
4.930046323539925834e-02 1.067752791949940327e+00
4.958542043843887359e-02 1.071472041111311890e+00
4.987202469714965836e-02 1.075469364976337605e+00
5.016028553153097091e-02 1.079621174787837701e+00
5.045021251660784106e-02 1.084603346561637816e+00
5.074181528274907677e-02 1.090724852190686711e+00
5.103510351598705003e-02 1.097000843766210210e+00
5.133008695833959217e-02 1.099820212289368548e+00
5.162677540813340182e-02 1.098375768689832555e+00
5.192517872032970105e-02 1.095181771746474020e+00
5.222530680685147364e-02 1.090887062434485077e+00
5.252716963691266006e-02 1.085008872171133287e+00
5.283077723734942721e-02 1.078257836310201112e+00
5.313613969295318679e-02 1.072186538613756124e+00
5.344326714680543849e-02 1.067432233611005810e+00
5.375216980061491706e-02 1.064856180453544798e+00
5.406285791505632127e-02 1.064612865087847693e+00
5.437534181011107609e-02 1.066439661404907646e+00
5.468963186541032917e-02 1.070537401135141620e+00
5.500573852057948770e-02 1.077659203267612442e+00
5.532367227558519784e-02 1.088048383168017441e+00
5.564344369108398941e-02 1.101376658200098113e+00
5.596506338877313413e-02 1.118547771150730341e+00
5.628854205174332881e-02 1.141485072053520122e+00
5.661389042483377931e-02 1.171107752289990644e+00
5.694111931498885282e-02 1.207469881941407586e+00
5.727023959161724881e-02 1.257847749086717037e+00
5.760126218695296035e-02 1.331661134312195571e+00
5.793419809641841417e-02 1.432104034561203276e+00
5.826905837898961604e-02 1.564347866891970584e+00
5.860585415756369709e-02 1.719853420613123740e+00
5.894459661932811845e-02 1.889239536625004101e+00
5.928529701613251268e-02 2.080863904631877315e+00
5.962796666486229469e-02 2.234434521873438495e+00
5.997261694781454155e-02 2.205047432705341759e+00
6.031925931307623168e-02 1.998905247878534741e+00
6.066790527490428103e-02 1.741002546685472385e+00
6.101856641410823012e-02 1.549745082801475604e+00
6.137125437843479747e-02 1.420189305939363322e+00
6.172598088295483398e-02 1.317653121115627490e+00
6.208275771045231733e-02 1.237135045813158696e+00
6.244159671181598315e-02 1.173158553229438628e+00
6.280250980643269088e-02 1.119490135424224375e+00
6.316550898258359303e-02 1.072441440425438985e+00
6.353060629784218483e-02 1.031170519824797127e+00
6.389781387947492119e-02 9.941441006035399708e-01
6.426714392484385308e-02 9.601340194871959000e-01
6.463860870181208085e-02 9.289162718533769958e-01
6.501222054915094251e-02 9.000582970519549475e-01
6.538799187695008841e-02 8.731120858381538063e-01
6.576593516702965159e-02 8.478961172248663525e-01
6.614606297335466623e-02 8.242018351843517499e-01
6.652838792245242827e-02 8.018206836888698286e-01
6.691292271383147972e-02 7.806561090218741006e-01
6.729968012040381253e-02 7.606076953181558631e-01
6.768867298890894613e-02 7.415634402665215452e-01
6.807991424034069705e-02 7.234847223803523297e-01
6.847341687037629410e-02 7.063831281056336397e-01
6.886919394980822728e-02 6.903011410776462853e-01
6.926725862497820629e-02 6.752503477423756895e-01
6.966762411821400547e-02 6.612114373565126657e-01
7.007030372826857090e-02 6.482577907446323007e-01
7.047531083076181979e-02 6.364550644339864727e-01
7.088265887862478520e-02 6.257182911540141168e-01
7.129236140254673060e-02 6.161015409859813552e-01
7.170443201142430445e-02 6.076666083084779624e-01
7.211888439281383123e-02 6.002783179183386331e-01
7.253573231338585059e-02 5.939830155995059480e-01
7.295498961938230720e-02 5.888927036631737000e-01
7.337667023707672431e-02 5.849417255820903438e-01
7.380078817323644513e-02 5.821725649915363565e-01
7.422735751558823258e-02 5.806972242027056419e-01
7.465639243328600627e-02 5.806161190808065697e-01
7.508790717738160481e-02 5.819640089637959646e-01
7.552191608129793510e-02 5.843585411341494229e-01
7.595843356130543844e-02 5.875486759288461869e-01
7.639747411700059665e-02 5.918472473894970109e-01
7.683905233178781047e-02 5.966787953654846266e-01
7.728318287336367887e-02 6.016571049906228597e-01
7.772988049420428980e-02 6.072263233610257771e-01
7.817916003205507836e-02 6.128380253667091715e-01
7.863103641042397396e-02 6.186196619135143626e-01
7.908552463907676799e-02 6.250771744761453030e-01
7.954263981453599253e-02 6.321101471893934010e-01
8.000239712058217212e-02 6.400623112841642426e-01
8.046481182875830918e-02 6.490340826256663087e-01
8.092989929887701994e-02 6.589095967540438137e-01
8.139767497953076525e-02 6.697429237505626576e-01
8.186815440860513438e-02 6.806032857877144515e-01
8.234135321379483508e-02 6.913555076623343343e-01
8.281728711312283386e-02 7.028106405934125833e-01
8.329597191546232737e-02 7.156986306780412921e-01
8.377742352106211376e-02 7.311086038388648900e-01
8.426165792207447602e-02 7.514968866248267210e-01
8.474869120308657633e-02 7.785473758524982246e-01
8.523853954165466762e-02 8.138049309866232095e-01
8.573121920884146929e-02 8.609347311073074493e-01
8.622674656975649887e-02 9.213078389895117404e-01
8.672513808409994251e-02 9.897798726156374904e-01
8.722641030670905127e-02 1.062195160025523055e+00
8.773057988810836760e-02 1.120390016062437821e+00
8.823766357506258873e-02 1.131849011142177952e+00
8.874767821113291322e-02 1.105922407175108146e+00
8.926064073723644077e-02 1.067405198570372749e+00
8.977656819220893036e-02 1.029386207143017540e+00
9.029547771337091688e-02 9.998407698797843191e-01
9.081738653709675591e-02 9.792941389986861145e-01
9.134231199938727674e-02 9.659697261152671022e-01
9.187027153644546085e-02 9.587552324149116734e-01
9.240128268525588107e-02 9.564418053664572872e-01
9.293536308416693037e-02 9.584115011840060872e-01
9.347253047347692245e-02 9.639691331084233594e-01
9.401280269602330097e-02 9.738639579801100510e-01
9.455619769777530437e-02 9.884397070299718591e-01
9.510273352842993355e-02 1.006479803429522590e+00
9.565242834201181932e-02 1.027343130500893320e+00
9.620530039747586526e-02 1.047457200731862992e+00
9.676136805931405405e-02 1.060978583197036862e+00
9.732064979816532069e-02 1.068772399196671330e+00
9.788316419142908953e-02 1.074055818566096665e+00
9.844892992388228070e-02 1.080192772789793088e+00
9.901796578830000806e-02 1.089179992725942681e+00
9.959029068607995472e-02 1.101083134901796878e+00
1.001659236278700377e-01 1.114608379515632519e+00
1.007448837341998471e-01 1.129056677659652896e+00
1.013271902361159299e-01 1.142099153690755875e+00
1.019128624758204177e-01 1.152631233091649721e+00
1.025019199073136378e-01 1.156145788373942773e+00
1.030943820970401520e-01 1.148742049389156028e+00
1.036902687245389171e-01 1.125936061540869559e+00
1.042895995830967204e-01 1.085070666549722951e+00
1.048923945804057928e-01 1.034885906837506919e+00
1.054986737392250712e-01 9.812252133296163192e-01
1.061084571980452224e-01 9.294724212606848557e-01
1.067217652117575799e-01 8.814079811638303452e-01
1.073386181523270227e-01 8.392603528169461091e-01
1.079590365094685589e-01 8.037942416550806213e-01
1.085830408913279893e-01 7.762300866553818457e-01
1.092106520251663743e-01 7.581320580259032216e-01
1.098418907580486492e-01 7.532657507119588924e-01
1.104767780575359459e-01 7.668180303664277053e-01
1.111153350123821049e-01 7.909603216517180346e-01
1.117575828332342536e-01 8.129243610917189500e-01
1.124035428533372433e-01 8.124493168063101622e-01
1.130532365292423180e-01 7.864802292039597686e-01
1.137066854415197809e-01 7.594722236115688530e-01
1.143639112954759340e-01 7.384042026611195020e-01
1.150249359218739331e-01 7.266787193237109754e-01
1.156897812776589568e-01 7.246742641682053510e-01
1.163584694466876512e-01 7.310931552442175851e-01
1.170310226404614878e-01 7.454255889283819547e-01
1.177074631988646730e-01 7.670304485428299790e-01
1.183878135909062629e-01 7.961394630072730072e-01
1.190720964154663303e-01 8.369005799845492533e-01
1.197603344020467531e-01 8.986679235336850757e-01
1.204525504115261381e-01 9.808158255714591878e-01
1.211487674369193246e-01 1.007097747215420336e+00
1.218490086041408849e-01 9.440481703105466638e-01
1.225532971727734816e-01 8.585865447208962387e-01
1.232616565368404721e-01 7.879092242088481246e-01
1.239741102255828148e-01 7.318424120846185321e-01
1.246906819042407494e-01 6.856279411967951543e-01
1.254113953748399735e-01 6.462185762511699627e-01
1.261362745769819826e-01 6.118184181199779470e-01
1.268653435886395453e-01 5.815971048409190880e-01
1.275986266269562852e-01 5.553847018728715890e-01
1.283361480490512463e-01 5.338841202722938162e-01
1.290779323528278288e-01 5.173463997022069716e-01
1.298240041777875831e-01 5.054123603370578310e-01
1.305743883058487209e-01 4.977807545812213963e-01
1.313291096621690413e-01 4.941310240957631494e-01
1.320881933159741561e-01 4.942314399609715192e-01
1.328516644813900749e-01 4.979893106089618438e-01
1.336195485182806453e-01 5.052385636472740416e-01
1.343918709330900185e-01 5.154076010739530034e-01
1.351686573796898327e-01 5.271446708573471751e-01
1.359499336602315311e-01 5.390169158439065411e-01
1.367357257260030934e-01 5.477221989277402114e-01
1.375260596782912625e-01 5.527429921881589214e-01
1.383209617692485738e-01 5.564506549035450611e-01
1.391204584027652402e-01 5.605715675257503250e-01
1.399245761353461737e-01 5.670097693450718568e-01
1.407333416769932510e-01 5.765956223238096756e-01
1.415467818920924381e-01 5.891398811775327982e-01
1.423649238003061035e-01 6.038430811332359260e-01
1.431877945774705507e-01 6.198439630393242084e-01
1.440154215564987683e-01 6.338597005332161638e-01
1.448478322282882313e-01 6.431134087270341526e-01
1.456850542426340045e-01 6.478059193511945812e-01
1.465271154091474515e-01 6.493623652619244790e-01
1.473740436981796631e-01 6.510655728218049942e-01
1.482258672417506584e-01 6.550706209841543615e-01
1.490826143344838317e-01 6.623584955090852100e-01
1.499443134345459228e-01 6.730875444917339134e-01
1.508109931645919832e-01 6.868985881065471366e-01
1.516826823127164214e-01 7.031466475269945171e-01
1.525594098334091819e-01 7.193329125688521231e-01
1.534412048485173929e-01 7.338043836048436797e-01
1.543280966482127869e-01 7.467580302167239337e-01
1.552201146919646169e-01 7.527829821292263413e-01
1.561172886095181789e-01 7.444484653169313182e-01
1.570196482018790252e-01 7.232684420552880633e-01
1.579272234423027277e-01 6.944375022944989650e-01
1.588400444772908315e-01 6.614238555329150504e-01
1.597581416275917487e-01 6.278424729180374086e-01
1.606815453892082024e-01 6.002783179183386331e-01
1.616102864344102497e-01 5.831844479409438176e-01
1.625443956127538836e-01 5.751704894675832014e-01
1.634839039521058524e-01 5.689060843380453480e-01
1.644288426596743347e-01 5.624253988834433393e-01
1.653792431230455828e-01 5.572771547171831985e-01
1.663351369112262834e-01 5.553499425349148755e-01
1.672965557756923849e-01 5.576710938806930251e-01
1.682635316514438095e-01 5.650362113788610641e-01
1.692360966580649384e-01 5.782100004644674662e-01
1.702142831007917856e-01 5.985403510205014044e-01
1.711981234715850009e-01 6.279274401885984735e-01
1.721876504502090899e-01 6.665180296179090691e-01
1.731828969053178791e-01 7.060432590233899353e-01
1.741838958955464201e-01 7.333061664274636016e-01
1.751906806706090836e-01 7.446068134120675808e-01
1.762032846724038426e-01 7.470708642583345771e-01
1.772217415361232173e-01 7.180236441724814345e-01
1.782460850913716033e-01 6.606282529085717448e-01
1.792763493632887617e-01 6.109455725223974509e-01
1.803125685736800821e-01 5.717679364964840527e-01
1.813547771421535060e-01 5.418826301510070165e-01
1.824030096872625850e-01 5.207721255652772996e-01
1.834573010276564775e-01 5.099465228660821081e-01
1.845176861832364401e-01 5.110588216806979389e-01
1.855842003763193415e-01 5.259628533668178063e-01
1.866568790328071992e-01 5.569643206755724441e-01
1.877357577833641822e-01 6.020394577081470411e-01
1.888208724646001924e-01 6.474892231609220561e-01
1.899122591202609955e-01 6.739140443053720508e-01
1.910099540024255971e-01 6.820515915359122161e-01
1.921139935727104175e-01 6.865934783622601456e-01
1.932244145034804905e-01 6.961175369624084119e-01
1.943412536790674328e-01 7.128097434789696374e-01
1.954645481969946030e-01 7.308652884731677846e-01
1.965943353692096995e-01 7.424053886748070985e-01
1.977306527233236300e-01 7.517440641391859302e-01
1.988735380038573475e-01 7.585144107434275140e-01
2.000230291734956534e-01 7.433554772456247850e-01
2.011791644143479663e-01 7.143661893896995352e-01
2.023419821292166965e-01 6.954995931765105555e-01
2.035115209428728922e-01 6.962836093548684380e-01
2.046878197033392410e-01 7.033899628926917336e-01
2.058709174831803157e-01 7.201053423012242494e-01
2.070608535808005912e-01 7.541888042421436289e-01
2.082576675217497619e-01 7.864029862307224672e-01
2.094613990600355524e-01 7.339434209566705336e-01
2.106720881794442723e-01 6.328709904757799931e-01
2.118897750948690872e-01 5.486993225391909590e-01
2.131145002536455058e-01 4.851206312676424881e-01
2.143463043368951104e-01 4.378208966058362295e-01
2.155852282608767823e-01 4.019917434697559133e-01
2.168313131783459469e-01 3.739509993251835529e-01
2.180846004799212312e-01 3.508205909893006846e-01
2.193451317954595303e-01 3.306636509081842257e-01
2.206129489954388734e-01 3.128317243215078536e-01
2.218880941923488948e-01 2.981003306805731223e-01
2.231706097420899648e-01 2.874411865887042117e-01
2.244605382453801201e-01 2.810972211967320833e-01
2.257579225491697927e-01 2.789884880273561518e-01
2.270628057480653939e-01 2.809520044070460965e-01
2.283752311857605299e-01 2.868522089177704681e-01
2.296952424564759343e-01 2.966381211971927390e-01
2.310228834064072811e-01 3.104738825634419941e-01
2.323581981351817149e-01 3.289855473146058307e-01
2.337012309973229007e-01 3.536133106866920506e-01
2.350520266037238737e-01 3.860402970665394728e-01
2.364106298231291869e-01 4.209085476155489114e-01
2.377770857836252472e-01 4.431390753132182780e-01
2.391514398741393099e-01 4.525202344128775311e-01
2.405337377459470793e-01 4.590163684621269558e-01
2.419240253141889951e-01 4.671037077600629916e-01
2.433223487593957901e-01 4.771491564295622934e-01
2.447287545290218747e-01 4.894732728095593233e-01
2.461432893389885190e-01 5.034735617088038628e-01
2.475660001752356676e-01 5.174468155674153413e-01
2.489969342952823017e-01 5.277394417512737412e-01
2.504361392297964617e-01 5.317946978462272378e-01
2.518836627841739007e-01 5.247926223222740827e-01
2.533395530401260642e-01 5.091547823904006842e-01
2.548038583572773130e-01 4.918562185339273030e-01
2.562766273747711931e-01 4.744031687309794298e-01
2.577579090128856998e-01 4.535784631462272953e-01
2.592477524746588102e-01 4.308304075278686640e-01
2.607462072475227322e-01 4.093954824545425475e-01
2.622533231049470337e-01 3.892312042909685799e-01
2.637691501080930423e-01 3.677653820283476316e-01
2.652937386074759596e-01 3.437806664084612218e-01
2.668271392446371348e-01 3.196410786272341764e-01
2.683694029538270520e-01 2.991979533302738803e-01
2.699205809636965880e-01 2.853961788722490511e-01
2.714807247989985406e-01 2.792460933431022974e-01
2.730498862822996475e-01 2.803093428697124856e-01
2.746281175357012105e-01 2.871295111916920550e-01
2.762154709825712651e-01 2.972143537775423505e-01
2.778119993492854656e-01 3.089050777769942191e-01
2.794177556669779627e-01 3.232282423043703057e-01
2.810327932733039380e-01 3.322683736771872565e-01
2.826571658142107979e-01 3.300422311884908533e-01
2.842909272457196934e-01 3.294895577149786203e-01
2.859341318357184192e-01 3.367975154129511650e-01
2.875868341657639160e-01 3.515968828703345816e-01
2.892490891328946545e-01 3.686803250463424053e-01
2.909209519514548425e-01 3.822214044696916613e-01
2.926024781549284581e-01 3.902237764970667433e-01
2.942937235977828858e-01 3.936263294681659475e-01
2.959947444573255426e-01 3.932825982372603058e-01
2.977055972355692748e-01 3.891269262770983839e-01
2.994263387611086902e-01 3.836700964327556251e-01
3.011570261910088142e-01 3.829675715911631806e-01
3.028977170127025720e-01 3.847318010999010718e-01
3.046484690459013711e-01 3.744700721053375592e-01
3.064093404445150659e-01 3.546375525118174443e-01
3.081803896985833569e-01 3.333138573199529442e-01
3.099616756362194026e-01 3.145353180962545681e-01
3.117532574255635347e-01 2.977639375321251003e-01
3.135551945767480198e-01 2.794198900328859758e-01
3.153675469438748658e-01 2.637260489454156254e-01
3.171903747270033436e-01 2.547318771416747785e-01
3.190237384741493876e-01 2.531371959591925402e-01
3.208676990832974307e-01 2.585341624992764653e-01
3.227223178044230090e-01 2.718720929030118971e-01
3.245876562415266342e-01 2.939948666530153853e-01
3.264637763546810456e-01 3.198534968036365611e-01
3.283507404620888970e-01 3.368654892293999059e-01
3.302486112421523790e-01 3.435701793063898335e-01
3.321574517355558864e-01 3.465814966180425505e-01
3.340773253473591775e-01 3.494615008751919549e-01
3.360082958491044103e-01 3.533896922791703310e-01
3.379504273809338932e-01 3.466680087480681349e-01
3.399037844537201591e-01 3.298672758541085770e-01
3.418684319512097503e-01 3.162161251938962470e-01
3.438444351321779946e-01 3.113196931203894846e-01
3.458318596325960503e-01 3.188242341852507433e-01
3.478307714678123830e-01 3.408427299213839246e-01
3.498412370347446232e-01 3.771805280362313106e-01
3.518633231140849693e-01 4.240986824102457309e-01
3.538970968725191901e-01 4.594836884502120911e-01
3.559426258649572294e-01 4.601788752093470269e-01
3.579999780367765227e-01 4.442938577631145303e-01
3.600692217260801353e-01 4.255933339423857431e-01
3.621504256659661136e-01 4.091019591562411462e-01
3.642436589868098817e-01 3.962873498961878571e-01
3.663489912185618480e-01 3.904361946734690725e-01
3.684664922930561692e-01 3.942983433353297040e-01
3.705962325463332818e-01 4.029843156758540768e-01
3.727382827209774208e-01 4.071515740820015883e-01
3.748927139684648524e-01 4.082638728966174191e-01
3.770595978515288715e-01 4.092680315487011722e-01
3.792390063465359562e-01 4.139296449835668246e-01
3.814310118458763554e-01 4.293318938470667701e-01
3.836356871603694985e-01 4.565523176158599039e-01
3.858531055216822825e-01 4.709465456786142146e-01
3.880833405847607942e-01 4.491949244150155729e-01
3.903264664302779630e-01 4.224804421209261140e-01
3.925825575670940371e-01 4.198928025174795686e-01
3.948516889347303827e-01 4.370716397654353380e-01
3.971339359058604912e-01 4.469471538938127320e-01
3.994293742888124776e-01 4.490520249145267817e-01
4.017380803300868997e-01 4.554631916932152524e-01
4.040601307168905088e-01 4.684438733457285675e-01
4.063956025796829352e-01 4.712439311255774976e-01
4.087445734947380283e-01 4.643306850208471226e-01
4.111071214867221824e-01 4.530918324148329179e-01
4.134833250312844322e-01 4.403853633173116511e-01
4.158732630576643108e-01 4.294400340095988478e-01
4.182770149513134750e-01 4.239789558017280635e-01
4.206946605565314856e-01 4.169421209398181394e-01
4.231262801791195738e-01 4.001803957473432649e-01
4.255719545890473410e-01 3.764250917579713973e-01
4.280317650231349469e-01 3.501647981465167425e-01
4.305057931877529498e-01 3.294385773526420924e-01
4.329941212615355806e-01 3.200191829812303324e-01
4.354968318981098929e-01 3.254339154051588689e-01
4.380140082288422887e-01 3.467892802160505994e-01
4.405457338655994204e-01 3.753830840490014475e-01
4.430920929035247480e-01 4.026135494043154295e-01
4.456531699238333033e-01 4.238128834092680375e-01
4.482290499966203323e-01 4.401961180328805012e-01
4.508198186836865351e-01 4.564094181153711682e-01
4.534255620413813470e-01 4.645546896432349859e-01
4.560463666234608748e-01 4.560425139924943472e-01
4.586823194839622087e-01 4.494421019293746711e-01
4.613335081800964965e-01 4.563939695207236968e-01
4.640000207751556194e-01 4.708268190700965472e-01
4.666819458414390720e-01 4.688416746579002758e-01
4.693793724631949438e-01 4.531034188608184521e-01
4.720923902395786631e-01 4.558185093701064283e-01
4.748210892876304490e-01 4.961084442106357684e-01
4.775655602452679171e-01 5.571188066220469359e-01
4.803258942742961168e-01 6.017575208558312294e-01
4.831021830634371073e-01 6.322028387572780073e-01
4.858945188313745223e-01 6.453611792482369935e-01
4.887029943298164536e-01 6.406648064754144611e-01
4.915277028465775411e-01 6.275759846603691239e-01
4.943687382086768833e-01 5.996526498351172352e-01
4.972261947854541564e-01 5.635068005087643384e-01
5.001001674917054940e-01 5.322079477530463620e-01
5.029907517908354109e-01 5.031993491538117036e-01
5.058980436980275996e-01 4.780297263244664974e-01
5.088221397834349347e-01 4.580546934453236796e-01
5.117631371753864622e-01 4.329391406972444845e-01
5.147211335636141527e-01 3.996358327860209392e-01
5.176962272024980827e-01 3.685389704053183002e-01
5.206885169143288250e-01 3.313414579983407493e-01
5.236981020925914887e-01 2.903806679352462505e-01
5.267250827052667450e-01 2.657108071427458085e-01
5.297695592981502832e-01 2.583437585702467731e-01
5.328316329981945820e-01 2.630374278390059106e-01
5.359114055168668900e-01 2.659900404909982807e-01
5.390089791535270791e-01 2.588439068219577366e-01
5.421244567988269258e-01 2.551706172296621111e-01
5.452579419381275994e-01 2.574624162456101706e-01
5.484095386549359130e-01 2.570062964886444812e-01
5.515793516343632241e-01 2.608614932829136923e-01
5.547674861666017643e-01 2.737100894511913518e-01
5.579740481504216199e-01 2.902184576914481062e-01
5.611991440966896949e-01 3.069064158444813617e-01
5.644428811319066597e-01 3.288117506248220967e-01
5.677053670017649933e-01 3.517112024707256812e-01
5.709867100747291202e-01 3.730542084058995345e-01
5.742870193456336425e-01 3.922745774365147264e-01
5.776064044393048880e-01 4.012811081159735616e-01
5.809449756142023302e-01 3.857166490086755273e-01
5.843028437660793273e-01 3.528347015164609024e-01
5.876801204316687288e-01 3.206406027009237047e-01
5.910769177923870243e-01 2.956911223453045356e-01
5.944933486780595855e-01 2.863512882363271617e-01
5.979295265706701112e-01 2.879911565581531607e-01
6.013855656081297241e-01 2.842410102074865441e-01
6.048615805880666052e-01 2.873253221288483705e-01
6.083576869716416091e-01 2.965743957442720236e-01
6.118740008873820857e-01 3.007072810273290209e-01
6.154106391350390171e-01 2.978025590187436955e-01
6.189677191894675801e-01 2.896233005826553963e-01
6.225453592045292472e-01 2.790201576463834376e-01
6.261436780170150929e-01 2.681903065836602762e-01
6.297627951505950783e-01 2.598156234252818053e-01
6.334028308197864332e-01 2.555827084918826930e-01
6.370639059339481269e-01 2.546693103333526609e-01
6.407461421012968783e-01 2.621275056142715609e-01
6.444496616329448146e-01 2.800559859174944211e-01
6.481745875469649976e-01 2.892957903761296246e-01
6.519210435724759334e-01 2.708551891603440120e-01
6.556891541537508417e-01 2.529765305748591930e-01
6.594790444543533470e-01 2.487463191455232814e-01
6.632908403612935988e-01 2.522129837844093170e-01
6.671246684892090384e-01 2.567633673378134640e-01
6.709806561845721440e-01 2.613264959818016875e-01
6.748589315299192704e-01 2.728465130103993608e-01
6.787596233481042463e-01 3.041897804757286439e-01
6.826828612065795054e-01 3.226844517727803230e-01
6.866287754216984229e-01 3.106496103275566689e-01
6.905974970630435195e-01 3.121488964380909059e-01
6.945891579577818664e-01 3.281555715671720108e-01
6.986038906950429173e-01 3.432272205052166458e-01
7.026418286303216520e-01 3.478061839587184845e-01
7.067031058899108098e-01 3.282984710676608575e-01
7.107878573753529938e-01 2.880104673014624583e-01
7.148962187679240854e-01 2.417554438526895166e-01
7.190283265331394169e-01 2.092473523509430500e-01
7.231843179252852583e-01 1.977620946603020902e-01
7.273643309919801681e-01 1.967355355459795563e-01
7.315685045787596597e-01 1.953150372681472513e-01
7.357969783336865133e-01 1.972816433667666514e-01
7.400498927119919523e-01 2.036901066413918659e-01
7.443273889807401344e-01 2.150807416898171953e-01
7.486296092235191768e-01 2.236018002824801676e-01
7.529566963451627126e-01 2.217147544462950703e-01
7.573087940764960946e-01 2.061433434714056989e-01
7.616860469791092436e-01 1.874061292383892019e-01
7.660886004501606950e-01 1.811544691994355083e-01
7.705166007272060691e-01 1.859844723159583546e-01
7.749701948930545203e-01 2.080999079835042509e-01
7.794495308806568268e-01 2.291814464542701046e-01
7.839547574780165728e-01 2.314917837837950632e-01
7.884860243331343055e-01 2.432404400131749078e-01
7.930434819589780027e-01 2.584020770150408652e-01
7.976272817384808533e-01 2.724104764264753120e-01
8.022375759295721220e-01 2.894089513319221818e-01
8.068745176702336597e-01 3.131847247092019448e-01
8.115382609835852801e-01 3.148701663852378485e-01
8.162289607830032212e-01 3.091472344980928932e-01
8.209467728772645856e-01 3.184523092691134982e-01
8.256918539757219788e-01 3.296614233304314134e-01
8.304643616935105666e-01 3.517428720897529670e-01
8.352644545567829981e-01 3.792765161150229991e-01
8.400922920079733069e-01 3.691476450344275406e-01
8.449480344110958940e-01 3.349463875593213791e-01
8.498318430570707127e-01 3.033030311429655290e-01
8.547438801690798726e-01 2.809562527705741219e-01
8.596843089079587719e-01 2.738356092827018418e-01
8.646532933776126528e-01 2.775591068076015966e-01
8.696509986304700179e-01 2.842151338114520809e-01
8.746775906729644667e-01 2.848736301582993069e-01
8.797332364710471753e-01 2.809311488042720573e-01
8.848181039557355687e-01 2.809203347880188106e-01
8.899323620286901937e-01 2.733296678079981112e-01
8.950761805678236760e-01 2.617760500860422668e-01
9.002497304329459826e-01 2.649291082535852326e-01
9.054531834714387717e-01 2.571549892121260950e-01
9.106867125239620497e-01 2.407721408033798027e-01
9.159504914301977996e-01 2.359738073058842700e-01
9.212446950346235841e-01 2.412966205916604601e-01
9.265694991923183466e-01 2.442735647802225796e-01
9.319250807748065135e-01 2.499899310146423692e-01
9.373116176759319629e-01 2.604362707152427792e-01
9.427292888177655206e-01 2.632625911059923718e-01
9.481782741565508710e-01 2.657540632077586285e-01
9.536587546886805544e-01 2.643289303515320432e-01
9.591709124567069367e-01 2.482029148287994980e-01
9.647149305553922582e-01 2.496581724445885442e-01
9.702909931377862174e-01 2.697560216511785125e-01
9.758992854213467405e-01 2.949947769415710574e-01
9.815399936940907288e-01 2.998077866039816630e-01
9.872133053207802211e-01 2.644583123317044149e-01
9.929194087491489684e-01 2.365218462010022782e-01
9.986584935161608723e-01 2.250999277484158623e-01
1.004430750254303728e+00 2.266563736591456768e-01
1.010236370697924935e+00 2.221755087816550678e-01
1.016075547689597958e+00 1.942104627508551284e-01
1.021948475186527761e+00 1.649261067371636524e-01
1.027855348266994762e+00 1.529171416879744339e-01
1.033796363136834096e+00 1.645673131264768219e-01
1.039771717135951290e+00 1.912350634217577783e-01
1.045781608744880131e+00 2.099031451937269366e-01
1.051826237591374280e+00 2.099224559370362619e-01
1.057905804457035748e+00 1.999693126205554228e-01
1.064020511283988890e+00 1.881074954353830764e-01
1.070170561181583713e+00 1.852916028460205589e-01
1.076356158433145582e+00 1.917950749777275476e-01
1.082577508502760022e+00 1.975207103689358423e-01
1.088834818042095476e+00 1.928896079084988502e-01
1.095128294897270704e+00 1.824633513809400809e-01
1.101458148115757263e+00 1.739847764235576133e-01
1.107824587953321727e+00 1.782227121502172051e-01
1.114227825881013212e+00 1.949118289478490029e-01
1.120668074592185315e+00 2.174524871830657569e-01
1.127145548009560017e+00 2.368794811670905387e-01
1.133660461292336441e+00 2.536732621934588150e-01
1.140213030843336250e+00 2.576265575637392558e-01
1.146803474316190341e+00 2.497624504584587957e-01
1.153432010622570836e+00 2.381536040106383700e-01
1.160098859939462601e+00 2.165877520976751958e-01
1.166804243716473621e+00 2.045695178916975276e-01
1.173548384683194445e+00 2.031312537300206666e-01
1.180331506856595603e+00 2.071057909179413459e-01
1.187153835548465874e+00 2.148490127701055685e-01
1.194015597372901416e+00 2.094226939001914978e-01
1.200917020253827294e+00 2.014068043524998852e-01
1.207858333432573428e+00 2.036978309387156016e-01
1.214839767475487387e+00 2.192082199647475971e-01
1.221861554281590267e+00 2.109961332650334975e-01
1.228923927090283863e+00 1.826255616247382252e-01
1.236027120489096909e+00 1.728095245857534379e-01
1.243171370421473965e+00 1.928506002070140557e-01
1.250356914194617142e+00 2.197296100340987435e-01
1.257583990487367132e+00 2.379373236855741591e-01
1.264852839358128644e+00 2.623542137407227637e-01
1.272163702252848472e+00 2.745485619256812782e-01
1.279516822013033517e+00 2.810493305533249830e-01
1.286912442883815677e+00 2.954748420202403247e-01
1.294350810522067352e+00 3.085404909433145937e-01
1.301832172004561583e+00 3.124694547770253128e-01
1.309356775836174380e+00 2.906205073671477845e-01
1.316924871958146337e+00 2.639450327745431202e-01
1.324536711756377994e+00 2.430554430922717557e-01
1.332192548069784932e+00 2.479684824050245873e-01
1.339892635198694837e+00 2.687213520246660714e-01
1.347637228913291185e+00 2.994876144799134554e-01
1.355426586462114891e+00 3.008482494534869267e-01
1.363260966580605249e+00 2.424216644968604506e-01
1.371140629499693731e+00 1.916467684691121054e-01
1.379065836954451285e+00 1.700936616467330909e-01
1.387036852192779834e+00 1.557025233029082911e-01
1.395053939984155722e+00 1.343776694664452209e-01
1.403117366628427343e+00 1.239676339632662938e-01
1.411227399964658957e+00 1.270419042981072999e-01
1.419384309380025577e+00 1.317027453032406092e-01
1.427588365818764915e+00 1.366968897378924852e-01
1.435839841791175742e+00 1.461985478758018320e-01
1.444139011382666204e+00 1.538015737315405196e-01
1.452486150262864761e+00 1.547350550631122201e-01
1.460881535694769973e+00 1.594086411588296892e-01
1.469325446543965796e+00 1.659383759014373128e-01
1.477818163287882181e+00 1.799463890980055603e-01
1.486359968025109168e+00 2.035893045613172969e-01
1.494951144484772509e+00 2.204406316027472945e-01
1.503591978035954568e+00 2.152421795038829966e-01
1.512282755697172298e+00 2.179483870712486671e-01
1.521023766145914724e+00 2.278891715120115458e-01
1.529815299728230382e+00 2.303072627892024382e-01
1.538657648468367833e+00 2.246241110332746482e-01
1.547551106078482119e+00 2.257310028397638557e-01
1.556495967968387184e+00 2.008603103168466186e-01
1.565492531255366693e+00 1.857349775124021718e-01
1.574541094774047689e+00 1.867754403619073800e-01
1.583641959086324214e+00 1.902320634142725952e-01
1.592795426491339539e+00 1.874126948911143675e-01
1.602001801035530804e+00 1.922766849158615565e-01
1.611261388522727822e+00 1.956460234084687055e-01
1.620574496524306296e+00 1.820002797563829988e-01
1.629941434389411858e+00 1.674129442605356843e-01
1.639362513255227638e+00 1.486459914828228701e-01
1.648838046057315765e+00 1.379130803515123682e-01
1.658368347540009280e+00 1.397981951133665246e-01
1.667953734266863997e+00 1.531117939805322348e-01
1.677594524631179640e+00 1.614215930413913924e-01
1.687291038866571835e+00 1.620885861152947249e-01
1.697043599057607821e+00 1.741717044187916508e-01
1.706852529150509445e+00 2.069088213361864603e-01
1.716718154963911225e+00 2.346301657864229562e-01
1.726640804199680579e+00 2.394733002083961060e-01
1.736620806453807120e+00 2.252760417273966809e-01
1.746658493227349673e+00 2.195303231631467455e-01
1.756754197937443251e+00 2.350445743378405949e-01
1.766908255928380411e+00 2.365272532091288737e-01
1.777121004482747679e+00 2.184705495703322398e-01
1.787392782832625482e+00 2.145272957865725916e-01
1.797723932170862682e+00 2.144651151931166178e-01
1.808114795662403074e+00 2.118346057395233961e-01
1.818565718455690483e+00 2.039098629002517316e-01
1.829077047694130043e+00 1.986990519256694732e-01
1.839649132527616748e+00 1.968340203368570129e-01
1.850282324124138622e+00 1.987361285528233268e-01
1.860976975681438272e+00 2.032336006695599773e-01
1.871733442438742401e+00 2.131909923495688419e-01
1.882552081688566581e+00 2.334973975838992577e-01
1.893433252788581767e+00 2.391959979344745191e-01
1.904377317173546302e+00 2.194681425696907995e-01
1.915384638367318981e+00 2.054481567122708185e-01
1.926455581994929611e+00 2.180341267715419640e-01
1.937590515794722412e+00 2.131346049791056907e-01
1.948789809630575354e+00 1.932205940488202767e-01
1.960053835504184105e+00 1.870087141410837484e-01
1.971382967567415045e+00 1.825653121056131645e-01
1.982777582134739092e+00 1.786305550489096505e-01
1.994238057695728816e+00 1.777696821121809434e-01
2.005764774927627947e+00 1.896511962555287589e-01
2.017358116708002580e+00 2.108594132024036172e-01
2.029018468127450348e+00 2.271534321919271016e-01
2.040746216502401289e+00 2.231395010876554286e-01
2.052541751387976898e+00 2.083787551168905794e-01
2.064405464590929995e+00 2.059946507479240574e-01
2.076337750182662312e+00 2.043308371043945637e-01
2.088339004512313135e+00 1.995286414582371215e-01
2.100409626219920778e+00 2.137289896581660298e-01
2.112550016249669760e+00 2.040736180035146452e-01
2.124760577863207711e+00 1.947133145066293758e-01
2.137041716653034662e+00 1.918360137535432830e-01
2.149393840555982482e+00 2.027944743667064176e-01
2.161817359866763155e+00 2.280343883016975326e-01
2.174312687251592546e+00 2.369165577942443923e-01
2.186880237761905654e+00 2.232766073651515082e-01
2.199520428848138476e+00 2.063445614166886377e-01
2.212233680373592026e+00 1.720776474143308477e-01
2.225020414628386511e+00 1.568264085635097116e-01
2.237881056343477670e+00 1.594001444317735550e-01
2.250816032704775704e+00 1.517438209245011993e-01
2.263825773367328598e+00 1.512653007052967014e-01
2.276910710469592924e+00 1.573327362530796414e-01
2.290071278647793029e+00 1.636102726880677705e-01
2.303307915050354371e+00 1.680621714505944331e-01
2.316621059352423018e+00 1.708911953454072818e-01
2.330011153770474852e+00 1.674434552349643723e-01
2.343478643077001600e+00 1.535949487781309852e-01
2.357023974615280792e+00 1.301053606166950871e-01
2.370647598314243876e+00 1.163576562399362552e-01
2.384349966703414481e+00 1.295534595729151972e-01
2.398131534927939956e+00 1.458331886123898080e-01
2.411992760763713051e+00 1.463449233100863611e-01
2.425934104632577970e+00 1.344433259936968772e-01
2.439956029617617261e+00 1.318950803066012700e-01
2.454059001478542612e+00 1.280429732312615421e-01
2.468243488667162033e+00 1.245361422462921697e-01
2.482509962342935861e+00 1.192395915714166005e-01
2.496858896388636673e+00 1.192001976550656206e-01
2.511290767426078485e+00 1.234404506709223109e-01
2.525806054831960523e+00 1.369668539293565634e-01
2.540405240753779381e+00 1.513131913487037739e-01
2.555088810125852206e+00 1.602915283429309778e-01
2.569857250685421590e+00 1.537054062298601753e-01
2.584711052988855506e+00 1.427145035679374119e-01
2.599650710427946265e+00 1.311353956648133035e-01
2.614676719246288084e+00 1.286107090845550471e-01
2.629789578555775442e+00 1.226834695331976421e-01
2.644989790353173831e+00 1.214834999439575874e-01
2.660277859536794409e+00 1.359233013609218166e-01
2.675654293923265481e+00 1.391412436259840402e-01
2.691119604264405218e+00 1.417868154593585339e-01
2.706674304264172548e+00 1.434985197462951279e-01
2.722318910595750374e+00 1.369521777644414628e-01
2.738053942918694972e+00 1.428535409197644046e-01
2.753879923896200843e+00 1.594854979172007081e-01
2.769797379212459720e+00 1.551726365065010105e-01
2.785806837590128815e+00 1.579618802700966940e-01
2.801908830807877226e+00 1.648917336140731105e-01
2.818103893718070019e+00 1.559705564200414007e-01
2.834392564264522019e+00 1.654525175997752506e-01
2.850775383500368410e+00 1.722916104501979184e-01
2.867252895606037466e+00 1.663628260393757996e-01
2.883825647907329426e+00 1.845241939069088566e-01
2.900494190893583735e+00 1.898520279859454984e-01
2.917259078235983960e+00 1.616726327044123168e-01
2.934120866805935979e+00 1.595816654188810246e-01
2.951080116693567401e+00 1.580534131933827857e-01
2.968137391226336685e+00 1.587949457364600525e-01
2.985293256987731514e+00 1.747274676112333669e-01
3.002548283836107057e+00 1.887146252050275752e-01
3.019903044923603730e+00 1.963539552581877456e-01
3.037358116715186629e+00 1.983398721001164433e-01
3.054914079007794214e+00 1.849984657625853568e-01
3.072571514949601568e+00 1.792407745374836048e-01
3.090331011059376021e+00 1.552969976934129304e-01
3.108193157245980220e+00 1.404717538399949950e-01
3.126158546827951579e+00 1.555213885306670207e-01
3.144227776553216724e+00 1.658653812917281478e-01
3.162401446618910317e+00 1.645615199034840270e-01
3.180680160691316427e+00 1.503603992738227757e-01
3.199064525925907621e+00 1.499224316155677861e-01
3.217555152987530587e+00 1.519898397942617274e-01
3.236152656070678812e+00 1.344892855627730088e-01
3.254857652919894928e+00 1.266773174644276467e-01
3.273670764850296955e+00 1.346526544511696954e-01
3.292592616768199143e+00 1.402867569190918984e-01
3.311623837191892683e+00 1.449379425525705312e-01
3.330765058272506351e+00 1.524316696011785988e-01
3.350016915815009710e+00 1.565120296624342433e-01
3.369380049299332214e+00 1.716083963519147992e-01
3.388855101901607103e+00 1.770304668583008445e-01
3.408442720515521884e+00 1.740373016453589106e-01
3.428143555773827789e+00 1.679447621312738781e-01
3.447958262069935831e+00 1.623048664403589081e-01
3.467887497579658529e+00 1.600694547948739999e-01
3.487931924283071528e+00 1.619769700189669370e-01
3.508092207986506228e+00 1.661928914982539196e-01
3.528369018344649444e+00 1.738631187407089773e-01
3.548763028882812254e+00 1.675929203881783569e-01
3.569274917019284565e+00 1.470416549286859831e-01
3.589905364087840223e+00 1.391435609151811525e-01
3.610655055360374899e+00 1.371317676772179917e-01
3.631524680069651456e+00 1.417149794942479113e-01
3.652514931432215839e+00 1.390798354622604649e-01
3.673626506671410219e+00 1.319506952473320505e-01
3.694860107040534913e+00 1.384846783534677550e-01
3.716216437846141751e+00 1.429446876281842971e-01
3.737696208471465109e+00 1.328173614070535802e-01
3.759300132399972405e+00 1.373963248605554466e-01
3.781028927239082016e+00 1.354582986620338214e-01
3.802883314743989107e+00 1.464237111427882931e-01
3.824864020841640233e+00 1.608414983123799269e-01
3.846971775654848713e+00 1.661021310047001986e-01
3.869207313526548564e+00 1.660924756330455498e-01
3.891571373044171445e+00 1.661515665075720405e-01
3.914064697064205678e+00 1.929649198074051275e-01
3.936688032736852527e+00 2.072965810618372651e-01
3.959442131530850340e+00 1.968293857584627882e-01
3.982327749258438132e+00 1.691377798529225818e-01
4.005345646100446189e+00 1.571593257781620789e-01
4.028496586631570509e+00 1.502874046641136108e-01
4.051781339845751617e+00 1.513058532662462374e-01
4.075200679181723906e+00 1.476055286333176342e-01
4.098755382548707082e+00 1.407625736342331124e-01
4.122446232352245943e+00 1.381772513199836239e-01
4.146274015520188705e+00 1.329695300643308487e-01
4.170239523528843861e+00 1.285369420451135114e-01
4.194343552429258715e+00 1.297589258817261892e-01
4.218586902873665778e+00 1.319588057595219577e-01
4.242970380142073950e+00 1.137252157120120927e-01
4.267494794169023997e+00 1.100144632776964698e-01
4.292160959570472833e+00 1.232566123946177566e-01
4.316969695670882068e+00 1.224231607133882543e-01
4.341921826530410478e+00 1.220048900133087616e-01
4.367018180972294772e+00 1.247377464064412939e-01
4.392259592610382235e+00 1.235621083537709330e-01
4.417646899876805477e+00 1.088766742819123473e-01
4.443180946049855251e+00 1.107015395246414707e-01
4.468862579281975833e+00 1.179310956047782410e-01
4.494692652627942486e+00 1.210470771451673255e-01
4.520672024073195239e+00 1.184996038878041030e-01
4.546801556562344082e+00 1.256306751770634444e-01
4.573082118027814502e+00 1.356405920788736341e-01
4.599514581418703507e+00 1.388593067736682285e-01
4.626099824729760002e+00 1.504859191053332379e-01
4.652838731030551678e+00 1.529588528935225400e-01
4.679732188494796219e+00 1.506207080936321496e-01
4.706781090429870140e+00 1.415311412179433570e-01
4.733986335306464177e+00 1.355413348582638067e-01
4.761348826788450062e+00 1.503430196048443912e-01
4.788869473762884077e+00 1.508458713606186385e-01
4.816549190370198019e+00 1.558697543399668317e-01
4.844388896034566017e+00 1.671804429110916590e-01
4.872389515494448098e+00 1.702527821716017520e-01
4.900551978833287414e+00 1.632935764977951898e-01
4.928877221510434836e+00 1.479392182777024001e-01
4.957366184392200559e+00 1.487220758114615182e-01
4.986019813783113541e+00 1.525486927056329545e-01
5.014839061457356806e+00 1.427423110383028160e-01
5.043824884690362609e+00 1.314860787633102268e-01
5.072978246290641202e+00 1.263304965145925773e-01
5.102300114631742822e+00 1.196636554944888881e-01
5.131791463684423960e+00 1.289884272236850038e-01
5.161453273049005475e+00 1.308376240029838489e-01
5.191286527987911903e+00 1.244704857190405412e-01
5.221292219458380401e+00 1.377616841239674428e-01
5.251471344145405951e+00 1.312400598935496987e-01
5.281824904494829553e+00 1.282963301834795788e-01
5.312353908746639597e+00 1.319707784203737189e-01
5.343059370968462396e+00 1.354146563821548022e-01
5.373942311089249912e+00 1.372487907816723751e-01
5.405003754933139781e+00 1.294267810968061927e-01
5.436244734253559585e+00 1.316251161151372195e-01
5.467666286767478567e+00 1.232952338812363657e-01
5.499269456189878724e+00 1.173683805447451600e-01
5.531055292268432844e+00 1.240340629202502931e-01
5.563024850818350409e+00 1.246639793669997442e-01
5.595179193757479297e+00 1.267514707187353817e-01
5.627519389141558470e+00 1.294495677739111728e-01
5.660046511199702479e+00 1.206311237342849452e-01
5.692761640370078702e+00 1.170837401883660228e-01
5.725665863335805739e+00 1.149000813349500688e-01
5.758760273061025892e+00 1.127102430436751485e-01
5.792045968827241431e+00 1.110626504245254276e-01
5.825524056269808071e+00 1.055069495744390129e-01
5.859195647414667363e+00 1.084529965737062590e-01
5.893061860715279821e+00 1.266379235480766807e-01
5.927123821089786304e+00 1.223949670281566787e-01
5.961382659958350594e+00 1.201116647392647119e-01
5.995839515280771082e+00 1.255572943524881080e-01
6.030495531594262104e+00 1.201147544581942089e-01
6.065351860051475086e+00 1.255661772944103582e-01
6.100409658458743500e+00 1.243075030455100122e-01
6.135670091314512575e+00 1.089423308091639897e-01
6.171134329848062094e+00 1.149309785242449700e-01
6.206803552058381079e+00 1.147085187613218066e-01
6.242678942753306259e+00 1.157617267014111606e-01
6.278761693588877257e+00 1.267228908186376068e-01
6.315053003108923591e+00 1.275690875904512411e-01
6.351554076784851510e+00 1.355745493367558063e-01
6.388266127055725718e+00 1.354104080186267489e-01
6.425190373368511843e+00 1.363435031353322502e-01
6.462328042218596025e+00 1.385391346495999654e-01
6.499680367190518560e+00 1.435977769669049275e-01
6.537248588998957999e+00 1.450429929961731534e-01
6.575033955529916874e+00 1.592873696908472525e-01
6.613037721882214726e+00 1.478418921314235135e-01
6.651261150409145451e+00 1.320372073773577459e-01
6.689705510760421525e+00 1.443153641882786165e-01
6.728372079924347382e+00 1.414342012865306419e-01
6.767262142270216607e+00 1.338640036944177825e-01
6.806376989591010229e+00 1.192654679674510637e-01
6.845717921146279750e+00 1.104192164574594598e-01
6.885286243705309062e+00 1.092246538763459868e-01
6.925083271590525058e+00 1.091690389356151925e-01
6.965110326721157818e+00 1.119965179709632996e-01
7.005368738657123728e+00 1.221933628680075545e-01
7.045859844643230119e+00 1.383653379598162314e-01
7.086584989653569089e+00 1.402975709353450895e-01
7.127545526436194656e+00 1.318398515807366611e-01
7.168742815558059256e+00 1.539448594468955378e-01
7.210178225450215805e+00 1.587721590593550447e-01
7.251853132453240036e+00 1.257009662827092977e-01
7.293768920862992111e+00 1.298740179118496318e-01
7.335926982976571864e+00 1.280132346865652249e-01
7.378328719138569802e+00 1.072062949856576602e-01
7.420975537787583676e+00 1.086963119394034616e-01
7.463868855503007715e+00 1.187942858307040744e-01
7.507010097052058128e+00 1.243839735890148596e-01
7.550400695437144982e+00 1.265707221613603106e-01
7.594042091943437711e+00 1.225146936366743461e-01
7.637935736186750368e+00 1.191573278049189583e-01
7.682083086161699548e+00 1.116999049537324290e-01
7.726485608290103890e+00 1.216854903189728970e-01
7.771144777469737974e+00 1.353617449454873056e-01
7.816062077123293150e+00 1.396715166372574923e-01
7.861238999247660786e+00 1.474830985207366552e-01
7.906677044463489068e+00 1.347430287298572449e-01
7.952377722065040011e+00 1.158605977071547888e-01
7.998342550070284496e+00 1.510849383627878018e-01
