2.511886431509579437e-02 9.392115136097022310e-01
2.526405161860213050e-02 9.579852795898942119e-01
2.541007810627042562e-02 9.670038470391245644e-01
2.555694862859406516e-02 9.840702811663324390e-01
2.570466806410236227e-02 9.965035123215310042e-01
2.585324131952258450e-02 1.007353330871139541e+00
2.600267332994290678e-02 1.016082753409783823e+00
2.615296905897638788e-02 1.024061776061431228e+00
2.630413349892583852e-02 1.031765422607758609e+00
2.645617167094958117e-02 1.039710023246241066e+00
2.660908862522835469e-02 1.048143416471666312e+00
2.676288944113292337e-02 1.057492435247280760e+00
2.691757922739292791e-02 1.068507479460081289e+00
2.707316312226650673e-02 1.081608497670681013e+00
2.722964629371095457e-02 1.096705992644850802e+00
2.738703393955444973e-02 1.113848155201021539e+00
2.754533128766867636e-02 1.132952372507597394e+00
2.770454359614242176e-02 1.153977338148780341e+00
2.786467615345633933e-02 1.176867976903506419e+00
2.802573427865854422e-02 1.201968508903425548e+00
2.818772332154127064e-02 1.229354662577500923e+00
2.835064866281864979e-02 1.258702871001981416e+00
2.851451571430539678e-02 1.289854792916307780e+00
2.867932991909653145e-02 1.322769121904682210e+00
2.884509675174826843e-02 1.357418320356573060e+00
2.901182171845980567e-02 1.393829925882511755e+00
2.917951035725619563e-02 1.427577267589479337e+00
2.934816823817239240e-02 1.445807165761664237e+00
2.951780096343814899e-02 1.447431884783052070e+00
2.968841416766421215e-02 1.440217030823667921e+00
2.986001351802944001e-02 1.426771792481418055e+00
3.003260471446899879e-02 1.410063347291126368e+00
3.020619348986378766e-02 1.391578726221520679e+00
3.038078561023081769e-02 1.370319690890815512e+00
3.055638687491469066e-02 1.339236613002819043e+00
3.073300311678033025e-02 1.299658182265700290e+00
3.091064020240668481e-02 1.257931817907085303e+00
3.108930403228154019e-02 1.215957615053682384e+00
3.126900054099761295e-02 1.175429136753209258e+00
3.144973569744963920e-02 1.137007285658434563e+00
3.163151550503255638e-02 1.101504421280051993e+00
3.181434600184106232e-02 1.069512602244499400e+00
3.199823326087009728e-02 1.040604995588531034e+00
3.218318339021652985e-02 1.014182658283075744e+00
3.236920253328214730e-02 9.899908674307127399e-01
3.255629686897762443e-02 9.678093221471856245e-01
3.274447261192782455e-02 9.474796811719357059e-01
3.293373601267822470e-02 9.298900324446197629e-01
3.312409335790250653e-02 9.151298731994671476e-01
3.331555097061136145e-02 9.023937283284164668e-01
3.350811521036261426e-02 8.913786841156160490e-01
3.370179247347232510e-02 8.818644396768094973e-01
3.389658919322740410e-02 8.737064225567042763e-01
3.409251184009919750e-02 8.685018141661560165e-01
3.428956692195841288e-02 8.684192013345599648e-01
3.448776098429136294e-02 8.736100409198421790e-01
3.468710061041735404e-02 8.842670961957266318e-01
3.488759242170727526e-02 9.014505651676953946e-01
3.508924307780367929e-02 9.265166751544496870e-01
3.529205927684192501e-02 9.552934781603911185e-01
3.549604775567258980e-02 9.690485146211257339e-01
3.570121529008542238e-02 9.568493531554490561e-01
3.590756869503420462e-02 9.271844622098507349e-01
3.611511482486330638e-02 8.925214949526940611e-01
3.632386057353523962e-02 8.619547472621726936e-01
3.653381287485973905e-02 8.417627943395826762e-01
3.674497870272393912e-02 8.314361903900822082e-01
3.695736507132423021e-02 8.268305250286048791e-01
3.717097903539903075e-02 8.259148994784158981e-01
3.738582769046329413e-02 8.281592147367741186e-01
3.760191817304411876e-02 8.333913607378542476e-01
3.781925766091774610e-02 8.411156604920807522e-01
3.803785337334809891e-02 8.500653839149810986e-01
3.825771257132654091e-02 8.601854557854915484e-01
3.847884255781295476e-02 8.718200962352621319e-01
3.870125067797849233e-02 8.855407106828316888e-01
3.892494431944945599e-02 8.980427858643603711e-01
3.914993091255265789e-02 9.000392626279304364e-01
3.937621793056233360e-02 8.905319025917569631e-01
3.960381288994833243e-02 8.753173727728261744e-01
3.983272335062570252e-02 8.577346084481434207e-01
4.006295691620595512e-02 8.405304862682755340e-01
4.029452123424955012e-02 8.253090720467118890e-01
4.052742399651988042e-02 8.121736318229473284e-01
4.076167293923887297e-02 8.009176335179918338e-01
4.099727584334383890e-02 7.914860019107813338e-01
4.123424053474603751e-02 7.838305461828849463e-01
4.147257488459059338e-02 7.781715672185586241e-01
4.171228680951784978e-02 7.742818797309135581e-01
4.195338427192649156e-02 7.718379167961982867e-01
4.219587528023795858e-02 7.707432967775512678e-01
4.243976788916238585e-02 7.709567132591743643e-01
4.268507019996626434e-02 7.725607790726634061e-01
4.293179036074151744e-02 7.756036850364494972e-01
4.317993656667604152e-02 7.801267375663307746e-01
4.342951706032609216e-02 7.862125494939030679e-01
4.368054013188996804e-02 7.939712712612944090e-01
4.393301411948334623e-02 8.029554166973598139e-01
4.418694740941636612e-02 8.128276500730823306e-01
4.444234843647213579e-02 8.238840007016807743e-01
4.469922568418681352e-02 8.362001970121184513e-01
4.495758768513159753e-02 8.489914171042330926e-01
4.521744302119593689e-02 8.575487295770524154e-01
4.547880032387276866e-02 8.607499768013976427e-01
4.574166827454511502e-02 8.617964060016136685e-01
4.600605560477452616e-02 8.619822848727045628e-01
4.627197109659098723e-02 8.599858081091344975e-01
4.653942358278480296e-02 8.530945210735012552e-01
4.680842194719982141e-02 8.428780675661287081e-01
4.707897512502866311e-02 8.315601096374762857e-01
4.735109210310945588e-02 8.202834581246216672e-01
4.762478192022426976e-02 8.096677092645351292e-01
4.790005366739954334e-02 7.998230134993447038e-01
4.817691648820784933e-02 7.911073597659663559e-01
4.845537957907175564e-02 7.837754709618209858e-01
4.873545218956924774e-02 7.774073985262955899e-01
4.901714362274099679e-02 7.711563609355313043e-01
4.930046323539925834e-02 7.650223581895280178e-01
4.958542043843887359e-02 7.591568471462117884e-01
4.987202469714965836e-02 7.534083709476564472e-01
5.016028553153097091e-02 7.472399461884883243e-01
5.045021251660784106e-02 7.407686077134678637e-01
5.074181528274907677e-02 7.344693793042725849e-01
5.103510351598705003e-02 7.286589434820203159e-01
5.133008695833959217e-02 7.237297111967921914e-01
5.162677540813340182e-02 7.196885668512209566e-01
5.192517872032970105e-02 7.164047067952797887e-01
5.222530680685147364e-02 7.138230558079047272e-01
5.252716963691266006e-02 7.115580873416476049e-01
5.283077723734942721e-02 7.094239225254174164e-01
5.313613969295318679e-02 7.076064402303052780e-01
5.344326714680543849e-02 7.060918716510452553e-01
5.375216980061491706e-02 7.046048406823172128e-01
5.406285791505632127e-02 7.032073069478180782e-01
5.437534181011107609e-02 7.022503749818310714e-01
5.468963186541032917e-02 7.018510796291171916e-01
5.500573852057948770e-02 7.021126869291711703e-01
5.532367227558519784e-02 7.031522317267541178e-01
5.564344369108398941e-02 7.050798644639941770e-01
5.596506338877313413e-02 7.078129723092952963e-01
5.628854205174332881e-02 7.113584396652905539e-01
5.661389042483377931e-02 7.159503362215017264e-01
5.694111931498885282e-02 7.217883096542860866e-01
5.727023959161724881e-02 7.291683892768623387e-01
5.760126218695296035e-02 7.382902227655877558e-01
5.793419809641841417e-02 7.490436596783343060e-01
5.826905837898961604e-02 7.614080468072029761e-01
5.860585415756369709e-02 7.750253952152774684e-01
5.894459661932811845e-02 7.898130920709622860e-01
5.928529701613251268e-02 8.061635483243380085e-01
5.962796666486229469e-02 8.235810869858287697e-01
5.997261694781454155e-02 8.410399320631176678e-01
6.031925931307623168e-02 8.589256101036525370e-01
6.066790527490428103e-02 8.781950530734203841e-01
6.101856641410823012e-02 8.977398721485083666e-01
6.137125437843479747e-02 9.175876049394482425e-01
6.172598088295483398e-02 9.393767392728942234e-01
6.208275771045231733e-02 9.632449632015064322e-01
6.244159671181598315e-02 9.890683574778905696e-01
6.280250980643269088e-02 1.017914004510162007e+00
6.316550898258359303e-02 1.049836979519384483e+00
6.353060629784218483e-02 1.076493386514361772e+00
6.389781387947492119e-02 1.093745699512660652e+00
6.426714392484385308e-02 1.106151393057327015e+00
6.463860870181208085e-02 1.108595355992042286e+00
6.501222054915094251e-02 1.101201507564199877e+00
6.538799187695008841e-02 1.090978169654194474e+00
6.576593516702965159e-02 1.084837282505558109e+00
6.614606297335466623e-02 1.089298375411742237e+00
6.652838792245242827e-02 1.107927568936641238e+00
6.691292271383147972e-02 1.137840298377027493e+00
6.729968012040381253e-02 1.161632793876676839e+00
6.768867298890894613e-02 1.171030003470722169e+00
6.807991424034069705e-02 1.166348609680281978e+00
6.847341687037629410e-02 1.126763294540530147e+00
6.886919394980822728e-02 1.056452890449697701e+00
6.926725862497820629e-02 9.855297745245285013e-01
6.966762411821400547e-02 9.354388609668180532e-01
7.007030372826857090e-02 9.024969943679115314e-01
7.047531083076181979e-02 8.793860547289295004e-01
7.088265887862478520e-02 8.661198108551377839e-01
7.129236140254673060e-02 8.605572135276735590e-01
7.170443201142430445e-02 8.612663069988726328e-01
7.211888439281383123e-02 8.699613075243519678e-01
7.253573231338585059e-02 8.884115065807929312e-01
7.295498961938230720e-02 9.167270546103232221e-01
7.337667023707672431e-02 9.505501247462537773e-01
7.380078817323644513e-02 9.832166152398403858e-01
7.422735751558823258e-02 1.008289609629227535e+00
7.465639243328600627e-02 1.014561300427890833e+00
7.508790717738160481e-02 1.008413528876621612e+00
7.552191608129793510e-02 1.003029926017615203e+00
7.595843356130543844e-02 9.997942567801051394e-01
7.639747411700059665e-02 9.972676810137940384e-01
7.683905233178781047e-02 9.904934288229216843e-01
7.728318287336367887e-02 9.769242712332780743e-01
7.772988049420428980e-02 9.598234150929052522e-01
7.817916003205507836e-02 9.389567907122812196e-01
7.863103641042397396e-02 9.160110767364911810e-01
7.908552463907676799e-02 8.933613920739200687e-01
7.954263981453599253e-02 8.713519568562181350e-01
8.000239712058217212e-02 8.507331709703821465e-01
8.046481182875830918e-02 8.311401610768632819e-01
8.092989929887701994e-02 8.119739841465902774e-01
8.139767497953076525e-02 7.939230804428634158e-01
8.186815440860513438e-02 7.769530279525176386e-01
8.234135321379483508e-02 7.617109605230548697e-01
8.281728711312283386e-02 7.493947642126174147e-01
8.329597191546232737e-02 7.406997636871379687e-01
8.377742352106211376e-02 7.360596763124958031e-01
8.426165792207447602e-02 7.360527919098626137e-01
8.474869120308657633e-02 7.413055911188418667e-01
8.523853954165466762e-02 7.498215971758633858e-01
8.573121920884146929e-02 7.571052951615777626e-01
8.622674656975649887e-02 7.612772431571758203e-01
8.672513808409994251e-02 7.568161502509916927e-01
8.722641030670905127e-02 7.433227210903110560e-01
8.773057988810836760e-02 7.284386425977642521e-01
8.823766357506258873e-02 7.164184756005457233e-01
8.874767821113291322e-02 7.091072400042994772e-01
8.926064073723644077e-02 7.042950425638321299e-01
8.977656819220893036e-02 6.973831023202998747e-01
9.029547771337091688e-02 6.886881017948205397e-01
9.081738653709675591e-02 6.806003055815716962e-01
9.134231199938727674e-02 6.764793021654577077e-01
9.187027153644546085e-02 6.774899324719820815e-01
9.240128268525588107e-02 6.822477431316487095e-01
9.293536308416693037e-02 6.861298577763975670e-01
9.347253047347692245e-02 6.872864374187416248e-01
9.401280269602330097e-02 6.808543400387294664e-01
9.455619769777530437e-02 6.591629642226720653e-01
9.510273352842993355e-02 6.355239909017388333e-01
9.565242834201181932e-02 6.169326615913213185e-01
9.620530039747586526e-02 6.040133916102329303e-01
9.676136805931405405e-02 5.964970008155231485e-01
9.732064979816532069e-02 5.942141329024202001e-01
9.788316419142908953e-02 5.986284118707001500e-01
9.844892992388228070e-02 6.095367478426891861e-01
9.901796578830000806e-02 6.145141709463484148e-01
9.959029068607995472e-02 6.026991591475931997e-01
1.001659236278700377e-01 5.928943929176742067e-01
1.007448837341998471e-01 5.927470667013279293e-01
1.013271902361159299e-01 5.980404838858418559e-01
1.019128624758204177e-01 6.014296753020679231e-01
1.025019199073136378e-01 6.089102672030861640e-01
1.030943820970401520e-01 6.248042875618938785e-01
1.036902687245389171e-01 6.519591253075004422e-01
1.042895995830967204e-01 6.927912057640887022e-01
1.048923945804057928e-01 7.505582282575944397e-01
1.054986737392250712e-01 8.304310676056640972e-01
1.061084571980452224e-01 9.363613709196402235e-01
1.067217652117575799e-01 1.075206003221990780e+00
1.073386181523270227e-01 1.242565831230228568e+00
1.079590365094685589e-01 1.434117450090829582e+00
1.085830408913279893e-01 1.670238691597474734e+00
1.092106520251663743e-01 1.976897522481841030e+00
1.098418907580486492e-01 2.411007299310942376e+00
1.104767780575359459e-01 3.036062867568940948e+00
1.111153350123821049e-01 3.537591599383014707e+00
1.117575828332342536e-01 3.479604276005253016e+00
1.124035428533372433e-01 2.915496324257206506e+00
1.130532365292423180e-01 2.204977781713141738e+00
1.137066854415197809e-01 1.678107563806993996e+00
1.143639112954759340e-01 1.319409533419778180e+00
1.150249359218739331e-01 1.072238825687167552e+00
1.156897812776589568e-01 8.983043931644144608e-01
1.163584694466876512e-01 7.707088747643863202e-01
1.170310226404614878e-01 6.755010285513083357e-01
1.177074631988646730e-01 6.025483907299306052e-01
1.183878135909062629e-01 5.459785658543034881e-01
1.190720964154663303e-01 5.013435413832458831e-01
1.197603344020467531e-01 4.656506674921924160e-01
1.204525504115261381e-01 4.371499290318343611e-01
1.211487674369193246e-01 4.146936960832506291e-01
1.218490086041408849e-01 3.974172876757363082e-01
1.225532971727734816e-01 3.848745945186730633e-01
1.232616565368404721e-01 3.757713489170567134e-01
1.239741102255828148e-01 3.690081117703971625e-01
1.246906819042407494e-01 3.640602915980598597e-01
1.254113953748399735e-01 3.606036330360304354e-01
1.261362745769819826e-01 3.591682350870498142e-01
1.268653435886395453e-01 3.617161525015232248e-01
1.275986266269562852e-01 3.706989210570620918e-01
1.283361480490512463e-01 3.831438556967367570e-01
1.290779323528278288e-01 3.897356712178345339e-01
1.298240041777875831e-01 3.736316765787202065e-01
1.305743883058487209e-01 3.495479708476951775e-01
1.313291096621690413e-01 3.310468272117700894e-01
1.320881933159741561e-01 3.183161898628258935e-01
1.328516644813900749e-01 3.107660654952144053e-01
1.336195485182806453e-01 3.069941012925935797e-01
1.343918709330900185e-01 3.065128815485468339e-01
1.351686573796898327e-01 3.091798991285711340e-01
1.359499336602315311e-01 3.148457624955304235e-01
1.367357257260030934e-01 3.234230397359855735e-01
1.375260596782912625e-01 3.352339208931608971e-01
1.383209617692485738e-01 3.511045342830165228e-01
1.391204584027652402e-01 3.722141780765854113e-01
1.399245761353461737e-01 3.969395101330061570e-01
1.407333416769932510e-01 4.170178704121515478e-01
1.415467818920924381e-01 4.245005276339596234e-01
1.423649238003061035e-01 4.232716617639690759e-01
1.431877945774705507e-01 4.223388252071975102e-01
1.440154215564987683e-01 4.248103257524446508e-01
1.448478322282882313e-01 4.305773898381090037e-01
1.456850542426340045e-01 4.399711572308379059e-01
1.465271154091474515e-01 4.539685246642541916e-01
1.473740436981796631e-01 4.742479095002832268e-01
1.482258672417506584e-01 5.033166111778638596e-01
1.490826143344838317e-01 5.462525650790969189e-01
1.499443134345459228e-01 6.072965632259107460e-01
1.508109931645919832e-01 6.790926214049445298e-01
1.516826823127164214e-01 7.278121619581612300e-01
1.525594098334091819e-01 7.366861569520987141e-01
1.534412048485173929e-01 7.240326249126440850e-01
1.543280966482127869e-01 6.998408340602809696e-01
1.552201146919646169e-01 6.693477494779327408e-01
1.561172886095181789e-01 6.381765512362338466e-01
1.570196482018790252e-01 6.096964659837746936e-01
1.579272234423027277e-01 5.840830459876970027e-01
1.588400444772908315e-01 5.597563208437270621e-01
1.597581416275917487e-01 5.356354393384838986e-01
1.606815453892082024e-01 5.125795749205658280e-01
1.616102864344102497e-01 4.919869497647351708e-01
1.625443956127538836e-01 4.750368620420251098e-01
1.634839039521058524e-01 4.623261894607165745e-01
1.644288426596743347e-01 4.536766259926149902e-01
1.653792431230455828e-01 4.486434392276285044e-01
1.663351369112262834e-01 4.476293667197875359e-01
1.672965557756923849e-01 4.524016346249832843e-01
1.682635316514438095e-01 4.606987166782752774e-01
1.692360966580649384e-01 4.632562722564349533e-01
1.702142831007917856e-01 4.553034103347929906e-01
1.711981234715850009e-01 4.426932500319262775e-01
1.721876504502090899e-01 4.333807185902667225e-01
1.731828969053178791e-01 4.317208891154503680e-01
1.741838958955464201e-01 4.429252544006583858e-01
1.751906806706090836e-01 4.760137587756478883e-01
1.762032846724038426e-01 5.430981317926562024e-01
1.772217415361232173e-01 5.892608052079765235e-01
1.782460850913716033e-01 5.598100191842645401e-01
1.792763493632887617e-01 5.100075620968768098e-01
1.803125685736800821e-01 4.625719626347146729e-01
1.813547771421535060e-01 4.254519520778402564e-01
1.824030096872625850e-01 3.928549940508470617e-01
1.834573010276564775e-01 3.629980282717878981e-01
1.845176861832364401e-01 3.386286198314933382e-01
1.855842003763193415e-01 3.206307260280406024e-01
1.866568790328071992e-01 3.088783622932457784e-01
1.877357577833641822e-01 3.040813105385711812e-01
1.888208724646001924e-01 3.074973511250659319e-01
1.899122591202609955e-01 3.188462888655669292e-01
1.910099540024255971e-01 3.354136038018822319e-01
1.921139935727104175e-01 3.542713594941966915e-01
1.932244145034804905e-01 3.735745360368663004e-01
1.943412536790674328e-01 3.904378802864005849e-01
1.954645481969946030e-01 4.037922445138946159e-01
1.965943353692096995e-01 4.152430714133640843e-01
1.977306527233236300e-01 4.270828670615980371e-01
1.988735380038573475e-01 4.392035463372583881e-01
2.000230291734956534e-01 4.469794791112322585e-01
2.011791644143479663e-01 4.454759255761849834e-01
2.023419821292166965e-01 4.363671724524622597e-01
2.035115209428728922e-01 4.254884394117951496e-01
2.046878197033392410e-01 4.188553174748993468e-01
2.058709174831803157e-01 4.192263867768180607e-01
2.070608535808005912e-01 4.274677051687827412e-01
2.082576675217497619e-01 4.456638697680659345e-01
2.094613990600355524e-01 4.791110515202346987e-01
2.106720881794442723e-01 5.377530815883947435e-01
2.118897750948690872e-01 6.341450450543487660e-01
2.131145002536455058e-01 7.504962686338974009e-01
2.143463043368951104e-01 7.973033221356666811e-01
2.155852282608767823e-01 7.450782437617260445e-01
2.168313131783459469e-01 6.709607650148446956e-01
2.180846004799212312e-01 6.210984136245498721e-01
2.193451317954595303e-01 6.005980394640015874e-01
2.206129489954388734e-01 6.046935705903734304e-01
2.218880941923488948e-01 6.214908245746310067e-01
2.231706097420899648e-01 6.082830981232197898e-01
2.244605382453801201e-01 5.652831192774997460e-01
2.257579225491697927e-01 5.224304666481259796e-01
2.270628057480653939e-01 4.899952920830081826e-01
2.283752311857605299e-01 4.673951751193947124e-01
2.296952424564759343e-01 4.511466080249873500e-01
2.310228834064072811e-01 4.390128483843243057e-01
2.323581981351817149e-01 4.326275649422164915e-01
2.337012309973229007e-01 4.337056623945443334e-01
2.350520266037238737e-01 4.402678749843202399e-01
2.364106298231291869e-01 4.482014605785898387e-01
2.377770857836252472e-01 4.530859442467035647e-01
2.391514398741393099e-01 4.521517308094054610e-01
2.405337377459470793e-01 4.462283907839719177e-01
2.419240253141889951e-01 4.377116962866872130e-01
2.433223487593957901e-01 4.291943133491392670e-01
2.447287545290218747e-01 4.221770417453220015e-01
2.461432893389885190e-01 4.162185912664602139e-01
2.475660001752356676e-01 4.100012872485976345e-01
2.489969342952823017e-01 4.042879215034706486e-01
2.504361392297964617e-01 4.006013238934990062e-01
2.518836627841739007e-01 3.959061612977927691e-01
2.533395530401260642e-01 3.863809018147734697e-01
2.548038583572773130e-01 3.749342055568838372e-01
2.562766273747711931e-01 3.662075367792926306e-01
2.577579090128856998e-01 3.632300326405200619e-01
2.592477524746588102e-01 3.667816959588848791e-01
2.607462072475227322e-01 3.727071013051082571e-01
2.622533231049470337e-01 3.774828114116206002e-01
2.637691501080930423e-01 3.840057829063884265e-01
2.652937386074759596e-01 3.901514891368678128e-01
2.668271392446371348e-01 3.983198328609226513e-01
2.683694029538270520e-01 4.117540561589594916e-01
2.699205809636965880e-01 4.237528815080157663e-01
2.714807247989985406e-01 4.327136199751290269e-01
2.730498862822996475e-01 4.363286197977174763e-01
2.746281175357012105e-01 4.333118745639367164e-01
2.762154709825712651e-01 4.268969881905069763e-01
2.778119993492854656e-01 4.204559410870719605e-01
2.794177556669779627e-01 4.169159812531831877e-01
2.810327932733039380e-01 4.148155500098547055e-01
2.826571658142107979e-01 4.091400484792092618e-01
2.842909272457196934e-01 4.044469512042929704e-01
2.859341318357184192e-01 4.028752420831789860e-01
2.875868341657639160e-01 4.027857448489499670e-01
2.892490891328946545e-01 4.038755457857539644e-01
2.909209519514548425e-01 4.108831792258849647e-01
2.926024781549284581e-01 4.261045934474487207e-01
2.942937235977828858e-01 4.390080293024812286e-01
2.959947444573255426e-01 4.499817670994837315e-01
2.977055972355692748e-01 4.743367182942489491e-01
2.994263387611086902e-01 5.262506216691777983e-01
3.011570261910088142e-01 6.269597940262864322e-01
3.028977170127025720e-01 7.157300353372457735e-01
3.046484690459013711e-01 6.948358733460897607e-01
3.064093404445150659e-01 6.715789843712880458e-01
3.081803896985833569e-01 6.749433919380353197e-01
3.099616756362194026e-01 6.696520400743113388e-01
3.117532574255635347e-01 6.301679256532645157e-01
3.135551945767480198e-01 5.655220080488648771e-01
3.153675469438748658e-01 4.999322388434808695e-01
3.171903747270033436e-01 4.468810321535803265e-01
3.190237384741493876e-01 4.069817882537636877e-01
3.208676990832974307e-01 3.726045237058766002e-01
3.227223178044230090e-01 3.418463896221576870e-01
3.245876562415266342e-01 3.193564231006722487e-01
3.264637763546810456e-01 3.045067666212905588e-01
3.283507404620888970e-01 2.951419137196202302e-01
3.302486112421523790e-01 2.875711361441097291e-01
3.321574517355558864e-01 2.743455102458528527e-01
3.340773253473591775e-01 2.569555091948940162e-01
3.360082958491044103e-01 2.425616001698169544e-01
3.379504273809338932e-01 2.341584983159767375e-01
3.399037844537201591e-01 2.316009427378171170e-01
3.418684319512097503e-01 2.339450818343537242e-01
3.438444351321779946e-01 2.410367049866073419e-01
3.458318596325960503e-01 2.564398674376823228e-01
3.478307714678123830e-01 2.739923403907799093e-01
3.498412370347446232e-01 2.823045681298645415e-01
3.518633231140849693e-01 2.950950997817158306e-01
3.538970968725191901e-01 3.221893547841518934e-01
3.559426258649572294e-01 3.466324263326195920e-01
3.579999780367765227e-01 3.424659858591277417e-01
3.600692217260801353e-01 3.283887593551686468e-01
3.621504256659661136e-01 3.145607482265242449e-01
3.642436589868098817e-01 2.999919753745689532e-01
3.663489912185618480e-01 2.810963554677729515e-01
3.684664922930561692e-01 2.573754577555070200e-01
3.705962325463332818e-01 2.367683753541471592e-01
3.727382827209774208e-01 2.272699650413965988e-01
3.748927139684648524e-01 2.281711333460563484e-01
3.770595978515288715e-01 2.372378916137177773e-01
3.792390063465359562e-01 2.526293505803166028e-01
3.814310118458763554e-01 2.725762187691717631e-01
3.836356871603694985e-01 2.983410956231755118e-01
3.858531055216822825e-01 3.150247569639884615e-01
3.880833405847607942e-01 3.131515110075490660e-01
3.903264664302779630e-01 3.116238620632862388e-01
3.925825575670940371e-01 3.110930746202819619e-01
3.948516889347303827e-01 3.044296613118009365e-01
3.971339359058604912e-01 2.872413732579890411e-01
3.994293742888124776e-01 2.626964125505529823e-01
4.017380803300868997e-01 2.400852805427267089e-01
4.040601307168905088e-01 2.279652897073296269e-01
4.063956025796829352e-01 2.259158030434854358e-01
4.087445734947380283e-01 2.294826120476429199e-01
4.111071214867221824e-01 2.407358565915452553e-01
4.134833250312844322e-01 2.624354936907623004e-01
4.158732630576643108e-01 2.987238684095703256e-01
4.182770149513134750e-01 3.381859527421914313e-01
4.206946605565314856e-01 3.512835287514745608e-01
4.231262801791195738e-01 3.318137496650863660e-01
4.255719545890473410e-01 3.188221934563514326e-01
4.280317650231349469e-01 3.219601041764729721e-01
4.305057931877529498e-01 3.299769910426018638e-01
4.329941212615355806e-01 3.298103884988832224e-01
4.354968318981098929e-01 3.194232018062123646e-01
4.380140082288422887e-01 3.059793403444893700e-01
4.405457338655994204e-01 2.966268793675583826e-01
4.430920929035247480e-01 2.939688115109569400e-01
4.456531699238333033e-01 2.991472591714998130e-01
4.482290499966203323e-01 3.072866884044960778e-01
4.508198186836865351e-01 3.021116829452697439e-01
4.534255620413813470e-01 2.876447992522828678e-01
4.560463666234608748e-01 2.829647823423692143e-01
4.586823194839622087e-01 2.845901898040206213e-01
4.613335081800964965e-01 2.809152956785250788e-01
4.640000207751556194e-01 2.769409300384939598e-01
4.666819458414390720e-01 2.784782171464429412e-01
4.693793724631949438e-01 2.856125235950212060e-01
4.720923902395786631e-01 2.981503976702413183e-01
4.748210892876304490e-01 3.159334981115445307e-01
4.775655602452679171e-01 3.359698635346286544e-01
4.803258942742961168e-01 3.538073507567324749e-01
4.831021830634371073e-01 3.660491955187336610e-01
4.858945188313745223e-01 3.737721183924334611e-01
4.887029943298164536e-01 3.861805656981531776e-01
4.915277028465775411e-01 3.957712270061859439e-01
4.943687382086768833e-01 3.738430277395533574e-01
4.972261947854541564e-01 3.407028903448163226e-01
5.001001674917054940e-01 3.285498543767809143e-01
5.029907517908354109e-01 3.352180867671049613e-01
5.058980436980275996e-01 3.325510691870806612e-01
5.088221397834349347e-01 3.217191500843180063e-01
5.117631371753864622e-01 3.191044539643044242e-01
5.147211335636141527e-01 3.260198364091532186e-01
5.176962272024980827e-01 3.383794044561787562e-01
5.206885169143288250e-01 3.571614317195301869e-01
5.236981020925914887e-01 3.711188696176750956e-01
5.267250827052667450e-01 3.689681822351257856e-01
5.297695592981502832e-01 3.647480434210966238e-01
5.328316329981945820e-01 3.582374638510681941e-01
5.359114055168668900e-01 3.499211054704038371e-01
5.390089791535270791e-01 3.426463572081123732e-01
5.421244567988269258e-01 3.367994340519052110e-01
5.452579419381275994e-01 3.333792628238306244e-01
5.484095386549359130e-01 3.345434153090710017e-01
5.515793516343632241e-01 3.373357290170159173e-01
5.547674861666017643e-01 3.379105766368714625e-01
5.579740481504216199e-01 3.310798723444084990e-01
5.611991440966896949e-01 3.158701616073208429e-01
5.644428811319066597e-01 3.022817276903048134e-01
5.677053670017649933e-01 2.962991818022275292e-01
5.709867100747291202e-01 3.009599223847688187e-01
5.742870193456336425e-01 3.151720831803346279e-01
5.776064044393048880e-01 3.342460091153253710e-01
5.809449756142023302e-01 3.283928899967484827e-01
5.843028437660793273e-01 3.008814401947525474e-01
5.876801204316687288e-01 2.743269223587437300e-01
5.910769177923870243e-01 2.583186209162280922e-01
5.944933486780595855e-01 2.572522269483763502e-01
5.979295265706701112e-01 2.636967162531279607e-01
6.013855656081297241e-01 2.643190662511511468e-01
6.048615805880666052e-01 2.606779056985573106e-01
6.083576869716416091e-01 2.581100235164481838e-01
6.118740008873820857e-01 2.586201577515535033e-01
6.154106391350390171e-01 2.639011830113280332e-01
6.189677191894675801e-01 2.759041390019640883e-01
6.225453592045292472e-01 2.889480166707098507e-01
6.261436780170150929e-01 2.995878609400117742e-01
6.297627951505950783e-01 3.140981163695865663e-01
6.334028308197864332e-01 3.333950969498865047e-01
6.370639059339481269e-01 3.674749553040280170e-01
6.407461421012968783e-01 3.952865650608227144e-01
6.444496616329448146e-01 3.946752301070123314e-01
6.481745875469649976e-01 3.790517667716813976e-01
6.519210435724759334e-01 3.630062895549475144e-01
6.556891541537508417e-01 3.569535227600136307e-01
6.594790444543533470e-01 3.412274818254509845e-01
6.632908403612935988e-01 3.183561193980973258e-01
6.671246684892090384e-01 2.959081477326731546e-01
6.709806561845721440e-01 2.818109564610783990e-01
6.748589315299192704e-01 2.881184461534332386e-01
6.787596233481042463e-01 3.192992825588183980e-01
6.826828612065795054e-01 3.744798349831058304e-01
6.866287754216984229e-01 4.091958121405365745e-01
6.905974970630435195e-01 3.883044039104338041e-01
6.945891579577818664e-01 3.585803071021916311e-01
6.986038906950429173e-01 3.298716596823169089e-01
7.026418286303216520e-01 2.900357522867238469e-01
7.067031058899108098e-01 2.580005615145834486e-01
7.107878573753529938e-01 2.436823809184693879e-01
7.148962187679240854e-01 2.508573053425823263e-01
7.190283265331394169e-01 2.771240551485317227e-01
7.231843179252852583e-01 2.864200640238721007e-01
7.273643309919801681e-01 2.657813133704004516e-01
7.315685045787596597e-01 2.508194411281008396e-01
7.357969783336865133e-01 2.533652932217843601e-01
7.400498927119919523e-01 2.650715314589380811e-01
7.443273889807401344e-01 2.697336489220059086e-01
7.486296092235191768e-01 2.714657646244688083e-01
7.529566963451627126e-01 2.721163406732873269e-01
7.573087940764960946e-01 2.679196088282103094e-01
7.616860469791092436e-01 2.619955803625135249e-01
7.660886004501606950e-01 2.570711671591284220e-01
7.705166007272060691e-01 2.567090475806326211e-01
7.749701948930545203e-01 2.723531641238625678e-01
7.794495308806568268e-01 3.027188872575003464e-01
7.839547574780165728e-01 3.323108035351889367e-01
7.884860243331343055e-01 3.491459217339279997e-01
7.930434819589780027e-01 3.453904800976262957e-01
7.976272817384808533e-01 3.304113968487441544e-01
8.022375759295721220e-01 3.230554126353833433e-01
8.068745176702336597e-01 3.190080723274424379e-01
8.115382609835852801e-01 3.229314933879893212e-01
8.162289607830032212e-01 3.353420060144989834e-01
8.209467728772645856e-01 3.450531443686092881e-01
8.256918539757219788e-01 3.227993128574357384e-01
8.304643616935105666e-01 2.879222406783927823e-01
8.352644545567829981e-01 2.665021103260755697e-01
8.400922920079733069e-01 2.493406714425323578e-01
8.449480344110958940e-01 2.490735566203719498e-01
8.498318430570707127e-01 2.562360891197454915e-01
8.547438801690798726e-01 2.624341168102356514e-01
8.596843089079587719e-01 2.766270012784290966e-01
8.646532933776126528e-01 3.034651565029176101e-01
8.696509986304700179e-01 3.456837556497920905e-01
8.746775906729644667e-01 3.929582600903420708e-01
8.797332364710471753e-01 4.230231348289177351e-01
8.848181039557355687e-01 4.483549827573057311e-01
8.899323620286901937e-01 4.819728976947729171e-01
8.950761805678236760e-01 5.058163377739062216e-01
9.002497304329459826e-01 4.952356993672480945e-01
9.054531834714387717e-01 4.753604289657761273e-01
9.106867125239620497e-01 4.797547431664202500e-01
9.159504914301977996e-01 4.271930175037260691e-01
9.212446950346235841e-01 3.385356803959478911e-01
9.265694991923183466e-01 2.969050092339315938e-01
9.319250807748065135e-01 2.859360905187721680e-01
9.373116176759319629e-01 2.865584405167954096e-01
9.427292888177655206e-01 2.731669005150831886e-01
9.481782741565508710e-01 2.583812689801883722e-01
9.536587546886805544e-01 2.475183700655771424e-01
9.591709124567069367e-01 2.324683774695751604e-01
9.647149305553922582e-01 2.198423830406525670e-01
9.702909931377862174e-01 2.162342676206970848e-01
9.758992854213467405e-01 2.237045329177657360e-01
9.815399936940907288e-01 2.399475924900667245e-01
9.872133053207802211e-01 2.634798575701884360e-01
9.929194087491489684e-01 2.988980437961851755e-01
9.986584935161608723e-01 3.272789936507290443e-01
1.004430750254303728e+00 3.272211646686117859e-01
1.010236370697924935e+00 3.035484577747769586e-01
1.016075547689597958e+00 2.674211780775811453e-01
1.021948475186527761e+00 2.360434477568922329e-01
1.027855348266994762e+00 2.261780987838027668e-01
1.033796363136834096e+00 2.522369396302355793e-01
1.039771717135951290e+00 2.859099297887667812e-01
1.045781608744880131e+00 3.100996553203400619e-01
1.051826237591374280e+00 3.305697381093032350e-01
1.057905804457035748e+00 3.562168916782826322e-01
1.064020511283988890e+00 3.915875755261116753e-01
1.070170561181583713e+00 3.889838944503109519e-01
1.076356158433145582e+00 3.493490116116014232e-01
1.082577508502760022e+00 3.336470660862543292e-01
1.088834818042095476e+00 3.456052734597759302e-01
1.095128294897270704e+00 3.480058646579031190e-01
1.101458148115757263e+00 3.320732916443504545e-01
1.107824587953321727e+00 3.266614627345489352e-01
1.114227825881013212e+00 3.185027571741801955e-01
1.120668074592185315e+00 3.134289524336589805e-01
1.127145548009560017e+00 3.106669300972992320e-01
1.133660461292336441e+00 3.112376470755749414e-01
1.140213030843336250e+00 3.000856032503777526e-01
1.146803474316190341e+00 2.763667708589017113e-01
1.153432010622570836e+00 2.625463325731535735e-01
1.160098859939462601e+00 2.581334304854003836e-01
1.166804243716473621e+00 2.654942337806043273e-01
1.173548384683194445e+00 2.814729322917980947e-01
1.180331506856595603e+00 2.897273310487654130e-01
1.187153835548465874e+00 2.808257984442960042e-01
1.194015597372901416e+00 2.524593058352815333e-01
1.200917020253827294e+00 2.344655426734085502e-01
1.207858333432573428e+00 2.307699953400139670e-01
1.214839767475487387e+00 2.222168135087743690e-01
1.221861554281590267e+00 2.144353732126940970e-01
1.228923927090283863e+00 2.230725447560563124e-01
1.236027120489096909e+00 2.438014810840203050e-01
1.243171370421473965e+00 2.627411611676674918e-01
1.250356914194617142e+00 2.648773913046875150e-01
1.257583990487367132e+00 2.517584736472420759e-01
1.264852839358128644e+00 2.301256152535651467e-01
1.272163702252848472e+00 2.195084895129520430e-01
1.279516822013033517e+00 2.159788562830127767e-01
1.286912442883815677e+00 2.152078031881167475e-01
1.294350810522067352e+00 2.073671570293926791e-01
1.301832172004561583e+00 1.976560186752824300e-01
1.309356775836174380e+00 1.999739970418136226e-01
1.316924871958146337e+00 2.139121586125860841e-01
1.324536711756377994e+00 2.199091617461926829e-01
1.332192548069784932e+00 2.132856779729830621e-01
1.339892635198694837e+00 2.168469794550341445e-01
1.347637228913291185e+00 2.269649860047547041e-01
1.355426586462114891e+00 2.340201218230534286e-01
1.363260966580605249e+00 2.456458125494010991e-01
1.371140629499693731e+00 2.641118457318978319e-01
1.379065836954451285e+00 2.645496937393566617e-01
1.387036852192779834e+00 2.557913567096536944e-01
1.395053939984155722e+00 2.504167035740703096e-01
1.403117366628427343e+00 2.416170601285692887e-01
1.411227399964658957e+00 2.321861169616221410e-01
1.419384309380025577e+00 2.379834724188717443e-01
1.427588365818764915e+00 2.461593889858229300e-01
1.435839841791175742e+00 2.421547319742066162e-01
1.444139011382666204e+00 2.379889799409781181e-01
1.452486150262864761e+00 2.438648175882438818e-01
1.460881535694769973e+00 2.567400273924810850e-01
1.469325446543965796e+00 2.684896373662227775e-01
1.477818163287882181e+00 2.679650458855881157e-01
1.486359968025109168e+00 2.624286092881292776e-01
1.494951144484772509e+00 2.602104547597765549e-01
1.503591978035954568e+00 2.504855476004003156e-01
1.512282755697172298e+00 2.466123826790743434e-01
1.521023766145914724e+00 2.483121416891621025e-01
1.529815299728230382e+00 2.349846266319367827e-01
1.538657648468367833e+00 2.147582516961818178e-01
1.547551106078482119e+00 2.023773420009940260e-01
1.556495967968387184e+00 1.990604368124144763e-01
1.565492531255366693e+00 1.986824831078627673e-01
1.574541094774047689e+00 2.028840340347828619e-01
1.583641959086324214e+00 2.100451896536297824e-01
1.592795426491339539e+00 2.215910213094346437e-01
1.602001801035530804e+00 2.281029777599896669e-01
1.611261388522727822e+00 2.203752358044467896e-01
1.620574496524306296e+00 2.085471436406889367e-01
1.629941434389411858e+00 2.076170608449706134e-01
1.639362513255227638e+00 2.151603008099490510e-01
1.648838046057315765e+00 2.250862325262089070e-01
1.658368347540009280e+00 2.170301045650719074e-01
1.667953734266863997e+00 2.016269421139970097e-01
1.677594524631179640e+00 1.932135136562073141e-01
1.687291038866571835e+00 1.866230750156361029e-01
1.697043599057607821e+00 1.784939723865893169e-01
1.706852529150509445e+00 1.882236986278086610e-01
1.716718154963911225e+00 2.124815797454486233e-01
1.726640804199680579e+00 2.400205671579765110e-01
1.736620806453807120e+00 2.621683788686018368e-01
1.746658493227349673e+00 2.593526581917047213e-01
1.756754197937443251e+00 2.603261127240109607e-01
1.766908255928380411e+00 2.616844053635019596e-01
1.777121004482747679e+00 2.420858879478766101e-01
1.787392782832625482e+00 2.181384933889849720e-01
1.797723932170862682e+00 1.870382044944060018e-01
1.808114795662403074e+00 1.671367733629286756e-01
1.818565718455690483e+00 1.605552844457803774e-01
1.829077047694130043e+00 1.633152414613502079e-01
1.839649132527616748e+00 1.712901334714177770e-01
1.850282324124138622e+00 1.842679208748866926e-01
1.860976975681438272e+00 2.018637655645721951e-01
1.871733442438742401e+00 2.109071168632814519e-01
1.882552081688566581e+00 1.999251177831193327e-01
1.893433252788581767e+00 1.927350476732137829e-01
1.904377317173546302e+00 1.837013345381907636e-01
1.915384638367318981e+00 1.566903808076139937e-01
1.926455581994929611e+00 1.497316266261772555e-01
1.937590515794722412e+00 1.610991522537873755e-01
1.948789809630575354e+00 1.617807081144544135e-01
1.960053835504184105e+00 1.587460634338278831e-01
1.971382967567415045e+00 1.595900911966337266e-01
1.982777582134739092e+00 1.646274086032000483e-01
1.994238057695728816e+00 1.592376097818241076e-01
2.005764774927627947e+00 1.615170354936105168e-01
2.017358116708002580e+00 1.811341407963449335e-01
2.029018468127450348e+00 1.934524024275724174e-01
2.040746216502401289e+00 1.907041488964787146e-01
2.052541751387976898e+00 1.877899812619296394e-01
2.064405464590929995e+00 1.802439875358979871e-01
2.076337750182662312e+00 1.865514772282528821e-01
2.088339004512313135e+00 2.061582559270378201e-01
2.100409626219920778e+00 1.984215642480720576e-01
2.112550016249669760e+00 1.874196004002742222e-01
2.124760577863207711e+00 1.846527589820713966e-01
2.137041716653034662e+00 1.813420497558615452e-01
2.149393840555982482e+00 1.966839410235027563e-01
2.161817359866763155e+00 2.143926899163695055e-01
2.174312687251592546e+00 2.179223231463087718e-01
2.186880237761905654e+00 1.958467976633299357e-01
2.199520428848138476e+00 1.755302370530826828e-01
2.212233680373592026e+00 1.748865454068971315e-01
2.225020414628386511e+00 1.707572807076235544e-01
2.237881056343477670e+00 1.604857519791870746e-01
2.250816032704775704e+00 1.642900728741830407e-01
2.263825773367328598e+00 1.731124348483729647e-01
2.276910710469592924e+00 1.852544557721956253e-01
2.290071278647793029e+00 2.219187188747654693e-01
2.303307915050354371e+00 2.231262430965937071e-01
2.316621059352423018e+00 1.940513454566434315e-01
2.330011153770474852e+00 1.922503857278505535e-01
2.343478643077001600e+00 1.850431046113625300e-01
2.357023974615280792e+00 1.812518640813692294e-01
2.370647598314243876e+00 1.732735298699851767e-01
2.384349966703414481e+00 1.605876411381554625e-01
2.398131534927939956e+00 1.602330944025559534e-01
2.411992760763713051e+00 1.508131662798216366e-01
2.425934104632577970e+00 1.587976964535753877e-01
2.439956029617617261e+00 1.742490497230813340e-01
2.454059001478542612e+00 1.714594897761895775e-01
2.468243488667162033e+00 1.844971714825656139e-01
2.482509962342935861e+00 2.027050395663248517e-01
2.496858896388636673e+00 1.861156945415839703e-01
2.511290767426078485e+00 1.780354711712314741e-01
2.525806054831960523e+00 1.722470654374048393e-01
2.540405240753779381e+00 1.522113884545839846e-01
2.555088810125852206e+00 1.481241186113717023e-01
2.569857250685421590e+00 1.621531542968997486e-01
2.584711052988855506e+00 1.705356029428409248e-01
2.599650710427946265e+00 1.757519148178652846e-01
2.614676719246288084e+00 1.739199752772238872e-01
2.629789578555775442e+00 1.645200119221252311e-01
2.644989790353173831e+00 1.699986195374668940e-01
2.660277859536794409e+00 1.880398850775075736e-01
2.675654293923265481e+00 1.927887460137511777e-01
2.691119604264405218e+00 1.846369248560155163e-01
2.706674304264172548e+00 1.788712376508777291e-01
2.722318910595750374e+00 1.778372003754010999e-01
2.738053942918694972e+00 1.785827811805550114e-01
2.753879923896200843e+00 1.760658435779300923e-01
2.769797379212459720e+00 1.816959080511977576e-01
2.785806837590128815e+00 1.998246055046775105e-01
2.801908830807877226e+00 2.169846675076941289e-01
2.818103893718070019e+00 2.239179493993887771e-01
2.834392564264522019e+00 2.291432109978359943e-01
2.850775383500368410e+00 2.378416537246319240e-01
2.867252895606037466e+00 2.546444152309957909e-01
2.883825647907329426e+00 2.578057329200695302e-01
2.900494190893583735e+00 2.488608285790122332e-01
2.917259078235983960e+00 2.413960708040499836e-01
2.934120866805935979e+00 2.412494330279670862e-01
2.951080116693567401e+00 2.535367148473460785e-01
2.968137391226336685e+00 2.832449775295323713e-01
2.985293256987731514e+00 2.919427318160649487e-01
3.002548283836107057e+00 2.739813253465671061e-01
3.019903044923603730e+00 2.613388083513253357e-01
3.037358116715186629e+00 2.417698938670218844e-01
3.054914079007794214e+00 2.340992924533329411e-01
3.072571514949601568e+00 2.363215776232654441e-01
3.090331011059376021e+00 2.464444032548291363e-01
3.108193157245980220e+00 2.297270083411144248e-01
3.126158546827951579e+00 2.110420511548882494e-01
3.144227776553216724e+00 2.140512235457726897e-01
3.162401446618910317e+00 2.278764809133639324e-01
3.180680160691316427e+00 2.428066849035517560e-01
3.199064525925907621e+00 2.451824922522001515e-01
3.217555152987530587e+00 2.385548778374107504e-01
3.236152656070678812e+00 2.029680237469054793e-01
3.254857652919894928e+00 1.767191733878018256e-01
3.273670764850296955e+00 1.821681780718215904e-01
3.292592616768199143e+00 1.919612408172645390e-01
3.311623837191892683e+00 2.020565288382962232e-01
3.330765058272506351e+00 1.819396159044059935e-01
3.350016915815009710e+00 1.854079779509115455e-01
3.369380049299332214e+00 1.918077186385486466e-01
3.388855101901607103e+00 1.835478123594748434e-01
3.408442720515521884e+00 1.969868547393547886e-01
3.428143555773827789e+00 1.907482090733298996e-01
3.447958262069935831e+00 1.868612753467379095e-01
3.467887497579658529e+00 1.939928280342629596e-01
3.487931924283071528e+00 1.830101405138375159e-01
3.508092207986506228e+00 1.683560010692330133e-01
3.528369018344649444e+00 1.620285466092424298e-01
3.548763028882812254e+00 1.661054898485052334e-01
3.569274917019284565e+00 1.788292427948164343e-01
3.589905364087840223e+00 1.749953189684985699e-01
3.610655055360374899e+00 1.727744106790926604e-01
3.631524680069651456e+00 1.751839516006427622e-01
3.652514931432215839e+00 1.665784483093923352e-01
3.673626506671410219e+00 1.639568677867458135e-01
3.694860107040534913e+00 1.751515949082676493e-01
3.716216437846141751e+00 1.678114448209627185e-01
3.737696208471465109e+00 1.611500968332716111e-01
3.759300132399972405e+00 1.652931303378112060e-01
3.781028927239082016e+00 1.631975181763259120e-01
3.802883314743989107e+00 1.719950963010370149e-01
3.824864020841640233e+00 1.735674938624142960e-01
3.846971775654848713e+00 1.980463643045735356e-01
3.869207313526548564e+00 1.942434202901041629e-01
3.891571373044171445e+00 1.638205566146124226e-01
3.914064697064205678e+00 1.518836908892531590e-01
3.936688032736852527e+00 1.512668484133363189e-01
3.959442131530850340e+00 1.547620596301105822e-01
3.982327749258438132e+00 1.553782136657641255e-01
4.005345646100446189e+00 1.601098635954252281e-01
4.028496586631570509e+00 1.563840248904454777e-01
4.051781339845751617e+00 1.613538751512084146e-01
4.075200679181723906e+00 1.753436697417283530e-01
4.098755382548707082e+00 1.685818094755954510e-01
4.122446232352245943e+00 1.617924115989305411e-01
4.146274015520188705e+00 1.586834153698675753e-01
4.170239523528843861e+00 1.500125102536036814e-01
4.194343552429258715e+00 1.544667187571548972e-01
4.218586902873665778e+00 1.600238085625127482e-01
4.242970380142073950e+00 1.667884225896988648e-01
4.267494794169023997e+00 1.750696705169349499e-01
4.292160959570472833e+00 1.587302293077719750e-01
4.316969695670882068e+00 1.299045470431363369e-01
4.341921826530410478e+00 1.228989789237951991e-01
4.367018180972294772e+00 1.391420384960961321e-01
4.392259592610382235e+00 1.520434090303387775e-01
4.417646899876805477e+00 1.498569227540978432e-01
4.443180946049855251e+00 1.468628960490060142e-01
4.468862579281975833e+00 1.456147538516430473e-01
4.494692652627942486e+00 1.442034513118780059e-01
4.520672024073195239e+00 1.515587470849755480e-01
4.546801556562344082e+00 1.592045646491856981e-01
4.573082118027814502e+00 1.595928449576869135e-01
4.599514581418703507e+00 1.553334650486496160e-01
4.626099824729760002e+00 1.579474727283998459e-01
4.652838731030551678e+00 1.675278074324831057e-01
4.679732188494796219e+00 1.601071098343720411e-01
4.706781090429870140e+00 1.642501433389116361e-01
4.733986335306464177e+00 1.618165070081460377e-01
4.761348826788450062e+00 1.555193439197406213e-01
4.788869473762884077e+00 1.594524031439737144e-01
4.816549190370198019e+00 1.602468632078219435e-01
4.844388896034566017e+00 1.564631955207249903e-01
4.872389515494448098e+00 1.523401267838210837e-01
4.900551978833287414e+00 1.547999238445920966e-01
4.928877221510434836e+00 1.606888418568605537e-01
4.957366184392200559e+00 1.705500601883702394e-01
4.986019813783113541e+00 1.631424429552618960e-01
5.014839061457356806e+00 1.733678461860572451e-01
5.043824884690362609e+00 1.671312658408222740e-01
5.072978246290641202e+00 1.741189345133176136e-01
5.102300114631742822e+00 1.782977669115488051e-01
5.131791463684423960e+00 1.784134248757832109e-01
5.161453273049005475e+00 1.793600302378207390e-01
5.191286527987911903e+00 1.888481139466217928e-01
5.221292219458380401e+00 1.943687164180247506e-01
5.251471344145405951e+00 1.836572743613395786e-01
5.281824904494829553e+00 1.822266954942020900e-01
5.312353908746639597e+00 1.833646872494370250e-01
5.343059370968462396e+00 1.837247415071429635e-01
5.373942311089249912e+00 1.819182742562436561e-01
5.405003754933139781e+00 1.741402761614799233e-01
5.436244734253559585e+00 1.853157269556293396e-01
5.467666286767478567e+00 1.966508958908643467e-01
5.499269456189878724e+00 1.919619292575278358e-01
5.531055292268432844e+00 1.911908761626318065e-01
5.563024850818350409e+00 1.879944480201297674e-01
5.595179193757479297e+00 2.038595538878790192e-01
5.627519389141558470e+00 2.254469752241781422e-01
5.660046511199702479e+00 2.151196828344143497e-01
5.692761640370078702e+00 2.027890292784474691e-01
5.725665863335805739e+00 1.984511671793939558e-01
5.758760273061025892e+00 1.886236824207859764e-01
5.792045968827241431e+00 1.841563935522320949e-01
5.825524056269808071e+00 1.718429510028476881e-01
5.859195647414667363e+00 1.694733396165689909e-01
5.893061860715279821e+00 1.658962040084620282e-01
5.927123821089786304e+00 1.550766768304387144e-01
5.961382659958350594e+00 1.632346939505441019e-01
5.995839515280771082e+00 1.665571066612300533e-01
6.030495531594262104e+00 1.677673846441115335e-01
6.065351860051475086e+00 1.721458647186996926e-01
6.100409658458743500e+00 1.721575682031758203e-01
6.135670091314512575e+00 1.825206594866312093e-01
6.171134329848062094e+00 1.699304639514002124e-01
6.206803552058381079e+00 1.660097966519065160e-01
6.242678942753306259e+00 1.835395510763152549e-01
6.278761693588877257e+00 1.822989817218486075e-01
6.315053003108923591e+00 1.831285522391251364e-01
6.351554076784851510e+00 1.853515258493209361e-01
6.388266127055725718e+00 1.880949602985715619e-01
6.425190373368511843e+00 1.939659788639942484e-01
6.462328042218596025e+00 2.034781579820107711e-01
6.499680367190518560e+00 2.025480751862924478e-01
6.537248588998957999e+00 2.000586751941995367e-01
6.575033955529916874e+00 2.187622202675348071e-01
6.613037721882214726e+00 2.422249528810632158e-01
6.651261150409145451e+00 2.391531324262184677e-01
6.689705510760421525e+00 2.534630517391729398e-01
6.728372079924347382e+00 2.542857378538164737e-01
6.767262142270216607e+00 2.421657470184193917e-01
6.806376989591010229e+00 2.348021899621622610e-01
6.845717921146279750e+00 2.587509614015804926e-01
6.885286243705309062e+00 2.757292751750859416e-01
6.925083271590525058e+00 2.804981008789652064e-01
6.965110326721157818e+00 2.985648387087479483e-01
7.005368738657123728e+00 3.264907295492505135e-01
7.045859844643230119e+00 3.349599216683675218e-01
7.086584989653569089e+00 3.566650662896909130e-01
7.127545526436194656e+00 3.628865009491333282e-01
7.168742815558059256e+00 3.478661112844531611e-01
7.210178225450215805e+00 3.539574307341318837e-01
7.251853132453240036e+00 3.480093068592196026e-01
7.293768920862992111e+00 3.638812971296018772e-01
7.335926982976571864e+00 3.814186243969068801e-01
7.378328719138569802e+00 3.911703807265518584e-01
7.420975537787583676e+00 3.838040699092414854e-01
7.463868855503007715e+00 3.914918823295129857e-01
7.507010097052058128e+00 4.020470484464290783e-01
7.550400695437144982e+00 3.990440720179143086e-01
7.594042091943437711e+00 4.561729103873408686e-01
7.637935736186750368e+00 5.136094815544626213e-01
7.682083086161699548e+00 4.886025774303522362e-01
7.726485608290103890e+00 5.311619545075602078e-01
7.771144777469737974e+00 5.871410976372758439e-01
7.816062077123293150e+00 6.052167851904814988e-01
7.861238999247660786e+00 6.330745204449171881e-01
7.906677044463489068e+00 6.275979781503654431e-01
7.952377722065040011e+00 7.671289853952262261e-01
7.998342550070284496e+00 1.535256209172237263e+00
