2.511886431509579437e-02 5.952118508525054974e-01
2.526405161860213050e-02 5.959276420959230824e-01
2.541007810627042562e-02 5.962119583782385934e-01
2.555694862859406516e-02 5.977206920170589077e-01
2.570466806410236227e-02 5.997794847950322916e-01
2.585324131952258450e-02 6.032970058355392462e-01
2.600267332994290678e-02 6.082839705763556370e-01
2.615296905897638788e-02 6.151889986790244347e-01
2.630413349892583852e-02 6.241821084229202121e-01
2.645617167094958117e-02 6.355704756909468234e-01
2.660908862522835469e-02 6.496234151525337452e-01
2.676288944113292337e-02 6.637285030779624950e-01
2.691757922739292791e-02 6.704592267261463290e-01
2.707316312226650673e-02 6.680896862526772839e-01
2.722964629371095457e-02 6.601774069990916649e-01
2.738703393955444973e-02 6.488890504836383188e-01
2.754533128766867636e-02 6.363291286854672046e-01
2.770454359614242176e-02 6.236556232468735139e-01
2.786467615345633933e-02 6.115521790979477901e-01
2.802573427865854422e-02 6.004895611383028742e-01
2.818772332154127064e-02 5.906592185228647374e-01
2.835064866281864979e-02 5.820304336633431719e-01
2.851451571430539678e-02 5.745539155459696845e-01
2.867932991909653145e-02 5.681796587944579757e-01
2.884509675174826843e-02 5.628590867575578027e-01
2.901182171845980567e-02 5.585379078838723643e-01
2.917951035725619563e-02 5.556668849224999374e-01
2.934816823817239240e-02 5.554497187169121775e-01
2.951780096343814899e-02 5.578492624161532909e-01
2.968841416766421215e-02 5.621504391393239430e-01
2.986001351802944001e-02 5.683153876729503118e-01
3.003260471446899879e-02 5.762576701523078881e-01
3.020619348986378766e-02 5.860672962547129883e-01
3.038078561023081769e-02 5.974656645979968816e-01
3.055638687491469066e-02 6.086682976112445242e-01
3.073300311678033025e-02 6.188486778606892003e-01
3.091064020240668481e-02 6.287933184790682750e-01
3.108930403228154019e-02 6.386108025691754619e-01
3.126900054099761295e-02 6.486825997158262025e-01
3.144973569744963920e-02 6.592273048496450905e-01
3.163151550503255638e-02 6.676524963914282074e-01
3.181434600184106232e-02 6.689283478492562551e-01
3.199823326087009728e-02 6.650007827231987356e-01
3.218318339021652985e-02 6.605638771215356364e-01
3.236920253328214730e-02 6.577764345748137176e-01
3.255629686897762443e-02 6.578771596899053442e-01
3.274447261192782455e-02 6.612460933265892349e-01
3.293373601267822470e-02 6.690790783406346254e-01
3.312409335790250653e-02 6.812882481422808389e-01
3.331555097061136145e-02 6.969977942839927776e-01
3.350811521036261426e-02 7.160769884249069683e-01
3.370179247347232510e-02 7.385079715020639313e-01
3.389658919322740410e-02 7.644036127933676594e-01
3.409251184009919750e-02 7.927852356486365659e-01
3.428956692195841288e-02 8.219812317748597108e-01
3.448776098429136294e-02 8.521773354268157297e-01
3.468710061041735404e-02 8.842022071258266447e-01
3.488759242170727526e-02 9.186201932614133092e-01
3.508924307780367929e-02 9.560385019741992618e-01
3.529205927684192501e-02 9.945497853401078503e-01
3.549604775567258980e-02 1.030989417402712105e+00
3.570121529008542238e-02 1.068636322121379933e+00
3.590756869503420462e-02 1.113691166155656553e+00
3.611511482486330638e-02 1.172140307409573090e+00
3.632386057353523962e-02 1.250077258164917327e+00
3.653381287485973905e-02 1.327014101394528911e+00
3.674497870272393912e-02 1.343773046075742439e+00
3.695736507132423021e-02 1.286288294221639816e+00
3.717097903539903075e-02 1.187799133812480035e+00
3.738582769046329413e-02 1.083316471874105069e+00
3.760191817304411876e-02 9.929710441744862282e-01
3.781925766091774610e-02 9.301071425569764628e-01
3.803785337334809891e-02 8.837664459896144020e-01
3.825771257132654091e-02 8.448622632385964781e-01
3.847884255781295476e-02 8.120087310182636520e-01
3.870125067797849233e-02 7.846272156887278415e-01
3.892494431944945599e-02 7.629606005062385954e-01
3.914993091255265789e-02 7.469445928441410532e-01
3.937621793056233360e-02 7.351218931649389221e-01
3.960381288994833243e-02 7.263780959399580572e-01
3.983272335062570252e-02 7.203917380359270428e-01
4.006295691620595512e-02 7.169342234469640029e-01
4.029452123424955012e-02 7.160769884249069683e-01
4.052742399651988042e-02 7.174771389609333472e-01
4.076167293923887297e-02 7.207774937958526529e-01
4.099727584334383890e-02 7.258494676763562747e-01
4.123424053474603751e-02 7.326287679757899074e-01
4.147257488459059338e-02 7.400367072913989208e-01
4.171228680951784978e-02 7.475375137343971410e-01
4.195338427192649156e-02 7.558384061979820379e-01
4.219587528023795858e-02 7.653537149428142339e-01
4.243976788916238585e-02 7.764691957288193391e-01
4.268507019996626434e-02 7.874060858852293121e-01
4.293179036074151744e-02 7.971285597603917639e-01
4.317993656667604152e-02 8.068510336355544377e-01
4.342951706032609216e-02 8.170164122721130795e-01
4.368054013188996804e-02 8.280890313070153885e-01
4.393301411948334623e-02 8.336610589503855584e-01
4.418694740941636612e-02 8.306964544991053412e-01
4.444234843647213579e-02 8.234671058130916821e-01
4.469922568418681352e-02 8.134017379291063055e-01
4.495758768513159753e-02 8.020290866364840898e-01
4.521744302119593689e-02 7.892634284330193317e-01
4.547880032387276866e-02 7.759477110904012820e-01
4.574166827454511502e-02 7.632392018884069929e-01
4.600605560477452616e-02 7.515950928388001051e-01
4.627197109659098723e-02 7.418440444629023078e-01
4.653942358278480296e-02 7.344289615221096801e-01
4.680842194719982141e-02 7.289855191320480099e-01
4.707897512502866311e-02 7.251708232838945944e-01
4.735109210310945588e-02 7.229062941006274556e-01
4.762478192022426976e-02 7.231848954827959641e-01
4.790005366739954334e-02 7.263566650644066591e-01
4.817691648820784933e-02 7.319429799581445018e-01
4.845537957907175564e-02 7.402438724217291766e-01
4.873545218956924774e-02 7.505592671871479382e-01
4.901714362274099679e-02 7.612389868369408008e-01
4.930046323539925834e-02 7.716043869786460840e-01
4.958542043843887359e-02 7.816340367367125008e-01
4.987202469714965836e-02 7.909993293526846880e-01
5.016028553153097091e-02 7.990001895585494562e-01
5.045021251660784106e-02 8.069796188888629374e-01
5.074181528274907677e-02 8.168378216425179472e-01
5.103510351598705003e-02 8.299392302296216828e-01
5.133008695833959217e-02 8.477982931891415719e-01
5.162677540813340182e-02 8.704292977714449542e-01
5.192517872032970105e-02 8.974822063425256236e-01
5.222530680685147364e-02 9.289713061527510307e-01
5.252716963691266006e-02 9.613676463613199941e-01
5.283077723734942721e-02 9.951498498555476635e-01
5.313613969295318679e-02 1.036197120161708174e+00
5.344326714680543849e-02 1.088367014879057404e+00
5.375216980061491706e-02 1.125449573208204379e+00
5.406285791505632127e-02 1.114241225294809734e+00
5.437534181011107609e-02 1.070686542549132758e+00
5.468963186541032917e-02 1.023495754584897499e+00
5.500573852057948770e-02 9.914423083851513496e-01
5.532367227558519784e-02 9.679397815304232600e-01
5.564344369108398941e-02 9.482376632734809130e-01
5.596506338877313413e-02 9.314858622174514435e-01
5.628854205174332881e-02 9.163628077033300068e-01
5.661389042483377931e-02 9.024898875963749401e-01
5.694111931498885282e-02 8.902600012816959119e-01
5.727023959161724881e-02 8.798588830140715578e-01
5.760126218695296035e-02 8.713793999208915286e-01
5.793419809641841417e-02 8.652716003887357399e-01
5.826905837898961604e-02 8.621855543093306373e-01
5.860585415756369709e-02 8.638785934778930864e-01
5.894459661932811845e-02 8.706364629017754320e-01
5.928529701613251268e-02 8.818305235648025153e-01
5.962796666486229469e-02 8.963177954375649570e-01
5.997261694781454155e-02 9.105407531785265629e-01
6.031925931307623168e-02 9.231706825034989849e-01
6.066790527490428103e-02 9.349933821827011160e-01
6.101856641410823012e-02 9.435585887780867376e-01
6.137125437843479747e-02 9.488448714141046736e-01
6.172598088295483398e-02 9.536668184131750214e-01
6.208275771045231733e-02 9.595103038135298634e-01
6.244159671181598315e-02 9.675968875216004461e-01
6.280250980643269088e-02 9.785980703046647244e-01
6.316550898258359303e-02 9.929996186752214626e-01
6.353060629784218483e-02 1.009972872111949194e+00
6.389781387947492119e-02 1.028546297589849612e+00
6.426714392484385308e-02 1.049334246874730869e+00
6.463860870181208085e-02 1.070050759907773985e+00
6.501222054915094251e-02 1.091195890451845285e+00
6.538799187695008841e-02 1.118091639268882220e+00
6.576593516702965159e-02 1.160324751355554573e+00
6.614606297335466623e-02 1.228260626853568072e+00
6.652838792245242827e-02 1.328885731192686492e+00
6.691292271383147972e-02 1.449984465308598702e+00
6.729968012040381253e-02 1.509855187974092905e+00
6.768867298890894613e-02 1.454277784044067268e+00
6.807991424034069705e-02 1.354731367107703921e+00
6.847341687037629410e-02 1.276272931713941183e+00
6.886919394980822728e-02 1.213066136087608715e+00
6.926725862497820629e-02 1.157174412649495387e+00
6.966762411821400547e-02 1.109426421920923111e+00
7.007030372826857090e-02 1.068736332873953199e+00
7.047531083076181979e-02 1.035125576384136936e+00
7.088265887862478520e-02 1.010015733863051990e+00
7.129236140254673060e-02 9.925424266634578219e-01
7.170443201142430445e-02 9.814840948789230746e-01
7.211888439281383123e-02 9.757049021052225379e-01
7.253573231338585059e-02 9.736761125530211114e-01
7.295498961938230720e-02 9.747476563305922381e-01
7.337667023707672431e-02 9.776193936544830265e-01
7.380078817323644513e-02 9.819341432655029900e-01
7.422735751558823258e-02 9.875633199103437398e-01
7.465639243328600627e-02 9.925781447893768927e-01
7.508790717738160481e-02 9.962642553842216975e-01
7.552191608129793510e-02 9.997717753494714810e-01
7.595843356130543844e-02 1.004357982717476006e+00
7.639747411700059665e-02 1.011080134015439391e+00
7.683905233178781047e-02 1.021881295293356917e+00
7.728318287336367887e-02 1.037783004952513410e+00
7.772988049420428980e-02 1.058613815988497464e+00
7.817916003205507836e-02 1.085116665420424731e+00
7.863103641042397396e-02 1.117248691497192858e+00
7.908552463907676799e-02 1.154174090072296099e+00
7.954263981453599253e-02 1.194456992483789115e+00
8.000239712058217212e-02 1.240147619159424508e+00
8.046481182875830918e-02 1.282673619878633042e+00
8.092989929887701994e-02 1.308933586054310982e+00
8.139767497953076525e-02 1.319834758084801996e+00
8.186815440860513438e-02 1.298668196665179186e+00
8.234135321379483508e-02 1.248362788120803701e+00
8.281728711312283386e-02 1.195699983265771538e+00
8.329597191546232737e-02 1.151945279014947809e+00
8.377742352106211376e-02 1.117963054015573610e+00
8.426165792207447602e-02 1.095624938065806298e+00
8.474869120308657633e-02 1.083316471874105069e+00
8.523853954165466762e-02 1.077987327486984448e+00
8.573121920884146929e-02 1.077801593232205368e+00
8.622674656975649887e-02 1.080473309050949515e+00
8.672513808409994251e-02 1.082387800600210115e+00
8.722641030670905127e-02 1.083059301367488070e+00
8.773057988810836760e-02 1.084338010275389674e+00
8.823766357506258873e-02 1.085688155435129421e+00
8.874767821113291322e-02 1.087088305971155799e+00
8.926064073723644077e-02 1.086288219950569234e+00
8.977656819220893036e-02 1.084852351288623895e+00
9.029547771337091688e-02 1.079780377408120273e+00
9.081738653709675591e-02 1.069643573272296866e+00
9.134231199938727674e-02 1.053377538728766050e+00
9.187027153644546085e-02 1.023738637841147048e+00
9.240128268525588107e-02 9.866846540127351961e-01
9.293536308416693037e-02 9.508165119648357422e-01
9.347253047347692245e-02 9.196417316626978034e-01
9.401280269602330097e-02 8.961463484331535501e-01
9.455619769777530437e-02 8.800446172688505264e-01
9.510273352842993355e-02 8.695006264975498889e-01
9.565242834201181932e-02 8.636285665964598124e-01
9.620530039747586526e-02 8.610497179051052052e-01
9.676136805931405405e-02 8.605353768918710955e-01
9.732064979816532069e-02 8.615783461687069877e-01
9.788316419142908953e-02 8.630070712054686011e-01
9.844892992388228070e-02 8.645143761192520815e-01
9.901796578830000806e-02 8.637642954749522595e-01
9.959029068607995472e-02 8.595424129913216138e-01
1.001659236278700377e-01 8.525130858104547071e-01
1.007448837341998471e-01 8.440836080935613106e-01
1.013271902361159299e-01 8.359898807603070026e-01
1.019128624758204177e-01 8.289391227038884757e-01
1.025019199073136378e-01 8.238385743226497304e-01
1.030943820970401520e-01 8.212025766298245433e-01
1.036902687245389171e-01 8.210239860002294110e-01
1.042895995830967204e-01 8.227527432947109309e-01
1.048923945804057928e-01 8.244743569640085035e-01
1.054986737392250712e-01 8.240385958277962608e-01
1.061084571980452224e-01 8.214811780119930518e-01
1.067217652117575799e-01 8.165377893847980406e-01
1.073386181523270227e-01 8.116372625087058257e-01
1.079590365094685589e-01 8.086226526811387538e-01
1.085830408913279893e-01 8.097513454601804606e-01
1.092106520251663743e-01 8.163306242544675628e-01
1.098418907580486492e-01 8.302678369880768239e-01
1.104767780575359459e-01 8.551062217521769870e-01
1.111153350123821049e-01 8.738725251100404323e-01
1.117575828332342536e-01 8.578636610731269485e-01
1.124035428533372433e-01 8.292748730875274532e-01
1.130532365292423180e-01 8.043364775708539138e-01
1.137066854415197809e-01 7.850986949508592661e-01
1.143639112954759340e-01 7.710186097135739436e-01
1.150249359218739331e-01 7.619390621049539902e-01
1.156897812776589568e-01 7.571099714806998060e-01
1.163584694466876512e-01 7.547668624204108001e-01
1.170310226404614878e-01 7.509735974478086717e-01
1.177074631988646730e-01 7.411654000704404055e-01
1.183878135909062629e-01 7.285068962447328600e-01
1.190720964154663303e-01 7.165413240618545565e-01
1.197603344020467531e-01 7.071260260695957367e-01
1.204525504115261381e-01 7.008832120214659733e-01
1.211487674369193246e-01 6.986622589518201032e-01
1.218490086041408849e-01 7.013082577199024614e-01
1.225532971727734816e-01 7.098291738391486749e-01
1.232616565368404721e-01 7.232349008590825967e-01
1.239741102255828148e-01 7.404867556779787252e-01
1.246906819042407494e-01 7.607460766992580892e-01
1.254113953748399735e-01 7.826484315128131586e-01
1.261362745769819826e-01 8.055508938521014350e-01
1.268653435886395453e-01 8.041007379397883126e-01
1.275986266269562852e-01 7.443943186535216805e-01
1.283361480490512463e-01 6.642442728162334387e-01
1.290779323528278288e-01 5.915686020087634889e-01
1.298240041777875831e-01 5.318250358715409520e-01
1.305743883058487209e-01 4.848256970622318307e-01
1.313291096621690413e-01 4.472673732958432624e-01
1.320881933159741561e-01 4.166998011343290842e-01
1.328516644813900749e-01 3.917456896422512602e-01
1.336195485182806453e-01 3.711227580991161012e-01
1.343918709330900185e-01 3.541752217130501590e-01
1.351686573796898327e-01 3.406237647393665635e-01
1.359499336602315311e-01 3.301812134456761361e-01
1.367357257260030934e-01 3.224703844222738258e-01
1.375260596782912625e-01 3.171462405727817346e-01
1.383209617692485738e-01 3.138823182262999723e-01
1.391204584027652402e-01 3.123364377365238642e-01
1.399245761353461737e-01 3.122121386583256442e-01
1.407333416769932510e-01 3.132458212224226712e-01
1.415467818920924381e-01 3.150810185321429313e-01
1.423649238003061035e-01 3.175427117704831548e-01
1.431877945774705507e-01 3.206316152999616476e-01
1.440154215564987683e-01 3.241255623773621752e-01
1.448478322282882313e-01 3.279066831871516596e-01
1.456850542426340045e-01 3.319799782669589638e-01
1.465271154091474515e-01 3.360625600595051887e-01
1.473740436981796631e-01 3.400794205003603854e-01
1.482258672417506584e-01 3.443513083602775526e-01
1.490826143344838317e-01 3.492689799368108861e-01
1.499443134345459228e-01 3.556846697143887792e-01
1.508109931645919832e-01 3.641334352192784340e-01
1.516826823127164214e-01 3.741109365135029674e-01
1.525594098334091819e-01 3.836919666100261916e-01
1.534412048485173929e-01 3.907791571548820397e-01
1.543280966482127869e-01 3.940530805766211953e-01
1.552201146919646169e-01 3.923143222068823377e-01
1.561172886095181789e-01 3.871459093863973133e-01
1.570196482018790252e-01 3.820682206057466335e-01
1.579272234423027277e-01 3.796515322060644015e-01
1.588400444772908315e-01 3.809531007145542381e-01
1.597581416275917487e-01 3.841877341977824600e-01
1.606815453892082024e-01 3.874523709067826949e-01
1.616102864344102497e-01 3.943259670586426457e-01
1.625443956127538836e-01 4.074609506841102569e-01
1.634839039521058524e-01 4.206780859991917643e-01
1.644288426596743347e-01 4.255743267001736996e-01
1.653792431230455828e-01 4.287668127948174313e-01
1.663351369112262834e-01 4.358968650907761311e-01
1.672965557756923849e-01 4.466844534808445122e-01
1.682635316514438095e-01 4.593358136813683879e-01
1.692360966580649384e-01 4.709113439292107461e-01
1.702142831007917856e-01 4.764140784082979696e-01
1.711981234715850009e-01 4.678374420126181765e-01
1.721876504502090899e-01 4.477767137714487866e-01
1.731828969053178791e-01 4.306527298433427409e-01
1.741838958955464201e-01 4.243177630303418546e-01
1.751906806706090836e-01 4.317985673228255661e-01
1.762032846724038426e-01 4.511049287445849099e-01
1.772217415361232173e-01 4.727829737273683830e-01
1.782460850913716033e-01 4.794865515998537608e-01
1.792763493632887617e-01 4.615767689015289332e-01
1.803125685736800821e-01 4.306670170937103581e-01
1.813547771421535060e-01 3.997729812612961786e-01
1.824030096872625850e-01 3.750374646998428374e-01
1.834573010276564775e-01 3.569198025086691706e-01
1.845176861832364401e-01 3.433219119712908052e-01
1.855842003763193415e-01 3.332936909382612223e-01
1.866568790328071992e-01 3.282881527719669901e-01
1.877357577833641822e-01 3.284224529254225478e-01
1.888208724646001924e-01 3.326207614459464890e-01
1.899122591202609955e-01 3.394443522215198628e-01
1.910099540024255971e-01 3.474544991401236627e-01
1.921139935727104175e-01 3.552296207901802783e-01
1.932244145034804905e-01 3.610416742397263290e-01
1.943412536790674328e-01 3.623611018111757009e-01
1.954645481969946030e-01 3.581927965164237726e-01
1.965943353692096995e-01 3.526743460619321535e-01
1.977306527233236300e-01 3.514663590433502183e-01
1.988735380038573475e-01 3.601844392176694054e-01
2.000230291734956534e-01 3.750081758365892415e-01
2.011791644143479663e-01 3.763918960346928078e-01
2.023419821292166965e-01 3.679988508062369545e-01
2.035115209428728922e-01 3.618524756980885382e-01
2.046878197033392410e-01 3.598079701704827160e-01
2.058709174831803157e-01 3.582942359940338162e-01
2.070608535808005912e-01 3.545788365359353045e-01
2.082576675217497619e-01 3.485124700298456446e-01
2.094613990600355524e-01 3.415538647382983517e-01
2.106720881794442723e-01 3.350003029946729272e-01
2.118897750948690872e-01 3.288703582244473789e-01
2.131145002536455058e-01 3.216088632251065671e-01
2.143463043368951104e-01 3.116242183056981974e-01
2.155852282608767823e-01 2.995807806083164437e-01
2.168313131783459469e-01 2.876252095006955334e-01
2.180846004799212312e-01 2.772512370087696354e-01
2.193451317954595303e-01 2.687788975407734426e-01
2.206129489954388734e-01 2.614602535399622174e-01
2.218880941923488948e-01 2.537865713675157009e-01
2.231706097420899648e-01 2.445462921922601507e-01
2.244605382453801201e-01 2.337572750771550467e-01
2.257579225491697927e-01 2.221617426787979854e-01
2.270628057480653939e-01 2.109519660403665897e-01
2.283752311857605299e-01 2.017624066039160613e-01
2.296952424564759343e-01 1.949502456286368313e-01
2.310228834064072811e-01 1.888688775096611094e-01
2.323581981351817149e-01 1.819045573179667863e-01
2.337012309973229007e-01 1.742237315203364889e-01
2.350520266037238737e-01 1.664979008840482000e-01
2.364106298231291869e-01 1.604658237788408048e-01
2.377770857836252472e-01 1.568132882223597924e-01
2.391514398741393099e-01 1.544330323111150205e-01
2.405337377459470793e-01 1.538908311596639822e-01
2.419240253141889951e-01 1.568290041977641880e-01
2.433223487593957901e-01 1.641097869851012025e-01
2.447287545290218747e-01 1.754860100903153641e-01
2.461432893389885190e-01 1.921970924827972327e-01
2.475660001752356676e-01 2.082438177331849827e-01
2.489969342952823017e-01 2.101625954575558064e-01
2.504361392297964617e-01 2.029446765718362911e-01
2.518836627841739007e-01 1.944701940162849307e-01
2.533395530401260642e-01 1.870065344242423933e-01
2.548038583572773130e-01 1.824781904202265603e-01
2.562766273747711931e-01 1.817016783627466436e-01
2.577579090128856998e-01 1.831804087757948618e-01
2.592477524746588102e-01 1.855906679128116465e-01
2.607462072475227322e-01 1.884281158358201980e-01
2.622533231049470337e-01 1.915813119919529961e-01
2.637691501080930423e-01 1.959110632158589937e-01
2.652937386074759596e-01 2.026167841758994836e-01
2.668271392446371348e-01 2.108305244122418431e-01
2.683694029538270520e-01 2.184534868458833101e-01
2.699205809636965880e-01 2.228811057348074609e-01
2.714807247989985406e-01 2.226339363034477159e-01
2.730498862822996475e-01 2.199250736337477197e-01
2.746281175357012105e-01 2.185770715615631965e-01
2.762154709825712651e-01 2.201801010528096902e-01
2.778119993492854656e-01 2.239133595738677096e-01
2.794177556669779627e-01 2.298097078005827687e-01
2.810327932733039380e-01 2.361168144753668097e-01
2.826571658142107979e-01 2.456556971833055436e-01
2.842909272457196934e-01 2.663707814913117700e-01
2.859341318357184192e-01 2.968111971245541159e-01
2.875868341657639160e-01 3.165647494828198183e-01
2.892490891328946545e-01 3.096297181543790633e-01
2.909209519514548425e-01 2.907355439057254798e-01
2.926024781549284581e-01 2.756853543684789076e-01
2.942937235977828858e-01 2.697640034536205045e-01
2.959947444573255426e-01 2.665615162837194352e-01
2.977055972355692748e-01 2.656942801864051740e-01
2.994263387611086902e-01 2.670830009221374368e-01
3.011570261910088142e-01 2.726407413151399894e-01
3.028977170127025720e-01 2.809816380797541258e-01
3.046484690459013711e-01 2.857007168761776517e-01
3.064093404445150659e-01 2.875566306989309484e-01
3.081803896985833569e-01 2.909848564246403368e-01
3.099616756362194026e-01 2.899618892983190643e-01
3.117532574255635347e-01 2.769390605882371958e-01
3.135551945767480198e-01 2.564782893367745231e-01
3.153675469438748658e-01 2.357510608659558193e-01
3.171903747270033436e-01 2.196593307769100778e-01
3.190237384741493876e-01 2.075144536019182251e-01
3.208676990832974307e-01 1.975362379451753025e-01
3.227223178044230090e-01 1.933936497010850797e-01
3.245876562415266342e-01 1.923871129126865365e-01
3.264637763546810456e-01 1.888424460964810425e-01
3.283507404620888970e-01 1.846184205252953958e-01
3.302486112421523790e-01 1.818024034778383258e-01
3.321574517355558864e-01 1.825853447979836619e-01
3.340773253473591775e-01 1.887167182932460163e-01
3.360082958491044103e-01 1.990721173596939897e-01
3.379504273809338932e-01 2.081395208055014101e-01
3.399037844537201591e-01 2.120020789423863461e-01
3.418684319512097503e-01 2.129857561301967128e-01
3.438444351321779946e-01 2.117727685739861365e-01
3.458318596325960503e-01 2.047884462317771104e-01
3.478307714678123830e-01 1.911476939432958655e-01
3.498412370347446232e-01 1.747187847455743959e-01
3.518633231140849693e-01 1.597878937488974305e-01
3.538970968725191901e-01 1.486852714882231641e-01
3.559426258649572294e-01 1.413887727254817261e-01
3.579999780367765227e-01 1.359989075242986345e-01
3.600692217260801353e-01 1.324570981581666695e-01
3.621504256659661136e-01 1.317455930898593919e-01
3.642436589868098817e-01 1.339894057600934663e-01
3.663489912185618480e-01 1.367382727308227575e-01
3.684664922930561692e-01 1.386320477670502371e-01
3.705962325463332818e-01 1.412559012970628913e-01
3.727382827209774208e-01 1.443519484517252205e-01
3.748927139684648524e-01 1.461271393099015103e-01
3.770595978515288715e-01 1.468865066669403086e-01
3.792390063465359562e-01 1.467764948391096780e-01
3.814310118458763554e-01 1.476344442236849908e-01
3.836356871603694985e-01 1.516920233280878993e-01
3.858531055216822825e-01 1.592321197095971919e-01
3.880833405847607942e-01 1.685038308356614778e-01
3.903264664302779630e-01 1.823846089303186868e-01
3.925825575670940371e-01 1.986513578363676980e-01
3.948516889347303827e-01 2.060971583654507278e-01
3.971339359058604912e-01 2.040269357871831724e-01
3.994293742888124776e-01 1.987356526135366508e-01
4.017380803300868997e-01 1.896025278160382022e-01
4.040601307168905088e-01 1.782691664619269201e-01
4.063956025796829352e-01 1.694660771479203909e-01
4.087445734947380283e-01 1.647712866771218476e-01
4.111071214867221824e-01 1.649720225447868227e-01
4.134833250312844322e-01 1.670393876729808491e-01
4.158732630576643108e-01 1.641205024228769294e-01
4.182770149513134750e-01 1.577391020461813009e-01
4.206946605565314856e-01 1.537143836176239342e-01
4.231262801791195738e-01 1.531171765522575667e-01
4.255719545890473410e-01 1.542501555064094976e-01
4.280317650231349469e-01 1.551173916037237865e-01
4.305057931877529498e-01 1.541301426033215294e-01
4.329941212615355806e-01 1.502947302421350495e-01
4.354968318981098929e-01 1.452906208008776234e-01
4.380140082288422887e-01 1.440897774074794968e-01
4.405457338655994204e-01 1.483716663426539462e-01
4.430920929035247480e-01 1.572090450575427401e-01
4.456531699238333033e-01 1.679609153216920781e-01
4.482290499966203323e-01 1.805065498694955473e-01
4.508198186836865351e-01 1.929900348781999064e-01
4.534255620413813470e-01 2.045312757251600277e-01
4.560463666234608748e-01 2.135822488330446633e-01
4.586823194839622087e-01 2.159532180315505145e-01
4.613335081800964965e-01 2.149131062047880958e-01
4.640000207751556194e-01 2.145716409210020881e-01
4.666819458414390720e-01 2.157396236385546728e-01
4.693793724631949438e-01 2.220152983625299503e-01
4.720923902395786631e-01 2.373655201574964291e-01
4.748210892876304490e-01 2.561418245906171842e-01
4.775655602452679171e-01 2.631211463951975138e-01
4.803258942742961168e-01 2.525907285117462986e-01
4.831021830634371073e-01 2.333129415907221893e-01
4.858945188313745223e-01 2.204951349234156033e-01
4.887029943298164536e-01 2.187285164154599004e-01
4.915277028465775411e-01 2.313062972765905223e-01
4.943687382086768833e-01 2.477002027109113380e-01
4.972261947854541564e-01 2.491753613113676935e-01
5.001001674917054940e-01 2.427053799823928604e-01
5.029907517908354109e-01 2.357560614035844881e-01
5.058980436980275996e-01 2.359467961959921811e-01
5.088221397834349347e-01 2.445048591661940496e-01
5.117631371753864622e-01 2.516141949491196850e-01
5.147211335636141527e-01 2.553795997835048848e-01
5.176962272024980827e-01 2.673351708911258506e-01
5.206885169143288250e-01 2.854771214079244168e-01
5.236981020925914887e-01 2.923314297717881649e-01
5.267250827052667450e-01 2.814202566660399252e-01
5.297695592981502832e-01 2.672258734258135537e-01
5.328316329981945820e-01 2.565011489373626996e-01
5.359114055168668900e-01 2.510548490972275837e-01
5.390089791535270791e-01 2.435804740674093194e-01
5.421244567988269258e-01 2.305676464325847885e-01
5.452579419381275994e-01 2.228210992832634629e-01
5.484095386549359130e-01 2.239712229378565678e-01
5.515793516343632241e-01 2.346087951990649401e-01
5.547674861666017643e-01 2.617445698222777284e-01
5.579740481504216199e-01 3.088703507973402651e-01
5.611991440966896949e-01 3.487010617346981700e-01
5.644428811319066597e-01 3.595215108006120097e-01
5.677053670017649933e-01 3.367697789527021590e-01
5.709867100747291202e-01 3.039941122468730050e-01
5.742870193456336425e-01 2.802915638869982740e-01
5.776064044393048880e-01 2.671780111370820610e-01
5.809449756142023302e-01 2.560382420254520008e-01
5.843028437660793273e-01 2.457828537115772927e-01
5.876801204316687288e-01 2.387235233049382899e-01
5.910769177923870243e-01 2.359510823711024607e-01
5.944933486780595855e-01 2.399122225355239668e-01
5.979295265706701112e-01 2.478216443390360846e-01
6.013855656081297241e-01 2.571512188290892564e-01
6.048615805880666052e-01 2.685331568344503927e-01
6.083576869716416091e-01 2.794100405393163955e-01
6.118740008873820857e-01 2.859057389189529341e-01
6.154106391350390171e-01 2.945702419043935705e-01
6.189677191894675801e-01 3.024346588692476967e-01
6.225453592045292472e-01 3.049420713087642731e-01
6.261436780170150929e-01 3.020746201599837644e-01
6.297627951505950783e-01 3.034061918942456137e-01
6.334028308197864332e-01 3.118542430366169071e-01
6.370639059339481269e-01 3.287396298835836839e-01
6.407461421012968783e-01 3.618274730099452219e-01
6.444496616329448146e-01 4.090611227252832771e-01
6.481745875469649976e-01 4.362426165496725017e-01
6.519210435724759334e-01 4.597422859543270346e-01
6.556891541537508417e-01 4.979178189365966456e-01
6.594790444543533470e-01 4.777742246432949980e-01
6.632908403612935988e-01 4.038405614409564248e-01
6.671246684892090384e-01 3.446934880065819495e-01
6.709806561845721440e-01 3.027311193143757406e-01
6.748589315299192704e-01 2.593221665224484385e-01
6.787596233481042463e-01 2.188399569683273094e-01
6.826828612065795054e-01 2.042062407792967493e-01
6.866287754216984229e-01 2.104790580531984978e-01
6.905974970630435195e-01 2.111519875455132311e-01
6.945891579577818664e-01 2.000057891712177238e-01
6.986038906950429173e-01 1.878966301221448587e-01
7.026418286303216520e-01 1.854135060082532371e-01
7.067031058899108098e-01 1.848241569305890952e-01
7.107878573753529938e-01 1.809908876569577274e-01
7.148962187679240854e-01 1.791571190722742457e-01
7.190283265331394169e-01 1.809408822806710948e-01
7.231843179252852583e-01 1.861342977892994632e-01
7.273643309919801681e-01 1.906090646044367454e-01
7.315685045787596597e-01 1.974512288054879883e-01
7.357969783336865133e-01 2.155767489843638529e-01
7.400498927119919523e-01 2.459971624670915236e-01
7.443273889807401344e-01 2.745773781024702931e-01
7.486296092235191768e-01 3.032133140142828087e-01
7.529566963451627126e-01 3.357175229631272351e-01
7.573087940764960946e-01 3.511098921466782041e-01
7.616860469791092436e-01 3.490989616574363130e-01
7.660886004501606950e-01 3.403430202696428597e-01
7.705166007272060691e-01 3.259186122984978895e-01
7.749701948930545203e-01 3.315556469310407817e-01
7.794495308806568268e-01 3.749253097844570393e-01
7.839547574780165728e-01 3.825797041689072975e-01
7.884860243331343055e-01 3.318521073761687701e-01
7.930434819589780027e-01 2.985985321455428276e-01
7.976272817384808533e-01 2.831161532846759310e-01
8.022375759295721220e-01 2.679416646692310833e-01
8.068745176702336597e-01 2.541844712902537884e-01
8.115382609835852801e-01 2.521442519377583014e-01
8.162289607830032212e-01 2.474551763671067328e-01
8.209467728772645856e-01 2.387628132434492512e-01
8.256918539757219788e-01 2.338687156300224557e-01
8.304643616935105666e-01 2.338694299925408171e-01
8.352644545567829981e-01 2.390635598636875747e-01
8.400922920079733069e-01 2.435168958032734032e-01
8.449480344110958940e-01 2.473315916514268742e-01
8.498318430570707127e-01 2.575812650651544966e-01
8.547438801690798726e-01 2.751252941540683894e-01
8.596843089079587719e-01 2.875880626497397397e-01
8.646532933776126528e-01 2.852235227138992801e-01
8.696509986304700179e-01 2.713098839433965570e-01
8.746775906729644667e-01 2.488103220644750924e-01
8.797332364710471753e-01 2.332800809148766474e-01
8.848181039557355687e-01 2.294539552664291160e-01
8.899323620286901937e-01 2.224996361499921305e-01
8.950761805678236760e-01 2.199057858457514336e-01
9.002497304329459826e-01 2.254228075752063298e-01
9.054531834714387717e-01 2.325657183964958685e-01
9.106867125239620497e-01 2.509419798193233686e-01
9.159504914301977996e-01 2.714620431598117056e-01
9.212446950346235841e-01 2.736958547547884146e-01
9.265694991923183466e-01 2.594578954009408300e-01
9.319250807748065135e-01 2.257499856086247203e-01
9.373116176759319629e-01 2.010744754987153771e-01
9.427292888177655206e-01 1.924021145255725429e-01
9.481782741565508710e-01 1.955095914805289881e-01
9.536587546886805544e-01 1.996636095249132992e-01
9.591709124567069367e-01 1.992571372519546247e-01
9.647149305553922582e-01 2.007187229645617244e-01
9.702909931377862174e-01 2.024639105969660013e-01
9.758992854213467405e-01 2.042119556794438073e-01
9.815399936940907288e-01 2.127564457617964755e-01
9.872133053207802211e-01 2.310255528068668740e-01
9.929194087491489684e-01 2.737308585181890686e-01
9.986584935161608723e-01 3.251120970152459599e-01
1.004430750254303728e+00 3.415138604372690012e-01
1.010236370697924935e+00 3.495297222560199146e-01
1.016075547689597958e+00 3.487203495226944838e-01
1.021948475186527761e+00 3.330808109077837420e-01
1.027855348266994762e+00 3.192507525519315825e-01
1.033796363136834096e+00 3.057478722294978413e-01
1.039771717135951290e+00 3.043312913555487054e-01
1.045781608744880131e+00 3.157625203746782239e-01
1.051826237591374280e+00 3.172619673007594510e-01
1.057905804457035748e+00 3.129643623901806060e-01
1.064020511283988890e+00 2.931700913683671916e-01
1.070170561181583713e+00 2.725900215763349399e-01
1.076356158433145582e+00 2.707048188903280472e-01
1.082577508502760022e+00 2.714470415469256714e-01
1.088834818042095476e+00 2.813845385401208543e-01
1.095128294897270704e+00 3.027918401284380723e-01
1.101458148115757263e+00 3.336823041482603891e-01
1.107824587953321727e+00 3.709677414326275069e-01
1.114227825881013212e+00 3.686039158593054643e-01
1.120668074592185315e+00 3.493539890764982281e-01
1.127145548009560017e+00 3.460772082046855713e-01
1.133660461292336441e+00 3.320699879442749469e-01
1.140213030843336250e+00 3.223332268187447114e-01
1.146803474316190341e+00 3.226168287385418609e-01
1.153432010622570836e+00 3.064143724591471551e-01
1.160098859939462601e+00 2.681524016121534792e-01
1.166804243716473621e+00 2.492968029394924401e-01
1.173548384683194445e+00 2.525935859618197998e-01
1.180331506856595603e+00 2.765875942291938783e-01
1.187153835548465874e+00 3.106119666171526239e-01
1.194015597372901416e+00 3.255207123757598020e-01
1.200917020253827294e+00 3.193079015534020515e-01
1.207858333432573428e+00 3.046077496501621296e-01
1.214839767475487387e+00 2.883524305444071789e-01
1.221861554281590267e+00 2.713084552183597786e-01
1.228923927090283863e+00 2.814495455292935211e-01
1.236027120489096909e+00 3.040083994972405668e-01
1.243171370421473965e+00 3.123064345107518514e-01
1.250356914194617142e+00 3.205987546241161334e-01
1.257583990487367132e+00 3.250985241273967596e-01
1.264852839358128644e+00 3.413652730334458263e-01
1.272163702252848472e+00 3.700112100205155685e-01
1.279516822013033517e+00 3.980592255797006929e-01
1.286912442883815677e+00 4.325257883665372116e-01
1.294350810522067352e+00 4.651185782676608982e-01
1.301832172004561583e+00 4.886911126491902957e-01
1.309356775836174380e+00 4.883317883024447803e-01
1.316924871958146337e+00 4.589814898722514580e-01
1.324536711756377994e+00 4.081503105143478027e-01
1.332192548069784932e+00 3.846520698347299372e-01
1.339892635198694837e+00 3.828390177630794922e-01
1.347637228913291185e+00 3.730022458849759914e-01
1.355426586462114891e+00 3.782792418082549513e-01
1.363260966580605249e+00 3.930136831123771102e-01
1.371140629499693731e+00 3.973284327233971847e-01
1.379065836954451285e+00 3.925914948640140678e-01
1.387036852192779834e+00 3.800915795173869793e-01
1.395053939984155722e+00 3.733501404314274463e-01
1.403117366628427343e+00 4.020975168961072876e-01
1.411227399964658957e+00 4.635684116027745660e-01
1.419384309380025577e+00 5.016025008064047830e-01
1.427588365818764915e+00 5.133530498712504109e-01
1.435839841791175742e+00 4.873523972897446654e-01
1.444139011382666204e+00 4.381899687747785044e-01
1.452486150262864761e+00 3.929551053858699183e-01
1.460881535694769973e+00 3.439155472240652545e-01
1.469325446543965796e+00 3.188585675293405530e-01
1.477818163287882181e+00 3.161904235231882687e-01
1.486359968025109168e+00 3.180906278220811956e-01
1.494951144484772509e+00 3.214081273574415643e-01
1.503591978035954568e+00 3.214338444081033530e-01
1.512282755697172298e+00 3.115806421920769842e-01
1.521023766145914724e+00 3.276045078418765577e-01
1.529815299728230382e+00 3.430604552895634707e-01
1.538657648468367833e+00 3.170948064714583792e-01
1.547551106078482119e+00 2.956603591074426496e-01
1.556495967968387184e+00 2.964282988147020070e-01
1.565492531255366693e+00 2.919299580364581592e-01
1.574541094774047689e+00 2.930322194023197158e-01
1.583641959086324214e+00 3.290453770414506485e-01
1.592795426491339539e+00 3.660072081049912662e-01
1.602001801035530804e+00 3.763233172329283338e-01
1.611261388522727822e+00 3.794115063998884652e-01
1.620574496524306296e+00 3.700947904351661322e-01
1.629941434389411858e+00 3.922143114543090170e-01
1.639362513255227638e+00 4.188614621149494011e-01
1.648838046057315765e+00 4.128022392340434665e-01
1.658368347540009280e+00 3.894132960197379534e-01
1.667953734266863997e+00 3.905862792749192347e-01
1.677594524631179640e+00 4.074195176580442390e-01
1.687291038866571835e+00 3.914506579221599947e-01
1.697043599057607821e+00 3.680674296080014285e-01
1.706852529150509445e+00 3.771819809800220358e-01
1.716718154963911225e+00 3.490225248679695302e-01
1.726640804199680579e+00 2.971205160950129986e-01
1.736620806453807120e+00 2.841684092742508549e-01
1.746658493227349673e+00 2.961918448211179333e-01
1.756754197937443251e+00 3.031625942754777592e-01
1.766908255928380411e+00 3.109827207641923108e-01
1.777121004482747679e+00 3.250406607634079292e-01
1.787392782832625482e+00 3.409030804840534334e-01
1.797723932170862682e+00 3.490132381552305540e-01
1.808114795662403074e+00 3.536415929118197354e-01
1.818565718455690483e+00 3.422167931553556919e-01
1.829077047694130043e+00 3.393114807931010279e-01
1.839649132527616748e+00 3.147902729871618899e-01
1.850282324124138622e+00 2.862329169523713523e-01
1.860976975681438272e+00 2.797300749475509773e-01
1.871733442438742401e+00 3.034754850585285046e-01
1.882552081688566581e+00 3.182027827374669937e-01
1.893433252788581767e+00 3.468272888489853378e-01
1.904377317173546302e+00 3.462579419218358434e-01
1.915384638367318981e+00 3.316520858710221287e-01
1.926455581994929611e+00 3.433776322477244958e-01
1.937590515794722412e+00 2.964068679391506089e-01
1.948789809630575354e+00 2.517542100027223562e-01
1.960053835504184105e+00 2.651713668229504495e-01
1.971382967567415045e+00 2.826703910732062952e-01
1.982777582134739092e+00 2.975384181682657614e-01
1.994238057695728816e+00 3.083310070959627835e-01
2.005764774927627947e+00 3.373748440057706688e-01
2.017358116708002580e+00 3.897904794294430042e-01
2.029018468127450348e+00 4.321593203946078043e-01
2.040746216502401289e+00 4.407845334415375627e-01
2.052541751387976898e+00 4.500326706044953107e-01
2.064405464590929995e+00 4.414067431950471909e-01
2.076337750182662312e+00 4.596001278131692236e-01
2.088339004512313135e+00 4.793565376215084828e-01
2.100409626219920778e+00 4.628254745836585249e-01
2.112550016249669760e+00 4.878410212523171530e-01
2.124760577863207711e+00 4.429454800596394626e-01
2.137041716653034662e+00 3.881081556986562542e-01
2.149393840555982482e+00 3.554317853828820040e-01
2.161817359866763155e+00 3.258328887962921860e-01
2.174312687251592546e+00 3.078938172347137625e-01
2.186880237761905654e+00 2.816095627334108675e-01
2.199520428848138476e+00 2.785006570534176440e-01
2.212233680373592026e+00 2.782106258709550195e-01
2.225020414628386511e+00 2.563589907962049441e-01
2.237881056343477670e+00 2.477444931870509404e-01
2.250816032704775704e+00 2.481223909592743804e-01
2.263825773367328598e+00 2.503840626924679902e-01
2.276910710469592924e+00 2.693182412421509242e-01
2.290071278647793029e+00 3.023332193916376531e-01
2.303307915050354371e+00 3.228761423327141111e-01
2.316621059352423018e+00 2.939037416747443121e-01
2.330011153770474852e+00 3.126443279819460241e-01
2.343478643077001600e+00 3.822082356593493047e-01
2.357023974615280792e+00 4.147438765590025223e-01
2.370647598314243876e+00 3.956668255056434158e-01
2.384349966703414481e+00 3.812538473347925061e-01
2.398131534927939956e+00 3.719364170075518672e-01
2.411992760763713051e+00 4.003623303389603483e-01
2.425934104632577970e+00 4.717678645887493083e-01
2.439956029617617261e+00 4.545010081569671456e-01
2.454059001478542612e+00 4.283317660211236055e-01
2.468243488667162033e+00 4.188714631902067387e-01
2.482509962342935861e+00 3.557446761659328049e-01
2.496858896388636673e+00 3.019624652445980217e-01
2.511290767426078485e+00 2.768197620476676168e-01
2.525806054831960523e+00 2.836647836987923887e-01
2.540405240753779381e+00 2.919471027368993332e-01
2.555088810125852206e+00 2.872294526655125302e-01
2.569857250685421590e+00 2.915306293886832933e-01
2.584711052988855506e+00 3.067651244556720558e-01
2.599650710427946265e+00 2.913020333828014730e-01
2.614676719246288084e+00 2.722299828670710076e-01
2.629789578555775442e+00 2.668658347165496769e-01
2.644989790353173831e+00 2.712984541431024410e-01
2.660277859536794409e+00 2.913270360709447893e-01
2.675654293923265481e+00 2.790128549790966694e-01
2.691119604264405218e+00 2.340365908218419166e-01
2.706674304264172548e+00 2.229746872247153344e-01
2.722318910595750374e+00 2.183941947568576736e-01
2.738053942918694972e+00 2.176519721002600494e-01
2.753879923896200843e+00 2.118184877751624895e-01
2.769797379212459720e+00 2.068622406226365562e-01
2.785806837590128815e+00 1.995743142101157053e-01
2.801908830807877226e+00 2.025717793372415199e-01
2.818103893718070019e+00 2.117784834741331945e-01
2.834392564264522019e+00 2.110598347806420805e-01
2.850775383500368410e+00 2.120935173447390798e-01
2.867252895606037466e+00 2.201993888408059763e-01
2.883825647907329426e+00 2.442519748346872743e-01
2.900494190893583735e+00 2.612309431715619246e-01
2.917259078235983960e+00 2.588571165229825999e-01
2.934120866805935979e+00 2.715220496113556758e-01
2.951080116693567401e+00 2.808059049002324392e-01
2.968137391226336685e+00 2.863172117295402219e-01
2.985293256987731514e+00 2.675409072964194945e-01
3.002548283836107057e+00 2.607101728956623399e-01
3.019903044923603730e+00 2.690539271103500329e-01
3.037358116715186629e+00 2.761725496060146168e-01
3.054914079007794214e+00 2.664250730427087377e-01
3.072571514949601568e+00 2.427003794447641916e-01
3.090331011059376021e+00 2.427225246828339789e-01
3.108193157245980220e+00 2.511834343505360834e-01
3.126158546827951579e+00 2.291382070333048415e-01
3.144227776553216724e+00 2.076380383175981115e-01
3.162401446618910317e+00 2.089324632009040839e-01
3.180680160691316427e+00 2.096411108191378325e-01
3.199064525925907621e+00 2.176348273998189031e-01
3.217555152987530587e+00 2.380620236129177003e-01
3.236152656070678812e+00 2.315598959706157145e-01
3.254857652919894928e+00 2.085202760277983514e-01
3.273670764850296955e+00 1.747659326717875272e-01
3.292592616768199143e+00 1.781177216080302161e-01
3.311623837191892683e+00 1.956524639842051605e-01
3.330765058272506351e+00 2.077730528335720861e-01
3.350016915815009710e+00 1.982827467768832064e-01
3.369380049299332214e+00 1.838390510177419779e-01
3.388855101901607103e+00 1.871286904148855290e-01
3.408442720515521884e+00 1.946837884092808002e-01
3.428143555773827789e+00 2.083331130479826043e-01
3.447958262069935831e+00 2.371426390517616112e-01
3.467887497579658529e+00 2.378398568697012716e-01
3.487931924283071528e+00 2.219452908357286147e-01
3.508092207986506228e+00 2.228911068100647985e-01
3.528369018344649444e+00 2.196100397631418066e-01
3.548763028882812254e+00 2.279202189394655687e-01
3.569274917019284565e+00 2.726728876284670866e-01
3.589905364087840223e+00 2.872487404535087885e-01
3.610655055360374899e+00 2.932651015833118713e-01
3.631524680069651456e+00 2.971676640212261855e-01
3.652514931432215839e+00 2.819560285548254885e-01
3.673626506671410219e+00 2.776269916934379078e-01
3.694860107040534913e+00 2.896332825398639232e-01
3.716216437846141751e+00 2.925364518145634474e-01
3.737696208471465109e+00 2.775977028301843119e-01
3.759300132399972405e+00 2.602679824967846223e-01
3.781028927239082016e+00 2.183441893805710410e-01
3.802883314743989107e+00 2.087060102825773755e-01
3.824864020841640233e+00 2.390814189266470824e-01
3.846971775654848713e+00 2.331536387491232598e-01
3.869207313526548564e+00 2.187185153402025628e-01
3.891571373044171445e+00 2.147023692618657553e-01
3.914064697064205678e+00 2.202708250926440348e-01
3.936688032736852527e+00 2.415188238393623510e-01
3.959442131530850340e+00 2.483302704521231918e-01
3.982327749258438132e+00 2.548981194461162336e-01
4.005345646100446189e+00 2.720135310240016646e-01
4.028496586631570509e+00 2.352652943534568886e-01
4.051781339845751617e+00 2.149938291693651304e-01
4.075200679181723906e+00 2.196571876893549657e-01
4.098755382548707082e+00 2.019138514578128207e-01
4.122446232352245943e+00 2.042891068314289238e-01
4.146274015520188705e+00 2.192571446790616829e-01
4.170239523528843861e+00 2.155674622716249045e-01
4.194343552429258715e+00 2.279802253910095666e-01
4.218586902873665778e+00 2.360189468103486288e-01
4.242970380142073950e+00 2.472044351231550974e-01
4.267494794169023997e+00 2.660657486959631668e-01
4.292160959570472833e+00 2.372426498043349319e-01
4.316969695670882068e+00 2.459928762919812439e-01
4.341921826530410478e+00 2.617931464735276381e-01
4.367018180972294772e+00 2.783949314006972653e-01
4.392259592610382235e+00 2.952138825334546524e-01
4.417646899876805477e+00 3.230768782003791140e-01
4.443180946049855251e+00 3.114763452643933839e-01
4.468862579281975833e+00 2.919821065002999871e-01
4.494692652627942486e+00 2.554681807357840895e-01
4.520672024073195239e+00 2.343351943545250726e-01
4.546801556562344082e+00 2.520320970223725032e-01
4.573082118027814502e+00 2.664236443176719593e-01
4.599514581418703507e+00 2.854628341575568551e-01
4.626099824729760002e+00 2.898547349205619628e-01
4.652838731030551678e+00 2.754846185008139048e-01
4.679732188494796219e+00 2.802672755613733191e-01
4.706781090429870140e+00 2.927629047328901279e-01
4.733986335306464177e+00 2.968826333763922021e-01
4.761348826788450062e+00 2.955403462043547091e-01
4.788869473762884077e+00 2.838040843898766430e-01
4.816549190370198019e+00 2.541116063133789793e-01
4.844388896034566017e+00 2.542059021658052420e-01
4.872389515494448098e+00 2.517877850410862317e-01
4.900551978833287414e+00 2.411344968044734638e-01
4.928877221510434836e+00 2.603301320358837878e-01
4.957366184392200559e+00 2.885810265502889993e-01
4.986019813783113541e+00 3.115406378910477447e-01
5.014839061457356806e+00 3.056185726136709246e-01
5.043824884690362609e+00 3.080224024880222622e-01
5.072978246290641202e+00 2.877559378415591729e-01
5.102300114631742822e+00 2.655621231205047006e-01
5.131791463684423960e+00 2.942259191705340338e-01
5.161453273049005475e+00 3.108569929609573124e-01
5.191286527987911903e+00 2.937637266211416964e-01
5.221292219458380401e+00 3.167504837375987869e-01
5.251471344145405951e+00 3.599079809230560367e-01
5.281824904494829553e+00 3.589050159472494395e-01
5.312353908746639597e+00 3.908384492439075930e-01
5.343059370968462396e+00 4.266130098018993677e-01
5.373942311089249912e+00 4.406059428119423194e-01
5.405003754933139781e+00 5.123507992579621195e-01
5.436244734253559585e+00 5.746132076349953488e-01
5.467666286767478567e+00 5.843785432612607078e-01
5.499269456189878724e+00 5.953647244314390630e-01
5.531055292268432844e+00 6.608160470905239947e-01
5.563024850818350409e+00 7.936067525447744186e-01
5.595179193757479297e+00 9.299214083021974941e-01
5.627519389141558470e+00 9.609318852251076404e-01
5.660046511199702479e+00 8.867739121919976375e-01
5.692761640370078702e+00 8.581994114567658150e-01
5.725665863335805739e+00 1.039347458867767360e+00
5.758760273061025892e+00 1.186699015534173451e+00
5.792045968827241431e+00 1.199043199851793640e+00
5.825524056269808071e+00 1.155824267489755641e+00
5.859195647414667363e+00 1.183963007088774999e+00
5.893061860715279821e+00 1.120877653090567305e+00
5.927123821089786304e+00 1.038683101725673241e+00
5.961382659958350594e+00 9.803554020998813678e-01
5.995839515280771082e+00 8.275532594182297697e-01
6.030495531594262104e+00 7.874775221370673428e-01
6.065351860051475086e+00 8.252244376083084365e-01
6.100409658458743500e+00 7.557598263209600598e-01
6.135670091314512575e+00 6.573921075399249414e-01
6.171134329848062094e+00 6.327194548800890717e-01
6.206803552058381079e+00 5.957183338780374093e-01
6.242678942753306259e+00 5.269530834961839716e-01
6.278761693588877257e+00 4.650135669774589364e-01
6.315053003108923591e+00 4.589186259706339865e-01
6.351554076784851510e+00 4.739302399318879866e-01
6.388266127055725718e+00 4.560754631474783771e-01
6.425190373368511843e+00 4.145681433794808357e-01
6.462328042218596025e+00 3.824139720646429486e-01
6.499680367190518560e+00 3.455192910778301374e-01
6.537248588998957999e+00 3.362932991529422044e-01
6.575033955529916874e+00 3.824261162274554260e-01
6.613037721882214726e+00 3.895518823483038462e-01
6.651261150409145451e+00 3.700033520328134262e-01
6.689705510760421525e+00 3.860407905704622555e-01
6.728372079924347382e+00 3.992314944723635572e-01
6.767262142270216607e+00 4.165597860807264130e-01
6.806376989591010229e+00 4.117235518312885034e-01
6.845717921146279750e+00 4.080217252610392475e-01
6.885286243705309062e+00 4.312285060331576547e-01
6.925083271590525058e+00 4.257943503558349607e-01
6.965110326721157818e+00 4.039312854807907693e-01
7.005368738657123728e+00 3.776956076307377841e-01
7.045859844643230119e+00 3.435862261030916964e-01
7.086584989653569089e+00 3.357853874023734586e-01
7.127545526436194656e+00 3.363497337918942565e-01
7.168742815558059256e+00 3.522392992882382168e-01
7.210178225450215805e+00 3.560632818491306084e-01
7.251853132453240036e+00 3.266515482423566485e-01
7.293768920862992111e+00 3.081788478795476904e-01
7.335926982976571864e+00 3.081124121653382453e-01
7.378328719138569802e+00 3.213245469427910006e-01
7.420975537787583676e+00 3.387007008398854602e-01
7.463868855503007715e+00 3.338930410911827296e-01
7.507010097052058128e+00 3.343180867896192732e-01
7.550400695437144982e+00 3.414324231101735774e-01
7.594042091943437711e+00 3.333922729657977646e-01
7.637935736186750368e+00 3.145038136172912391e-01
7.682083086161699548e+00 3.183949462549113818e-01
7.726485608290103890e+00 3.307369874849763192e-01
7.771144777469737974e+00 3.201987116138229061e-01
7.816062077123293150e+00 2.972633885986891711e-01
7.861238999247660786e+00 2.901790555039068797e-01
7.906677044463489068e+00 3.021089095608661124e-01
7.952377722065040011e+00 4.219617954447220654e-01
7.998342550070284496e+00 3.141709206837257629e-01
