2.511886431509579437e-02 5.671416651715206481e-01
2.526405161860213050e-02 5.672728170285806781e-01
2.541007810627042562e-02 5.673573013536807874e-01
2.555694862859406516e-02 5.673050015333807039e-01
2.570466806410236227e-02 5.664553306066599792e-01
2.585324131952258450e-02 5.650263385935389016e-01
2.600267332994290678e-02 5.633133183255575327e-01
2.615296905897638788e-02 5.614707554257559741e-01
2.630413349892583852e-02 5.596153187240344717e-01
2.645617167094958117e-02 5.578154002930929556e-01
2.660908862522835469e-02 5.561136446017916901e-01
2.676288944113292337e-02 5.543523475766102271e-01
2.691757922739292791e-02 5.522708147286684577e-01
2.707316312226650673e-02 5.500122671043267131e-01
2.722964629371095457e-02 5.478301576788848770e-01
2.738703393955444973e-02 5.458089707774432808e-01
2.754533128766867636e-02 5.440219261484218194e-01
2.770454359614242176e-02 5.424963806209005535e-01
2.786467615345633933e-02 5.412460126094196244e-01
2.802573427865854422e-02 5.403384095740588755e-01
2.818772332154127064e-02 5.398677111913584570e-01
2.835064866281864979e-02 5.398685158039784326e-01
2.851451571430539678e-02 5.403561110516987842e-01
2.867932991909653145e-02 5.413401522859596637e-01
2.884509675174826843e-02 5.428222487320008005e-01
2.901182171845980567e-02 5.448072280655423816e-01
2.917951035725619563e-02 5.474181960174445694e-01
2.934816823817239240e-02 5.509898714376274542e-01
2.951780096343814899e-02 5.556003017502312291e-01
2.968841416766421215e-02 5.611617841796757711e-01
2.986001351802944001e-02 5.677491476996211484e-01
3.003260471446899879e-02 5.754283705449073638e-01
3.020619348986378766e-02 5.843201446085345419e-01
3.038078561023081769e-02 5.937300891994421459e-01
3.055638687491469066e-02 5.996697395602870184e-01
3.073300311678033025e-02 6.006280331907077885e-01
3.091064020240668481e-02 5.988844376431663452e-01
3.108930403228154019e-02 5.955589736847036741e-01
3.126900054099761295e-02 5.918408587676806665e-01
3.144973569744963920e-02 5.883383800328177982e-01
3.163151550503255638e-02 5.856590200082155695e-01
3.181434600184106232e-02 5.842469248601144249e-01
3.199823326087009728e-02 5.839258844247341429e-01
3.218318339021652985e-02 5.844150888976945568e-01
3.236920253328214730e-02 5.856228124403155544e-01
3.255629686897762443e-02 5.874661799527370887e-01
3.274447261192782455e-02 5.899113977049190716e-01
3.293373601267822470e-02 5.934597393591219960e-01
3.312409335790250653e-02 5.982520121238458222e-01
3.331555097061136145e-02 6.039044157793505008e-01
3.350811521036261426e-02 6.102978676578756367e-01
3.370179247347232510e-02 6.173309865693012988e-01
3.389658919322740410e-02 6.249595188195276041e-01
3.409251184009919750e-02 6.334336989333744228e-01
3.428956692195841288e-02 6.430190490754422727e-01
3.448776098429136294e-02 6.535972911905907345e-01
3.468710061041735404e-02 6.650179627188800291e-01
3.488759242170727526e-02 6.772408330293100409e-01
3.508924307780367929e-02 6.902337176170805222e-01
3.529205927684192501e-02 7.040666177801317982e-01
3.549604775567258980e-02 7.188827545648237560e-01
3.570121529008542238e-02 7.347593707826767240e-01
3.590756869503420462e-02 7.517479616413705878e-01
3.611511482486330638e-02 7.699289884029052455e-01
3.632386057353523962e-02 7.893644062390210436e-01
3.653381287485973905e-02 8.097701868948575799e-01
3.674497870272393912e-02 8.308671297912747500e-01
3.695736507132423021e-02 8.529778845888927874e-01
3.717097903539903075e-02 8.765047575977117367e-01
3.738582769046329413e-02 9.017454554871323635e-01
3.760191817304411876e-02 9.289494081693543404e-01
3.781925766091774610e-02 9.542786134469749548e-01
3.803785337334809891e-02 9.753836024695922147e-01
3.825771257132654091e-02 9.945333828256076592e-01
3.847884255781295476e-02 1.012556705513622424e+00
3.870125067797849233e-02 1.030523705318237004e+00
3.892494431944945599e-02 1.047195278804650576e+00
3.914993091255265789e-02 1.059546082521660493e+00
3.937621793056233360e-02 1.068895681166067924e+00
3.960381288994833243e-02 1.078374017829675680e+00
3.983272335062570252e-02 1.089590317752484827e+00
4.006295691620595512e-02 1.103582531214296170e+00
4.029452123424955012e-02 1.115386198349705760e+00
4.052742399651988042e-02 1.122257590124511539e+00
4.076167293923887297e-02 1.127559987290315702e+00
4.099727584334383890e-02 1.132057771836119331e+00
4.123424053474603751e-02 1.137311892244723621e+00
4.147257488459059338e-02 1.137496953147323797e+00
4.171228680951784978e-02 1.132524447155719649e+00
4.195338427192649156e-02 1.130158886052917699e+00
4.219587528023795858e-02 1.135219899432721835e+00
4.243976788916238585e-02 1.150861568765534582e+00
4.268507019996626434e-02 1.168651553793748965e+00
4.293179036074151744e-02 1.176440203955355424e+00
4.317993656667604152e-02 1.176070082150155072e+00
4.342951706032609216e-02 1.169110182987149305e+00
4.368054013188996804e-02 1.158803095324941079e+00
4.393301411948334623e-02 1.137142923594523403e+00
4.418694740941636612e-02 1.104886003658697158e+00
4.444234843647213579e-02 1.072033670384070714e+00
4.469922568418681352e-02 1.042681402006446767e+00
4.495758768513159753e-02 1.019661434948228029e+00
4.521744302119593689e-02 1.002080649201213758e+00
4.547880032387276866e-02 9.860849503156008389e-01
4.574166827454511502e-02 9.707812182831884185e-01
4.600605560477452616e-02 9.558315158035762815e-01
4.627197109659098723e-02 9.393771877245628010e-01
4.653942358278480296e-02 9.190204884385464457e-01
4.680842194719982141e-02 8.970223794077285540e-01
4.707897512502866311e-02 8.760863590353114017e-01
4.735109210310945588e-02 8.576124532800963873e-01
4.762478192022426976e-02 8.435800091872850404e-01
4.790005366739954334e-02 8.334821208062769271e-01
4.817691648820784933e-02 8.262084227214709919e-01
4.845537957907175564e-02 8.216864997970672047e-01
4.873545218956924774e-02 8.180416046284643139e-01
4.901714362274099679e-02 8.125461004338597748e-01
4.930046323539925834e-02 8.054333248730540795e-01
4.958542043843887359e-02 7.978764031460080508e-01
4.987202469714965836e-02 7.905656928806820138e-01
5.016028553153097091e-02 7.833853298597961423e-01
5.045021251660784106e-02 7.765750886441107337e-01
5.074181528274907677e-02 7.706821058152258930e-01
5.103510351598705003e-02 7.656597138411816994e-01
5.133008695833959217e-02 7.605214576498575685e-01
5.162677540813340182e-02 7.550742302124532346e-01
5.192517872032970105e-02 7.501459779149491913e-01
5.222530680685147364e-02 7.459676245792858928e-01
5.252716963691266006e-02 7.416645562875223696e-01
5.283077723734942721e-02 7.367306717016782747e-01
5.313613969295318679e-02 7.318772483778342997e-01
5.344326714680543849e-02 7.273086579214705916e-01
5.375216980061491706e-02 7.229886927646871353e-01
5.406285791505632127e-02 7.192729916855241656e-01
5.437534181011107609e-02 7.168052447799820870e-01
5.468963186541032917e-02 7.159612061416015250e-01
5.500573852057948770e-02 7.172019188016424129e-01
5.532367227558519784e-02 7.208540554838254177e-01
5.564344369108398941e-02 7.271453215596105357e-01
5.596506338877313413e-02 7.351150095607169588e-01
5.628854205174332881e-02 7.424458351415429425e-01
5.661389042483377931e-02 7.489865311295282879e-01
5.694111931498885282e-02 7.557734385792338472e-01
5.727023959161724881e-02 7.610114667354379581e-01
5.760126218695296035e-02 7.632096684132797515e-01
5.793419809641841417e-02 7.640231317721004611e-01
5.826905837898961604e-02 7.654883313531216649e-01
5.860585415756369709e-02 7.695025437143049318e-01
5.894459661932811845e-02 7.767271604292907972e-01
5.928529701613251268e-02 7.874421866898394518e-01
5.962796666486229469e-02 7.992514861135890936e-01
5.997261694781454155e-02 8.050471108154537703e-01
6.031925931307623168e-02 8.044774450804933474e-01
6.066790527490428103e-02 8.032753538262124016e-01
6.101856641410823012e-02 8.066643821816550375e-01
6.137125437843479747e-02 8.141070489166611912e-01
6.172598088295483398e-02 8.240601070260692440e-01
6.208275771045231733e-02 8.360086044330788946e-01
6.244159671181598315e-02 8.493008049154897598e-01
6.280250980643269088e-02 8.637114169397014374e-01
6.316550898258359303e-02 8.791599792437140293e-01
6.353060629784218483e-02 8.949142943433266995e-01
6.389781387947492119e-02 9.108536703455396566e-01
6.426714392484385308e-02 9.275332899581532065e-01
6.463860870181208085e-02 9.443899243471669536e-01
6.501222054915094251e-02 9.613913890077806501e-01
6.538799187695008841e-02 9.792216046669952600e-01
6.576593516702965159e-02 9.980012632178104637e-01
6.614606297335466623e-02 1.017971748446226732e+00
6.652838792245242827e-02 1.039752612069644311e+00
6.691292271383147972e-02 1.064043867067464122e+00
6.729968012040381253e-02 1.091714495069286528e+00
6.768867298890894613e-02 1.123665662209512472e+00
6.807991424034069705e-02 1.160742211739142604e+00
6.847341687037629410e-02 1.204617737907778263e+00
6.886919394980822728e-02 1.256748589557620699e+00
6.926725862497820629e-02 1.317223274076869677e+00
6.966762411821400547e-02 1.383330246936123276e+00
7.007030372826857090e-02 1.453838450826780537e+00
7.047531083076181979e-02 1.527146706635040152e+00
7.088265887862478520e-02 1.584129372383486389e+00
7.129236140254673060e-02 1.617866779540113820e+00
7.170443201142430445e-02 1.637370589448929659e+00
7.211888439281383123e-02 1.641755728227933142e+00
7.253573231338585059e-02 1.638907399553130917e+00
7.295498961938230720e-02 1.639889026949531869e+00
7.337667023707672431e-02 1.654412284740543360e+00
7.380078817323644513e-02 1.686274944492569317e+00
7.422735751558823258e-02 1.738759825695211925e+00
7.465639243328600627e-02 1.819575117248077634e+00
7.508790717738160481e-02 1.931376040797168292e+00
7.552191608129793510e-02 2.059486462153672370e+00
7.595843356130543844e-02 2.178561083787569075e+00
7.639747411700059665e-02 2.284045798269655148e+00
7.683905233178781047e-02 2.329466180668691599e+00
7.728318287336367887e-02 2.287714831816857863e+00
7.772988049420428980e-02 2.198064893696384914e+00
7.817916003205507836e-02 2.074870655448084911e+00
7.863103641042397396e-02 1.933162280813570000e+00
7.908552463907676799e-02 1.794382696115857323e+00
7.954263981453599253e-02 1.669651647763356062e+00
8.000239712058217212e-02 1.561350789111268123e+00
8.046481182875830918e-02 1.472167526310395713e+00
8.092989929887701994e-02 1.401305292866938057e+00
8.139767497953076525e-02 1.344829533069092031e+00
8.186815440860513438e-02 1.303054045838658359e+00
8.234135321379483508e-02 1.273870746111234631e+00
8.281728711312283386e-02 1.256394560004820304e+00
8.329597191546232737e-02 1.251599068789616576e+00
8.377742352106211376e-02 1.258727936602822339e+00
8.426165792207447602e-02 1.282970914843441834e+00
8.474869120308657633e-02 1.330080983744480028e+00
8.523853954165466762e-02 1.408876697621144203e+00
8.573121920884146929e-02 1.543166543899253007e+00
8.622674656975649887e-02 1.753073884205023747e+00
8.672513808409994251e-02 1.941039438363376224e+00
8.722641030670905127e-02 1.901235252051943991e+00
8.773057988810836760e-02 1.759011925340628446e+00
8.823766357506258873e-02 1.646792603229137342e+00
8.874767821113291322e-02 1.572036044704876678e+00
8.926064073723644077e-02 1.530992754958643287e+00
8.977656819220893036e-02 1.513532661104629140e+00
9.029547771337091688e-02 1.515503962023630802e+00
9.081738653709675591e-02 1.536110091221847496e+00
9.134231199938727674e-02 1.577829255568881317e+00
9.187027153644546085e-02 1.650670836057540614e+00
9.240128268525588107e-02 1.759374001019628819e+00
9.293536308416693037e-02 1.906585925974948248e+00
9.347253047347692245e-02 2.096217028256702086e+00
9.401280269602330097e-02 2.211115710392795641e+00
9.455619769777530437e-02 2.118794458373920886e+00
9.510273352842993355e-02 1.993596734701819084e+00
9.565242834201181932e-02 1.909072178970750544e+00
9.620530039747586526e-02 1.862839137825512914e+00
9.676136805931405405e-02 1.849530845090701980e+00
9.732064979816532069e-02 1.862123032593712368e+00
9.788316419142908953e-02 1.898692676172741844e+00
9.844892992388228070e-02 1.958950115284590732e+00
9.901796578830000806e-02 2.048937990705463896e+00
9.959029068607995472e-02 2.177265657469368065e+00
1.001659236278700377e-01 2.370622116181725136e+00
1.007448837341998471e-01 2.666301161779565554e+00
1.013271902361159299e-01 2.991952027472430053e+00
1.019128624758204177e-01 3.219617168301614374e+00
1.025019199073136378e-01 3.336422782347109539e+00
1.030943820970401520e-01 3.416143800736774150e+00
1.036902687245389171e-01 3.440853454296994407e+00
1.042895995830967204e-01 3.200660494974399306e+00
1.048923945804057928e-01 2.921017378893172367e+00
1.054986737392250712e-01 2.734065636636020535e+00
1.061084571980452224e-01 2.631791326507737061e+00
1.067217652117575799e-01 2.588084768989301843e+00
1.073386181523270227e-01 2.567148748616884912e+00
1.079590365094685589e-01 2.540612624409263276e+00
1.085830408913279893e-01 2.488256481225820771e+00
1.092106520251663743e-01 2.400296229607349563e+00
1.098418907580486492e-01 2.290337868958059797e+00
1.104767780575359459e-01 2.169388499919561841e+00
1.111153350123821049e-01 2.053331175610667803e+00
1.117575828332342536e-01 1.948522335729382382e+00
1.124035428533372433e-01 1.859314934549910037e+00
1.130532365292423180e-01 1.787197505419251486e+00
1.137066854415197809e-01 1.732556262395007263e+00
1.143639112954759340e-01 1.698328041540179134e+00
1.150249359218739331e-01 1.690652037145373043e+00
1.156897812776589568e-01 1.724767612233400582e+00
1.163584694466876512e-01 1.821707340691079313e+00
1.170310226404614878e-01 1.984416104707611650e+00
1.177074631988646730e-01 2.206352403682391827e+00
1.183878135909062629e-01 2.323737338814286790e+00
1.190720964154663303e-01 2.153416939412549080e+00
1.197603344020467531e-01 1.876670428763324017e+00
1.204525504115261381e-01 1.610094221630907541e+00
1.211487674369193246e-01 1.393468365948131726e+00
1.218490086041408849e-01 1.227171029646396461e+00
1.225532971727734816e-01 1.096574355294090530e+00
1.232616565368404721e-01 9.937207240794070362e-01
1.239741102255828148e-01 9.107732090835396477e-01
1.246906819042407494e-01 8.424213670144842236e-01
1.254113953748399735e-01 7.858482490896182560e-01
1.261362745769819826e-01 7.384211628162997698e-01
1.268653435886395453e-01 6.991399747078677063e-01
1.275986266269562852e-01 6.671413354230618653e-01
1.283361480490512463e-01 6.423673128532416676e-01
1.290779323528278288e-01 6.257705683404881647e-01
1.298240041777875831e-01 6.187672200960024904e-01
1.305743883058487209e-01 6.244646820582271385e-01
1.313291096621690413e-01 6.452140323028040525e-01
1.320881933159741561e-01 6.779850997028106230e-01
1.328516644813900749e-01 7.063396484316335489e-01
1.336195485182806453e-01 7.017259996685498713e-01
1.343918709330900185e-01 6.719529188906656625e-01
1.351686573796898327e-01 6.395527779084794195e-01
1.359499336602315311e-01 6.158609593125601300e-01
1.367357257260030934e-01 6.051378869258113857e-01
1.375260596782912625e-01 6.071920629446730944e-01
1.383209617692485738e-01 6.219414168819050737e-01
1.391204584027652402e-01 6.453492072229640719e-01
1.399245761353461737e-01 6.667913289333615712e-01
1.407333416769932510e-01 6.721556812709058581e-01
1.415467818920924381e-01 6.535956819653507832e-01
1.423649238003061035e-01 6.216734808794448508e-01
1.431877945774705507e-01 5.879384875606774585e-01
1.440154215564987683e-01 5.592484153693141335e-01
1.448478322282882313e-01 5.374305395653764528e-01
1.456850542426340045e-01 5.225299184555843857e-01
1.465271154091474515e-01 5.146036795359578697e-01
1.473740436981796631e-01 5.138996434934572921e-01
1.482258672417506584e-01 5.216834659793436746e-01
1.490826143344838317e-01 5.418011953172200412e-01
1.499443134345459228e-01 5.694219373366024017e-01
1.508109931645919832e-01 5.671223544686405660e-01
1.516826823127164214e-01 5.465113975947037961e-01
1.525594098334091819e-01 5.311682395439113469e-01
1.534412048485173929e-01 5.205030992658027378e-01
1.543280966482127869e-01 5.128987053941765906e-01
1.552201146919646169e-01 5.069019275373116695e-01
1.561172886095181789e-01 5.014547000999072246e-01
1.570196482018790252e-01 4.959881619596228086e-01
1.579272234423027277e-01 4.902770215828581302e-01
1.588400444772908315e-01 4.841048381748331297e-01
1.597581416275917487e-01 4.772962061843876724e-01
1.606815453892082024e-01 4.700313588384016916e-01
1.616102864344102497e-01 4.628847895475559082e-01
1.625443956127538836e-01 4.567995043024909996e-01
1.634839039521058524e-01 4.529526513662678888e-01
1.644288426596743347e-01 4.511841128275064228e-01
1.653792431230455828e-01 4.489336113293646013e-01
1.663351369112262834e-01 4.415673827932585782e-01
1.672965557756923849e-01 4.292246252024485842e-01
1.682635316514438095e-01 4.185168404554798216e-01
1.692360966580649384e-01 4.125723624189150396e-01
1.702142831007917856e-01 4.118755678899944650e-01
1.711981234715850009e-01 4.090932174500321872e-01
1.721876504502090899e-01 3.938345437243398472e-01
1.731828969053178791e-01 3.686549963940393693e-01
1.741838958955464201e-01 3.407960890391367736e-01
1.751906806706090836e-01 3.133427064447144583e-01
1.762032846724038426e-01 2.882943109714741214e-01
1.772217415361232173e-01 2.679697961902576253e-01
1.782460850913716033e-01 2.549567962869870308e-01
1.792763493632887617e-01 2.489061093845821582e-01
1.803125685736800821e-01 2.451839714044591056e-01
1.813547771421535060e-01 2.428916300500772729e-01
1.824030096872625850e-01 2.425649573263569669e-01
1.834573010276564775e-01 2.425866818670970038e-01
1.845176861832364401e-01 2.414964317669961169e-01
1.855842003763193415e-01 2.402935359000951399e-01
1.866568790328071992e-01 2.380269421495532778e-01
1.877357577833641822e-01 2.323938491969287090e-01
1.888208724646001924e-01 2.233443710597813603e-01
1.899122591202609955e-01 2.130380880101929997e-01
1.910099540024255971e-01 2.038188366102255122e-01
1.921139935727104175e-01 1.973867633259403231e-01
1.932244145034804905e-01 1.952022400626385323e-01
1.943412536790674328e-01 1.990120808183416246e-01
1.954645481969946030e-01 2.104601091757109244e-01
1.965943353692096995e-01 2.234723044663614877e-01
1.977306527233236300e-01 2.248240536679625701e-01
1.988735380038573475e-01 2.169943682627362425e-01
2.000230291734956534e-01 2.084904174819493250e-01
2.011791644143479663e-01 2.033923919216251708e-01
2.023419821292166965e-01 2.022932910827042741e-01
2.035115209428728922e-01 2.049380527646464389e-01
2.046878197033392410e-01 2.110523040640313874e-01
2.058709174831803157e-01 2.202224740941788605e-01
2.070608535808005912e-01 2.319239554268483217e-01
2.082576675217497619e-01 2.452370758373791648e-01
2.094613990600355524e-01 2.556978445100076547e-01
2.106720881794442723e-01 2.615497920952724042e-01
2.118897750948690872e-01 2.647642195121749920e-01
2.131145002536455058e-01 2.657675714493158425e-01
2.143463043368951104e-01 2.647070920161549989e-01
2.155852282608767823e-01 2.617823251424525877e-01
2.168313131783459469e-01 2.573159204888289531e-01
2.180846004799212312e-01 2.516506430314043863e-01
2.193451317954595303e-01 2.451187977822390507e-01
2.206129489954388734e-01 2.381395879163533957e-01
2.218880941923488948e-01 2.314106125752879439e-01
2.231706097420899648e-01 2.257911980372033778e-01
2.244605382453801201e-01 2.220071048853403117e-01
2.257579225491697927e-01 2.205716759712591235e-01
2.270628057480653939e-01 2.221277967783403806e-01
2.283752311857605299e-01 2.274446769713047156e-01
2.296952424564759343e-01 2.368884152922523800e-01
2.310228834064072811e-01 2.503383198481832772e-01
2.323581981351817149e-01 2.678153105672174683e-01
2.337012309973229007e-01 2.894674361714350552e-01
2.350520266037238737e-01 3.148159521519356963e-01
2.364106298231291869e-01 3.459794035371809851e-01
2.377770857836252472e-01 3.918133568228981400e-01
2.391514398741393099e-01 4.446233015240210751e-01
2.405337377459470793e-01 4.685371932030605313e-01
2.419240253141889951e-01 4.697706643495215273e-01
2.433223487593957901e-01 4.682620156870203054e-01
2.447287545290218747e-01 4.697054907273014446e-01
2.461432893389885190e-01 4.729319873335041113e-01
2.475660001752356676e-01 4.757441084404063214e-01
2.489969342952823017e-01 4.799136110372497210e-01
2.504361392297964617e-01 4.868147734789953218e-01
2.518836627841739007e-01 4.930658089237803798e-01
2.533395530401260642e-01 4.924583263956799351e-01
2.548038583572773130e-01 4.772680447426876360e-01
2.562766273747711931e-01 4.518535505273469366e-01
2.577579090128856998e-01 4.260447961282059492e-01
2.592477524746588102e-01 4.036749560669478099e-01
2.607462072475227322e-01 3.874161488545946330e-01
2.622533231049470337e-01 3.791793294636479628e-01
2.637691501080930423e-01 3.781840236527070909e-01
2.652937386074759596e-01 3.828958351554309081e-01
2.668271392446371348e-01 3.901373487354368730e-01
2.683694029538270520e-01 3.940686859967600375e-01
2.699205809636965880e-01 3.890470986353359306e-01
2.714807247989985406e-01 3.760340987320653361e-01
2.730498862822996475e-01 3.614408396431135762e-01
2.746281175357012105e-01 3.520904363860858921e-01
2.762154709825712651e-01 3.533745981276070203e-01
2.778119993492854656e-01 3.695223687984001137e-01
2.794177556669779627e-01 3.967021831020221545e-01
2.810327932733039380e-01 4.096998953655127673e-01
2.826571658142107979e-01 3.903714910078570632e-01
2.842909272457196934e-01 3.542604766222277046e-01
2.859341318357184192e-01 3.188679813062589852e-01
2.875868341657639160e-01 2.896090479925551575e-01
2.892490891328946545e-01 2.678474950720174941e-01
2.909209519514548425e-01 2.552625490825872756e-01
2.926024781549284581e-01 2.549350717462470217e-01
2.942937235977828858e-01 2.650434200913152627e-01
2.959947444573255426e-01 2.733043778608619800e-01
2.977055972355692748e-01 2.735473708721021247e-01
2.994263387611086902e-01 2.704262785191196006e-01
3.011570261910088142e-01 2.672343802555769976e-01
3.028977170127025720e-01 2.670581700917968870e-01
3.046484690459013711e-01 2.736833504048822308e-01
3.064093404445150659e-01 2.817013151631887480e-01
3.081803896985833569e-01 2.806078466126079030e-01
3.099616756362194026e-01 2.727226429366014782e-01
3.117532574255635347e-01 2.625016488247331470e-01
3.135551945767480198e-01 2.536790714464260410e-01
3.153675469438748658e-01 2.493188756586424693e-01
3.171903747270033436e-01 2.481135659538814819e-01
3.190237384741493876e-01 2.462291631978399675e-01
3.208676990832974307e-01 2.430646217633773976e-01
3.227223178044230090e-01 2.394503018743344425e-01
3.245876562415266342e-01 2.365963409111921378e-01
3.264637763546810456e-01 2.353314898725511195e-01
3.283507404620888970e-01 2.356565533710313631e-01
3.302486112421523790e-01 2.380205052485933059e-01
3.321574517355558864e-01 2.446094779937786623e-01
3.340773253473591775e-01 2.591528511002904600e-01
3.360082958491044103e-01 2.805153161613078150e-01
3.379504273809338932e-01 2.889701855722746626e-01
3.399037844537201591e-01 2.805177299991677975e-01
3.418684319512097503e-01 2.660998764613760614e-01
3.438444351321779946e-01 2.507269477436436245e-01
3.458318596325960503e-01 2.369141628960923784e-01
3.478307714678123830e-01 2.265032802059039341e-01
3.498412370347446232e-01 2.214897389706798614e-01
3.518633231140849693e-01 2.227409115947808771e-01
3.538970968725191901e-01 2.304555373953471598e-01
3.559426258649572294e-01 2.435417570470377602e-01
3.579999780367765227e-01 2.534755044535658697e-01
3.600692217260801353e-01 2.553848502008274068e-01
3.621504256659661136e-01 2.573263804528889698e-01
3.642436589868098817e-01 2.622353220475129865e-01
3.663489912185618480e-01 2.698815557753791450e-01
3.684664922930561692e-01 2.794274798990669106e-01
3.705962325463332818e-01 2.790219551385865748e-01
3.727382827209774208e-01 2.609407003419318971e-01
3.748927139684648524e-01 2.401808901332950774e-01
3.770595978515288715e-01 2.275597365759648161e-01
3.792390063465359562e-01 2.242141573020020873e-01
3.814310118458763554e-01 2.293129874749462171e-01
3.836356871603694985e-01 2.404142277930952643e-01
3.858531055216822825e-01 2.495506040932026770e-01
3.880833405847607942e-01 2.519885803318046569e-01
3.903264664302779630e-01 2.506054512380235244e-01
3.925825575670940371e-01 2.505483237420034759e-01
3.948516889347303827e-01 2.557911795739277738e-01
3.971339359058604912e-01 2.681806046966977997e-01
3.994293742888124776e-01 2.909455095543762582e-01
4.017380803300868997e-01 3.126957978982339292e-01
4.040601307168905088e-01 2.881052270057739562e-01
4.063956025796829352e-01 2.394985786315345089e-01
4.087445734947380283e-01 2.080470759283289672e-01
4.111071214867221824e-01 1.983273554787210735e-01
4.134833250312844322e-01 1.980175796200208116e-01
4.158732630576643108e-01 2.001031355310625148e-01
4.182770149513134750e-01 2.072577509481083324e-01
4.206946605565314856e-01 2.219749203805402582e-01
4.231262801791195738e-01 2.466403202466602995e-01
4.255719545890473410e-01 2.706990421972998440e-01
4.280317650231349469e-01 2.810238313371482000e-01
4.305057931877529498e-01 2.846534388659711645e-01
4.329941212615355806e-01 2.828245543807096918e-01
4.354968318981098929e-01 2.800695607698274192e-01
4.380140082288422887e-01 2.826274242888094923e-01
4.405457338655994204e-01 2.862666871690724979e-01
4.430920929035247480e-01 2.789141370475065052e-01
4.456531699238333033e-01 2.693489022209387684e-01
4.482290499966203323e-01 2.640754711094544516e-01
4.508198186836865351e-01 2.664337906986763427e-01
4.534255620413813470e-01 2.804010611692677180e-01
4.560463666234608748e-01 3.042433423251270641e-01
4.586823194839622087e-01 3.230495530924023528e-01
4.613335081800964965e-01 3.233392136356026403e-01
4.640000207751556194e-01 3.059418795659484824e-01
4.666819458414390720e-01 2.865466923608327443e-01
4.693793724631949438e-01 2.746754377653430335e-01
4.720923902395786631e-01 2.721682648414210370e-01
4.748210892876304490e-01 2.746408394226830807e-01
4.775655602452679171e-01 2.724265454924412744e-01
4.803258942742961168e-01 2.637166138809341476e-01
4.831021830634371073e-01 2.554266900570674181e-01
4.858945188313745223e-01 2.387494842823138785e-01
4.887029943298164536e-01 2.161221681826555330e-01
4.915277028465775411e-01 1.976756192565205517e-01
4.943687382086768833e-01 1.847422760026300459e-01
4.972261947854541564e-01 1.775224869633641733e-01
5.001001674917054940e-01 1.774782332692641518e-01
5.029907517908354109e-01 1.806435793163466974e-01
5.058980436980275996e-01 1.789361913367052970e-01
5.088221397834349347e-01 1.771467328698238530e-01
5.117631371753864622e-01 1.767186789559835047e-01
5.147211335636141527e-01 1.742895534562015347e-01
5.176962272024980827e-01 1.704459189704584099e-01
5.206885169143288250e-01 1.674809214657560219e-01
5.236981020925914887e-01 1.683338108429567048e-01
5.267250827052667450e-01 1.733739042946408071e-01
5.297695592981502832e-01 1.788726269397252766e-01
5.328316329981945820e-01 1.817475078309876146e-01
5.359114055168668900e-01 1.866323110470115565e-01
5.390089791535270791e-01 1.973537742085202940e-01
5.421244567988269258e-01 2.139481048834137311e-01
5.452579419381275994e-01 2.339370962020899669e-01
5.484095386549359130e-01 2.518526007990245508e-01
5.515793516343632241e-01 2.634253441124939088e-01
5.547674861666017643e-01 2.597868858448509899e-01
5.579740481504216199e-01 2.472148136573407706e-01
5.611991440966896949e-01 2.362205868176518453e-01
5.644428811319066597e-01 2.265081078816239268e-01
5.677053670017649933e-01 2.205089161868990788e-01
5.709867100747291202e-01 2.221712458598203987e-01
5.742870193456336425e-01 2.268750112363442373e-01
5.776064044393048880e-01 2.229790769303010567e-01
5.809449756142023302e-01 2.119945054420521446e-01
5.843028437660793273e-01 2.049662142063464476e-01
5.876801204316687288e-01 2.094374465356900750e-01
5.910769177923870243e-01 2.198845367937785900e-01
5.944933486780595855e-01 2.243436999338221938e-01
5.979295265706701112e-01 2.231021826611611913e-01
6.013855656081297241e-01 2.170804618130763031e-01
6.048615805880666052e-01 2.080591451176289630e-01
6.083576869716416091e-01 2.038695272052855612e-01
6.118740008873820857e-01 2.033457243896651390e-01
6.154106391350390171e-01 2.115197839962517645e-01
6.189677191894675801e-01 2.248811811639826463e-01
6.225453592045292472e-01 2.335637559464096846e-01
6.261436780170150929e-01 2.303895591605071014e-01
6.297627951505950783e-01 2.152210020482547836e-01
6.334028308197864332e-01 1.974744661015203628e-01
6.370639059339481269e-01 1.808077202908268399e-01
6.407461421012968783e-01 1.678977108029163501e-01
6.444496616329448146e-01 1.604349287524103052e-01
6.481745875469649976e-01 1.566210649336071958e-01
6.519210435724759334e-01 1.546811439067856120e-01
6.556891541537508417e-01 1.541002135951451413e-01
6.594790444543533470e-01 1.552669018941461032e-01
6.632908403612935988e-01 1.570314173698075244e-01
6.671246684892090384e-01 1.535377893737646937e-01
6.709806561845721440e-01 1.499500217011817682e-01
6.748589315299192704e-01 1.579036174498882339e-01
6.787596233481042463e-01 1.722780219061998963e-01
6.826828612065795054e-01 1.801237995638262923e-01
6.866287754216984229e-01 1.845869857669698855e-01
6.905974970630435195e-01 1.919266620866158790e-01
6.945891579577818664e-01 2.014597124083836177e-01
6.986038906950429173e-01 2.113387461567516334e-01
7.026418286303216520e-01 2.260052249941235658e-01
7.067031058899108098e-01 2.431104846827174260e-01
7.107878573753529938e-01 2.561170476850280209e-01
7.148962187679240854e-01 2.640835172356544858e-01
7.190283265331394169e-01 2.710168641822001123e-01
7.231843179252852583e-01 2.833073219527100783e-01
7.273643309919801681e-01 3.035401108952465177e-01
7.315685045787596597e-01 3.167952991971372811e-01
7.357969783336865133e-01 3.133869601388145076e-01
7.400498927119919523e-01 3.026341170851257756e-01
7.443273889807401344e-01 2.891311080962747915e-01
7.486296092235191768e-01 2.791305778422866757e-01
7.529566963451627126e-01 2.727033322337214516e-01
7.573087940764960946e-01 2.673421983466571228e-01
7.616860469791092436e-01 2.593314751019306086e-01
7.660886004501606950e-01 2.369865780318924642e-01
7.705166007272060691e-01 2.148870878109545024e-01
7.749701948930545203e-01 2.128860162250128807e-01
7.794495308806568268e-01 2.320438427072284426e-01
7.839547574780165728e-01 2.668771322522967560e-01
7.884860243331343055e-01 3.116465830417530780e-01
7.930434819589780027e-01 3.487706047159632727e-01
7.976272817384808533e-01 3.405949358841366403e-01
8.022375759295721220e-01 2.927108296426577105e-01
8.068745176702336597e-01 2.397818022737747412e-01
8.115382609835852801e-01 2.021862776042442078e-01
8.162289607830032212e-01 1.780760604459246110e-01
8.209467728772645856e-01 1.638834984417330831e-01
8.256918539757219788e-01 1.576026923300079818e-01
8.304643616935105666e-01 1.606063112404704230e-01
8.352644545567829981e-01 1.684231228437767791e-01
8.400922920079733069e-01 1.779078964083444792e-01
8.449480344110958940e-01 1.917327504451956932e-01
8.498318430570707127e-01 2.046564383476462134e-01
8.547438801690798726e-01 2.110434533252114053e-01
8.596843089079587719e-01 2.148750186216545066e-01
8.646532933776126528e-01 2.195103919254782487e-01
8.696509986304700179e-01 2.240065672460419266e-01
8.746775906729644667e-01 2.153722692208148992e-01
8.797332364710471753e-01 2.028605429798047421e-01
8.848181039557355687e-01 1.930804765836967862e-01
8.899323620286901937e-01 1.900495008441543399e-01
8.950761805678236760e-01 1.910761865472751786e-01
9.002497304329459826e-01 1.962482364686393699e-01
9.054531834714387717e-01 1.984408058581411394e-01
9.106867125239620497e-01 1.965258278225395783e-01
9.159504914301977996e-01 1.952706321353386010e-01
9.212446950346235841e-01 1.944402719114979028e-01
9.265694991923183466e-01 1.960680032417592145e-01
9.319250807748065135e-01 2.001498030630225466e-01
9.373116176759319629e-01 2.065899224735077699e-01
9.427292888177655206e-01 2.101245857131706363e-01
9.481782741565508710e-01 2.056855378886270347e-01
9.536587546886805544e-01 1.973111297396602237e-01
9.591709124567069367e-01 1.893221310356737463e-01
9.647149305553922582e-01 1.813902598277072897e-01
9.702909931377862174e-01 1.757225685324227127e-01
9.758992854213467405e-01 1.781138772390646330e-01
9.815399936940907288e-01 1.909659546183350987e-01
9.872133053207802211e-01 2.024284660028643767e-01
9.929194087491489684e-01 1.960068526826392044e-01
9.986584935161608723e-01 1.831435107266887463e-01
1.004430750254303728e+00 1.715522613229593096e-01
1.010236370697924935e+00 1.633194649951126565e-01
1.016075547689597958e+00 1.602369940478901300e-01
1.021948475186527761e+00 1.573613085440077886e-01
1.027855348266994762e+00 1.513548753357029097e-01
1.033796363136834096e+00 1.476544618963198940e-01
1.039771717135951290e+00 1.498253067450816822e-01
1.045781608744880131e+00 1.549756321257058644e-01
1.051826237591374280e+00 1.680224257590164361e-01
1.057905804457035748e+00 1.834725972882690070e-01
1.064020511283988890e+00 1.948771765641582610e-01
1.070170561181583713e+00 2.053556467144267983e-01
1.076356158433145582e+00 1.979982689171407850e-01
1.082577508502760022e+00 1.751335920945822355e-01
1.088834818042095476e+00 1.556297821857663966e-01
1.095128294897270704e+00 1.529174330437441665e-01
1.101458148115757263e+00 1.629211817482123237e-01
1.107824587953321727e+00 1.703332732036583474e-01
1.114227825881013212e+00 1.772167341677639285e-01
1.120668074592185315e+00 1.847825066336300504e-01
1.127145548009560017e+00 1.907535368866549175e-01
1.133660461292336441e+00 2.053435775251267748e-01
1.140213030843336250e+00 2.168640210182961325e-01
1.146803474316190341e+00 2.072134972540082831e-01
1.153432010622570836e+00 1.934007124064570371e-01
1.160098859939462601e+00 1.948457966719782108e-01
1.166804243716473621e+00 2.118070307015920140e-01
1.173548384683194445e+00 2.358448327241115527e-01
1.180331506856595603e+00 2.548634612230669672e-01
1.187153835548465874e+00 2.682425598684378687e-01
1.194015597372901416e+00 2.582009943708297173e-01
1.200917020253827294e+00 2.337922659304898787e-01
1.207858333432573428e+00 2.172083952196563750e-01
1.214839767475487387e+00 2.169251715774161426e-01
1.221861554281590267e+00 2.120741620914322334e-01
1.228923927090283863e+00 1.948916595913182670e-01
1.236027120489096909e+00 1.729691841467804470e-01
1.243171370421473965e+00 1.678743770369363064e-01
1.250356914194617142e+00 1.754667017192624856e-01
1.257583990487367132e+00 1.724485997816400662e-01
1.264852839358128644e+00 1.665218232227152206e-01
1.272163702252848472e+00 1.726223961075601943e-01
1.279516822013033517e+00 1.906497418586748371e-01
1.286912442883815677e+00 2.191973976162980287e-01
1.294350810522067352e+00 2.580569687118495770e-01
1.301832172004561583e+00 2.841376821765507210e-01
1.309356775836174380e+00 2.879732705360938394e-01
1.316924871958146337e+00 2.886233975330543822e-01
1.324536711756377994e+00 2.895454835955751371e-01
1.332192548069784932e+00 2.970838992323612815e-01
1.339892635198694837e+00 3.000867135302037192e-01
1.347637228913291185e+00 2.895567481722551295e-01
1.355426586462114891e+00 2.727363213511415085e-01
1.363260966580605249e+00 2.324075276114687394e-01
1.371140629499693731e+00 1.986218436976412982e-01
1.379065836954451285e+00 1.962981224510794154e-01
1.387036852192779834e+00 2.019086862503439439e-01
1.395053939984155722e+00 1.984029890650011174e-01
1.403117366628427343e+00 2.060846257481473709e-01
1.411227399964658957e+00 2.281929667079053148e-01
1.419384309380025577e+00 2.480677030345414813e-01
1.427588365818764915e+00 2.566159075094283648e-01
1.435839841791175742e+00 2.360580550684116818e-01
1.444139011382666204e+00 2.151493915250747291e-01
1.452486150262864761e+00 1.960422556379192160e-01
1.460881535694769973e+00 1.794817186930657560e-01
1.469325446543965796e+00 1.795243631619257707e-01
1.477818163287882181e+00 2.009005066374831283e-01
1.486359968025109168e+00 2.110997762086114227e-01
1.494951144484772509e+00 2.120773805419122193e-01
1.503591978035954568e+00 2.123654318598724444e-01
1.512282755697172298e+00 2.215106588987998948e-01
1.521023766145914724e+00 2.407087160120154889e-01
1.529815299728230382e+00 2.593250382009706367e-01
1.538657648468367833e+00 2.646153661774748866e-01
1.547551106078482119e+00 2.671128837499569531e-01
1.556495967968387184e+00 2.635098284375939626e-01
1.565492531255366693e+00 2.591311265595504509e-01
1.574541094774047689e+00 2.714682518620204488e-01
1.583641959086324214e+00 2.736785227291622657e-01
1.592795426491339539e+00 2.769195023625248830e-01
1.602001801035530804e+00 2.681773862462177860e-01
1.611261388522727822e+00 2.444083248387784735e-01
1.620574496524306296e+00 2.156273314213550951e-01
1.629941434389411858e+00 1.942173942157577327e-01
1.639362513255227638e+00 1.890549996458335269e-01
1.648838046057315765e+00 1.829021269406885253e-01
1.658368347540009280e+00 1.781170956895446189e-01
1.667953734266863997e+00 1.676032225839960976e-01
1.677594524631179640e+00 1.607833260168705647e-01
1.687291038866571835e+00 1.706953488826586096e-01
1.697043599057607821e+00 2.051190906041465700e-01
1.706852529150509445e+00 2.427242706251171167e-01
1.716718154963911225e+00 2.278662939841850366e-01
1.726640804199680579e+00 2.236477100175216226e-01
1.736620806453807120e+00 2.574060371022690030e-01
1.746658493227349673e+00 2.664820674558763813e-01
1.756754197937443251e+00 2.506537279952235631e-01
1.766908255928380411e+00 2.697584500445190936e-01
1.777121004482747679e+00 2.912971252693165591e-01
1.787392782832625482e+00 2.551426618022071824e-01
1.797723932170862682e+00 2.149772044243945801e-01
1.808114795662403074e+00 2.156104345563350788e-01
1.818565718455690483e+00 2.369519796892324559e-01
1.829077047694130043e+00 2.507776383387036456e-01
1.839649132527616748e+00 2.444855676502985242e-01
1.850282324124138622e+00 2.525011185707450867e-01
1.860976975681438272e+00 2.748757863077231911e-01
1.871733442438742401e+00 2.922682927016573839e-01
1.882552081688566581e+00 2.877560251286936932e-01
1.893433252788581767e+00 2.629313119638135299e-01
1.904377317173546302e+00 2.301103585813668861e-01
1.915384638367318981e+00 1.984351735698011432e-01
1.926455581994929611e+00 1.804641507020865454e-01
1.937590515794722412e+00 1.872116321334120204e-01
1.948789809630575354e+00 1.923337960723361939e-01
1.960053835504184105e+00 2.113218492917316171e-01
1.971382967567415045e+00 2.389047745179740390e-01
1.982777582134739092e+00 2.749610752454432760e-01
1.994238057695728816e+00 3.008873030871043186e-01
2.005764774927627947e+00 2.888728274452546096e-01
2.017358116708002580e+00 2.958810033654602489e-01
2.029018468127450348e+00 3.019864039260252708e-01
2.040746216502401289e+00 3.033043593975863206e-01
2.052541751387976898e+00 2.925676085962976014e-01
2.064405464590929995e+00 2.460239869797397894e-01
2.076337750182662312e+00 2.391791474213942337e-01
2.088339004512313135e+00 2.424861052895969371e-01
2.100409626219920778e+00 2.569345341069486643e-01
2.112550016249669760e+00 2.634889085094739847e-01
2.124760577863207711e+00 2.229501108759810724e-01
2.137041716653034662e+00 1.973014743882202104e-01
2.149393840555982482e+00 1.992035786219017723e-01
2.161817359866763155e+00 1.963697329742594699e-01
2.174312687251592546e+00 1.953140812168186191e-01
2.186880237761905654e+00 1.813870413772273038e-01
2.199520428848138476e+00 1.838314545167893110e-01
2.212233680373592026e+00 2.002109536221426123e-01
2.225020414628386511e+00 2.089884726937296933e-01
2.237881056343477670e+00 2.420017284923565437e-01
2.250816032704775704e+00 2.435916430294778057e-01
2.263825773367328598e+00 2.569079818904886348e-01
2.276910710469592924e+00 2.868677327962129708e-01
2.290071278647793029e+00 3.089575676657109193e-01
2.303307915050354371e+00 3.151973385338159850e-01
2.316621059352423018e+00 3.081344489554502242e-01
2.330011153770474852e+00 3.063972903088688082e-01
2.343478643077001600e+00 3.127778683854740005e-01
2.357023974615280792e+00 2.760336238679041432e-01
2.370647598314243876e+00 2.867317532634328647e-01
2.384349966703414481e+00 2.664909181946964467e-01
2.398131534927939956e+00 2.143101805624140488e-01
2.411992760763713051e+00 1.784485960889849177e-01
2.425934104632577970e+00 1.700838432914581200e-01
2.439956029617617261e+00 1.706358075487785786e-01
2.454059001478542612e+00 1.568350918905273839e-01
2.468243488667162033e+00 1.570048651533475226e-01
2.482509962342935861e+00 1.558719705843865933e-01
2.496858896388636673e+00 1.711242074091189891e-01
2.511290767426078485e+00 2.225968859358007645e-01
2.525806054831960523e+00 2.632145356060537345e-01
2.540405240753779381e+00 2.547073663747868588e-01
2.555088810125852206e+00 2.127540597553327639e-01
2.569857250685421590e+00 2.034696347331452215e-01
2.584711052988855506e+00 2.291882725188461312e-01
2.599650710427946265e+00 2.274157109169846758e-01
2.614676719246288084e+00 2.096925087362302709e-01
2.629789578555775442e+00 2.020776549005440792e-01
2.644989790353173831e+00 1.915806786600155742e-01
2.660277859536794409e+00 2.184981892495174438e-01
2.675654293923265481e+00 2.261926997345836965e-01
2.691119604264405218e+00 2.028734167817247691e-01
2.706674304264172548e+00 2.120443914244921901e-01
2.722318910595750374e+00 2.319859105985883907e-01
2.738053942918694972e+00 2.404182508561952536e-01
2.753879923896200843e+00 2.141573041646139264e-01
2.769797379212459720e+00 2.132553334175931736e-01
2.785806837590128815e+00 2.318620002551083081e-01
2.801908830807877226e+00 2.105051674824309493e-01
2.818103893718070019e+00 2.175873677636767090e-01
2.834392564264522019e+00 2.320905102391884745e-01
2.850775383500368410e+00 2.418231044907163674e-01
2.867252895606037466e+00 2.182310578596772244e-01
2.883825647907329426e+00 1.826494785780083396e-01
2.900494190893583735e+00 1.920175833126759324e-01
2.917259078235983960e+00 1.765464918553033558e-01
2.934120866805935979e+00 1.808254217684668597e-01
2.951080116693567401e+00 2.069705042427680552e-01
2.968137391226336685e+00 2.198756860549585523e-01
2.985293256987731514e+00 2.370420963026725059e-01
3.002548283836107057e+00 2.206601833594592221e-01
3.019903044923603730e+00 2.064619890669276703e-01
3.037358116715186629e+00 2.204381102763389999e-01
3.054914079007794214e+00 2.269023680654242703e-01
3.072571514949601568e+00 2.100618259288105916e-01
3.090331011059376021e+00 1.930297859886367373e-01
3.108193157245980220e+00 1.990410468726616366e-01
3.126158546827951579e+00 2.307194503347073655e-01
3.144227776553216724e+00 2.450021289523389711e-01
3.162401446618910317e+00 2.348817114179707344e-01
3.180680160691316427e+00 2.103104512283907879e-01
3.199064525925907621e+00 1.999937082147424383e-01
3.217555152987530587e+00 2.045542525449061122e-01
3.236152656070678812e+00 1.672701129593158198e-01
3.254857652919894928e+00 1.637555650351530112e-01
3.273670764850296955e+00 1.444295745153572896e-01
3.292592616768199143e+00 1.332494821604482127e-01
3.311623837191892683e+00 1.610882741998508338e-01
3.330765058272506351e+00 1.755978535763225989e-01
3.350016915815009710e+00 1.729265396779204322e-01
3.369380049299332214e+00 1.661517014175149243e-01
3.388855101901607103e+00 1.641441929306133030e-01
3.408442720515521884e+00 1.709600664346388466e-01
3.428143555773827789e+00 1.827428136419284033e-01
3.447958262069935831e+00 1.924182803974362477e-01
3.467887497579658529e+00 2.104657414640509483e-01
3.487931924283071528e+00 1.974422815967203371e-01
3.508092207986506228e+00 1.685784130794368840e-01
3.528369018344649444e+00 1.813934782781873312e-01
3.548763028882812254e+00 1.884579770817930711e-01
3.569274917019284565e+00 1.957405259054189606e-01
3.589905364087840223e+00 1.993041551994018667e-01
3.610655055360374899e+00 2.002777364696026741e-01
3.631524680069651456e+00 2.017067284827238349e-01
3.652514931432215839e+00 1.831958105469887743e-01
3.673626506671410219e+00 1.862292001243912309e-01
3.694860107040534913e+00 2.119558840362921193e-01
3.716216437846141751e+00 2.221173368142803639e-01
3.737696208471465109e+00 2.119381825586521273e-01
3.759300132399972405e+00 2.055045000491268758e-01
3.781028927239082016e+00 2.160835467768955076e-01
3.802883314743989107e+00 2.153087048238348788e-01
3.824864020841640233e+00 2.195288980157382719e-01
3.846971775654848713e+00 2.216490522694399834e-01
3.869207313526548564e+00 2.215138773492798807e-01
3.891571373044171445e+00 2.090407725140297768e-01
3.914064697064205678e+00 1.934522076141371172e-01
3.936688032736852527e+00 2.019650091337440168e-01
3.959442131530850340e+00 2.402412360797950841e-01
3.982327749258438132e+00 2.353290760346911092e-01
4.005345646100446189e+00 2.188618741537577406e-01
4.028496586631570509e+00 2.157753801434352248e-01
4.051781339845751617e+00 1.938102602300373900e-01
4.075200679181723906e+00 1.968516959336398808e-01
4.098755382548707082e+00 2.008039531230830788e-01
4.122446232352245943e+00 1.914334345505554758e-01
4.146274015520188705e+00 1.939558951142575371e-01
4.170239523528843861e+00 1.821248711497679140e-01
4.194343552429258715e+00 1.751585350858022583e-01
4.218586902873665778e+00 1.700854525166981268e-01
4.242970380142073950e+00 1.688785335866971327e-01
4.267494794169023997e+00 1.842651407189696278e-01
4.292160959570472833e+00 1.811199099873870844e-01
4.316969695670882068e+00 1.663689468249150982e-01
4.341921826530410478e+00 1.818038307143876597e-01
4.367018180972294772e+00 2.038703318179055646e-01
4.392259592610382235e+00 2.029739933592248358e-01
4.417646899876805477e+00 1.970834243682000608e-01
4.443180946049855251e+00 2.039145855120056139e-01
4.468862579281975833e+00 2.072336125695082854e-01
4.494692652627942486e+00 1.861471296371511597e-01
4.520672024073195239e+00 1.774468533770841017e-01
4.546801556562344082e+00 1.819510748238477860e-01
4.573082118027814502e+00 1.883356759635529398e-01
4.599514581418703507e+00 1.922171272424360866e-01
4.626099824729760002e+00 2.026384698966845754e-01
4.652838731030551678e+00 2.249898038676827194e-01
4.679732188494796219e+00 2.236517330806216397e-01
4.706781090429870140e+00 2.072368310199882990e-01
4.733986335306464177e+00 1.849072215897301918e-01
4.761348826788450062e+00 1.791920581498654963e-01
4.788869473762884077e+00 1.996074941571421013e-01
4.816549190370198019e+00 2.177008181430968026e-01
4.844388896034566017e+00 2.041543600727658003e-01
4.872389515494448098e+00 1.922694270627361424e-01
4.900551978833287414e+00 1.995077221922620381e-01
4.928877221510434836e+00 2.082329414435491188e-01
4.957366184392200559e+00 2.260631571027635900e-01
4.986019813783113541e+00 2.241980650496020744e-01
5.014839061457356806e+00 2.009672894849432179e-01
5.043824884690362609e+00 1.841597364657495683e-01
5.072978246290641202e+00 1.836383474879891287e-01
5.102300114631742822e+00 1.877072735073324339e-01
5.131791463684423960e+00 2.173765592572365624e-01
5.161453273049005475e+00 2.364096707833519828e-01
5.191286527987911903e+00 2.250042868948427255e-01
5.221292219458380401e+00 2.277810050464649794e-01
5.251471344145405951e+00 2.440277430695181604e-01
5.281824904494829553e+00 2.568532682323286243e-01
5.312353908746639597e+00 2.656613625834757242e-01
5.343059370968462396e+00 2.745627919985429988e-01
5.373942311089249912e+00 2.469911313489805971e-01
5.405003754933139781e+00 2.432303719630975192e-01
5.436244734253559585e+00 2.655680275195556606e-01
5.467666286767478567e+00 2.657772268007558281e-01
5.499269456189878724e+00 2.565185493824083118e-01
5.531055292268432844e+00 2.853317273046316882e-01
5.563024850818350409e+00 2.673389798961771091e-01
5.595179193757479297e+00 2.401688209439950539e-01
5.627519389141558470e+00 2.506255665535235266e-01
5.660046511199702479e+00 2.355841382352313051e-01
5.692761640370078702e+00 2.124289962568525203e-01
5.725665863335805739e+00 1.854567720091906124e-01
5.758760273061025892e+00 1.973891771638003056e-01
5.792045968827241431e+00 2.226210243144007839e-01
5.825524056269808071e+00 2.251209557247428328e-01
5.859195647414667363e+00 2.410925162317557879e-01
5.893061860715279821e+00 2.705123720694596612e-01
5.927123821089786304e+00 2.733003547977619352e-01
5.961382659958350594e+00 3.021046819811653572e-01
5.995839515280771082e+00 2.800768022834074777e-01
6.030495531594262104e+00 2.563672822098482240e-01
6.065351860051475086e+00 2.469307854024805349e-01
6.100409658458743500e+00 2.513022457669440990e-01
6.135670091314512575e+00 3.105764482571521934e-01
6.171134329848062094e+00 3.048564571415675606e-01
6.206803552058381079e+00 3.050334719179677023e-01
6.242678942753306259e+00 3.623701672192142786e-01
6.278761693588877257e+00 3.955161841001412215e-01
6.315053003108923591e+00 4.292197975267285637e-01
6.351554076784851510e+00 4.513466445767465585e-01
6.388266127055725718e+00 4.551902790624896555e-01
6.425190373368511843e+00 5.103690033168944984e-01
6.462328042218596025e+00 4.908933548497786958e-01
6.499680367190518560e+00 5.070282517186517346e-01
6.537248588998957999e+00 5.957046085689238213e-01
6.575033955529916874e+00 6.746588311317279762e-01
6.613037721882214726e+00 7.064281558198337585e-01
6.651261150409145451e+00 7.089691224737958430e-01
6.689705510760421525e+00 7.470820130579867158e-01
6.728372079924347382e+00 7.400963662911409502e-01
6.767262142270216607e+00 6.429812322823020843e-01
6.806376989591010229e+00 6.218295757277249036e-01
6.845717921146279750e+00 7.301046867759729553e-01
6.885286243705309062e+00 7.705050910388258067e-01
6.925083271590525058e+00 7.022602624482303657e-01
6.965110326721157818e+00 7.817028848713748479e-01
7.005368738657123728e+00 9.257068193107518272e-01
7.045859844643230119e+00 1.002643878035214264e+00
7.086584989653569089e+00 1.044451549770448295e+00
7.127545526436194656e+00 1.075388905009473373e+00
7.168742815558059256e+00 1.068107160798467570e+00
7.210178225450215805e+00 1.129000243880116772e+00
7.251853132453240036e+00 1.120793195156110311e+00
7.293768920862992111e+00 1.009483085305219907e+00
7.335926982976571864e+00 9.877826829438022260e-01
7.378328719138569802e+00 9.989265677308111213e-01
7.420975537787583676e+00 9.004661214213313114e-01
7.463868855503007715e+00 1.038392816741843250e+00
7.507010097052058128e+00 1.177582753875756394e+00
7.550400695437144982e+00 1.259009551019822482e+00
7.594042091943437711e+00 1.390660267904329395e+00
7.637935736186750368e+00 1.546183841224255673e+00
7.682083086161699548e+00 1.591322609206292205e+00
7.726485608290103890e+00 1.499049633944617543e+00
7.771144777469737974e+00 1.641787912732733279e+00
7.816062077123293150e+00 1.552500050291260925e+00
7.861238999247660786e+00 1.616474799707512622e+00
7.906677044463489068e+00 1.811657729067271072e+00
7.952377722065040011e+00 2.779349234889657350e+00
7.998342550070284496e+00 1.099141069551892613e+00
