2.511886431509579437e-02 8.556416356712454041e-01
2.526405161860213050e-02 8.626461769915785283e-01
2.541007810627042562e-02 8.661862613709550018e-01
2.555694862859406516e-02 8.724021165477646722e-01
2.570466806410236227e-02 8.780741744292683837e-01
2.585324131952258450e-02 8.842144021676581200e-01
2.600267332994290678e-02 8.904698717169734490e-01
2.615296905897638788e-02 8.970278510199690691e-01
2.630413349892583852e-02 9.038487257041390999e-01
2.645617167094958117e-02 9.109721101419894218e-01
2.660908862522835469e-02 9.184052069467026902e-01
2.676288944113292337e-02 9.257806828459532733e-01
2.691757922739292791e-02 9.324214922005518158e-01
2.707316312226650673e-02 9.384104650621013510e-01
2.722964629371095457e-02 9.441833595281650116e-01
2.738703393955444973e-02 9.498842278624001212e-01
2.754533128766867636e-02 9.556679262482380421e-01
2.770454359614242176e-02 9.616100821240990415e-01
2.786467615345633933e-02 9.677683163954458045e-01
2.802573427865854422e-02 9.731666749760007340e-01
2.818772332154127064e-02 9.770560860947461457e-01
2.835064866281864979e-02 9.800163601129022739e-01
2.851451571430539678e-02 9.825300721137210092e-01
2.867932991909653145e-02 9.848889279311081602e-01
2.884509675174826843e-02 9.872909994275925749e-01
2.901182171845980567e-02 9.898515284141000681e-01
2.917951035725619563e-02 9.923616391083273092e-01
2.934816823817239240e-02 9.941370832579027317e-01
2.951780096343814899e-02 9.952354817682891319e-01
2.968841416766421215e-02 9.961646188688783043e-01
2.986001351802944001e-02 9.970793507431017222e-01
3.003260471446899879e-02 9.981525401073482184e-01
3.020619348986378766e-02 9.994562130934462330e-01
3.038078561023081769e-02 1.000972363168438406e+00
3.055638687491469066e-02 1.002459702790699403e+00
3.073300311678033025e-02 1.003961447639326154e+00
3.091064020240668481e-02 1.005690074803212930e+00
3.108930403228154019e-02 1.007728414333962874e+00
3.126900054099761295e-02 1.010141289750221549e+00
3.144973569744963920e-02 1.012971916731086219e+00
3.163151550503255638e-02 1.016259909649062765e+00
3.181434600184106232e-02 1.020073693329387909e+00
3.199823326087009728e-02 1.024456483451159361e+00
3.218318339021652985e-02 1.029422685240742652e+00
3.236920253328214730e-02 1.034997507844277465e+00
3.255629686897762443e-02 1.041202559101312985e+00
3.274447261192782455e-02 1.048055845544805909e+00
3.293373601267822470e-02 1.055442125363830641e+00
3.312409335790250653e-02 1.063321784185881302e+00
3.331555097061136145e-02 1.071828070354841067e+00
3.350811521036261426e-02 1.081054617842087007e+00
3.370179247347232510e-02 1.091102263232179181e+00
3.389658919322740410e-02 1.102046633963537525e+00
3.409251184009919750e-02 1.114514357383071363e+00
3.428956692195841288e-02 1.129693864665952452e+00
3.448776098429136294e-02 1.148593521657781613e+00
3.468710061041735404e-02 1.172369347774408377e+00
3.488759242170727526e-02 1.202674342741299141e+00
3.508924307780367929e-02 1.241409996438729735e+00
3.529205927684192501e-02 1.284355577541543170e+00
3.549604775567258980e-02 1.312215285332852144e+00
3.570121529008542238e-02 1.314383271900893657e+00
3.590756869503420462e-02 1.299625117489209947e+00
3.611511482486330638e-02 1.279821532542931628e+00
3.632386057353523962e-02 1.263648064640815472e+00
3.653381287485973905e-02 1.254911294850004078e+00
3.674497870272393912e-02 1.250989471971935885e+00
3.695736507132423021e-02 1.249332870939877660e+00
3.717097903539903075e-02 1.249631779386966457e+00
3.738582769046329413e-02 1.252159896614150725e+00
3.760191817304411876e-02 1.257252144134434202e+00
3.781925766091774610e-02 1.262347992961309062e+00
3.803785337334809891e-02 1.265585567587005356e+00
3.825771257132654091e-02 1.268538638991978607e+00
3.847884255781295476e-02 1.271981488093386403e+00
3.870125067797849233e-02 1.276839650685226868e+00
3.892494431944945599e-02 1.281687009357292739e+00
3.914993091255265789e-02 1.282367656303073256e+00
3.937621793056233360e-02 1.278780754938007913e+00
3.960381288994833243e-02 1.273573265606798843e+00
3.983272335062570252e-02 1.267908410338478120e+00
4.006295691620595512e-02 1.262848574577517757e+00
4.029452123424955012e-02 1.256596706334793812e+00
4.052742399651988042e-02 1.249973903513152296e+00
4.076167293923887297e-02 1.246203335511924193e+00
4.099727584334383890e-02 1.247805916945111004e+00
4.123424053474603751e-02 1.257111693177368483e+00
4.147257488459059338e-02 1.270681416413879994e+00
4.171228680951784978e-02 1.278795160164373668e+00
4.195338427192649156e-02 1.279961983499997347e+00
4.219587528023795858e-02 1.275705239108926081e+00
4.243976788916238585e-02 1.270076396906519633e+00
4.268507019996626434e-02 1.271308043760788875e+00
4.293179036074151744e-02 1.287503119502453552e+00
4.317993656667604152e-02 1.321070898241180958e+00
4.342951706032609216e-02 1.377867104494637118e+00
4.368054013188996804e-02 1.464154410425321018e+00
4.393301411948334623e-02 1.535661954104772686e+00
4.418694740941636612e-02 1.516258114190143003e+00
4.444234843647213579e-02 1.424586854905269817e+00
4.469922568418681352e-02 1.310144534042779529e+00
4.495758768513159753e-02 1.217526131124360145e+00
4.521744302119593689e-02 1.164025120402063074e+00
4.547880032387276866e-02 1.132063524403113863e+00
4.574166827454511502e-02 1.108510979295155963e+00
4.600605560477452616e-02 1.090522452870958947e+00
4.627197109659098723e-02 1.076625010734626908e+00
4.653942358278480296e-02 1.065835496186700038e+00
4.680842194719982141e-02 1.057239177352954584e+00
4.707897512502866311e-02 1.050443511814924458e+00
4.735109210310945588e-02 1.045326055148501299e+00
4.762478192022426976e-02 1.042149702734859185e+00
4.790005366739954334e-02 1.040806415376255512e+00
4.817691648820784933e-02 1.040993683319009877e+00
4.845537957907175564e-02 1.042668290884025240e+00
4.873545218956924774e-02 1.045117179366198190e+00
4.901714362274099679e-02 1.047681309659296955e+00
4.930046323539925834e-02 1.050673995436776087e+00
4.958542043843887359e-02 1.054476975197327082e+00
4.987202469714965836e-02 1.057909020378960729e+00
5.016028553153097091e-02 1.057545288413226148e+00
5.045021251660784106e-02 1.053457805431952110e+00
5.074181528274907677e-02 1.048340348765528951e+00
5.103510351598705003e-02 1.043842316832831685e+00
5.133008695833959217e-02 1.040871238894901296e+00
5.162677540813340182e-02 1.039423513645146180e+00
5.192517872032970105e-02 1.039783644304289156e+00
5.222530680685147364e-02 1.042783532694951054e+00
5.252716963691266006e-02 1.051095348307973465e+00
5.283077723734942721e-02 1.066159613779928961e+00
5.313613969295318679e-02 1.087623401064856887e+00
5.344326714680543849e-02 1.116062919217386540e+00
5.375216980061491706e-02 1.144754528831316343e+00
5.406285791505632127e-02 1.167892923681259632e+00
5.437534181011107609e-02 1.187134704799274854e+00
5.468963186541032917e-02 1.198187114728376246e+00
5.500573852057948770e-02 1.187152711332232213e+00
5.532367227558519784e-02 1.156307520376626652e+00
5.564344369108398941e-02 1.121328029454058628e+00
5.596506338877313413e-02 1.091545223942925080e+00
5.628854205174332881e-02 1.071475142308880857e+00
5.661389042483377931e-02 1.058456418980858293e+00
5.694111931498885282e-02 1.050058172009641355e+00
5.727023959161724881e-02 1.046424453658887588e+00
5.760126218695296035e-02 1.047422015584714039e+00
5.793419809641841417e-02 1.052283779483145665e+00
5.826905837898961604e-02 1.060707235600502507e+00
5.860585415756369709e-02 1.073257789071639046e+00
5.894459661932811845e-02 1.090504446338001587e+00
5.928529701613251268e-02 1.112548043984149970e+00
5.962796666486229469e-02 1.137022523579514388e+00
5.997261694781454155e-02 1.158129781511890721e+00
6.031925931307623168e-02 1.177501209667197291e+00
6.066790527490428103e-02 1.201680382122064294e+00
6.101856641410823012e-02 1.211627190927596409e+00
6.137125437843479747e-02 1.180256209209642027e+00
6.172598088295483398e-02 1.120060369533874889e+00
6.208275771045231733e-02 1.060033791267904979e+00
6.244159671181598315e-02 1.016108654772222453e+00
6.280250980643269088e-02 9.843847450083078598e-01
6.316550898258359303e-02 9.615344546856789965e-01
6.353060629784218483e-02 9.456959082965659125e-01
6.389781387947492119e-02 9.330913352265579608e-01
6.426714392484385308e-02 9.222766115324909642e-01
6.463860870181208085e-02 9.115303126636612463e-01
6.501222054915094251e-02 9.006183536916256838e-01
6.538799187695008841e-02 8.910496820781937943e-01
6.576593516702965159e-02 8.837858466832777538e-01
6.614606297335466623e-02 8.792085860055690594e-01
6.652838792245242827e-02 8.779697365381169405e-01
6.691292271383147972e-02 8.786359782575315913e-01
6.729968012040381253e-02 8.749482403079064108e-01
6.768867298890894613e-02 8.654912091988088418e-01
6.807991424034069705e-02 8.545864528399561566e-01
6.847341687037629410e-02 8.428714024980314967e-01
6.886919394980822728e-02 8.290747969462598510e-01
6.926725862497820629e-02 8.142194072566074636e-01
6.966762411821400547e-02 7.992667822889863993e-01
7.007030372826857090e-02 7.853261244735574298e-01
7.047531083076181979e-02 7.735066362404813267e-01
7.088265887862478520e-02 7.651876180142760386e-01
7.129236140254673060e-02 7.597028280755266927e-01
7.170443201142430445e-02 7.561339332434187099e-01
7.211888439281383123e-02 7.545745674893292732e-01
7.253573231338585059e-02 7.546790053804807163e-01
7.295498961938230720e-02 7.561231293236444495e-01
7.337667023707672431e-02 7.589573576111006137e-01
7.380078817323644513e-02 7.630916575780631872e-01
7.422735751558823258e-02 7.684107874136066885e-01
7.465639243328600627e-02 7.749471588770536767e-01
7.508790717738160481e-02 7.828124124727386945e-01
7.552191608129793510e-02 7.919705351347474664e-01
7.595843356130543844e-02 8.024827490751342829e-01
7.639747411700059665e-02 8.147632045519134225e-01
7.683905233178781047e-02 8.267411502750127150e-01
7.728318287336367887e-02 8.365511094300702721e-01
7.772988049420428980e-02 8.448413172035441621e-01
7.817916003205507836e-02 8.484138133422436390e-01
7.863103641042397396e-02 8.477223624766889731e-01
7.908552463907676799e-02 8.463934803444509436e-01
7.954263981453599253e-02 8.461846045621479462e-01
8.000239712058217212e-02 8.488135583738924961e-01
8.046481182875830918e-02 8.495590288383186861e-01
8.092989929887701994e-02 8.392160763077292085e-01
8.139767497953076525e-02 8.199346808172083279e-01
8.186815440860513438e-02 8.013303309658763585e-01
8.234135321379483508e-02 7.873284509383930985e-01
8.281728711312283386e-02 7.774752761042381666e-01
8.329597191546232737e-02 7.694875780844445678e-01
8.377742352106211376e-02 7.621805270104312635e-01
8.426165792207447602e-02 7.531880644516283363e-01
8.474869120308657633e-02 7.420492231643326386e-01
8.523853954165466762e-02 7.301216957335135982e-01
8.573121920884146929e-02 7.174847109041825322e-01
8.622674656975649887e-02 7.051070201494347156e-01
8.672513808409994251e-02 6.931074665867869022e-01
8.722641030670905127e-02 6.815976907205739677e-01
8.773057988810836760e-02 6.713987904536417028e-01
8.823766357506258873e-02 6.629249160440048305e-01
8.874767821113291322e-02 6.565794138299035909e-01
8.926064073723644077e-02 6.530465320637098836e-01
8.977656819220893036e-02 6.524451138629410174e-01
9.029547771337091688e-02 6.551028781274168544e-01
9.081738653709675591e-02 6.613655502899151717e-01
9.134231199938727674e-02 6.703328037025781949e-01
9.187027153644546085e-02 6.810070764395792509e-01
9.240128268525588107e-02 6.920774929016377808e-01
9.293536308416693037e-02 6.996762498095568938e-01
9.347253047347692245e-02 7.029102231286618041e-01
9.401280269602330097e-02 6.999499491105056759e-01
9.455619769777530437e-02 6.901940095543194209e-01
9.510273352842993355e-02 6.778883449314000442e-01
9.565242834201181932e-02 6.651037065318204933e-01
9.620530039747586526e-02 6.547535513880481384e-01
9.676136805931405405e-02 6.484152517871297761e-01
9.732064979816532069e-02 6.467802585946200722e-01
9.788316419142908953e-02 6.510514082120570922e-01
9.844892992388228070e-02 6.613475437569580340e-01
9.901796578830000806e-02 6.722486988092193361e-01
9.959029068607995472e-02 6.781512403125745658e-01
1.001659236278700377e-01 6.860020886818938290e-01
1.007448837341998471e-01 7.010807593802149684e-01
1.013271902361159299e-01 7.219827428368796873e-01
1.019128624758204177e-01 7.423481316114213246e-01
1.025019199073136378e-01 7.561483384697845755e-01
1.030943820970401520e-01 7.630340366726003909e-01
1.036902687245389171e-01 7.724982703948807261e-01
1.042895995830967204e-01 7.805976089190087563e-01
1.048923945804057928e-01 7.872348169670159157e-01
1.054986737392250712e-01 7.989678738418977133e-01
1.061084571980452224e-01 8.210834976198747581e-01
1.067217652117575799e-01 8.570353413221291072e-01
1.073386181523270227e-01 9.010108961100915526e-01
1.079590365094685589e-01 9.490379208134137601e-01
1.085830408913279893e-01 9.638861078898833812e-01
1.092106520251663743e-01 9.103130710357576483e-01
1.098418907580486492e-01 8.333495478702882542e-01
1.104767780575359459e-01 7.605923508036103176e-01
1.111153350123821049e-01 7.059821376511523638e-01
1.117575828332342536e-01 6.680639805499766215e-01
1.124035428533372433e-01 6.427972135044975888e-01
1.130532365292423180e-01 6.269838762615246308e-01
1.137066854415197809e-01 6.181210607400131618e-01
1.143639112954759340e-01 6.141740287158050648e-01
1.150249359218739331e-01 6.137742836841560967e-01
1.156897812776589568e-01 6.150491462175226021e-01
1.163584694466876512e-01 6.160178976906175441e-01
1.170310226404614878e-01 6.161907604070062661e-01
1.177074631988646730e-01 6.168750086593781656e-01
1.183878135909062629e-01 6.192950866888197181e-01
1.190720964154663303e-01 6.227811514693247785e-01
1.197603344020467531e-01 6.275276735568307007e-01
1.204525504115261381e-01 6.333545876217658854e-01
1.211487674369193246e-01 6.392931421910353906e-01
1.218490086041408849e-01 6.442953570465328461e-01
1.225532971727734816e-01 6.488654151110585522e-01
1.232616565368404721e-01 6.550416559153625640e-01
1.239741102255828148e-01 6.650352817065833255e-01
1.246906819042407494e-01 6.810538934252678978e-01
1.254113953748399735e-01 7.043723536047827860e-01
1.261362745769819826e-01 7.346881524914479211e-01
1.268653435886395453e-01 7.797188901106996139e-01
1.275986266269562852e-01 8.499767804029246809e-01
1.283361480490512463e-01 9.115915348757155368e-01
1.290779323528278288e-01 9.115303126636612463e-01
1.298240041777875831e-01 8.602981250939655267e-01
1.305743883058487209e-01 8.139781197149815739e-01
1.313291096621690413e-01 7.852973140208261427e-01
1.320881933159741561e-01 7.672835784504888901e-01
1.328516644813900749e-01 7.550319334264409266e-01
1.336195485182806453e-01 7.465832681629440692e-01
1.343918709330900185e-01 7.412821448603578167e-01
1.351686573796898327e-01 7.363627600564632836e-01
1.359499336602315311e-01 7.261386506433910037e-01
1.367357257260030934e-01 7.121151627763592229e-01
1.375260596782912625e-01 6.987074983364619518e-01
1.383209617692485738e-01 6.868159839715572978e-01
1.391204584027652402e-01 6.745751428672837058e-01
1.399245761353461737e-01 6.600618773038171572e-01
1.407333416769932510e-01 6.434094356250408264e-01
1.415467818920924381e-01 6.250391707021518695e-01
1.423649238003061035e-01 6.069209972406631737e-01
1.431877945774705507e-01 5.907007123528584813e-01
1.440154215564987683e-01 5.775343354545872110e-01
1.448478322282882313e-01 5.679512586147896780e-01
1.456850542426340045e-01 5.619766909796057863e-01
1.465271154091474515e-01 5.597330769731444500e-01
1.473740436981796631e-01 5.610475538790167249e-01
1.482258672417506584e-01 5.655239779721652482e-01
1.490826143344838317e-01 5.721143690344837607e-01
1.499443134345459228e-01 5.798607795126515807e-01
1.508109931645919832e-01 5.897895817852264466e-01
1.516826823127164214e-01 6.038382787983983535e-01
1.525594098334091819e-01 6.236130532919452740e-01
1.534412048485173929e-01 6.489770556153930947e-01
1.543280966482127869e-01 6.790155538945179536e-01
1.552201146919646169e-01 7.128858423869254279e-01
1.561172886095181789e-01 7.456865428216777891e-01
1.570196482018790252e-01 7.683891795740581676e-01
1.579272234423027277e-01 7.771151454450951901e-01
1.588400444772908315e-01 7.805904063058258791e-01
1.597581416275917487e-01 7.854485688976661217e-01
1.606815453892082024e-01 7.855818172415490741e-01
1.616102864344102497e-01 7.813394780768435632e-01
1.625443956127538836e-01 7.774104525855923820e-01
1.634839039521058524e-01 7.688249376716213002e-01
1.644288426596743347e-01 7.494138951438087393e-01
1.653792431230455828e-01 7.276944150908890574e-01
1.663351369112262834e-01 7.101740585235778447e-01
1.672965557756923849e-01 6.996726485029655107e-01
1.682635316514438095e-01 6.989992041703679826e-01
1.692360966580649384e-01 7.100156010335548773e-01
1.702142831007917856e-01 7.340039042390760216e-01
1.711981234715850009e-01 7.716879764118087515e-01
1.721876504502090899e-01 8.232802946406475586e-01
1.731828969053178791e-01 8.816358666481936002e-01
1.741838958955464201e-01 9.215059319219247591e-01
1.751906806706090836e-01 9.156430047910752990e-01
1.762032846724038426e-01 8.813369582011046921e-01
1.772217415361232173e-01 8.554867794878138199e-01
1.782460850913716033e-01 8.393925403307093136e-01
1.792763493632887617e-01 8.262909869510837169e-01
1.803125685736800821e-01 8.124799761729463166e-01
1.813547771421535060e-01 7.881819606005621148e-01
1.824030096872625850e-01 7.560330966588587609e-01
1.834573010276564775e-01 7.318107085248946042e-01
1.845176861832364401e-01 7.270713890505715593e-01
1.855842003763193415e-01 7.448618436122401709e-01
1.866568790328071992e-01 7.663616439630824839e-01
1.877357577833641822e-01 7.654361081690848057e-01
1.888208724646001924e-01 7.538290970249029721e-01
1.899122591202609955e-01 7.467705361056985458e-01
1.910099540024255971e-01 7.456325232228063760e-01
1.921139935727104175e-01 7.477933071776649010e-01
1.932244145034804905e-01 7.534113454602970883e-01
1.943412536790674328e-01 7.592562660581892997e-01
1.954645481969946030e-01 7.668334151265598919e-01
1.965943353692096995e-01 7.680434541412807237e-01
1.977306527233236300e-01 7.525182214256223023e-01
1.988735380038573475e-01 7.335141265426413648e-01
2.000230291734956534e-01 7.186623381595804716e-01
2.011791644143479663e-01 7.088379737781570489e-01
2.023419821292166965e-01 7.025248833233787016e-01
2.035115209428728922e-01 6.992116812592623631e-01
2.046878197033392410e-01 6.980448579236386841e-01
2.058709174831803157e-01 6.971805443416954073e-01
2.070608535808005912e-01 6.957904399974029763e-01
2.082576675217497619e-01 6.928373685924296144e-01
2.094613990600355524e-01 6.883069249004096779e-01
2.106720881794442723e-01 6.907270029298512304e-01
2.118897750948690872e-01 6.877919380578351172e-01
2.131145002536455058e-01 6.673401179250990634e-01
2.143463043368951104e-01 6.398477434061157210e-01
2.155852282608767823e-01 6.174908320865127864e-01
2.168313131783459469e-01 6.050591217328934457e-01
2.180846004799212312e-01 6.006511224649819791e-01
2.193451317954595303e-01 5.968481427044309839e-01
2.206129489954388734e-01 5.898940196763780008e-01
2.218880941923488948e-01 5.831091580581222455e-01
2.231706097420899648e-01 5.796555050369400774e-01
2.244605382453801201e-01 5.803829689684090187e-01
2.257579225491697927e-01 5.845388767749203351e-01
2.270628057480653939e-01 5.900308693268524474e-01
2.283752311857605299e-01 5.975431948765772550e-01
2.296952424564759343e-01 6.031972462251237177e-01
2.310228834064072811e-01 5.987208221319750834e-01
2.323581981351817149e-01 5.877800527072081227e-01
2.337012309973229007e-01 5.765187669958037331e-01
2.350520266037238737e-01 5.675263044370008059e-01
2.364106298231291869e-01 5.606298023144106191e-01
2.377770857836252472e-01 5.548208947824326831e-01
2.391514398741393099e-01 5.541654569827922927e-01
2.405337377459470793e-01 5.670401280471576433e-01
2.419240253141889951e-01 5.847405499440403442e-01
2.433223487593957901e-01 5.823528836739217951e-01
2.447287545290218747e-01 5.599599592884044741e-01
2.461432893389885190e-01 5.295757355765021712e-01
2.475660001752356676e-01 5.019645179400016310e-01
2.489969342952823017e-01 4.778825807631033595e-01
2.504361392297964617e-01 4.578485121949733561e-01
2.518836627841739007e-01 4.463459389419431322e-01
2.533395530401260642e-01 4.401949072837792465e-01
2.548038583572773130e-01 4.357076792708562962e-01
2.562766273747711931e-01 4.367880712482856143e-01
2.577579090128856998e-01 4.414949789632857668e-01
2.592477524746588102e-01 4.403389595474364593e-01
2.607462072475227322e-01 4.348757774482358007e-01
2.622533231049470337e-01 4.307990983867360790e-01
2.637691501080930423e-01 4.302661050112042695e-01
2.652937386074759596e-01 4.329238692756802731e-01
2.668271392446371348e-01 4.375011299533889120e-01
2.683694029538270520e-01 4.423772990781862924e-01
2.699205809636965880e-01 4.464395729133203150e-01
2.714807247989985406e-01 4.495799122610480980e-01
2.730498862822996475e-01 4.547982055120314282e-01
2.746281175357012105e-01 4.667977590746791305e-01
2.762154709825712651e-01 4.755417314786732907e-01
2.778119993492854656e-01 4.662791709255130757e-01
2.794177556669779627e-01 4.481754026903900789e-01
2.810327932733039380e-01 4.316634119686794668e-01
2.826571658142107979e-01 4.215257339138015480e-01
2.842909272457196934e-01 4.191812833227800406e-01
2.859341318357184192e-01 4.214861195412957784e-01
2.875868341657639160e-01 4.202328648474778494e-01
2.892490891328946545e-01 4.144491664616398729e-01
2.909209519514548425e-01 4.076066839379212103e-01
2.926024781549284581e-01 4.015780967038659055e-01
2.942937235977828858e-01 3.957187708796078840e-01
2.959947444573255426e-01 3.904932750154416210e-01
2.977055972355692748e-01 3.890527523788693265e-01
2.994263387611086902e-01 3.927909086207745371e-01
3.011570261910088142e-01 3.992156395798872603e-01
3.028977170127025720e-01 4.052226189743939333e-01
3.046484690459013711e-01 4.108730690163490129e-01
3.064093404445150659e-01 4.185186429099567174e-01
3.081803896985833569e-01 4.286527196582431976e-01
3.099616756362194026e-01 4.410124038800340429e-01
3.117532574255635347e-01 4.505306572011857913e-01
3.135551945767480198e-01 4.480637621860557029e-01
3.153675469438748658e-01 4.361722478211508824e-01
3.171903747270033436e-01 4.234632368599913210e-01
3.190237384741493876e-01 4.180108586805650339e-01
3.208676990832974307e-01 4.105813631824430932e-01
3.227223178044230090e-01 3.954630781116162397e-01
3.245876562415266342e-01 3.802403551496379430e-01
3.264637763546810456e-01 3.712082782183293017e-01
3.283507404620888970e-01 3.658963509959687332e-01
3.302486112421523790e-01 3.621185803815577531e-01
3.321574517355558864e-01 3.631233449205669706e-01
3.340773253473591775e-01 3.694220301489795633e-01
3.360082958491044103e-01 3.780543620486394030e-01
3.379504273809338932e-01 3.848608315064437346e-01
3.399037844537201591e-01 3.880263800003114771e-01
3.418684319512097503e-01 3.898450398289841079e-01
3.438444351321779946e-01 3.929889804833032185e-01
3.458318596325960503e-01 4.000331361761420568e-01
3.478307714678123830e-01 4.097278535202739658e-01
3.498412370347446232e-01 4.142943102782082887e-01
3.518633231140849693e-01 4.134480032292220386e-01
3.538970968725191901e-01 4.110351278129634189e-01
3.559426258649572294e-01 4.093569189413565623e-01
3.579999780367765227e-01 4.110927487184263263e-01
3.600692217260801353e-01 4.194549826237287671e-01
3.621504256659661136e-01 4.365359797868854641e-01
3.642436589868098817e-01 4.605530934451380065e-01
3.663489912185618480e-01 4.835222268852841232e-01
3.684664922930561692e-01 4.954461530095117805e-01
3.705962325463332818e-01 4.925507025100013259e-01
3.727382827209774208e-01 4.813398350908770218e-01
3.748927139684648524e-01 4.684111444276401470e-01
3.770595978515288715e-01 4.586371983384967543e-01
3.792390063465359562e-01 4.564512052374982143e-01
3.814310118458763554e-01 4.588892897998969045e-01
3.836356871603694985e-01 4.612301390843269733e-01
3.858531055216822825e-01 4.663836088166645744e-01
3.880833405847607942e-01 4.631568381107424859e-01
3.903264664302779630e-01 4.376703913631861953e-01
3.925825575670940371e-01 4.082369125914216412e-01
3.948516889347303827e-01 3.853001909105983058e-01
3.971339359058604912e-01 3.724939446714700675e-01
3.994293742888124776e-01 3.685145008879389672e-01
4.017380803300868997e-01 3.697101346762940444e-01
4.040601307168905088e-01 3.730521471931418920e-01
4.063956025796829352e-01 3.815332242159616416e-01
4.087445734947380283e-01 3.928629347526031435e-01
4.111071214867221824e-01 4.010955216206141261e-01
4.134833250312844322e-01 4.142654998254768905e-01
4.158732630576643108e-01 4.336009149148692954e-01
4.182770149513134750e-01 4.521692517002868783e-01
4.206946605565314856e-01 4.630524002195910427e-01
4.231262801791195738e-01 4.585651722066681479e-01
4.255719545890473410e-01 4.404614039715451512e-01
4.280317650231349469e-01 4.198691328817433233e-01
4.305057931877529498e-01 4.074338212215324884e-01
4.329941212615355806e-01 3.958232087707593272e-01
4.354968318981098929e-01 3.766390485582070125e-01
4.380140082288422887e-01 3.599203428381483882e-01
4.405457338655994204e-01 3.517334925638485599e-01
4.430920929035247480e-01 3.500131484051220432e-01
4.456531699238333033e-01 3.470960900660629567e-01
4.482290499966203323e-01 3.398607049932192425e-01
4.508198186836865351e-01 3.307421967037161847e-01
4.534255620413813470e-01 3.222632804648513649e-01
4.560463666234608748e-01 3.165494474268871206e-01
4.586823194839622087e-01 3.159231802106373110e-01
4.613335081800964965e-01 3.176157943086098112e-01
4.640000207751556194e-01 3.207532526110644100e-01
4.666819458414390720e-01 3.263705706323782318e-01
4.693793724631949438e-01 3.339891347265502852e-01
4.720923902395786631e-01 3.413336393891144294e-01
4.748210892876304490e-01 3.499551673689999531e-01
4.775655602452679171e-01 3.619961359574491166e-01
4.803258942742961168e-01 3.716980559147638474e-01
4.831021830634371073e-01 3.701927097595458238e-01
4.858945188313745223e-01 3.596459232758812963e-01
4.887029943298164536e-01 3.480814075494784721e-01
4.915277028465775411e-01 3.350745685332075507e-01
4.943687382086768833e-01 3.225827163595113012e-01
4.972261947854541564e-01 3.151784300075293754e-01
5.001001674917054940e-01 3.126877663688957809e-01
5.029907517908354109e-01 3.173824296414850532e-01
5.058980436980275996e-01 3.297547184363458506e-01
5.088221397834349347e-01 3.433507312109748688e-01
5.117631371753864622e-01 3.479676062611892773e-01
5.147211335636141527e-01 3.500999398939754759e-01
5.176962272024980827e-01 3.568905636027775996e-01
5.206885169143288250e-01 3.578902863125587586e-01
5.236981020925914887e-01 3.511050645636438761e-01
5.267250827052667450e-01 3.413556073593221329e-01
5.297695592981502832e-01 3.327816166264435105e-01
5.328316329981945820e-01 3.252955806148361551e-01
5.359114055168668900e-01 3.204579454705670516e-01
5.390089791535270791e-01 3.246678728759497812e-01
5.421244567988269258e-01 3.340784471300178304e-01
5.452579419381275994e-01 3.511443188054904074e-01
5.484095386549359130e-01 3.670883834777323163e-01
5.515793516343632241e-01 3.693067883380537486e-01
5.547674861666017643e-01 3.654605928984056007e-01
5.579740481504216199e-01 3.607140708108996785e-01
5.611991440966896949e-01 3.571156452647419877e-01
5.644428811319066597e-01 3.408892381557318552e-01
5.677053670017649933e-01 3.207734199279764220e-01
5.709867100747291202e-01 3.066746647531836678e-01
5.742870193456336425e-01 2.987431471162163010e-01
5.776064044393048880e-01 2.920346331976988452e-01
5.809449756142023302e-01 2.812382761672482245e-01
5.843028437660793273e-01 2.682861770111670818e-01
5.876801204316687288e-01 2.617742944325417431e-01
5.910769177923870243e-01 2.591727105508920825e-01
5.944933486780595855e-01 2.554694869829237103e-01
5.979295265706701112e-01 2.514803196715957312e-01
6.013855656081297241e-01 2.482409443926036630e-01
6.048615805880666052e-01 2.491952906393328226e-01
6.083576869716416091e-01 2.558026078426310357e-01
6.118740008873820857e-01 2.618200310262528974e-01
6.154106391350390171e-01 2.665103727309324766e-01
6.189677191894675801e-01 2.727532377071779091e-01
6.225453592045292472e-01 2.808248461705519228e-01
6.261436780170150929e-01 2.871764706058586025e-01
6.297627951505950783e-01 2.892349774535205031e-01
6.334028308197864332e-01 2.897614884771876897e-01
6.370639059339481269e-01 2.861040015029304717e-01
6.407461421012968783e-01 2.783892825227672341e-01
6.444496616329448146e-01 2.740994061110547664e-01
6.481745875469649976e-01 2.742078054394568309e-01
6.519210435724759334e-01 2.794066516348464591e-01
6.556891541537508417e-01 2.868066164189186362e-01
6.594790444543533470e-01 2.858083342317739861e-01
6.632908403612935988e-01 2.793508313826792988e-01
6.671246684892090384e-01 2.758773711752441904e-01
6.709806561845721440e-01 2.767283599227993163e-01
6.748589315299192704e-01 2.833929379009013094e-01
6.787596233481042463e-01 2.879338253820364901e-01
6.826828612065795054e-01 2.941043040957941890e-01
6.866287754216984229e-01 3.068806594902134810e-01
6.905974970630435195e-01 3.210226303441033879e-01
6.945891579577818664e-01 3.303579372904105749e-01
6.986038906950429173e-01 3.266615562049658417e-01
7.026418286303216520e-01 3.182449425701328050e-01
7.067031058899108098e-01 3.155943809188396232e-01
7.107878573753529938e-01 3.220875367031895697e-01
7.148962187679240854e-01 3.382332745445515432e-01
7.190283265331394169e-01 3.501114640750680462e-01
7.231843179252852583e-01 3.483579878957003828e-01
7.273643309919801681e-01 3.332026093669817612e-01
7.315685045787596597e-01 3.101985432528987507e-01
7.357969783336865133e-01 2.909866529795924750e-01
7.400498927119919523e-01 2.823175877527000499e-01
7.443273889807401344e-01 2.906488504213162738e-01
7.486296092235191768e-01 3.148265823535466024e-01
7.529566963451627126e-01 3.348322005996042794e-01
7.573087940764960946e-01 3.352693992198039208e-01
7.616860469791092436e-01 3.216633027867190076e-01
7.660886004501606950e-01 3.020552687883552578e-01
7.705166007272060691e-01 2.872492169990055189e-01
7.749701948930545203e-01 2.816736741341522299e-01
7.794495308806568268e-01 2.771353075676309952e-01
7.839547574780165728e-01 2.644086502041734232e-01
7.884860243331343055e-01 2.545763629482488133e-01
7.930434819589780027e-01 2.492752396456625885e-01
7.976272817384808533e-01 2.476409667144712778e-01
8.022375759295721220e-01 2.447941338539451339e-01
8.068745176702336597e-01 2.436935745596038871e-01
8.115382609835852801e-01 2.430053648699814217e-01
8.162289607830032212e-01 2.424770531930185158e-01
8.209467728772645856e-01 2.450689135468712976e-01
8.256918539757219788e-01 2.499810957375830367e-01
8.304643616935105666e-01 2.550567772475457184e-01
8.352644545567829981e-01 2.528992344686195048e-01
8.400922920079733069e-01 2.393349131919950967e-01
8.449480344110958940e-01 2.271967093255772840e-01
8.498318430570707127e-01 2.203736738574523513e-01
8.547438801690798726e-01 2.218095147954558533e-01
8.596843089079587719e-01 2.305833780441589043e-01
8.646532933776126528e-01 2.431288896860674953e-01
8.696509986304700179e-01 2.476661758606112651e-01
8.746775906729644667e-01 2.419231722392564399e-01
8.797332364710471753e-01 2.345260885004574192e-01
8.848181039557355687e-01 2.272287609542410214e-01
8.899323620286901937e-01 2.263410388794533379e-01
8.950761805678236760e-01 2.250481698131296115e-01
9.002497304329459826e-01 2.182805944665127118e-01
9.054531834714387717e-01 2.111543289833893167e-01
9.106867125239620497e-01 2.102543624661907251e-01
9.159504914301977996e-01 2.162973549266117290e-01
9.212446950346235841e-01 2.233912086504122874e-01
9.265694991923183466e-01 2.325745404585610188e-01
9.319250807748065135e-01 2.411888658252636930e-01
9.373116176759319629e-01 2.406753195053256411e-01
9.427292888177655206e-01 2.357008347105822021e-01
9.481782741565508710e-01 2.333747507831769596e-01
9.536587546886805544e-01 2.359061091862937332e-01
9.591709124567069367e-01 2.362629986695045370e-01
9.647149305553922582e-01 2.282630562072999747e-01
9.702909931377862174e-01 2.184783061983822661e-01
9.758992854213467405e-01 2.114330701135660462e-01
9.815399936940907288e-01 2.110401675644409392e-01
9.872133053207802211e-01 2.134141488695121824e-01
9.929194087491489684e-01 2.120834660839784891e-01
9.986584935161608723e-01 2.077179622338459763e-01
1.004430750254303728e+00 2.086002823487465296e-01
1.010236370697924935e+00 2.096100887169837224e-01
1.016075547689597958e+00 2.106829179505710081e-01
1.021948475186527761e+00 2.160845177070581657e-01
1.027855348266994762e+00 2.233641988509765530e-01
1.033796363136834096e+00 2.324477744665426615e-01
1.039771717135951290e+00 2.362968509514639937e-01
1.045781608744880131e+00 2.361347921548495876e-01
1.051826237591374280e+00 2.351761243402107071e-01
1.057905804457035748e+00 2.327383999084711164e-01
1.064020511283988890e+00 2.291702253376814158e-01
1.070170561181583713e+00 2.270083609908454536e-01
1.076356158433145582e+00 2.288900436848680942e-01
1.082577508502760022e+00 2.246296979872053623e-01
1.088834818042095476e+00 2.125660411672302130e-01
1.095128294897270704e+00 2.043348948218557948e-01
1.101458148115757263e+00 2.048333156541098377e-01
1.107824587953321727e+00 2.108089636812710832e-01
1.114227825881013212e+00 2.161497013563630498e-01
1.120668074592185315e+00 2.142662180090447177e-01
1.127145548009560017e+00 2.123431202892206437e-01
1.133660461292336441e+00 2.147700408011858908e-01
1.140213030843336250e+00 2.201525536327385013e-01
1.146803474316190341e+00 2.249041175494723988e-01
1.153432010622570836e+00 2.146169852710500814e-01
1.160098859939462601e+00 1.976220593354286459e-01
1.166804243716473621e+00 1.985285082044917770e-01
1.173548384683194445e+00 2.094069750252270379e-01
1.180331506856595603e+00 2.169535129875704571e-01
1.187153835548465874e+00 2.143724565534919357e-01
1.194015597372901416e+00 2.101059886346237637e-01
1.200917020253827294e+00 2.099125984706639303e-01
1.207858333432573428e+00 2.028806872202360279e-01
1.214839767475487387e+00 1.927660575275432220e-01
1.221861554281590267e+00 1.907136729010867615e-01
1.228923927090283863e+00 1.896397632755220941e-01
1.236027120489096909e+00 1.948108794101576779e-01
1.243171370421473965e+00 2.013025946718710046e-01
1.250356914194617142e+00 2.012071600471980748e-01
1.257583990487367132e+00 1.947691042536970896e-01
1.264852839358128644e+00 1.795615067794027742e-01
1.272163702252848472e+00 1.706968906045956691e-01
1.279516822013033517e+00 1.687042876675569347e-01
1.286912442883815677e+00 1.674182610837569862e-01
1.294350810522067352e+00 1.635839499558605359e-01
1.301832172004561583e+00 1.591230114810550933e-01
1.309356775836174380e+00 1.628161513905674596e-01
1.316924871958146337e+00 1.763768713606004290e-01
1.324536711756377994e+00 1.797109610029471727e-01
1.332192548069784932e+00 1.695023372082180568e-01
1.339892635198694837e+00 1.559704276909165133e-01
1.347637228913291185e+00 1.450771955131563984e-01
1.355426586462114891e+00 1.409609020791508793e-01
1.363260966580605249e+00 1.418190934398888825e-01
1.371140629499693731e+00 1.494909568716140669e-01
1.379065836954451285e+00 1.598418322767047040e-01
1.387036852192779834e+00 1.642991694449187079e-01
1.395053939984155722e+00 1.606841778884403882e-01
1.403117366628427343e+00 1.625233651646841582e-01
1.411227399964658957e+00 1.727996935233321596e-01
1.419384309380025577e+00 1.856253868180541000e-01
1.427588365818764915e+00 1.970995097490119974e-01
1.435839841791175742e+00 2.025050709427497486e-01
1.444139011382666204e+00 1.930934162967043177e-01
1.452486150262864761e+00 1.757073884652534390e-01
1.460881535694769973e+00 1.675435865531388069e-01
1.469325446543965796e+00 1.595890205539862716e-01
1.477818163287882181e+00 1.528653811477848068e-01
1.486359968025109168e+00 1.515181323519305123e-01
1.494951144484772509e+00 1.595800172875076750e-01
1.503591978035954568e+00 1.741170514744775910e-01
1.512282755697172298e+00 1.905008356815331982e-01
1.521023766145914724e+00 2.059608847478868188e-01
1.529815299728230382e+00 2.095304998413131115e-01
1.538657648468367833e+00 2.023538160659096585e-01
1.547551106078482119e+00 2.035411668491044213e-01
1.556495967968387184e+00 2.032635061109051289e-01
1.565492531255366693e+00 2.060750461668351685e-01
1.574541094774047689e+00 2.161986791260065155e-01
1.583641959086324214e+00 2.199512405942775084e-01
1.592795426491339539e+00 2.169671979526178740e-01
1.602001801035530804e+00 2.070758492685938479e-01
1.611261388522727822e+00 1.915563786434816007e-01
1.620574496524306296e+00 1.802165844483840373e-01
1.629941434389411858e+00 1.764780680758196441e-01
1.639362513255227638e+00 1.805014477997662348e-01
1.648838046057315765e+00 1.775721450182963512e-01
1.658368347540009280e+00 1.689001987461307974e-01
1.667953734266863997e+00 1.678997557750313008e-01
1.677594524631179640e+00 1.699503397481920419e-01
1.687291038866571835e+00 1.719256564135918652e-01
1.697043599057607821e+00 1.718305819195781181e-01
1.706852529150509445e+00 1.683164269476598307e-01
1.716718154963911225e+00 1.664279017711134956e-01
1.726640804199680579e+00 1.588709200196549431e-01
1.736620806453807120e+00 1.500581626597644325e-01
1.746658493227349673e+00 1.416707196083219211e-01
1.756754197937443251e+00 1.400115976616497226e-01
1.766908255928380411e+00 1.434216748730756108e-01
1.777121004482747679e+00 1.512872885994197836e-01
1.787392782832625482e+00 1.589796794787161627e-01
1.797723932170862682e+00 1.625204841194109739e-01
1.808114795662403074e+00 1.651670843334535621e-01
1.818565718455690483e+00 1.629746088805904269e-01
1.829077047694130043e+00 1.558710316289930176e-01
1.839649132527616748e+00 1.558051277183698236e-01
1.850282324124138622e+00 1.539011169234803245e-01
1.860976975681438272e+00 1.469369102369712798e-01
1.871733442438742401e+00 1.435599650461865662e-01
1.882552081688566581e+00 1.440573054864631719e-01
1.893433252788581767e+00 1.495327320280746830e-01
1.904377317173546302e+00 1.598357100554992916e-01
1.915384638367318981e+00 1.665265775717187091e-01
1.926455581994929611e+00 1.612045666909021624e-01
1.937590515794722412e+00 1.584484867564801003e-01
1.948789809630575354e+00 1.585457220344487217e-01
1.960053835504184105e+00 1.587466749422505874e-01
1.971382967567415045e+00 1.584546089776855404e-01
1.982777582134739092e+00 1.438527512720698953e-01
1.994238057695728816e+00 1.352492298251415093e-01
2.005764774927627947e+00 1.274560023612850979e-01
2.017358116708002580e+00 1.262225548537200259e-01
2.029018468127450348e+00 1.258541411894166240e-01
2.040746216502401289e+00 1.257140503630099770e-01
2.052541751387976898e+00 1.290337347789909661e-01
2.064405464590929995e+00 1.254630392935872640e-01
2.076337750182662312e+00 1.154928219952108676e-01
2.088339004512313135e+00 1.056994288504737173e-01
2.100409626219920778e+00 1.001321689907807289e-01
2.112550016249669760e+00 9.941947041633655835e-02
2.124760577863207711e+00 9.994958274659519748e-02
2.137041716653034662e+00 1.033596599580210856e-01
2.149393840555982482e+00 1.016432772365451348e-01
2.161817359866763155e+00 9.366638313652574099e-02
2.174312687251592546e+00 9.199033504887380031e-02
2.186880237761905654e+00 9.002042034336110721e-02
2.199520428848138476e+00 8.719051362381471937e-02
2.212233680373592026e+00 8.620015431117124260e-02
2.225020414628386511e+00 8.632259873527989291e-02
2.237881056343477670e+00 9.268502709036083309e-02
2.250816032704775704e+00 9.289174208870895622e-02
2.263825773367328598e+00 8.619727326589808614e-02
2.276910710469592924e+00 8.574638968065094458e-02
2.290071278647793029e+00 8.628874645332043625e-02
2.303307915050354371e+00 8.651166733133000553e-02
2.316621059352423018e+00 8.947842370135077050e-02
2.330011153770474852e+00 8.932896947780638586e-02
2.343478643077001600e+00 9.192659192220546671e-02
2.357023974615280792e+00 9.286113098268178323e-02
2.370647598314243876e+00 8.884387347994064654e-02
2.384349966703414481e+00 9.003950726829569595e-02
2.398131534927939956e+00 9.091966659924140270e-02
2.411992760763713051e+00 8.898612509030216777e-02
2.425934104632577970e+00 8.636581441437705953e-02
2.439956029617617261e+00 8.683686531653621310e-02
2.454059001478542612e+00 8.637589807283306553e-02
2.468243488667162033e+00 8.392628932934177721e-02
2.482509962342935861e+00 8.528938387419836287e-02
2.496858896388636673e+00 8.804366315532470566e-02
2.511290767426078485e+00 8.711236527078067282e-02
2.525806054831960523e+00 8.772674817527879865e-02
2.540405240753779381e+00 8.975824522350493717e-02
2.555088810125852206e+00 8.970638640858834278e-02
2.569857250685421590e+00 8.976760862064267488e-02
2.584711052988855506e+00 8.975752496218666887e-02
2.599650710427946265e+00 8.978957659085040621e-02
2.614676719246288084e+00 8.882190550973291521e-02
2.629789578555775442e+00 8.355931618767498126e-02
2.644989790353173831e+00 7.697972904513075698e-02
2.660277859536794409e+00 7.456865428216778724e-02
2.675654293923265481e+00 7.638227228161237337e-02
2.691119604264405218e+00 7.910017836616525799e-02
2.706674304264172548e+00 7.719184600336603808e-02
2.722318910595750374e+00 7.821173603005925068e-02
2.738053942918694972e+00 7.820741446214954373e-02
2.753879923896200843e+00 7.206358541716846589e-02
2.769797379212459720e+00 6.799122792357842338e-02
2.785806837590128815e+00 6.612683150119465225e-02
2.801908830807877226e+00 6.560572243741460974e-02
2.818103893718070019e+00 6.444718210695130067e-02
2.834392564264522019e+00 6.233069422316736552e-02
2.850775383500368410e+00 6.132052772427101089e-02
2.867252895606037466e+00 6.163960348827177832e-02
2.883825647907329426e+00 6.418752790170913214e-02
2.900494190893583735e+00 6.486925523946698857e-02
2.917259078235983960e+00 6.354577506711614476e-02
2.934120866805935979e+00 6.731778359098085363e-02
2.951080116693567401e+00 6.758211949479188407e-02
2.968137391226336685e+00 6.175304464590185283e-02
2.985293256987731514e+00 5.804513937936462559e-02
3.002548283836107057e+00 5.920728101641936636e-02
3.019903044923603730e+00 6.485412975178299344e-02
3.037358116715186629e+00 6.587437990913536101e-02
3.054914079007794214e+00 6.326523328364368204e-02
3.072571514949601568e+00 6.674697649623904938e-02
3.090331011059376021e+00 7.392726157823394095e-02
3.108193157245980220e+00 7.024348506585929852e-02
3.126158546827951579e+00 6.912744015317487389e-02
3.144227776553216724e+00 7.806912428903860224e-02
3.162401446618910317e+00 8.406926120102159450e-02
3.180680160691316427e+00 7.699953623138362790e-02
3.199064525925907621e+00 7.090144378011371817e-02
3.217555152987530587e+00 7.035044387162479873e-02
3.236152656070678812e+00 6.987579166287420651e-02
3.254857652919894928e+00 6.995898184513625606e-02
3.273670764850296955e+00 6.830202068241890412e-02
3.292592616768199143e+00 6.800707367258072844e-02
3.311623837191892683e+00 6.769015869253480755e-02
3.330765058272506351e+00 6.781080246334773853e-02
3.350016915815009710e+00 6.861497422521425915e-02
3.369380049299332214e+00 6.686077778452827192e-02
3.388855101901607103e+00 6.592011650284652913e-02
3.408442720515521884e+00 6.749064630736953396e-02
3.428143555773827789e+00 6.652045431163805533e-02
3.447958262069935831e+00 7.047180790375601189e-02
3.467887497579658529e+00 7.025392885497444562e-02
3.487931924283071528e+00 6.621578377400300086e-02
3.508092207986506228e+00 6.725728164024481759e-02
3.528369018344649444e+00 6.954987341634971676e-02
3.548763028882812254e+00 6.987147009496448569e-02
3.569274917019284565e+00 7.066447780639756315e-02
3.589905364087840223e+00 6.924700353201036773e-02
3.610655055360374899e+00 7.156336393161871756e-02
3.631524680069651456e+00 6.815472724282939376e-02
3.652514931432215839e+00 6.671672552087104524e-02
3.673626506671410219e+00 6.749748878989325629e-02
3.694860107040534913e+00 6.414071091602052688e-02
3.716216437846141751e+00 6.508677415758941376e-02
3.737696208471465109e+00 6.251039942207976818e-02
3.759300132399972405e+00 6.113866174140374782e-02
3.781028927239082016e+00 6.536191398117474627e-02
3.802883314743989107e+00 7.228974747111031884e-02
3.824864020841640233e+00 7.396759621205797886e-02
3.846971775654848713e+00 6.421201678653086498e-02
3.869207313526548564e+00 5.803505572090861264e-02
3.891571373044171445e+00 6.241676545070257154e-02
3.914064697064205678e+00 6.215098902425496286e-02
3.936688032736852527e+00 6.237318964094624996e-02
3.959442131530850340e+00 6.582468187817361316e-02
3.982327749258438132e+00 6.503527547333196046e-02
4.005345646100446189e+00 6.433770238657179896e-02
4.028496586631570509e+00 6.650712947724975177e-02
4.051781339845751617e+00 6.279526277346195173e-02
4.075200679181723906e+00 6.425199128969574791e-02
4.098755382548707082e+00 7.220871807280312971e-02
4.122446232352245943e+00 7.220079519830197023e-02
4.146274015520188705e+00 7.383362760685674431e-02
4.170239523528843861e+00 7.771583611241922318e-02
4.194343552429258715e+00 8.124799761729462055e-02
4.218586902873665778e+00 8.143598582136732378e-02
4.242970380142073950e+00 7.882287775862507895e-02
4.267494794169023997e+00 7.476960718996962518e-02
4.292160959570472833e+00 7.220295598225684452e-02
4.316969695670882068e+00 7.046100398398172371e-02
4.341921826530410478e+00 6.389870311307636885e-02
4.367018180972294772e+00 6.897258396974334516e-02
4.392259592610382235e+00 7.457873794062377937e-02
4.417646899876805477e+00 6.666954840452328501e-02
4.443180946049855251e+00 6.887931012902527572e-02
4.468862579281975833e+00 7.064611114278127046e-02
4.494692652627942486e+00 7.530980317868425644e-02
4.520672024073195239e+00 7.267976897496228328e-02
4.546801556562344082e+00 6.431069258713606462e-02
4.573082118027814502e+00 6.504175782519652782e-02
4.599514581418703507e+00 6.759724498247587920e-02
4.626099824729760002e+00 6.311649932141757957e-02
4.652838731030551678e+00 6.127623165319640713e-02
4.679732188494796219e+00 5.890441113208003121e-02
4.706781090429870140e+00 6.179481980236245509e-02
4.733986335306464177e+00 6.513287088195973684e-02
4.761348826788450062e+00 6.874930296107463479e-02
4.788869473762884077e+00 6.350616069461040292e-02
4.816549190370198019e+00 6.038022657324840226e-02
4.844388896034566017e+00 6.177573287742787328e-02
4.872389515494448098e+00 5.992862272668297158e-02
4.900551978833287414e+00 5.910464377856358698e-02
4.928877221510434836e+00 6.304807449618039794e-02
4.957366184392200559e+00 5.837609945511711834e-02
4.986019813783113541e+00 5.731083296537187177e-02
5.014839061457356806e+00 6.151823945614056516e-02
5.043824884690362609e+00 5.563946657628879300e-02
5.072978246290641202e+00 5.404120671101177165e-02
5.102300114631742822e+00 5.356979567819347005e-02
5.131791463684423960e+00 5.156962999731275893e-02
5.161453273049005475e+00 5.243718475518845817e-02
5.191286527987911903e+00 4.813542403172427903e-02
5.221292219458380401e+00 4.636322105808114019e-02
5.251471344145405951e+00 5.162509011882079890e-02
5.281824904494829553e+00 5.352405908448229499e-02
5.312353908746639597e+00 5.387194530121452302e-02
5.343059370968462396e+00 5.897247582665807175e-02
5.373942311089249912e+00 5.488031114681516526e-02
5.405003754933139781e+00 5.523864115266253344e-02
5.436244734253559585e+00 5.441394194322486666e-02
5.467666286767478567e+00 5.493397061502748591e-02
5.499269456189878724e+00 5.962575284234363643e-02
5.531055292268432844e+00 5.364434272463608488e-02
5.563024850818350409e+00 5.069487262625420321e-02
5.595179193757479297e+00 4.903899185551427453e-02
5.627519389141558470e+00 4.957018457775032999e-02
5.660046511199702479e+00 4.654940860885811021e-02
5.692761640370078702e+00 4.725490457011942425e-02
5.725665863335805739e+00 4.644317006441089912e-02
5.758760273061025892e+00 4.021723122914520193e-02
5.792045968827241431e+00 4.160013296025465851e-02
5.825524056269808071e+00 4.533144671963618838e-02
5.859195647414667363e+00 4.951040288833258307e-02
5.893061860715279821e+00 5.091167128305833928e-02
5.927123821089786304e+00 4.646153672802719875e-02
5.961382659958350594e+00 4.823914166155748168e-02
5.995839515280771082e+00 5.072512360162222123e-02
6.030495531594262104e+00 4.539807089157765763e-02
6.065351860051475086e+00 4.636898314862742537e-02
6.100409658458743500e+00 6.027038672220976639e-02
6.135670091314512575e+00 6.579767207873787882e-02
6.171134329848062094e+00 6.649236412022489773e-02
6.206803552058381079e+00 5.871282162141591016e-02
6.242678942753306259e+00 5.867932947011559458e-02
6.278761693588877257e+00 5.291507813987133407e-02
6.315053003108923591e+00 4.305542095385186951e-02
6.351554076784851510e+00 3.930502026953575784e-02
6.388266127055725718e+00 3.992552539523930299e-02
6.425190373368511843e+00 4.375371430193032013e-02
6.462328042218596025e+00 4.175282835973132683e-02
6.499680367190518560e+00 4.068792200064521442e-02
6.537248588998957999e+00 4.251090339722753131e-02
6.575033955529916874e+00 4.487480104384275470e-02
6.613037721882214726e+00 4.700389350069669042e-02
6.651261150409145451e+00 4.871451413162635607e-02
6.689705510760421525e+00 5.662694484365914105e-02
6.728372079924347382e+00 5.706558398649543007e-02
6.767262142270216607e+00 5.455727394556381810e-02
6.806376989591010229e+00 5.252901807326994243e-02
6.845717921146279750e+00 5.173997179908744470e-02
6.885286243705309062e+00 4.697436278664696152e-02
6.925083271590525058e+00 4.927343691461642805e-02
6.965110326721157818e+00 5.106328629055757740e-02
7.005368738657123728e+00 4.542147938442196026e-02
7.045859844643230119e+00 4.161849962387095814e-02
7.086584989653569089e+00 4.213816816501442936e-02
7.127545526436194656e+00 4.201680413288320926e-02
7.168742815558059256e+00 4.147300683757714629e-02
7.210178225450215805e+00 4.356824701247163228e-02
7.251853132453240036e+00 4.246408641153892605e-02
7.293768920862992111e+00 4.175895058093676004e-02
7.335926982976571864e+00 4.072393506655952455e-02
7.378328719138569802e+00 3.595566108724138066e-02
7.420975537787583676e+00 3.244935696369245087e-02
7.463868855503007715e+00 3.316432436128922273e-02
7.507010097052058128e+00 3.369760584134830900e-02
7.550400695437144982e+00 3.263464418782156817e-02
7.594042091943437711e+00 3.168343107782693041e-02
7.637935736186750368e+00 2.987968065844286147e-02
7.682083086161699548e+00 3.103559203509442810e-02
7.726485608290103890e+00 3.167561624252352576e-02
7.771144777469737974e+00 3.104185830856352052e-02
7.816062077123293150e+00 2.948803856662475173e-02
7.861238999247660786e+00 2.805741952317883370e-02
7.906677044463489068e+00 2.795471025919122818e-02
7.952377722065040011e+00 6.709558297428956652e-02
7.998342550070284496e+00 4.620584396003560301e-02
