2.511886431509579437e-02 1.864606985258536298e+00
2.526405161860213050e-02 1.841355658160651387e+00
2.541007810627042562e-02 1.829382441142383575e+00
2.555694862859406516e-02 1.808703009717508525e+00
2.570466806410236227e-02 1.780777088457194068e+00
2.585324131952258450e-02 1.745326634585980141e+00
2.600267332994290678e-02 1.707151361515252930e+00
2.615296905897638788e-02 1.668220159648742484e+00
2.630413349892583852e-02 1.630152628153506367e+00
2.645617167094958117e-02 1.593640398433502137e+00
2.660908862522835469e-02 1.559048401631522252e+00
2.676288944113292337e-02 1.527330672020865476e+00
2.691757922739292791e-02 1.499543772148281384e+00
2.707316312226650673e-02 1.474829244944535933e+00
2.722964629371095457e-02 1.452026261822081388e+00
2.738703393955444973e-02 1.430749038429966147e+00
2.754533128766867636e-02 1.410695203249877405e+00
2.770454359614242176e-02 1.391706619453271676e+00
2.786467615345633933e-02 1.373670332162618246e+00
2.802573427865854422e-02 1.356871335222763708e+00
2.818772332154127064e-02 1.341396517001040012e+00
2.835064866281864979e-02 1.326917439468934479e+00
2.851451571430539678e-02 1.313234259381584446e+00
2.867932991909653145e-02 1.300242710698192194e+00
2.884509675174826843e-02 1.287880233794279627e+00
2.901182171845980567e-02 1.276101646718834193e+00
2.917951035725619563e-02 1.264903473937162293e+00
2.934816823817239240e-02 1.254297879820690964e+00
2.951780096343814899e-02 1.244246633487793741e+00
2.968841416766421215e-02 1.234704552987458293e+00
2.986001351802944001e-02 1.225650785111525698e+00
3.003260471446899879e-02 1.217071427721222676e+00
3.020619348986378766e-02 1.208963005281855629e+00
3.038078561023081769e-02 1.201275122540372609e+00
3.055638687491469066e-02 1.193851380435577259e+00
3.073300311678033025e-02 1.186672663526656457e+00
3.091064020240668481e-02 1.179829335715634864e+00
3.108930403228154019e-02 1.173337036908632003e+00
3.126900054099761295e-02 1.167228784685234055e+00
3.144973569744963920e-02 1.161511530114827329e+00
3.163151550503255638e-02 1.155983692185203138e+00
3.181434600184106232e-02 1.150280339753569692e+00
3.199823326087009728e-02 1.144476196815831681e+00
3.218318339021652985e-02 1.138783270988277918e+00
3.236920253328214730e-02 1.133284975103546532e+00
3.255629686897762443e-02 1.128057770924888903e+00
3.274447261192782455e-02 1.123132938264544745e+00
3.293373601267822470e-02 1.117806681347129460e+00
3.312409335790250653e-02 1.111790530793102860e+00
3.331555097061136145e-02 1.105591914667680253e+00
3.350811521036261426e-02 1.099391560774911181e+00
3.370179247347232510e-02 1.093359770314764612e+00
3.389658919322740410e-02 1.087583431654572719e+00
3.409251184009919750e-02 1.081416095341389605e+00
3.428956692195841288e-02 1.074226951828388898e+00
3.448776098429136294e-02 1.066499100437933389e+00
3.468710061041735404e-02 1.058762560210744885e+00
3.488759242170727526e-02 1.051239765367191659e+00
3.508924307780367929e-02 1.044101017107243345e+00
3.529205927684192501e-02 1.036892758153429739e+00
3.549604775567258980e-02 1.028951161379339174e+00
3.570121529008542238e-02 1.020609878115523950e+00
3.590756869503420462e-02 1.012452798190451420e+00
3.611511482486330638e-02 1.004759702146928779e+00
3.632386057353523962e-02 9.977669263440970271e-01
3.653381287485973905e-02 9.911981657738426765e-01
3.674497870272393912e-02 9.847944931015177872e-01
3.695736507132423021e-02 9.789347416086877640e-01
3.717097903539903075e-02 9.739838424381441762e-01
3.738582769046329413e-02 9.701416388347493536e-01
3.760191817304411876e-02 9.675471521862334390e-01
3.781925766091774610e-02 9.661777915170904896e-01
3.803785337334809891e-02 9.660231302232406003e-01
3.825771257132654091e-02 9.671578923005887951e-01
3.847884255781295476e-02 9.696098820266811913e-01
3.870125067797849233e-02 9.734277568872231612e-01
3.892494431944945599e-02 9.780675957027202827e-01
3.914993091255265789e-02 9.821843665468823481e-01
3.937621793056233360e-02 9.856286214278994207e-01
3.960381288994833243e-02 9.891128449578887594e-01
3.983272335062570252e-02 9.929811150714830115e-01
4.006295691620595512e-02 9.976261671890200855e-01
4.029452123424955012e-02 1.003842160987908905e+00
4.052742399651988042e-02 1.012534473255742862e+00
4.076167293923887297e-02 1.023882094029224810e+00
4.099727584334383890e-02 1.038382024769489931e+00
4.123424053474603751e-02 1.056253224162214011e+00
4.147257488459059338e-02 1.081346584647524312e+00
4.171228680951784978e-02 1.116837007167711171e+00
4.195338427192649156e-02 1.162262245608570721e+00
4.219587528023795858e-02 1.218998611708633328e+00
4.243976788916238585e-02 1.288246902704418329e+00
4.268507019996626434e-02 1.348137316538610797e+00
4.293179036074151744e-02 1.373566066121820528e+00
4.317993656667604152e-02 1.373480915521835488e+00
4.342951706032609216e-02 1.358567396153072870e+00
4.368054013188996804e-02 1.340880400099091707e+00
4.393301411948334623e-02 1.324706999404023477e+00
4.418694740941636612e-02 1.310300908100475947e+00
4.444234843647213579e-02 1.300006374339050863e+00
4.469922568418681352e-02 1.293727820915683502e+00
4.495758768513159753e-02 1.289986407818392911e+00
4.521744302119593689e-02 1.276739407335046650e+00
4.547880032387276866e-02 1.252377646902666841e+00
4.574166827454511502e-02 1.227567542494856667e+00
4.600605560477452616e-02 1.207965526824891223e+00
4.627197109659098723e-02 1.201137838919989154e+00
4.653942358278480296e-02 1.209903137416381336e+00
4.680842194719982141e-02 1.230610373118802503e+00
4.707897512502866311e-02 1.260744996676681273e+00
4.735109210310945588e-02 1.299592785710553589e+00
4.762478192022426976e-02 1.342197627747835798e+00
4.790005366739954334e-02 1.384088247405653727e+00
4.817691648820784933e-02 1.426740009161295175e+00
4.845537957907175564e-02 1.470342329655542013e+00
4.873545218956924774e-02 1.509143198971055311e+00
4.901714362274099679e-02 1.538975451010620832e+00
4.930046323539925834e-02 1.567645136695291930e+00
4.958542043843887359e-02 1.603020866570600944e+00
4.987202469714965836e-02 1.646157465415951648e+00
5.016028553153097091e-02 1.681971112662610901e+00
5.045021251660784106e-02 1.700570436573572097e+00
5.074181528274907677e-02 1.709356588278124089e+00
5.103510351598705003e-02 1.716896760795143750e+00
5.133008695833959217e-02 1.728416420535941578e+00
5.162677540813340182e-02 1.741816344545791262e+00
5.192517872032970105e-02 1.756795899073725797e+00
5.222530680685147364e-02 1.771758075928194121e+00
5.252716963691266006e-02 1.776293648702893524e+00
5.283077723734942721e-02 1.766840194337236492e+00
5.313613969295318679e-02 1.750453048258533206e+00
5.344326714680543849e-02 1.728452913650220690e+00
5.375216980061491706e-02 1.699157631720763284e+00
5.406285791505632127e-02 1.663868790212785553e+00
5.437534181011107609e-02 1.627208850268318185e+00
5.468963186541032917e-02 1.591026796344173544e+00
5.500573852057948770e-02 1.557479197717517083e+00
5.532367227558519784e-02 1.527096073429070833e+00
5.564344369108398941e-02 1.499738402091103762e+00
5.596506338877313413e-02 1.475508711977067344e+00
5.628854205174332881e-02 1.453779669074829028e+00
5.661389042483377931e-02 1.433774491380445770e+00
5.694111931498885282e-02 1.415288122347015509e+00
5.727023959161724881e-02 1.396831295358478053e+00
5.760126218695296035e-02 1.376803526688588741e+00
5.793419809641841417e-02 1.355776541794388113e+00
5.826905837898961604e-02 1.334560140259404948e+00
5.860585415756369709e-02 1.314019730222260263e+00
5.894459661932811845e-02 1.295065901772586958e+00
5.928529701613251268e-02 1.278242576089880123e+00
5.962796666486229469e-02 1.264128429700566159e+00
5.997261694781454155e-02 1.252707822698525986e+00
6.031925931307623168e-02 1.243515033434863026e+00
6.066790527490428103e-02 1.236199032905558770e+00
6.101856641410823012e-02 1.230803265294278193e+00
6.137125437843479747e-02 1.226995817037816128e+00
6.172598088295483398e-02 1.224323130858701925e+00
6.208275771045231733e-02 1.222552345932487849e+00
6.244159671181598315e-02 1.221361975300047531e+00
6.280250980643269088e-02 1.220573028924678338e+00
6.316550898258359303e-02 1.220109045043128448e+00
6.353060629784218483e-02 1.219698931949324550e+00
6.389781387947492119e-02 1.219316623133066102e+00
6.426714392484385308e-02 1.219188028349415642e+00
6.463860870181208085e-02 1.219641585626885627e+00
6.501222054915094251e-02 1.221005732993988735e+00
6.538799187695008841e-02 1.223315225797657391e+00
6.576593516702965159e-02 1.227150478331665795e+00
6.614606297335466623e-02 1.233107544795907229e+00
6.652838792245242827e-02 1.241109963427129648e+00
6.691292271383147972e-02 1.251070845858002212e+00
6.729968012040381253e-02 1.263127475708908376e+00
6.768867298890894613e-02 1.277267688608421770e+00
6.807991424034069705e-02 1.292280260715942264e+00
6.847341687037629410e-02 1.304766119101465449e+00
6.886919394980822728e-02 1.314240426675282070e+00
6.926725862497820629e-02 1.319931614735489367e+00
6.966762411821400547e-02 1.311428719108437724e+00
7.007030372826857090e-02 1.288406777300307837e+00
7.047531083076181979e-02 1.256713376432504026e+00
7.088265887862478520e-02 1.210860647224373698e+00
7.129236140254673060e-02 1.155265994271045926e+00
7.170443201142430445e-02 1.098070857591473715e+00
7.211888439281383123e-02 1.041073826389417034e+00
7.253573231338585059e-02 9.867477435991278689e-01
7.295498961938230720e-02 9.369780867916978062e-01
7.337667023707672431e-02 8.923192037507009511e-01
7.380078817323644513e-02 8.524774117945574936e-01
7.422735751558823258e-02 8.170617132702757690e-01
7.465639243328600627e-02 7.856029109942664901e-01
7.508790717738160481e-02 7.574997374645960901e-01
7.552191608129793510e-02 7.323490306568468666e-01
7.595843356130543844e-02 7.097198242690551107e-01
7.639747411700059665e-02 6.892993201788276680e-01
7.683905233178781047e-02 6.709363326270081362e-01
7.728318287336367887e-02 6.544084273932277984e-01
7.772988049420428980e-02 6.395904852285296815e-01
7.817916003205507836e-02 6.265363769206588884e-01
7.863103641042397396e-02 6.151348853594317267e-01
7.908552463907676799e-02 6.053130243162894164e-01
7.954263981453599253e-02 5.971142379748977103e-01
8.000239712058217212e-02 5.904220959230328525e-01
8.046481182875830918e-02 5.850715102627647157e-01
8.092989929887701994e-02 5.808400467737252493e-01
8.139767497953076525e-02 5.775417643498249598e-01
8.186815440860513438e-02 5.745910353952503602e-01
8.234135321379483508e-02 5.716437819753690253e-01
8.281728711312283386e-02 5.686982663228342672e-01
8.329597191546232737e-02 5.655772361682901428e-01
8.377742352106211376e-02 5.624874858259854005e-01
8.426165792207447602e-02 5.598339150876840975e-01
8.474869120308657633e-02 5.578094161288623676e-01
8.523853954165466762e-02 5.565564858719433960e-01
8.573121920884146929e-02 5.562767053291364228e-01
8.622674656975649887e-02 5.568901372024961383e-01
8.672513808409994251e-02 5.585392784144461720e-01
8.722641030670905127e-02 5.612328178017197411e-01
8.773057988810836760e-02 5.649533776908506333e-01
8.823766357506258873e-02 5.698486683063022085e-01
8.874767821113291322e-02 5.757779304929974140e-01
8.926064073723644077e-02 5.824335794305831593e-01
8.977656819220893036e-02 5.897617443313141194e-01
9.029547771337091688e-02 5.963027006240224637e-01
9.081738653709675591e-02 6.013926211822963053e-01
9.134231199938727674e-02 6.055476229080841710e-01
9.187027153644546085e-02 6.089745001156349202e-01
9.240128268525588107e-02 6.132320301148738162e-01
9.293536308416693037e-02 6.193507089423515577e-01
9.347253047347692245e-02 6.281472872509832328e-01
9.401280269602330097e-02 6.399345631631619957e-01
9.455619769777530437e-02 6.556092246297479109e-01
9.510273352842993355e-02 6.817139657107958994e-01
9.565242834201181932e-02 7.295529629961221563e-01
9.620530039747586526e-02 7.894694433405141654e-01
9.676136805931405405e-02 8.061606987048773876e-01
9.732064979816532069e-02 7.521248230614752117e-01
9.788316419142908953e-02 6.911934865866524724e-01
9.844892992388228070e-02 6.476936943658566648e-01
9.901796578830000806e-02 6.217470901133518302e-01
9.959029068607995472e-02 6.075460553567065825e-01
1.001659236278700377e-01 5.930513379184811917e-01
1.007448837341998471e-01 5.712718997631905937e-01
1.013271902361159299e-01 5.416499175725671966e-01
1.019128624758204177e-01 5.063854048074422076e-01
1.025019199073136378e-01 4.729281700828105173e-01
1.030943820970401520e-01 4.432019218513894021e-01
1.036902687245389171e-01 4.179069803538700834e-01
1.042895995830967204e-01 3.964820467372916490e-01
1.048923945804057928e-01 3.782215874589230920e-01
1.054986737392250712e-01 3.624861041352052116e-01
1.061084571980452224e-01 3.487699064682692196e-01
1.067217652117575799e-01 3.367271787561361140e-01
1.073386181523270227e-01 3.260903048274252924e-01
1.079590365094685589e-01 3.166837701801271110e-01
1.085830408913279893e-01 3.083563890550850006e-01
1.092106520251663743e-01 3.010125842482344605e-01
1.098418907580486492e-01 2.945567785555108786e-01
1.104767780575359459e-01 2.889611676993682488e-01
1.111153350123821049e-01 2.844377592960951606e-01
1.117575828332342536e-01 2.809066160477468044e-01
1.124035428533372433e-01 2.785727945012251849e-01
1.130532365292423180e-01 2.774258680524506193e-01
1.137066854415197809e-01 2.771026433259777821e-01
1.143639112954759340e-01 2.774588856320365782e-01
1.150249359218739331e-01 2.783590491175899628e-01
1.156897812776589568e-01 2.797145076479599091e-01
1.163584694466876512e-01 2.814922436435604580e-01
1.170310226404614878e-01 2.836453373860327587e-01
1.177074631988646730e-01 2.861737888753767001e-01
1.183878135909062629e-01 2.890497938340463313e-01
1.190720964154663303e-01 2.922716144946948535e-01
1.197603344020467531e-01 2.958583662981353890e-01
1.204525504115261381e-01 2.998569689627267332e-01
1.211487674369193246e-01 3.043473597864138624e-01
1.218490086041408849e-01 3.094338048099944949e-01
1.225532971727734816e-01 3.152275211436527114e-01
1.232616565368404721e-01 3.218779567791986707e-01
1.239741102255828148e-01 3.295449863125219925e-01
1.246906819042407494e-01 3.384301907558317501e-01
1.254113953748399735e-01 3.489280432968123735e-01
1.261362745769819826e-01 3.613252755476575873e-01
1.268653435886395453e-01 3.763534875612977726e-01
1.275986266269562852e-01 3.947129995784241507e-01
1.283361480490512463e-01 4.171944957417525468e-01
1.290779323528278288e-01 4.455009880509783748e-01
1.298240041777875831e-01 4.813771949221165580e-01
1.305743883058487209e-01 5.275844286689589380e-01
1.313291096621690413e-01 5.832711832916579464e-01
1.320881933159741561e-01 6.224196060764968230e-01
1.328516644813900749e-01 6.247986095740307722e-01
1.336195485182806453e-01 6.065190348548493704e-01
1.343918709330900185e-01 5.836673942466892306e-01
1.351686573796898327e-01 5.621677366342057169e-01
1.359499336602315311e-01 5.434763110538733955e-01
1.367357257260030934e-01 5.294212487543449308e-01
1.375260596782912625e-01 5.207271987191642859e-01
1.383209617692485738e-01 5.173159614177332832e-01
1.391204584027652402e-01 5.196341430581351561e-01
1.399245761353461737e-01 5.272438262690198885e-01
1.407333416769932510e-01 5.393664912790978594e-01
1.415467818920924381e-01 5.543529968764190352e-01
1.423649238003061035e-01 5.702518303307198000e-01
1.431877945774705507e-01 5.865242837645459062e-01
1.440154215564987683e-01 6.044754204552146293e-01
1.448478322282882313e-01 6.295131723854330286e-01
1.456850542426340045e-01 6.703507050311944271e-01
1.465271154091474515e-01 7.482652417846140658e-01
1.473740436981796631e-01 8.784796246021544519e-01
1.482258672417506584e-01 9.545295369926420914e-01
1.490826143344838317e-01 9.338483678004204647e-01
1.499443134345459228e-01 8.804137596589515224e-01
1.508109931645919832e-01 8.178332819721787494e-01
1.516826823127164214e-01 7.635054614145428964e-01
1.525594098334091819e-01 7.251737892826193299e-01
1.534412048485173929e-01 7.026001914499195866e-01
1.543280966482127869e-01 6.924029726599056911e-01
1.552201146919646169e-01 6.916817992110549929e-01
1.561172886095181789e-01 6.947228920676541408e-01
1.570196482018790252e-01 6.967665064672889930e-01
1.579272234423027277e-01 6.978074291079191527e-01
1.588400444772908315e-01 7.007772735033067635e-01
1.597581416275917487e-01 7.089204512896061239e-01
1.606815453892082024e-01 7.248262358132936400e-01
1.616102864344102497e-01 7.529102939021511398e-01
1.625443956127538836e-01 8.007232246772779671e-01
1.634839039521058524e-01 8.534279705331629939e-01
1.644288426596743347e-01 8.557739564511110952e-01
1.653792431230455828e-01 7.940832156458117463e-01
1.663351369112262834e-01 7.168655235983900642e-01
1.672965557756923849e-01 6.593054557760259504e-01
1.682635316514438095e-01 6.213109105093480578e-01
1.692360966580649384e-01 5.992673317173701220e-01
1.702142831007917856e-01 5.904898688495512360e-01
1.711981234715850009e-01 5.934927308245246946e-01
1.721876504502090899e-01 6.075425798220133178e-01
1.731828969053178791e-01 6.326220381685506711e-01
1.741838958955464201e-01 6.692785025783248853e-01
1.751906806706090836e-01 7.186484728960306212e-01
1.762032846724038426e-01 7.802888184482775769e-01
1.772217415361232173e-01 8.436356515349134888e-01
1.782460850913716033e-01 8.711584107708100211e-01
1.792763493632887617e-01 8.585196288587835234e-01
1.803125685736800821e-01 8.382868036419920399e-01
1.813547771421535060e-01 8.224574808815562355e-01
1.824030096872625850e-01 8.147748114421131671e-01
1.834573010276564775e-01 8.167037331968705072e-01
1.845176861832364401e-01 8.269600360766696800e-01
1.855842003763193415e-01 8.340553401529524624e-01
1.866568790328071992e-01 8.272537187582498230e-01
1.877357577833641822e-01 8.119526772711890272e-01
1.888208724646001924e-01 7.936279206009952958e-01
1.899122591202609955e-01 7.766673112979044502e-01
1.910099540024255971e-01 7.650868296999745466e-01
1.921139935727104175e-01 7.648365912020600454e-01
1.932244145034804905e-01 7.848765242433758393e-01
1.943412536790674328e-01 8.327919832919538079e-01
1.954645481969946030e-01 8.735130855254911175e-01
1.965943353692096995e-01 8.171764059151532811e-01
1.977306527233236300e-01 7.100639022036875359e-01
1.988735380038573475e-01 6.325386253359126520e-01
2.000230291734956534e-01 5.912996684330800168e-01
2.011791644143479663e-01 5.754390658604049413e-01
2.023419821292166965e-01 5.757171086358654488e-01
2.035115209428728922e-01 5.869622011358961444e-01
2.046878197033392410e-01 6.068005531650030315e-01
2.058709174831803157e-01 6.345718131314674881e-01
2.070608535808005912e-01 6.699440674720834599e-01
2.082576675217497619e-01 7.117547498319566346e-01
2.094613990600355524e-01 7.611142935455825764e-01
2.106720881794442723e-01 8.293651060844031697e-01
2.118897750948690872e-01 9.357964049959905939e-01
2.131145002536455058e-01 1.062029562822405904e+00
2.143463043368951104e-01 1.103331079349717081e+00
2.155852282608767823e-01 1.066704156984835672e+00
2.168313131783459469e-01 1.018568001483235896e+00
2.180846004799212312e-01 9.564045879596538846e-01
2.193451317954595303e-01 8.924860294159772112e-01
2.206129489954388734e-01 8.406327895599399191e-01
2.218880941923488948e-01 7.992530735020305643e-01
2.231706097420899648e-01 7.680306075851626169e-01
2.244605382453801201e-01 7.466074117359308149e-01
2.257579225491697927e-01 7.313063702488700191e-01
2.270628057480653939e-01 7.190898658020741241e-01
2.283752311857605299e-01 7.106408409627681388e-01
2.296952424564759343e-01 7.088040208773821460e-01
2.310228834064072811e-01 7.168151283453378930e-01
2.323581981351817149e-01 7.370931355131417062e-01
2.337012309973229007e-01 7.666351804058202379e-01
2.350520266037238737e-01 7.917580829360233441e-01
2.364106298231291869e-01 7.986657081388701673e-01
2.377770857836252472e-01 7.876117700469685845e-01
2.391514398741393099e-01 7.647792448796214559e-01
2.405337377459470793e-01 7.330615152689644587e-01
2.419240253141889951e-01 7.070593024613675004e-01
2.433223487593957901e-01 6.979516637976892479e-01
2.447287545290218747e-01 7.099822271383959826e-01
2.461432893389885190e-01 7.428277677570145343e-01
2.475660001752356676e-01 7.727521214659512916e-01
2.489969342952823017e-01 7.817085743704728085e-01
2.504361392297964617e-01 7.902253721362972883e-01
2.518836627841739007e-01 8.005946298936275074e-01
2.533395530401260642e-01 8.082355929167513997e-01
2.548038583572773130e-01 8.228380519304677732e-01
2.562766273747711931e-01 8.465064431915431120e-01
2.577579090128856998e-01 8.759720263209699320e-01
2.592477524746588102e-01 9.135338675183374280e-01
2.607462072475227322e-01 9.583613139919571200e-01
2.622533231049470337e-01 9.929081288429246754e-01
2.637691501080930423e-01 9.932174514306245650e-01
2.652937386074759596e-01 9.605995583344141275e-01
2.668271392446371348e-01 9.167261461340934225e-01
2.683694029538270520e-01 8.790218080143024082e-01
2.699205809636965880e-01 8.554576827940247874e-01
2.714807247989985406e-01 8.481312556606404041e-01
2.730498862822996475e-01 8.542534100228114102e-01
2.746281175357012105e-01 8.623444547887120226e-01
2.762154709825712651e-01 8.543507249942225990e-01
2.778119993492854656e-01 8.225374181795011008e-01
2.794177556669779627e-01 7.824158456805504480e-01
2.810327932733039380e-01 7.493165910293241305e-01
2.826571658142107979e-01 7.291046190206921240e-01
2.842909272457196934e-01 7.258532563151508521e-01
2.859341318357184192e-01 7.438860680711111284e-01
2.875868341657639160e-01 7.831822010804134759e-01
2.892490891328946545e-01 8.202765828615379284e-01
2.909209519514548425e-01 8.346079501691802127e-01
2.926024781549284581e-01 8.445896858082122538e-01
2.942937235977828858e-01 8.615311796704900882e-01
2.959947444573255426e-01 8.790635144306214732e-01
2.977055972355692748e-01 8.783406032144240871e-01
2.994263387611086902e-01 8.446974273837031255e-01
3.011570261910088142e-01 7.893495373935968118e-01
3.028977170127025720e-01 7.336540939341646972e-01
3.046484690459013711e-01 6.889639310809285710e-01
3.064093404445150659e-01 6.551765205604374032e-01
3.081803896985833569e-01 6.246126684679415009e-01
3.099616756362194026e-01 5.920625482982497800e-01
3.117532574255635347e-01 5.744189964279341476e-01
3.135551945767480198e-01 5.761480749378291577e-01
3.153675469438748658e-01 5.844233230424723535e-01
3.171903747270033436e-01 5.958178635343132079e-01
3.190237384741493876e-01 6.034275467451978292e-01
3.208676990832974307e-01 6.043346613001376877e-01
3.227223178044230090e-01 6.058482566590508434e-01
3.245876562415266342e-01 6.097408555154979481e-01
3.264637763546810456e-01 6.215681000766490882e-01
3.283507404620888970e-01 6.476293969740313239e-01
3.302486112421523790e-01 6.821518830821462487e-01
3.321574517355558864e-01 7.123282130563439729e-01
3.340773253473591775e-01 7.169663141044945176e-01
3.360082958491044103e-01 6.817852141720077697e-01
3.379504273809338932e-01 6.547281765850073709e-01
3.399037844537201591e-01 6.686911372151645994e-01
3.418684319512097503e-01 6.771922950748694436e-01
3.438444351321779946e-01 6.313534680055121751e-01
3.458318596325960503e-01 5.929470718776834737e-01
3.478307714678123830e-01 5.894350440701480176e-01
3.498412370347446232e-01 6.151261965226985096e-01
3.518633231140849693e-01 6.400770600855855141e-01
3.538970968725191901e-01 6.472505636924664740e-01
3.559426258649572294e-01 6.199432876075517962e-01
3.579999780367765227e-01 5.715568936080377416e-01
3.600692217260801353e-01 5.204456804090106248e-01
3.621504256659661136e-01 4.757624686251610280e-01
3.642436589868098817e-01 4.485055877932985213e-01
3.663489912185618480e-01 4.444565898756548949e-01
3.684664922930561692e-01 4.578686782569309499e-01
3.705962325463332818e-01 4.866999763048385774e-01
3.727382827209774208e-01 5.453027045351795943e-01
3.748927139684648524e-01 6.487537324472998357e-01
3.770595978515288715e-01 7.441502087077986882e-01
3.792390063465359562e-01 7.671130664261429644e-01
3.814310118458763554e-01 7.709570077968844748e-01
3.836356871603694985e-01 7.861781119860002942e-01
3.858531055216822825e-01 7.882147753162486170e-01
3.880833405847607942e-01 7.535689077265230740e-01
3.903264664302779630e-01 7.186137175490979745e-01
3.925825575670940371e-01 6.978456599895450641e-01
3.948516889347303827e-01 6.706044190638021929e-01
3.971339359058604912e-01 6.222440915744874568e-01
3.994293742888124776e-01 5.657979326213119498e-01
4.017380803300868997e-01 5.154113684058287959e-01
4.040601307168905088e-01 4.717325861483303573e-01
4.063956025796829352e-01 4.362004572118245438e-01
4.087445734947380283e-01 4.100713873879237581e-01
4.111071214867221824e-01 3.910775902892780764e-01
4.134833250312844322e-01 3.779539712875423785e-01
4.158732630576643108e-01 3.693172675748004896e-01
4.182770149513134750e-01 3.553056494589377223e-01
4.206946605565314856e-01 3.397926003555882257e-01
4.231262801791195738e-01 3.329979300302721712e-01
4.255719545890473410e-01 3.439128467344435558e-01
4.280317650231349469e-01 3.704885227664277969e-01
4.305057931877529498e-01 3.925494792318721671e-01
4.329941212615355806e-01 3.929908721379156700e-01
4.354968318981098929e-01 3.784196929364386786e-01
4.380140082288422887e-01 3.649711114408834556e-01
4.405457338655994204e-01 3.611271700701419451e-01
4.430920929035247480e-01 3.711662520316127423e-01
4.456531699238333033e-01 3.939970394316134050e-01
4.482290499966203323e-01 4.144575121708132248e-01
4.508198186836865351e-01 4.183118801456344182e-01
4.534255620413813470e-01 4.209306955370030745e-01
4.560463666234608748e-01 4.361987194444779115e-01
4.586823194839622087e-01 4.662551434717583931e-01
4.613335081800964965e-01 4.979954640579214997e-01
4.640000207751556194e-01 5.194725306948988486e-01
4.666819458414390720e-01 5.365182905979742900e-01
4.693793724631949438e-01 5.555277276027396072e-01
4.720923902395786631e-01 5.663088362212205240e-01
4.748210892876304490e-01 5.480640168489716579e-01
4.775655602452679171e-01 5.179884773808783871e-01
4.803258942742961168e-01 5.005430309880783968e-01
4.831021830634371073e-01 4.819315427056909407e-01
4.858945188313745223e-01 4.622304742969676195e-01
4.887029943298164536e-01 4.521357837804046986e-01
4.915277028465775411e-01 4.604110318850478945e-01
4.943687382086768833e-01 4.994916817433683875e-01
4.972261947854541564e-01 5.572776593207942053e-01
5.001001674917054940e-01 6.074904468016144587e-01
5.029907517908354109e-01 6.320815925237492916e-01
5.058980436980275996e-01 6.243954475496130696e-01
5.088221397834349347e-01 5.772359172968184460e-01
5.117631371753864622e-01 5.093847912477224016e-01
5.147211335636141527e-01 4.586767400731130429e-01
5.176962272024980827e-01 4.452055676020515995e-01
5.206885169143288250e-01 4.697689090466405371e-01
5.236981020925914887e-01 5.226370050331086148e-01
5.267250827052667450e-01 5.554338881660216831e-01
5.297695592981502832e-01 5.131905017368380006e-01
5.328316329981945820e-01 4.503354568092979293e-01
5.359114055168668900e-01 4.083318822739489540e-01
5.390089791535270791e-01 3.940109415703864082e-01
5.421244567988269258e-01 3.898733175180648103e-01
5.452579419381275994e-01 4.013964527935560689e-01
5.484095386549359130e-01 4.184283105578585071e-01
5.515793516343632241e-01 4.336442014449345961e-01
5.547674861666017643e-01 4.383500754196036353e-01
5.579740481504216199e-01 4.379486511625324541e-01
5.611991440966896949e-01 4.445799713572655132e-01
5.644428811319066597e-01 4.422461498107439493e-01
5.677053670017649933e-01 4.247850635118242679e-01
5.709867100747291202e-01 4.261700640870869083e-01
5.742870193456336425e-01 4.420984395862805338e-01
5.776064044393048880e-01 4.491833170584834667e-01
5.809449756142023302e-01 4.539500128902844711e-01
5.843028437660793273e-01 4.610748590114598922e-01
5.876801204316687288e-01 4.819037384281448788e-01
5.910769177923870243e-01 5.117776968840292984e-01
5.944933486780595855e-01 5.165165884382842965e-01
5.979295265706701112e-01 5.004005340656548784e-01
6.013855656081297241e-01 4.964488511194224962e-01
6.048615805880666052e-01 5.228420615800107862e-01
6.083576869716416091e-01 5.374236673855675717e-01
6.118740008873820857e-01 5.263940580365187305e-01
6.154106391350390171e-01 5.143148372101064014e-01
6.189677191894675801e-01 5.153453332466569892e-01
6.225453592045292472e-01 5.274123897016428364e-01
6.261436780170150929e-01 5.462306722982790408e-01
6.297627951505950783e-01 5.588833563490785972e-01
6.334028308197864332e-01 5.459682694289381688e-01
6.370639059339481269e-01 5.158736145200318868e-01
6.407461421012968783e-01 4.916109068264096771e-01
6.444496616329448146e-01 4.693049251650908138e-01
6.481745875469649976e-01 4.392867320194361880e-01
6.519210435724759334e-01 4.339535240326344301e-01
6.556891541537508417e-01 4.508081295275808142e-01
6.594790444543533470e-01 4.783569552736768316e-01
6.632908403612935988e-01 5.030436781998762763e-01
6.671246684892090384e-01 5.070388053297744113e-01
6.709806561845721440e-01 5.010191792410544354e-01
6.748589315299192704e-01 4.933504119403844812e-01
6.787596233481042463e-01 4.845694735378724416e-01
6.826828612065795054e-01 4.729646631970896853e-01
6.866287754216984229e-01 4.603675877013822526e-01
6.905974970630435195e-01 4.500452496624110510e-01
6.945891579577818664e-01 4.556565004246733164e-01
6.986038906950429173e-01 4.823642467750013374e-01
7.026418286303216520e-01 5.026300895713787797e-01
7.067031058899108098e-01 4.910148526265162849e-01
7.107878573753529938e-01 4.681858029938622545e-01
7.148962187679240854e-01 4.472648219078059761e-01
7.190283265331394169e-01 4.339987059836467043e-01
7.231843179252852583e-01 4.270458988297874958e-01
7.273643309919801681e-01 4.127684023098906474e-01
7.315685045787596597e-01 3.890843711426956175e-01
7.357969783336865133e-01 3.610385439354639181e-01
7.400498927119919523e-01 3.339015690505188205e-01
7.443273889807401344e-01 3.158618062251720149e-01
7.486296092235191768e-01 3.108327075240301385e-01
7.529566963451627126e-01 3.232872860973140527e-01
7.573087940764960946e-01 3.625538770617236506e-01
7.616860469791092436e-01 3.957869397986403803e-01
7.660886004501606950e-01 3.998759063652563839e-01
7.705166007272060691e-01 4.082832247882434151e-01
7.749701948930545203e-01 4.231724154141534022e-01
7.794495308806568268e-01 4.491468239442042987e-01
7.839547574780165728e-01 5.017768458041843571e-01
7.884860243331343055e-01 5.515412893095745783e-01
7.930434819589780027e-01 5.602874723651540823e-01
7.976272817384808533e-01 5.280292971096958166e-01
8.022375759295721220e-01 4.853132379622292492e-01
8.068745176702336597e-01 4.516057647396831132e-01
8.115382609835852801e-01 4.303042126047152971e-01
8.162289607830032212e-01 4.211531297573714583e-01
8.209467728772645856e-01 4.179069803538700834e-01
8.256918539757219788e-01 3.943115753213530805e-01
8.304643616935105666e-01 3.786056340425278943e-01
8.352644545567829981e-01 3.756253630430606560e-01
8.400922920079733069e-01 3.679913510893231821e-01
8.449480344110958940e-01 3.515520719902208713e-01
8.498318430570707127e-01 3.461476155422073542e-01
8.547438801690798726e-01 3.572102424708421542e-01
8.596843089079587719e-01 3.816137093195412500e-01
8.646532933776126528e-01 4.073413548863709654e-01
8.696509986304700179e-01 4.345912846488469428e-01
8.746775906729644667e-01 4.433913384921718825e-01
8.797332364710471753e-01 4.342541577836010469e-01
8.848181039557355687e-01 4.244792164588177541e-01
8.899323620286901937e-01 4.328274507920193415e-01
8.950761805678236760e-01 4.642080535374304429e-01
9.002497304329459826e-01 4.881110433903005918e-01
9.054531834714387717e-01 4.827326534524865043e-01
9.106867125239620497e-01 4.550847749676326659e-01
9.159504914301977996e-01 4.156652604767197556e-01
9.212446950346235841e-01 3.865785106288578410e-01
9.265694991923183466e-01 3.712392382601711893e-01
9.319250807748065135e-01 3.431395402651939985e-01
9.373116176759319629e-01 3.153213605803706354e-01
9.427292888177655206e-01 3.057132449208636582e-01
9.481782741565508710e-01 2.997666050607020738e-01
9.536587546886805544e-01 3.015200123134498811e-01
9.591709124567069367e-01 3.128015979277598002e-01
9.647149305553922582e-01 3.407935543472460638e-01
9.702909931377862174e-01 3.805276047278986495e-01
9.758992854213467405e-01 3.906900681709800094e-01
9.815399936940907288e-01 3.826024989397726062e-01
9.872133053207802211e-01 3.532481329205299780e-01
9.929194087491489684e-01 3.326173589813605780e-01
9.986584935161608723e-01 3.301914357654677223e-01
1.004430750254303728e+00 3.243699151542633885e-01
1.010236370697924935e+00 2.761277558445193736e-01
1.016075547689597958e+00 2.315210058239214885e-01
1.021948475186527761e+00 2.101325653216222500e-01
1.027855348266994762e+00 2.049262143511243195e-01
1.033796363136834096e+00 2.078908454444719500e-01
1.039771717135951290e+00 2.083339761178621130e-01
1.045781608744880131e+00 2.001421408458570195e-01
1.051826237591374280e+00 1.900300726558278308e-01
1.057905804457035748e+00 1.808685632044042257e-01
1.064020511283988890e+00 1.741659945484594629e-01
1.070170561181583713e+00 1.678354818814278004e-01
1.076356158433145582e+00 1.679089894401901706e-01
1.082577508502760022e+00 1.760184545399650635e-01
1.088834818042095476e+00 1.884573932071293423e-01
1.095128294897270704e+00 1.846238784404676536e-01
1.101458148115757263e+00 1.764407320051956940e-01
1.107824587953321727e+00 1.718709252137676780e-01
1.114227825881013212e+00 1.785764480742016991e-01
1.120668074592185315e+00 1.968734004668494797e-01
1.127145548009560017e+00 2.180220290753140111e-01
1.133660461292336441e+00 2.241650366456445220e-01
1.140213030843336250e+00 2.235637691437112051e-01
1.146803474316190341e+00 2.098388826400420792e-01
1.153432010622570836e+00 1.979282252462527536e-01
1.160098859939462601e+00 1.854110870484901863e-01
1.166804243716473621e+00 1.661340338723441556e-01
1.173548384683194445e+00 1.501632568498928177e-01
1.180331506856595603e+00 1.370472840244822410e-01
1.187153835548465874e+00 1.262771233402849580e-01
1.194015597372901416e+00 1.133818469678961188e-01
1.200917020253827294e+00 1.055521624109283518e-01
1.207858333432573428e+00 1.010019923905172007e-01
1.214839767475487387e+00 9.761664782255090322e-02
1.221861554281590267e+00 9.572109120084892897e-02
1.228923927090283863e+00 9.405613630604449382e-02
1.236027120489096909e+00 9.339943402575372200e-02
1.243171370421473965e+00 9.201460722722576424e-02
1.250356914194617142e+00 9.507724839892320312e-02
1.257583990487367132e+00 1.056095087333670662e-01
1.264852839358128644e+00 1.084806479434661103e-01
1.272163702252848472e+00 1.054736153268607535e-01
1.279516822013033517e+00 1.027903287669322263e-01
1.286912442883815677e+00 1.077836294607335543e-01
1.294350810522067352e+00 1.121190114371014568e-01
1.301832172004561583e+00 1.112673316605189977e-01
1.309356775836174380e+00 1.115881235127065552e-01
1.316924871958146337e+00 1.111025913160586520e-01
1.324536711756377994e+00 1.070455996686205807e-01
1.332192548069784932e+00 1.010527351970387372e-01
1.339892635198694837e+00 9.602467915630487350e-02
1.347637228913291185e+00 9.743505113482826829e-02
1.355426586462114891e+00 1.039242219606071049e-01
1.363260966580605249e+00 1.100663606472642858e-01
1.371140629499693731e+00 1.121502912493407694e-01
1.379065836954451285e+00 1.054544998860478394e-01
1.387036852192779834e+00 1.009736667827671602e-01
1.395053939984155722e+00 1.007941554158604813e-01
1.403117366628427343e+00 1.033354663835694687e-01
1.411227399964658957e+00 1.076324437015769020e-01
1.419384309380025577e+00 1.171514118962019013e-01
1.427588365818764915e+00 1.318466676862281861e-01
1.435839841791175742e+00 1.406213501262923438e-01
1.444139011382666204e+00 1.337955737654716315e-01
1.452486150262864761e+00 1.199937041683469124e-01
1.460881535694769973e+00 1.134593513915557461e-01
1.469325446543965796e+00 1.086151511360951283e-01
1.477818163287882181e+00 9.598801226529102282e-02
1.486359968025109168e+00 7.999759847182277839e-02
1.494951144484772509e+00 7.136645561459011022e-02
1.503591978035954568e+00 6.718903669003069290e-02
1.512282755697172298e+00 6.750687433772899204e-02
1.521023766145914724e+00 6.713655611616252405e-02
1.529815299728230382e+00 6.629287006937456539e-02
1.538657648468367833e+00 6.575311953151186106e-02
1.547551106078482119e+00 6.168848170774862000e-02
1.556495967968387184e+00 5.839906189731620262e-02
1.565492531255366693e+00 5.915099382820220020e-02
1.574541094774047689e+00 5.904359980618058279e-02
1.583641959086324214e+00 5.037683271834202114e-02
1.592795426491339539e+00 4.534252071516027549e-02
1.602001801035530804e+00 4.530568004741176297e-02
1.611261388522727822e+00 4.721791923564137156e-02
1.620574496524306296e+00 5.249273823959645785e-02
1.629941434389411858e+00 6.246978190679263604e-02
1.639362513255227638e+00 6.853702282081015895e-02
1.648838046057315765e+00 6.692037785824199447e-02
1.658368347540009280e+00 6.196061607423059003e-02
1.667953734266863997e+00 5.755537585052823701e-02
1.677594524631179640e+00 5.515517159136543862e-02
1.687291038866571835e+00 5.009792105920820443e-02
1.697043599057607821e+00 4.317830526166958893e-02
1.706852529150509445e+00 4.362856078118092923e-02
1.716718154963911225e+00 4.765322995597172373e-02
1.726640804199680579e+00 5.088686743457738332e-02
1.736620806453807120e+00 5.524779459094072281e-02
1.746658493227349673e+00 5.763374915786116659e-02
1.756754197937443251e+00 5.489294249875924930e-02
1.766908255928380411e+00 5.053027757504929135e-02
1.777121004482747679e+00 4.372691841300008903e-02
1.787392782832625482e+00 4.025989877974227305e-02
1.797723932170862682e+00 4.285421165152343559e-02
1.808114795662403074e+00 4.604110318850478806e-02
1.818565718455690483e+00 4.568451332897669609e-02
1.829077047694130043e+00 4.680919635571443443e-02
1.839649132527616748e+00 5.066373810727032440e-02
1.850282324124138622e+00 5.383585862180534365e-02
1.860976975681438272e+00 5.722624271507686239e-02
1.871733442438742401e+00 5.835944080181307975e-02
1.882552081688566581e+00 5.730791778036838785e-02
1.893433252788581767e+00 5.792708428597199283e-02
1.904377317173546302e+00 5.900224094333083452e-02
1.915384638367318981e+00 6.019122136189380967e-02
1.926455581994929611e+00 5.353122800594143499e-02
1.937590515794722412e+00 5.092058012110196874e-02
1.948789809630575354e+00 4.995246993229542770e-02
1.960053835504184105e+00 4.783378398328639453e-02
1.971382967567415045e+00 5.008662557145512201e-02
1.982777582134739092e+00 5.478606980694162437e-02
1.994238057695728816e+00 6.024265927535400744e-02
2.005764774927627947e+00 6.714854671085426774e-02
2.017358116708002580e+00 7.242058528705473675e-02
2.029018468127450348e+00 6.318730604421539387e-02
2.040746216502401289e+00 5.526482471093767390e-02
2.052541751387976898e+00 5.358440368674825816e-02
2.064405464590929995e+00 4.850734260683946253e-02
2.076337750182662312e+00 4.790329467715152140e-02
2.088339004512313135e+00 5.093222316232437485e-02
2.100409626219920778e+00 5.139342661611948776e-02
2.112550016249669760e+00 5.210591122823703125e-02
2.124760577863207711e+00 5.413544971236403797e-02
2.137041716653034662e+00 5.433112231559437261e-02
2.149393840555982482e+00 5.350342372839538702e-02
2.161817359866763155e+00 4.985289586333364192e-02
2.174312687251592546e+00 4.664063292309150732e-02
2.186880237761905654e+00 4.531801819557281646e-02
2.199520428848138476e+00 3.971823669779828148e-02
2.212233680373592026e+00 3.583397912461504242e-02
2.225020414628386511e+00 4.028301108545243037e-02
2.237881056343477670e+00 4.298610819313251202e-02
2.250816032704775704e+00 4.257529999238961887e-02
2.263825773367328598e+00 4.359728096894163046e-02
2.276910710469592924e+00 4.411704718231811151e-02
2.290071278647793029e+00 3.638728424778144704e-02
2.303307915050354371e+00 3.135801176990492267e-02
2.316621059352423018e+00 3.104417098710388068e-02
2.330011153770474852e+00 3.532585595246097443e-02
2.343478643077001600e+00 3.362545060378532846e-02
2.357023974615280792e+00 2.854717308673389298e-02
2.370647598314243876e+00 2.659166349157323847e-02
2.384349966703414481e+00 2.942439804331178216e-02
2.398131534927939956e+00 3.054352021454031021e-02
2.411992760763713051e+00 3.099429706425565340e-02
2.425934104632577970e+00 3.342560735892309565e-02
2.439956029617617261e+00 3.377820035355394435e-02
2.454059001478542612e+00 2.807189371743109424e-02
2.468243488667162033e+00 2.525132353711894914e-02
2.482509962342935861e+00 2.326383902278033461e-02
2.496858896388636673e+00 2.083165984443958313e-02
2.511290767426078485e+00 2.049800851388697623e-02
2.525806054831960523e+00 2.043110447104179439e-02
2.540405240753779381e+00 2.099709529583858314e-02
2.555088810125852206e+00 2.246898423843262174e-02
2.569857250685421590e+00 2.499170109553270486e-02
2.584711052988855506e+00 3.069314198308499553e-02
2.599650710427946265e+00 3.093312765365434022e-02
2.614676719246288084e+00 2.872094982139670669e-02
2.629789578555775442e+00 2.439807976992452998e-02
2.644989790353173831e+00 2.125862928150611814e-02
2.660277859536794409e+00 2.133839280271634942e-02
2.675654293923265481e+00 2.057064718897603367e-02
2.691119604264405218e+00 2.036611197227789979e-02
2.706674304264172548e+00 1.950522202875831779e-02
2.722318910595750374e+00 1.804341213677472175e-02
2.738053942918694972e+00 1.730218485274395007e-02
2.753879923896200843e+00 1.863390548115896259e-02
2.769797379212459720e+00 2.006599955151521994e-02
2.785806837590128815e+00 1.953146231569240221e-02
2.801908830807877226e+00 1.915766855943268690e-02
2.818103893718070019e+00 1.931093963940529179e-02
2.834392564264522019e+00 1.829208664407720383e-02
2.850775383500368410e+00 1.877205798521590363e-02
2.867252895606037466e+00 1.844761682160042313e-02
2.883825647907329426e+00 1.722297741708463809e-02
2.900494190893583735e+00 1.792507018046934561e-02
2.917259078235983960e+00 1.856474234076316635e-02
2.934120866805935979e+00 1.631422936083891384e-02
2.951080116693567401e+00 1.428896578438460657e-02
2.968137391226336685e+00 1.408380497144168762e-02
2.985293256987731514e+00 1.429968780891330109e-02
3.002548283836107057e+00 1.463394735803722618e-02
3.019903044923603730e+00 1.551042507465606561e-02
3.037358116715186629e+00 1.379629136394205924e-02
3.054914079007794214e+00 1.104997598235133403e-02
3.072571514949601568e+00 1.016470516295855768e-02
3.090331011059376021e+00 1.052473580183297709e-02
3.108193157245980220e+00 1.058934599178061250e-02
3.126158546827951579e+00 1.001280691918979109e-02
3.144227776553216724e+00 9.997288656784401178e-03
3.162401446618910317e+00 1.106304399279797734e-02
3.180680160691316427e+00 1.323443642543024705e-02
3.199064525925907621e+00 1.351315693015593504e-02
3.217555152987530587e+00 1.232419388926642330e-02
3.236152656070678812e+00 1.265541234553374875e-02
3.254857652919894928e+00 1.351600686860440770e-02
3.273670764850296955e+00 1.472040128353197669e-02
3.292592616768199143e+00 1.553440626403953390e-02
3.311623837191892683e+00 1.419686411501331486e-02
3.330765058272506351e+00 1.328057414848322557e-02
3.350016915815009710e+00 1.224990433519807138e-02
3.369380049299332214e+00 1.009234453064496162e-02
3.388855101901607103e+00 8.202122854697126500e-03
3.408442720515521884e+00 8.105728899979663254e-03
3.428143555773827789e+00 8.624591474335896110e-03
3.447958262069935831e+00 1.022571817449867068e-02
3.467887497579658529e+00 1.069104013690529154e-02
3.487931924283071528e+00 1.092718534163858966e-02
3.508092207986506228e+00 1.194782823733370018e-02
3.528369018344649444e+00 1.205341498131482642e-02
3.548763028882812254e+00 1.122910504044176416e-02
3.569274917019284565e+00 9.765122939274881175e-03
3.589905364087840223e+00 9.707116265244434064e-03
3.610655055360374899e+00 1.024573725433182772e-02
3.631524680069651456e+00 1.057971876068029143e-02
3.652514931432215839e+00 1.058885941692355552e-02
3.673626506671410219e+00 1.112221497095066541e-02
3.694860107040534913e+00 1.203308310335927597e-02
3.716216437846141751e+00 1.232266465400139177e-02
3.737696208471465109e+00 1.143051227591596573e-02
3.759300132399972405e+00 1.068940663559946047e-02
3.781028927239082016e+00 1.025717176347264170e-02
3.802883314743989107e+00 9.393014817341395831e-03
3.824864020841640233e+00 9.109776117514473831e-03
3.846971775654848713e+00 8.426781417269213481e-03
3.869207313526548564e+00 8.756748681046967048e-03
3.891571373044171445e+00 9.852167705667484732e-03
3.914064697064205678e+00 9.145608880201947302e-03
3.936688032736852527e+00 1.060966049206269433e-02
3.959442131530850340e+00 1.137420861388521373e-02
3.982327749258438132e+00 8.541126508677344617e-03
4.005345646100446189e+00 7.879645368183340812e-03
4.028496586631570509e+00 7.757914765552039599e-03
4.051781339845751617e+00 8.297630548067810169e-03
4.075200679181723906e+00 8.715650483299209814e-03
4.098755382548707082e+00 8.701140125954865898e-03
4.122446232352245943e+00 9.530906656296338902e-03
4.146274015520188705e+00 9.736484533402449057e-03
4.170239523528843861e+00 9.477817863856850128e-03
4.194343552429258715e+00 9.638995785256610632e-03
4.218586902873665778e+00 9.679120833290253897e-03
4.242970380142073950e+00 1.024266140612829605e-02
4.267494794169023997e+00 1.090612360139745635e-02
4.292160959570472833e+00 9.533235264540822554e-03
4.316969695670882068e+00 9.023513346427853785e-03
4.341921826530410478e+00 9.231385076431512099e-03
4.367018180972294772e+00 8.521837291129772188e-03
4.392259592610382235e+00 8.975186036518123175e-03
4.417646899876805477e+00 8.756088329455248218e-03
4.443180946049855251e+00 8.144463734136004815e-03
4.468862579281975833e+00 7.470105737603484689e-03
4.494692652627942486e+00 7.123751327747029384e-03
4.520672024073195239e+00 7.674484555240421862e-03
4.546801556562344082e+00 7.147020032518379938e-03
4.573082118027814502e+00 7.367890262274817519e-03
4.599514581418703507e+00 7.981634933756946368e-03
4.626099824729760002e+00 7.975674391758013487e-03
4.652838731030551678e+00 8.193155975188525994e-03
4.679732188494796219e+00 7.579585080441058990e-03
4.706781090429870140e+00 7.232987383156075194e-03
4.733986335306464177e+00 7.249478795275575600e-03
4.761348826788450062e+00 7.148723044518075914e-03
4.788869473762884077e+00 7.769540429100982304e-03
4.816549190370198019e+00 8.214739045633646583e-03
4.844388896034566017e+00 8.199429315309852279e-03
4.872389515494448098e+00 8.698950539098113804e-03
4.900551978833287414e+00 8.301905455740514819e-03
4.928877221510434836e+00 8.284840580396626505e-03
4.957366184392200559e+00 8.973917466355086150e-03
4.986019813783113541e+00 9.948613793405346878e-03
5.014839061457356806e+00 9.972195296299090836e-03
5.043824884690362609e+00 1.045661532184515366e-02
5.072978246290641202e+00 1.143096409542609070e-02
5.102300114631742822e+00 1.010324033190831972e-02
5.131791463684423960e+00 1.038957225761224026e-02
5.161453273049005475e+00 9.847805909627449159e-03
5.191286527987911903e+00 9.524424784093417015e-03
5.221292219458380401e+00 9.776679092129958101e-03
5.251471344145405951e+00 9.735424495321005900e-03
5.281824904494829553e+00 1.042312854507562898e-02
5.312353908746639597e+00 9.772716982579645120e-03
5.343059370968462396e+00 9.213016875577651268e-03
5.373942311089249912e+00 9.698027742021567144e-03
5.405003754933139781e+00 1.093728176992249911e-02
5.436244734253559585e+00 1.279653643175342019e-02
5.467666286767478567e+00 1.113950575604961794e-02
5.499269456189878724e+00 1.055326994166461141e-02
5.531055292268432844e+00 9.310158070254164267e-03
5.563024850818350409e+00 9.707463818713759490e-03
5.595179193757479297e+00 1.037294182410500830e-02
5.627519389141558470e+00 1.018828666585230164e-02
5.660046511199702479e+00 1.106469487177727529e-02
5.692761640370078702e+00 1.096263579550980395e-02
5.725665863335805739e+00 1.005510417640671957e-02
5.758760273061025892e+00 1.058986732198459978e-02
5.792045968827241431e+00 1.319804757719185428e-02
5.825524056269808071e+00 1.309112275235382525e-02
5.859195647414667363e+00 1.147781430309118347e-02
5.893061860715279821e+00 1.126478140406803920e-02
5.927123821089786304e+00 9.009958761124153490e-03
5.961382659958350594e+00 9.666035445170143708e-03
5.995839515280771082e+00 1.418626373419888329e-02
6.030495531594262104e+00 1.513096619684634221e-02
6.065351860051475086e+00 1.422100170345797984e-02
6.100409658458743500e+00 1.411696157241535202e-02
6.135670091314512575e+00 1.258266940440389524e-02
6.171134329848062094e+00 1.311049885826872860e-02
6.206803552058381079e+00 1.449450890614378470e-02
6.242678942753306259e+00 1.394669512779272806e-02
6.278761693588877257e+00 1.227127887356159637e-02
6.315053003108923591e+00 1.188492105938576161e-02
6.351554076784851510e+00 1.323749489596031358e-02
6.388266127055725718e+00 1.397621979501193802e-02
6.425190373368511843e+00 1.392537272244959851e-02
6.462328042218596025e+00 1.332056017512913901e-02
6.499680367190518560e+00 1.361801381185147840e-02
6.537248588998957999e+00 1.323461020216491063e-02
6.575033955529916874e+00 1.206604854992481338e-02
6.613037721882214726e+00 1.110157029487272504e-02
6.651261150409145451e+00 9.957823960342476743e-03
6.689705510760421525e+00 9.998765759029035541e-03
6.728372079924347382e+00 1.034188792162076334e-02
6.767262142270216607e+00 1.058180408149624573e-02
6.806376989591010229e+00 1.192831311003106527e-02
6.845717921146279750e+00 1.387993010633527431e-02
6.885286243705309062e+00 1.262719100382450783e-02
6.925083271590525058e+00 1.367834909412640743e-02
6.965110326721157818e+00 1.665371958967619068e-02
7.005368738657123728e+00 1.687382520180010989e-02
7.045859844643230119e+00 1.689559942665336267e-02
7.086584989653569089e+00 1.669029959232271043e-02
7.127545526436194656e+00 1.497548815234352355e-02
7.168742815558059256e+00 1.353734665162100066e-02
7.210178225450215805e+00 1.493682282888104604e-02
7.251853132453240036e+00 1.599851178930351142e-02
7.293768920862992111e+00 1.681985014801384154e-02
7.335926982976571864e+00 1.548991941996585159e-02
7.378328719138569802e+00 1.510404818064707382e-02
7.420975537787583676e+00 1.268422452814084271e-02
7.463868855503007715e+00 1.166785654011843858e-02
7.507010097052058128e+00 1.370978530542691157e-02
7.550400695437144982e+00 1.507572257289703510e-02
7.594042091943437711e+00 1.522918480727776525e-02
7.637935736186750368e+00 1.318428445980656012e-02
7.682083086161699548e+00 1.303646996930236945e-02
7.726485608290103890e+00 1.191988493839991892e-02
7.771144777469737974e+00 1.223085840507902484e-02
7.816062077123293150e+00 1.407695816809597170e-02
7.861238999247660786e+00 1.240494793786423369e-02
7.906677044463489068e+00 1.162887841853356939e-02
7.952377722065040011e+00 2.031867092371495223e-02
7.998342550070284496e+00 2.100004950032784840e-02
