2.511886431509579437e-02 3.623101407273514041e-01
2.526405161860213050e-02 3.631026649678784635e-01
2.541007810627042562e-02 3.634944069879108564e-01
2.555694862859406516e-02 3.642989848290543176e-01
2.570466806410236227e-02 3.652150584758993568e-01
2.585324131952258450e-02 3.663571371343014582e-01
2.600267332994290678e-02 3.676137249985592659e-01
2.615296905897638788e-02 3.689998890694431433e-01
2.630413349892583852e-02 3.704794685451039959e-01
2.645617167094958117e-02 3.720554768256958966e-01
2.660908862522835469e-02 3.737188737107565717e-01
2.676288944113292337e-02 3.754817128009023119e-01
2.691757922739292791e-02 3.773590610969037584e-01
2.707316312226650673e-02 3.793509185987608556e-01
2.722964629371095457e-02 3.814392049055489453e-01
2.738703393955444973e-02 3.836329602177303566e-01
2.754533128766867636e-02 3.859231443348428159e-01
2.770454359614242176e-02 3.883157840571946351e-01
2.786467615345633933e-02 3.908138927849397204e-01
2.802573427865854422e-02 3.933511757146879728e-01
2.818772332154127064e-02 3.958854452442822636e-01
2.835064866281864979e-02 3.984890229774206705e-01
2.851451571430539678e-02 4.012402573181096943e-01
2.867932991909653145e-02 4.041994162694313997e-01
2.884509675174826843e-02 4.074297812346216463e-01
2.901182171845980567e-02 4.109916202167624433e-01
2.917951035725619563e-02 4.147402900084571353e-01
2.934816823817239240e-02 4.178983333699491376e-01
2.951780096343814899e-02 4.200920886821304934e-01
2.968841416766421215e-02 4.217735659681157712e-01
2.986001351802944001e-02 4.233073866465503210e-01
3.003260471446899879e-02 4.249979041329978169e-01
3.020619348986378766e-02 4.269897616348549141e-01
3.038078561023081769e-02 4.294728033618294694e-01
3.055638687491469066e-02 4.329532805398096373e-01
3.073300311678033025e-02 4.374131127678708708e-01
3.091064020240668481e-02 4.425208260290625639e-01
3.108930403228154019e-02 4.482342327212274768e-01
3.126900054099761295e-02 4.544840246408212714e-01
3.144973569744963920e-02 4.612611615873817850e-01
3.163151550503255638e-02 4.690357339849479112e-01
3.181434600184106232e-02 4.787660030825219293e-01
3.199823326087009728e-02 4.907563222956675131e-01
3.218318339021652985e-02 5.050127184246927525e-01
3.236920253328214730e-02 5.219781612922498315e-01
3.255629686897762443e-02 5.420654867194497628e-01
3.274447261192782455e-02 5.658834015374196724e-01
3.293373601267822470e-02 5.894903783446030499e-01
3.312409335790250653e-02 6.073447742576182362e-01
3.331555097061136145e-02 6.199799611037403180e-01
3.350811521036261426e-02 6.281281951204141789e-01
3.370179247347232510e-02 6.336125834008677904e-01
3.389658919322740410e-02 6.378012096150603716e-01
3.409251184009919750e-02 6.411099229842570635e-01
3.428956692195841288e-02 6.440781221360410980e-01
3.448776098429136294e-02 6.481522391443780284e-01
3.468710061041735404e-02 6.543176558596571768e-01
3.488759242170727526e-02 6.629962483034519405e-01
3.508924307780367929e-02 6.743416998836211373e-01
3.529205927684192501e-02 6.896497726664256867e-01
3.549604775567258980e-02 7.105386625346149509e-01
3.570121529008542238e-02 7.366979892723171108e-01
3.590756869503420462e-02 7.674979522473260873e-01
3.611511482486330638e-02 8.031404492699665276e-01
3.632386057353523962e-02 8.438695657527196525e-01
3.653381287485973905e-02 8.847101780411745775e-01
3.674497870272393912e-02 9.174296769143422958e-01
3.695736507132423021e-02 9.423384425880949600e-01
3.717097903539903075e-02 9.627813492334780232e-01
3.738582769046329413e-02 9.811962375751549503e-01
3.760191817304411876e-02 9.997407021234580027e-01
3.781925766091774610e-02 1.011158475307325499e+00
3.803785337334809891e-02 1.012586826980366839e+00
3.825771257132654091e-02 1.010724545685135922e+00
3.847884255781295476e-02 1.008681460380659090e+00
3.870125067797849233e-02 1.009055121999766769e+00
3.892494431944945599e-02 1.012897207196238547e+00
3.914993091255265789e-02 1.019960617157438243e+00
3.937621793056233360e-02 1.031887654967347689e+00
3.960381288994833243e-02 1.051709801180987336e+00
3.983272335062570252e-02 1.082398268350294623e+00
4.006295691620595512e-02 1.125318126745075364e+00
4.029452123424955012e-02 1.153794758201276638e+00
4.052742399651988042e-02 1.144739490738220011e+00
4.076167293923887297e-02 1.112357492682310989e+00
4.099727584334383890e-02 1.065456932683970237e+00
4.123424053474603751e-02 1.015136163510731437e+00
4.147257488459059338e-02 9.694982181769565832e-01
4.171228680951784978e-02 9.309929910079257631e-01
4.195338427192649156e-02 8.983307467376858702e-01
4.219587528023795858e-02 8.709540063377291252e-01
4.243976788916238585e-02 8.482480361766203680e-01
4.268507019996626434e-02 8.318792465395741242e-01
4.293179036074151744e-02 8.212600243965419988e-01
4.317993656667604152e-02 8.143111236411980647e-01
4.342951706032609216e-02 8.102701540345561559e-01
4.368054013188996804e-02 8.086579849521150498e-01
4.393301411948334623e-02 8.105956012511984499e-01
4.418694740941636612e-02 8.164174903489106461e-01
4.444234843647213579e-02 8.253251012044167112e-01
4.469922568418681352e-02 8.373666482201818084e-01
4.495758768513159753e-02 8.525933591988259508e-01
4.521744302119593689e-02 8.712975339552960774e-01
4.547880032387276866e-02 8.935514940932904882e-01
4.574166827454511502e-02 9.194667354185107611e-01
4.600605560477452616e-02 9.494108927497567629e-01
4.627197109659098723e-02 9.847851971586826236e-01
4.653942358278480296e-02 1.029070125823268400e+00
4.680842194719982141e-02 1.088063460639993929e+00
4.707897512502866311e-02 1.170648705263132250e+00
4.735109210310945588e-02 1.286703785397808275e+00
4.762478192022426976e-02 1.389969995278503179e+00
4.790005366739954334e-02 1.407779190189206941e+00
4.817691648820784933e-02 1.345425914200665041e+00
4.845537957907175564e-02 1.229048400249501016e+00
4.873545218956924774e-02 1.111712625049334546e+00
4.901714362274099679e-02 1.014747434890853173e+00
4.930046323539925834e-02 9.353925552329049875e-01
4.958542043843887359e-02 8.701675088975102668e-01
4.987202469714965836e-02 8.190753092848227501e-01
5.016028553153097091e-02 7.805580285151755282e-01
5.045021251660784106e-02 7.487184424870035881e-01
5.074181528274907677e-02 7.201483956260251729e-01
5.103510351598705003e-02 6.942994491041949434e-01
5.133008695833959217e-02 6.709998391127293127e-01
5.162677540813340182e-02 6.496679794218880311e-01
5.192517872032970105e-02 6.301140258219630752e-01
5.222530680685147364e-02 6.125368627231245755e-01
5.252716963691266006e-02 5.976988803643589199e-01
5.283077723734942721e-02 5.851601223231679416e-01
5.313613969295318679e-02 5.740316355540936444e-01
5.344326714680543849e-02 5.641416562483526631e-01
5.375216980061491706e-02 5.557342698184264407e-01
5.406285791505632127e-02 5.486799000576891849e-01
5.437534181011107609e-02 5.425687245451836782e-01
5.468963186541032917e-02 5.374007432809100315e-01
5.500573852057948770e-02 5.333748406750387083e-01
5.532367227558519784e-02 5.303674673212513957e-01
5.564344369108398941e-02 5.281074172056798854e-01
5.596506338877313413e-02 5.265796233275535920e-01
5.628854205174332881e-02 5.257539516853314554e-01
5.661389042483377931e-02 5.255580806753151757e-01
5.694111931498885282e-02 5.259889968973509022e-01
5.727023959161724881e-02 5.272636651625332016e-01
5.760126218695296035e-02 5.294483802742523393e-01
5.793419809641841417e-02 5.324497268277312845e-01
5.826905837898961604e-02 5.361562090172686812e-01
5.860585415756369709e-02 5.390671535661247793e-01
5.894459661932811845e-02 5.402936074288416934e-01
5.928529701613251268e-02 5.406974030494904326e-01
5.962796666486229469e-02 5.405196124403988112e-01
5.997261694781454155e-02 5.402273126254515390e-01
6.031925931307623168e-02 5.403538754319235915e-01
6.066790527490428103e-02 5.413000830803095242e-01
6.101856641410823012e-02 5.445334614456539546e-01
6.137125437843479747e-02 5.506597039589298248e-01
6.172598088295483398e-02 5.590369563873149872e-01
6.208275771045231733e-02 5.706837479828936743e-01
6.244159671181598315e-02 5.867301038034516969e-01
6.280250980643269088e-02 6.071278094465233366e-01
6.316550898258359303e-02 6.321058833238200059e-01
6.353060629784218483e-02 6.650604274090072821e-01
6.389781387947492119e-02 7.097190176927009597e-01
6.426714392484385308e-02 7.681850074824598806e-01
6.463860870181208085e-02 8.245627109654305453e-01
6.501222054915094251e-02 8.491520562228488389e-01
6.538799187695008841e-02 8.464279424835466914e-01
6.576593516702965159e-02 8.333618394153892162e-01
6.614606297335466623e-02 8.200426107342875248e-01
6.652838792245242827e-02 8.074194774887818449e-01
6.691292271383147972e-02 7.973456807736409857e-01
6.729968012040381253e-02 7.844814755158078246e-01
6.768867298890894613e-02 7.646954901040173835e-01
6.807991424034069705e-02 7.411307008989913570e-01
6.847341687037629410e-02 7.157217107996590721e-01
6.886919394980822728e-02 6.904151763055659252e-01
6.926725862497820629e-02 6.674892279332081957e-01
6.966762411821400547e-02 6.491044735930722176e-01
7.007030372826857090e-02 6.348993052666666026e-01
7.047531083076181979e-02 6.241203729154672919e-01
7.088265887862478520e-02 6.177078573875522949e-01
7.129236140254673060e-02 6.152097486598071541e-01
7.170443201142430445e-02 6.159148842958654946e-01
7.211888439281383123e-02 6.205736009340969694e-01
7.253573231338585059e-02 6.292431531774295150e-01
7.295498961938230720e-02 6.410345879804048019e-01
7.337667023707672431e-02 6.529194381881570086e-01
7.380078817323644513e-02 6.618601964453579845e-01
7.422735751558823258e-02 6.685288509863711592e-01
7.465639243328600627e-02 6.743416998836211373e-01
7.508790717738160481e-02 6.812212924354208443e-01
7.552191608129793510e-02 6.890169586340657570e-01
7.595843356130543844e-02 6.960713283948030128e-01
7.639747411700059665e-02 7.025019243236425570e-01
7.683905233178781047e-02 7.042466830128638611e-01
7.728318287336367887e-02 6.989913131441214400e-01
7.772988049420428980e-02 6.893544594513243418e-01
7.817916003205507836e-02 6.730007368150486835e-01
7.863103641042397396e-02 6.510209960910768867e-01
7.908552463907676799e-02 6.265642404404386800e-01
7.954263981453599253e-02 6.001337076888679789e-01
8.000239712058217212e-02 5.732421247137207132e-01
8.046481182875830918e-02 5.474444059945099417e-01
8.092989929887701994e-02 5.233914459645205852e-01
8.139767497953076525e-02 5.012971960346931377e-01
8.186815440860513438e-02 4.817552960353845837e-01
8.234135321379483508e-02 4.645909687576572633e-01
8.281728711312283386e-02 4.497017585962718722e-01
8.329597191546232737e-02 4.373136705627856946e-01
8.377742352106211376e-02 4.270952306402482357e-01
8.426165792207447602e-02 4.186908576104761970e-01
8.474869120308657633e-02 4.117781176569813573e-01
8.523853954165466762e-02 4.061762067705179668e-01
8.573121920884146929e-02 4.016561065393748908e-01
8.622674656975649887e-02 3.983594467707945452e-01
8.672513808409994251e-02 3.967291972874289474e-01
8.722641030670905127e-02 3.971239527076154685e-01
8.773057988810836760e-02 4.002819960691074153e-01
8.823766357506258873e-02 4.071525484204449596e-01
8.874767821113291322e-02 4.184437587978403483e-01
8.926064073723644077e-02 4.361806321048458668e-01
8.977656819220893036e-02 4.620566992280629726e-01
9.029547771337091688e-02 4.916934897435912277e-01
9.081738653709675591e-02 5.204985818165890343e-01
9.134231199938727674e-02 5.421619155243808663e-01
9.187027153644546085e-02 5.453561196877219075e-01
9.240128268525588107e-02 5.357072123943085185e-01
9.293536308416693037e-02 5.195825081697440506e-01
9.347253047347692245e-02 4.996307857494784455e-01
9.401280269602330097e-02 4.810049593970148751e-01
9.455619769777530437e-02 4.653413053960269719e-01
9.510273352842993355e-02 4.561142741241868692e-01
9.565242834201181932e-02 4.547220832529947909e-01
9.620530039747586526e-02 4.604445301456219775e-01
9.676136805931405405e-02 4.731068375931308245e-01
9.732064979816532069e-02 4.923202769756430119e-01
9.788316419142908953e-02 5.122358385940594117e-01
9.844892992388228070e-02 5.258473670901082642e-01
9.901796578830000806e-02 5.363942676294422007e-01
9.959029068607995472e-02 5.520669618308924331e-01
1.001659236278700377e-01 5.776115549371590996e-01
1.007448837341998471e-01 6.095897573724193830e-01
1.013271902361159299e-01 6.418030050196991132e-01
1.019128624758204177e-01 6.711836565221291906e-01
1.025019199073136378e-01 6.925215430132786176e-01
1.030943820970401520e-01 7.013116312627748483e-01
1.036902687245389171e-01 6.971260184487364508e-01
1.042895995830967204e-01 6.728108926053406602e-01
1.048923945804057928e-01 6.352036586822301656e-01
1.054986737392250712e-01 5.926484217060949966e-01
1.061084571980452224e-01 5.562284674436981380e-01
1.067217652117575799e-01 5.283424624176993323e-01
1.073386181523270227e-01 5.080622793806373050e-01
1.079590365094685589e-01 4.939143656571595153e-01
1.085830408913279893e-01 4.840394533521888421e-01
1.092106520251663743e-01 4.763673365598620202e-01
1.098418907580486492e-01 4.709944440851099312e-01
1.104767780575359459e-01 4.681739015408766247e-01
1.111153350123821049e-01 4.680563789348668458e-01
1.117575828332342536e-01 4.704851794590678149e-01
1.124035428533372433e-01 4.751860836994566406e-01
1.130532365292423180e-01 4.823157884640462689e-01
1.137066854415197809e-01 4.923986253796494572e-01
1.143639112954759340e-01 5.063114938911079665e-01
1.150249359218739331e-01 5.250699098503517348e-01
1.156897812776589568e-01 5.499666219234878861e-01
1.163584694466876512e-01 5.826891341968097882e-01
1.170310226404614878e-01 6.206640029387198165e-01
1.177074631988646730e-01 6.605614209789428815e-01
1.183878135909062629e-01 6.807813360129230107e-01
1.190720964154663303e-01 6.615588564299483831e-01
1.197603344020467531e-01 6.204138907259298952e-01
1.204525504115261381e-01 5.730311867029340700e-01
1.211487674369193246e-01 5.316722695879747551e-01
1.218490086041408849e-01 4.992420571296001253e-01
1.225532971727734816e-01 4.743875326586212693e-01
1.232616565368404721e-01 4.543966360363524970e-01
1.239741102255828148e-01 4.362619939090064403e-01
1.246906819042407494e-01 4.184347185973780747e-01
1.254113953748399735e-01 4.018218435478501660e-01
1.261362745769819826e-01 3.894006081126690222e-01
1.268653435886395453e-01 3.807642032710315538e-01
1.275986266269562852e-01 3.726702104571313345e-01
1.283361480490512463e-01 3.661341455228984132e-01
1.290779323528278288e-01 3.623041139270431477e-01
1.298240041777875831e-01 3.611047806657132209e-01
1.305743883058487209e-01 3.623975293318201230e-01
1.313291096621690413e-01 3.658026715059479184e-01
1.320881933159741561e-01 3.705005623461826159e-01
1.328516644813900749e-01 3.746138535565228800e-01
1.336195485182806453e-01 3.760874062318755318e-01
1.343918709330900185e-01 3.744601701486640066e-01
1.351686573796898327e-01 3.668754419608059036e-01
1.359499336602315311e-01 3.512690425627458812e-01
1.367357257260030934e-01 3.329023686235344504e-01
1.375260596782912625e-01 3.161267699656853947e-01
1.383209617692485738e-01 2.973083873433750579e-01
1.391204584027652402e-01 2.764207028352474449e-01
1.399245761353461737e-01 2.572952547372348020e-01
1.407333416769932510e-01 2.414559195072631670e-01
1.415467818920924381e-01 2.292621957837161772e-01
1.423649238003061035e-01 2.200631891333091616e-01
1.431877945774705507e-01 2.132158399631582102e-01
1.440154215564987683e-01 2.085058955223070831e-01
1.448478322282882313e-01 2.057887126033593195e-01
1.456850542426340045e-01 2.049726838416302543e-01
1.465271154091474515e-01 2.056732993774574303e-01
1.473740436981796631e-01 2.061433898014963240e-01
1.482258672417506584e-01 2.037411071986514888e-01
1.490826143344838317e-01 1.984884493900478108e-01
1.499443134345459228e-01 1.929862820486850095e-01
1.508109931645919832e-01 1.886656689077430282e-01
1.516826823127164214e-01 1.856115878515673667e-01
1.525594098334091819e-01 1.830646620413259318e-01
1.534412048485173929e-01 1.799949113043489424e-01
1.543280966482127869e-01 1.767112091564312371e-01
1.552201146919646169e-01 1.747118181541889026e-01
1.561172886095181789e-01 1.746626997316771679e-01
1.570196482018790252e-01 1.763417662975391154e-01
1.579272234423027277e-01 1.794606354570278672e-01
1.588400444772908315e-01 1.836143062294329498e-01
1.597581416275917487e-01 1.885207243603310712e-01
1.606815453892082024e-01 1.939939630602145193e-01
1.616102864344102497e-01 2.002621367207483571e-01
1.625443956127538836e-01 2.079005034313493594e-01
1.634839039521058524e-01 2.165079796315074190e-01
1.644288426596743347e-01 2.247194950514173895e-01
1.653792431230455828e-01 2.312344661845716076e-01
1.663351369112262834e-01 2.351585158652346186e-01
1.672965557756923849e-01 2.363801482877048998e-01
1.682635316514438095e-01 2.355840079669928866e-01
1.692360966580649384e-01 2.337928429153986187e-01
1.702142831007917856e-01 2.318555279563306870e-01
1.711981234715850009e-01 2.298353444930251455e-01
1.721876504502090899e-01 2.216551684347177753e-01
1.731828969053178791e-01 2.031637397291268243e-01
1.741838958955464201e-01 1.820608984499967609e-01
1.751906806706090836e-01 1.630596024383328402e-01
1.762032846724038426e-01 1.474700780811357415e-01
1.772217415361232173e-01 1.351190548695449523e-01
1.782460850913716033e-01 1.255379490795986708e-01
1.792763493632887617e-01 1.184648962379059589e-01
1.803125685736800821e-01 1.145233688363491847e-01
1.813547771421535060e-01 1.139664924878723423e-01
1.824030096872625850e-01 1.161921898416872212e-01
1.834573010276564775e-01 1.193098536411143079e-01
1.845176861832364401e-01 1.226035000095405808e-01
1.855842003763193415e-01 1.270437451366001336e-01
1.866568790328071992e-01 1.317295823762184570e-01
1.877357577833641822e-01 1.349207731394054810e-01
1.888208724646001924e-01 1.375782907353022277e-01
1.899122591202609955e-01 1.407167469957925632e-01
1.910099540024255971e-01 1.446504395569487011e-01
1.921139935727104175e-01 1.494531967225459501e-01
1.932244145034804905e-01 1.551852864956661804e-01
1.943412536790674328e-01 1.618840750382202487e-01
1.954645481969946030e-01 1.695628213108861249e-01
1.965943353692096995e-01 1.783209675187489851e-01
1.977306527233236300e-01 1.887428119516879055e-01
1.988735380038573475e-01 2.010706319820921295e-01
2.000230291734956534e-01 2.135572582006172448e-01
2.011791644143479663e-01 2.264974011423336320e-01
2.023419821292166965e-01 2.417195920207465265e-01
2.035115209428728922e-01 2.589345444210626734e-01
2.046878197033392410e-01 2.747350067890464431e-01
2.058709174831803157e-01 2.817161509260392438e-01
2.070608535808005912e-01 2.723580367474960351e-01
2.082576675217497619e-01 2.510686659988274894e-01
2.094613990600355524e-01 2.278932080937106364e-01
2.106720881794442723e-01 2.078739855099933087e-01
2.118897750948690872e-01 1.923751644974344699e-01
2.131145002536455058e-01 1.805764975340893863e-01
2.143463043368951104e-01 1.702968855884237631e-01
2.155852282608767823e-01 1.613006807683873833e-01
2.168313131783459469e-01 1.544596597385599901e-01
2.180846004799212312e-01 1.500628075737194256e-01
2.193451317954595303e-01 1.484069441890440155e-01
2.206129489954388734e-01 1.492286984110658410e-01
2.218880941923488948e-01 1.518575887054986473e-01
2.231706097420899648e-01 1.574338856906521700e-01
2.244605382453801201e-01 1.654356684598370653e-01
2.257579225491697927e-01 1.700859475776370644e-01
2.270628057480653939e-01 1.699006234681602334e-01
2.283752311857605299e-01 1.625681168731998860e-01
2.296952424564759343e-01 1.425769189109156454e-01
2.310228834064072811e-01 1.220779630226663248e-01
2.323581981351817149e-01 1.063410833979339665e-01
2.337012309973229007e-01 9.563869141064876289e-02
2.350520266037238737e-01 8.898209047025204543e-02
2.364106298231291869e-01 8.549950391216400158e-02
2.377770857836252472e-01 8.424201202785998321e-02
2.391514398741393099e-01 8.448579610032630471e-02
2.405337377459470793e-01 8.553114461378200084e-02
2.419240253141889951e-01 8.629926031306091316e-02
2.433223487593957901e-01 8.732773378565367173e-02
2.447287545290218747e-01 8.964533984416843404e-02
2.461432893389885190e-01 9.322947798744950221e-02
2.475660001752356676e-01 9.725025781305897399e-02
2.489969342952823017e-01 1.006382236063084329e-01
2.504361392297964617e-01 1.034973376725141364e-01
2.518836627841739007e-01 1.069796228905867813e-01
2.533395530401260642e-01 1.116193551078474427e-01
2.548038583572773130e-01 1.163651590105322930e-01
2.562766273747711931e-01 1.211287419741262777e-01
2.577579090128856998e-01 1.258206060140528160e-01
2.592477524746588102e-01 1.298673010809875128e-01
2.607462072475227322e-01 1.335364171086140528e-01
2.622533231049470337e-01 1.368309674970865641e-01
2.637691501080930423e-01 1.384214400984180859e-01
2.652937386074759596e-01 1.362551067276389360e-01
2.668271392446371348e-01 1.292182146877953741e-01
2.683694029538270520e-01 1.181186565602004024e-01
2.699205809636965880e-01 1.049317161458635378e-01
2.714807247989985406e-01 9.210879447014141963e-02
2.730498862822996475e-01 8.140037568254802902e-02
2.746281175357012105e-01 7.357638352245475521e-02
2.762154709825712651e-01 6.866062385107893351e-02
2.778119993492854656e-01 6.634331913257958402e-02
2.794177556669779627e-01 6.615920038316434881e-02
2.810327932733039380e-01 6.799707313714713208e-02
2.826571658142107979e-01 7.238187170137133641e-02
2.842909272457196934e-01 7.957425518916622087e-02
2.859341318357184192e-01 8.929548408627796530e-02
2.875868341657639160e-01 9.887869925633213652e-02
2.892490891328946545e-01 1.014663059686538443e-01
2.909209519514548425e-01 9.773541523786832830e-02
2.926024781549284581e-01 9.255658573303998660e-02
2.942937235977828858e-01 8.832366253658220645e-02
2.959947444573255426e-01 8.554711563459869994e-02
2.977055972355692748e-01 8.439720213579590680e-02
2.994263387611086902e-01 8.433723547272940768e-02
3.011570261910088142e-01 8.533587628379661616e-02
3.028977170127025720e-01 8.998253932141171696e-02
3.046484690459013711e-01 1.004025757142581743e-01
3.064093404445150659e-01 1.052830786038310568e-01
3.081803896985833569e-01 9.365587410925399481e-02
3.099616756362194026e-01 7.919456676975020204e-02
3.117532574255635347e-01 6.820077898756397861e-02
3.135551945767480198e-01 6.110723502482343084e-02
3.153675469438748658e-01 5.704818501725693325e-02
3.171903747270033436e-01 5.513678529951422658e-02
3.190237384741493876e-01 5.478301212142342586e-02
3.208676990832974307e-01 5.594196582068850648e-02
3.227223178044230090e-01 5.826077723926492008e-02
3.245876562415266342e-01 6.122596299089479166e-02
3.264637763546810456e-01 6.507829374789032839e-02
3.283507404620888970e-01 7.016189980784925950e-02
3.302486112421523790e-01 7.657320997570261911e-02
3.321574517355558864e-01 8.363661993690221785e-02
3.340773253473591775e-01 9.038332154190639733e-02
3.360082958491044103e-01 9.648214211378006167e-02
3.379504273809338932e-01 1.017058712809044141e-01
3.399037844537201591e-01 1.061831812298593691e-01
3.418684319512097503e-01 1.093617157123991934e-01
3.438444351321779946e-01 1.102572982381963274e-01
3.458318596325960503e-01 1.100855344294128790e-01
3.478307714678123830e-01 1.071718778204180655e-01
3.498412370347446232e-01 1.014078460056643816e-01
3.518633231140849693e-01 9.560735204904616258e-02
3.538970968725191901e-01 9.056744029132161866e-02
3.559426258649572294e-01 8.665664957133663304e-02
3.579999780367765227e-01 8.373274740181786691e-02
3.600692217260801353e-01 8.132142459851073035e-02
3.621504256659661136e-01 7.932414297637629952e-02
3.642436589868098817e-01 7.723887006974228253e-02
3.663489912185618480e-01 7.492789349156653289e-02
3.684664922930561692e-01 7.251958408841349679e-02
3.705962325463332818e-01 6.990817151487443981e-02
3.727382827209774208e-01 6.770748538233857527e-02
3.748927139684648524e-01 6.698426934535567367e-02
3.770595978515288715e-01 6.858378214714949683e-02
3.792390063465359562e-01 7.124732654335441673e-02
3.814310118458763554e-01 7.343595907527390720e-02
3.836356871603694985e-01 7.358843712307112928e-02
3.858531055216822825e-01 7.233576667901367441e-02
3.880833405847607942e-01 7.148478247549713838e-02
3.903264664302779630e-01 7.170687006685397269e-02
3.925825575670940371e-01 7.238639180160248709e-02
3.948516889347303827e-01 7.348688553787811883e-02
3.971339359058604912e-01 7.487606300891609667e-02
3.994293742888124776e-01 7.503456785702151965e-02
4.017380803300868997e-01 7.286913850628856659e-02
4.040601307168905088e-01 6.958664171843245705e-02
4.063956025796829352e-01 6.757760783569705110e-02
4.087445734947380283e-01 6.988014689344135277e-02
4.111071214867221824e-01 7.897940999874779322e-02
4.134833250312844322e-01 9.021065371307672442e-02
4.158732630576643108e-01 1.010869188892532383e-01
4.182770149513134750e-01 1.134409555009981141e-01
4.206946605565314856e-01 1.297335061141456636e-01
4.231262801791195738e-01 1.350295568849683159e-01
4.255719545890473410e-01 1.142943504246379249e-01
4.280317650231349469e-01 9.298177649478285567e-02
4.305057931877529498e-01 7.890919777515736921e-02
4.329941212615355806e-01 7.092700210697407137e-02
4.354968318981098929e-01 6.777890296599062281e-02
4.380140082288422887e-01 6.855003206542363559e-02
4.405457338655994204e-01 7.268984119711988101e-02
4.430920929035247480e-01 7.977615299949061822e-02
4.456531699238333033e-01 8.793312587661143709e-02
4.482290499966203323e-01 9.489317621252556234e-02
4.508198186836865351e-01 1.013261828614884091e-01
4.534255620413813470e-01 1.083190792590821711e-01
4.560463666234608748e-01 1.165845345417504259e-01
4.586823194839622087e-01 1.263407188806496551e-01
4.613335081800964965e-01 1.316156758503936597e-01
4.640000207751556194e-01 1.327438928680869656e-01
4.666819458414390720e-01 1.418184460921298462e-01
4.693793724631949438e-01 1.456855425098804446e-01
4.720923902395786631e-01 1.320592483530765027e-01
4.748210892876304490e-01 1.159339414484812369e-01
4.775655602452679171e-01 1.064598113640053273e-01
4.803258942742961168e-01 1.045722175074799559e-01
4.831021830634371073e-01 1.100870411294899431e-01
4.858945188313745223e-01 1.230518939524699595e-01
4.887029943298164536e-01 1.389867539673264041e-01
4.915277028465775411e-01 1.402225493705209214e-01
4.943687382086768833e-01 1.344084951132092642e-01
4.972261947854541564e-01 1.301800920169826070e-01
5.001001674917054940e-01 1.231043271151512214e-01
5.029907517908354109e-01 1.145532014978747348e-01
5.058980436980275996e-01 1.061886053501367305e-01
5.088221397834349347e-01 9.861171200267929149e-02
5.117631371753864622e-01 9.458219331662291729e-02
5.147211335636141527e-01 9.562030966970877510e-02
5.176962272024980827e-01 9.740876266116439697e-02
5.206885169143288250e-01 9.635618198733887640e-02
5.236981020925914887e-01 9.498839965739497293e-02
5.267250827052667450e-01 9.249029092964990151e-02
5.297695592981502832e-01 8.964443582412220946e-02
5.328316329981945820e-01 8.956488206005408514e-02
5.359114055168668900e-01 9.407021663044211335e-02
5.390089791535270791e-01 9.950578782839937519e-02
5.421244567988269258e-01 1.009368515615792911e-01
5.452579419381275994e-01 9.911645652849025712e-02
5.484095386549359130e-01 9.651287879535183634e-02
5.515793516343632241e-01 9.621756558025049144e-02
5.547674861666017643e-01 9.924874479525504223e-02
5.579740481504216199e-01 1.043462124959228104e-01
5.611991440966896949e-01 1.081349605096669497e-01
5.644428811319066597e-01 1.030534638298158806e-01
5.677053670017649933e-01 9.333404297279659922e-02
5.709867100747291202e-01 8.949346447640202373e-02
5.742870193456336425e-01 9.067682671691529306e-02
5.776064044393048880e-01 9.213742177160533231e-02
5.809449756142023302e-01 9.429622164199927270e-02
5.843028437660793273e-01 9.837696813067525747e-02
5.876801204316687288e-01 1.049247853255091262e-01
5.910769177923870243e-01 1.078140333932557787e-01
5.944933486780595855e-01 1.028584968398459087e-01
5.979295265706701112e-01 9.666053540290250878e-02
6.013855656081297241e-01 9.401145532743725164e-02
6.048615805880666052e-01 9.439626652711523291e-02
6.083576869716416091e-01 9.227543549866289163e-02
6.118740008873820857e-01 8.918730302074594218e-02
6.154106391350390171e-01 8.674253147572834333e-02
6.189677191894675801e-01 8.606059902085655411e-02
6.225453592045292472e-01 8.500922370709267095e-02
6.261436780170150929e-01 8.215041098090238025e-02
6.297627951505950783e-01 8.077388979051160212e-02
6.334028308197864332e-01 8.609163704244374160e-02
6.370639059339481269e-01 1.029323251436212588e-01
6.407461421012968783e-01 1.256440207650228180e-01
6.444496616329448146e-01 1.363385779119073715e-01
6.481745875469649976e-01 1.373070847214336310e-01
6.519210435724759334e-01 1.340752130561663202e-01
6.556891541537508417e-01 1.296539523500775393e-01
6.594790444543533470e-01 1.280649864488230538e-01
6.632908403612935988e-01 1.302289090994789567e-01
6.671246684892090384e-01 1.343220105287867283e-01
6.709806561845721440e-01 1.403382639364381679e-01
6.748589315299192704e-01 1.468131568475429527e-01
6.787596233481042463e-01 1.419404887983707064e-01
6.826828612065795054e-01 1.324190483314754696e-01
6.866287754216984229e-01 1.282695963192861388e-01
6.905974970630435195e-01 1.288074882467921678e-01
6.945891579577818664e-01 1.296837850116031032e-01
6.986038906950429173e-01 1.283150986616129752e-01
7.026418286303216520e-01 1.212399364398124152e-01
7.067031058899108098e-01 1.118082952975092415e-01
7.107878573753529938e-01 1.069118213871196321e-01
7.148962187679240854e-01 1.069549130093231798e-01
7.190283265331394169e-01 1.119062308025173397e-01
7.231843179252852583e-01 1.183624406326667100e-01
7.273643309919801681e-01 1.189235357413592764e-01
7.315685045787596597e-01 1.204468095192544885e-01
7.357969783336865133e-01 1.318645827031219298e-01
7.400498927119919523e-01 1.426531579348142564e-01
7.443273889807401344e-01 1.468249091081439139e-01
7.486296092235191768e-01 1.600865818463023393e-01
7.529566963451627126e-01 1.790553331363020084e-01
7.573087940764960946e-01 1.683348607480922299e-01
7.616860469791092436e-01 1.364988908001052437e-01
7.660886004501606950e-01 1.161942992217950693e-01
7.705166007272060691e-01 1.116711855904978928e-01
7.749701948930545203e-01 1.139499187870248176e-01
7.794495308806568268e-01 1.125447702951701545e-01
7.839547574780165728e-01 1.059406025174546850e-01
7.884860243331343055e-01 9.864033930414317641e-02
7.930434819589780027e-01 9.039266308238409764e-02
7.976272817384808533e-01 8.324548059690063673e-02
8.022375759295721220e-01 7.979001464019945533e-02
8.068745176702336597e-01 8.051172397710529283e-02
8.115382609835852801e-01 8.261477594464847196e-02
8.162289607830032212e-01 8.891609700687735929e-02
8.209467728772645856e-01 9.789422142598916410e-02
8.256918539757219788e-01 1.050212141304401742e-01
8.304643616935105666e-01 1.103281131418175631e-01
8.352644545567829981e-01 1.144082569504627500e-01
8.400922920079733069e-01 1.154906702858137929e-01
8.449480344110958940e-01 1.173104626388720151e-01
8.498318430570707127e-01 1.238995634158169962e-01
8.547438801690798726e-01 1.206586515500873980e-01
8.596843089079587719e-01 1.111601129243632996e-01
8.646532933776126528e-01 1.074087310725299615e-01
8.696509986304700179e-01 1.036787443617906840e-01
8.746775906729644667e-01 1.040644595815149037e-01
8.797332364710471753e-01 1.090582663168817718e-01
8.848181039557355687e-01 1.149717627792785773e-01
8.899323620286901937e-01 1.202705256102399173e-01
8.950761805678236760e-01 1.275165476207776871e-01
9.002497304329459826e-01 1.374595627692308530e-01
9.054531834714387717e-01 1.477355586347115501e-01
9.106867125239620497e-01 1.449047705299543187e-01
9.159504914301977996e-01 1.270178298952749085e-01
9.212446950346235841e-01 1.197853681854305630e-01
9.265694991923183466e-01 1.132758211725536784e-01
9.319250807748065135e-01 1.086806872775736288e-01
9.373116176759319629e-01 1.113165083923608606e-01
9.427292888177655206e-01 1.158161175024561146e-01
9.481782741565508710e-01 1.177003966188119449e-01
9.536587546886805544e-01 1.280017050455870553e-01
9.591709124567069367e-01 1.482535621212005272e-01
9.647149305553922582e-01 1.861464663789192953e-01
9.702909931377862174e-01 2.024754791339314075e-01
9.758992854213467405e-01 1.684773945753809676e-01
9.815399936940907288e-01 1.444009300241896054e-01
9.872133053207802211e-01 1.303913313677846908e-01
9.929194087491489684e-01 1.221680636872737868e-01
9.986584935161608723e-01 1.163769112711332543e-01
1.004430750254303728e+00 1.083064229784349713e-01
1.010236370697924935e+00 1.018478024281623123e-01
1.016075547689597958e+00 1.055081795953419915e-01
1.021948475186527761e+00 1.233354549069703432e-01
1.027855348266994762e+00 1.539624487131342756e-01
1.033796363136834096e+00 1.747491843160997038e-01
1.039771717135951290e+00 1.932954569044952331e-01
1.045781608744880131e+00 2.097389788653629406e-01
1.051826237591374280e+00 1.961624058111015589e-01
1.057905804457035748e+00 1.792825435079208052e-01
1.064020511283988890e+00 1.737303537240000584e-01
1.070170561181583713e+00 1.691325077688813072e-01
1.076356158433145582e+00 1.508562358342927234e-01
1.082577508502760022e+00 1.288596200694580030e-01
1.088834818042095476e+00 1.183524964121581841e-01
1.095128294897270704e+00 1.154457706235177822e-01
1.101458148115757263e+00 1.158230483228105262e-01
1.107824587953321727e+00 1.252146112430642111e-01
1.114227825881013212e+00 1.466432010788519813e-01
1.120668074592185315e+00 1.804960397499750235e-01
1.127145548009560017e+00 2.156925535498092072e-01
1.133660461292336441e+00 2.276849821430626530e-01
1.140213030843336250e+00 2.466356530321377472e-01
1.146803474316190341e+00 2.670900105981064976e-01
1.153432010622570836e+00 2.400836170770881406e-01
1.160098859939462601e+00 1.942693878342988678e-01
1.166804243716473621e+00 1.536047581148431429e-01
1.173548384683194445e+00 1.300291206692624491e-01
1.180331506856595603e+00 1.178399170459465684e-01
1.187153835548465874e+00 1.128072374485918627e-01
1.194015597372901416e+00 1.154527014438721938e-01
1.200917020253827294e+00 1.249051350472386301e-01
1.207858333432573428e+00 1.290012498767004745e-01
1.214839767475487387e+00 1.251630821004292016e-01
1.221861554281590267e+00 1.316210999706710350e-01
1.228923927090283863e+00 1.532386299961205622e-01
1.236027120489096909e+00 1.622432723365884177e-01
1.243171370421473965e+00 1.449493688522349444e-01
1.250356914194617142e+00 1.293435721342057476e-01
1.257583990487367132e+00 1.171522591307819910e-01
1.264852839358128644e+00 1.142678325032818881e-01
1.272163702252848472e+00 1.180276518755467158e-01
1.279516822013033517e+00 1.283681345043250488e-01
1.286912442883815677e+00 1.465145288922720945e-01
1.294350810522067352e+00 1.547188121518122128e-01
1.301832172004561583e+00 1.421152660073082274e-01
1.309356775836174380e+00 1.349915880430267168e-01
1.316924871958146337e+00 1.284820410301498461e-01
1.324536711756377994e+00 1.145679671586297965e-01
1.332192548069784932e+00 1.109880477755644662e-01
1.339892635198694837e+00 1.301680384163662330e-01
1.347637228913291185e+00 1.571780480175694605e-01
1.355426586462114891e+00 1.741802543670065151e-01
1.363260966580605249e+00 1.836498643512512741e-01
1.371140629499693731e+00 1.801398558517609549e-01
1.379065836954451285e+00 1.828582441307703976e-01
1.387036852192779834e+00 1.823299950837574679e-01
1.395053939984155722e+00 1.661013285538767426e-01
1.403117366628427343e+00 1.559365271540821829e-01
1.411227399964658957e+00 1.574393098109295452e-01
1.419384309380025577e+00 1.573410729659060203e-01
1.427588365818764915e+00 1.524720209969187001e-01
1.435839841791175742e+00 1.491651156678144019e-01
1.444139011382666204e+00 1.602080218725123739e-01
1.452486150262864761e+00 1.740425419799643270e-01
1.460881535694769973e+00 1.707440741712915044e-01
1.469325446543965796e+00 1.641896274961186231e-01
1.477818163287882181e+00 1.688661231952592878e-01
1.486359968025109168e+00 1.895651688537405288e-01
1.494951144484772509e+00 2.143609320217144953e-01
1.503591978035954568e+00 2.393588943400282165e-01
1.512282755697172298e+00 2.493413850305000179e-01
1.521023766145914724e+00 2.264015750174334374e-01
1.529815299728230382e+00 1.930272642907807090e-01
1.538657648468367833e+00 1.768820689451684192e-01
1.547551106078482119e+00 1.730363676685118812e-01
1.556495967968387184e+00 1.621010398493150928e-01
1.565492531255366693e+00 1.451774832438999796e-01
1.574541094774047689e+00 1.524337508149616605e-01
1.583641959086324214e+00 1.848922892347847902e-01
1.592795426491339539e+00 1.807175246613010322e-01
1.602001801035530804e+00 1.754100229698928315e-01
1.611261388522727822e+00 1.904529165391370127e-01
1.620574496524306296e+00 1.798391185163822348e-01
1.629941434389411858e+00 1.485124131944373371e-01
1.639362513255227638e+00 1.329304223376254757e-01
1.648838046057315765e+00 1.477464068752663007e-01
1.658368347540009280e+00 1.732165689977268053e-01
1.667953734266863997e+00 1.773000275465414499e-01
1.677594524631179640e+00 1.990233279173997116e-01
1.687291038866571835e+00 2.418127060855080890e-01
1.697043599057607821e+00 2.406513416661197058e-01
1.706852529150509445e+00 1.967301304001331241e-01
1.716718154963911225e+00 1.585187097461265016e-01
1.726640804199680579e+00 1.445937876340517014e-01
1.736620806453807120e+00 1.554573965295810156e-01
1.746658493227349673e+00 1.756405480816811138e-01
1.756754197937443251e+00 1.718915769499710366e-01
1.766908255928380411e+00 1.602815488362722973e-01
1.777121004482747679e+00 1.433245434891466941e-01
1.787392782832625482e+00 1.210076032879316560e-01
1.797723932170862682e+00 1.135497392465609628e-01
1.808114795662403074e+00 1.376364493582762361e-01
1.818565718455690483e+00 1.866283090635591502e-01
1.829077047694130043e+00 2.021415943968576379e-01
1.839649132527616748e+00 1.721820687248258597e-01
1.850282324124138622e+00 1.610312827946112635e-01
1.860976975681438272e+00 1.508327313130908010e-01
1.871733442438742401e+00 1.398244792101649148e-01
1.882552081688566581e+00 1.410135669109709444e-01
1.893433252788581767e+00 1.683728295900338290e-01
1.904377317173546302e+00 1.751451450963478484e-01
1.915384638367318981e+00 1.678373483826511026e-01
1.926455581994929611e+00 1.858544679039874636e-01
1.937590515794722412e+00 1.775486330592543072e-01
1.948789809630575354e+00 1.627579610829079093e-01
1.960053835504184105e+00 1.679319691474897014e-01
1.971382967567415045e+00 1.675812093695530081e-01
1.982777582134739092e+00 1.565389058448858339e-01
1.994238057695728816e+00 1.549683216845713085e-01
2.005764774927627947e+00 1.462945506810231500e-01
2.017358116708002580e+00 1.283832015050955511e-01
2.029018468127450348e+00 1.009877780241835027e-01
2.040746216502401289e+00 8.997500582102646582e-02
2.052541751387976898e+00 1.006240606255841830e-01
2.064405464590929995e+00 1.065056150463475765e-01
2.076337750182662312e+00 1.021042427812758474e-01
2.088339004512313135e+00 9.815005909907185966e-02
2.100409626219920778e+00 1.024113082569781674e-01
2.112550016249669760e+00 1.001187134197423778e-01
2.124760577863207711e+00 8.934882126900545174e-02
2.137041716653034662e+00 7.923193293166097551e-02
2.149393840555982482e+00 8.303544660616019035e-02
2.161817359866763155e+00 8.993673563906946777e-02
2.174312687251592546e+00 9.068044279710020528e-02
2.186880237761905654e+00 9.253127317174560107e-02
2.199520428848138476e+00 8.484589741874069835e-02
2.212233680373592026e+00 7.478294894415454808e-02
2.225020414628386511e+00 7.110177931591160627e-02
2.237881056343477670e+00 7.662262973822978052e-02
2.250816032704775704e+00 8.595844475563273190e-02
2.263825773367328598e+00 9.715865044837446174e-02
2.276910710469592924e+00 1.169575934808274320e-01
2.290071278647793029e+00 1.445060976895675420e-01
2.303307915050354371e+00 1.671114202855295272e-01
2.316621059352423018e+00 1.720181397564430614e-01
2.330011153770474852e+00 1.354553503267419967e-01
2.343478643077001600e+00 1.130576510013971969e-01
2.357023974615280792e+00 1.101455010924794059e-01
2.370647598314243876e+00 9.266416411854119795e-02
2.384349966703414481e+00 8.845323874320830393e-02
2.398131534927939956e+00 9.628536708371764063e-02
2.411992760763713051e+00 1.004761026780180977e-01
2.425934104632577970e+00 9.451921325340231772e-02
2.439956029617617261e+00 8.523824211880393076e-02
2.454059001478542612e+00 8.157455021145473828e-02
2.468243488667162033e+00 7.817392813755809355e-02
2.482509962342935861e+00 6.865098097058583426e-02
2.496858896388636673e+00 6.507558168775165464e-02
2.511290767426078485e+00 6.131244757531732065e-02
2.525806054831960523e+00 5.787626737960234469e-02
2.540405240753779381e+00 5.963217564939373577e-02
2.555088810125852206e+00 6.764239593901009984e-02
2.569857250685421590e+00 8.782434213104858833e-02
2.584711052988855506e+00 1.285052442113363835e-01
2.599650710427946265e+00 1.282346408774986402e-01
2.614676719246288084e+00 9.817386496028920884e-02
2.629789578555775442e+00 6.699662428598746056e-02
2.644989790353173831e+00 5.664529341665437007e-02
2.660277859536794409e+00 5.825233971883345130e-02
2.675654293923265481e+00 6.427220920666981696e-02
2.691119604264405218e+00 6.739379042629722871e-02
2.706674304264172548e+00 6.118106332859876706e-02
2.722318910595750374e+00 5.797781896479535513e-02
2.738053942918694972e+00 5.735073039272810952e-02
2.753879923896200843e+00 5.112594969441325993e-02
2.769797379212459720e+00 4.127002181041344864e-02
2.785806837590128815e+00 4.161806952821146821e-02
2.801908830807877226e+00 4.813062994124243932e-02
2.818103893718070019e+00 4.749299446863584906e-02
2.834392564264522019e+00 4.346528382267194485e-02
2.850775383500368410e+00 4.464020854275374539e-02
2.867252895606037466e+00 4.446512999380079767e-02
2.883825647907329426e+00 4.176482211571591607e-02
2.900494190893583735e+00 3.905215929699924760e-02
2.917259078235983960e+00 3.297503520623506351e-02
2.934120866805935979e+00 3.046246215775032587e-02
2.951080116693567401e+00 2.939427207112658980e-02
2.968137391226336685e+00 2.983495170966150162e-02
2.985293256987731514e+00 3.304193268965598118e-02
3.002548283836107057e+00 3.532880206659897576e-02
3.019903044923603730e+00 3.320495763799254096e-02
3.037358116715186629e+00 2.763923768737989312e-02
3.054914079007794214e+00 2.726545553226589896e-02
3.072571514949601568e+00 3.314258025480276704e-02
3.090331011059376021e+00 3.800168800328159596e-02
3.108193157245980220e+00 3.660075827164264300e-02
3.126158546827951579e+00 3.276891863569494218e-02
3.144227776553216724e+00 3.318717857708337882e-02
3.162401446618910317e+00 3.539449418995825603e-02
3.180680160691316427e+00 3.393600851537608570e-02
3.199064525925907621e+00 3.139239744530416404e-02
3.217555152987530587e+00 3.252573724325943938e-02
3.236152656070678812e+00 2.715878116681092608e-02
3.254857652919894928e+00 2.618475983500266960e-02
3.273670764850296955e+00 2.644400265025950020e-02
3.292592616768199143e+00 2.216156928926991260e-02
3.311623837191892683e+00 1.981313614717875038e-02
3.330765058272506351e+00 1.950881286561665512e-02
3.350016915815009710e+00 1.886376442863099689e-02
3.369380049299332214e+00 1.747045859938190643e-02
3.388855101901607103e+00 1.592084770413989409e-02
3.408442720515521884e+00 1.964031764834137800e-02
3.428143555773827789e+00 2.057474290212481932e-02
3.447958262069935831e+00 1.748715283623559699e-02
3.467887497579658529e+00 1.639160107621267723e-02
3.487931924283071528e+00 1.424654231052141333e-02
3.508092207986506228e+00 1.261556961111882230e-02
3.528369018344649444e+00 1.226520157520214968e-02
3.548763028882812254e+00 1.443412647011384914e-02
3.569274917019284565e+00 2.156244507063266591e-02
3.589905364087840223e+00 2.719789510081108488e-02
3.610655055360374899e+00 3.165124851854096005e-02
3.631524680069651456e+00 3.440218151921464046e-02
3.652514931432215839e+00 3.203274497804943499e-02
3.673626506671410219e+00 2.989781123687593536e-02
3.694860107040534913e+00 2.921807856411663337e-02
3.716216437846141751e+00 2.806873761134311140e-02
3.737696208471465109e+00 2.481034802471976386e-02
3.759300132399972405e+00 2.203455447277479287e-02
3.781028927239082016e+00 2.126475126940958332e-02
3.802883314743989107e+00 1.905394011235595625e-02
3.824864020841640233e+00 1.473148879731998352e-02
3.846971775654848713e+00 1.269732315729942863e-02
3.869207313526548564e+00 1.199544199340753063e-02
3.891571373044171445e+00 1.215325375947750794e-02
3.914064697064205678e+00 1.146059360005713922e-02
3.936688032736852527e+00 1.036612666408969277e-02
3.959442131530850340e+00 1.108220094270737956e-02
3.982327749258438132e+00 1.213812649070394878e-02
4.005345646100446189e+00 1.243096871767893769e-02
4.028496586631570509e+00 1.505169269769415959e-02
4.051781339845751617e+00 1.725710986847195719e-02
4.075200679181723906e+00 1.138824186235730916e-02
4.098755382548707082e+00 1.047433786362325821e-02
4.122446232352245943e+00 1.090299403554332788e-02
4.146274015520188705e+00 1.090094492343854360e-02
4.170239523528843861e+00 1.229464249470766171e-02
4.194343552429258715e+00 1.314032311395299177e-02
4.218586902873665778e+00 1.292558821897215465e-02
4.242970380142073950e+00 1.151567855487400233e-02
4.267494794169023997e+00 1.158691533451681847e-02
4.292160959570472833e+00 1.145613376782907838e-02
4.316969695670882068e+00 1.126089557184523776e-02
4.341921826530410478e+00 1.026930611713860846e-02
4.367018180972294772e+00 9.501100015855069164e-03
4.392259592610382235e+00 9.677926336897386614e-03
4.417646899876805477e+00 9.502425911922870658e-03
4.443180946049855251e+00 8.985989393514002416e-03
4.468862579281975833e+00 9.272473346163852617e-03
4.494692652627942486e+00 1.036932086825303329e-02
4.520672024073195239e+00 9.659002183929668237e-03
4.546801556562344082e+00 9.195782312242124085e-03
4.573082118027814502e+00 8.800213274014022716e-03
4.599514581418703507e+00 7.901316008047365100e-03
4.626099824729760002e+00 7.731390373357926483e-03
4.652838731030551678e+00 7.632339910292810885e-03
4.679732188494796219e+00 6.765294283954944449e-03
4.706781090429870140e+00 6.382682866389452134e-03
4.733986335306464177e+00 6.336638112034873906e-03
4.761348826788450062e+00 6.951642949484202263e-03
4.788869473762884077e+00 8.239992051366147249e-03
4.816549190370198019e+00 1.005671073626717739e-02
4.844388896034566017e+00 1.057820976693492690e-02
4.872389515494448098e+00 9.671116052549130412e-03
4.900551978833287414e+00 8.546756187053057910e-03
4.928877221510434836e+00 7.035505875772677525e-03
4.957366184392200559e+00 6.633608697220974570e-03
4.986019813783113541e+00 6.437888357212480199e-03
5.014839061457356806e+00 5.470707443754022244e-03
5.043824884690362609e+00 5.225446805212198044e-03
5.072978246290641202e+00 6.276129036940638131e-03
5.102300114631742822e+00 6.055276939646987884e-03
5.131791463684423960e+00 4.956109099439151566e-03
5.161453273049005475e+00 4.771086329977695245e-03
5.191286527987911903e+00 4.966836803987731072e-03
5.221292219458380401e+00 4.834849877238352710e-03
5.251471344145405951e+00 5.124286962039215250e-03
5.281824904494829553e+00 6.017277963703843852e-03
5.312353908746639597e+00 6.100086199938385516e-03
5.343059370968462396e+00 5.589676481837708641e-03
5.373942311089249912e+00 4.917989587489845181e-03
5.405003754933139781e+00 4.812641118102670319e-03
5.436244734253559585e+00 5.351195993642599187e-03
5.467666286767478567e+00 6.058079401790296414e-03
5.499269456189878724e+00 6.455818088129347022e-03
5.531055292268432844e+00 5.956467548594199593e-03
5.563024850818350409e+00 5.698761567415961543e-03
5.595179193757479297e+00 5.801970522693728621e-03
5.627519389141558470e+00 5.825595579901836872e-03
5.660046511199702479e+00 5.792990590234524048e-03
5.692761640370078702e+00 5.552069247914597459e-03
5.725665863335805739e+00 5.355444887859873299e-03
5.758760273061025892e+00 5.661907683531374608e-03
5.792045968827241431e+00 4.653021311940237770e-03
5.825524056269808071e+00 4.588022270616399709e-03
5.859195647414667363e+00 5.074535725495101304e-03
5.893061860715279821e+00 4.765903281712650756e-03
5.927123821089786304e+00 5.347971655477716350e-03
5.961382659958350594e+00 5.594949932107374894e-03
5.995839515280771082e+00 5.171506942453890296e-03
6.030495531594262104e+00 5.186905417241317352e-03
6.065351860051475086e+00 4.636387343089630117e-03
6.100409658458743500e+00 4.409327641478543239e-03
6.135670091314512575e+00 4.411497289589491611e-03
6.171134329848062094e+00 4.345473692213261407e-03
6.206803552058381079e+00 4.097802333548161528e-03
6.242678942753306259e+00 3.709314785682182956e-03
6.278761693588877257e+00 4.033677178269011801e-03
6.315053003108923591e+00 4.522721889277152296e-03
6.351554076784851510e+00 4.556652775012266614e-03
6.388266127055725718e+00 4.792481471071772213e-03
6.425190373368511843e+00 4.622254496366923378e-03
6.462328042218596025e+00 4.402668027137991713e-03
6.499680367190518560e+00 4.672216670921824910e-03
6.537248588998957999e+00 4.720491341390432687e-03
6.575033955529916874e+00 4.454709447799218985e-03
6.613037721882214726e+00 4.394772918734262193e-03
6.651261150409145451e+00 4.468962830528090679e-03
6.689705510760421525e+00 4.618337076166599206e-03
6.728372079924347382e+00 4.547853646562308172e-03
6.767262142270216607e+00 4.529200699608457691e-03
6.806376989591010229e+00 5.004865913932415693e-03
6.845717921146279750e+00 5.016979782551878736e-03
6.885286243705309062e+00 4.747310602761881451e-03
6.925083271590525058e+00 4.959092365591706228e-03
6.965110326721157818e+00 5.533597104969993109e-03
7.005368738657123728e+00 5.658472407355705919e-03
7.045859844643230119e+00 5.124015756025347354e-03
7.086584989653569089e+00 4.868780762973467027e-03
7.127545526436194656e+00 5.027767755103540286e-03
7.168742815558059256e+00 4.780638808466177066e-03
7.210178225450215805e+00 4.296264867696884121e-03
7.251853132453240036e+00 4.169460989212549380e-03
7.293768920862992111e+00 4.275743612647493752e-03
7.335926982976571864e+00 4.060978583665115181e-03
7.378328719138569802e+00 3.884754942653616868e-03
7.420975537787583676e+00 3.993056544191805370e-03
7.463868855503007715e+00 4.380248329991521736e-03
7.507010097052058128e+00 4.617493324123452328e-03
7.550400695437144982e+00 3.789621899788825007e-03
7.594042091943437711e+00 4.060526573642001154e-03
7.637935736186750368e+00 4.573738753885987426e-03
7.682083086161699548e+00 4.549511016647060473e-03
7.726485608290103890e+00 4.081620374720668770e-03
7.771144777469737974e+00 3.428737097334360467e-03
7.816062077123293150e+00 3.618490905037748118e-03
7.861238999247660786e+00 3.842476938491658570e-03
7.906677044463489068e+00 3.528691580445705422e-03
7.952377722065040011e+00 3.322936617924071578e-03
7.998342550070284496e+00 1.678578395036989593e-02
