2.511886431509579437e-02 7.004115079577337699e-01
2.526405161860213050e-02 7.068933588373177423e-01
2.541007810627042562e-02 7.103727085230610028e-01
2.555694862859406516e-02 7.167230149910858161e-01
2.570466806410236227e-02 7.227444604302123432e-01
2.585324131952258450e-02 7.294959773534929193e-01
2.600267332994290678e-02 7.366355502908734643e-01
2.615296905897638788e-02 7.443802275214268516e-01
2.630413349892583852e-02 7.526971229422629861e-01
2.645617167094958117e-02 7.616552973694507012e-01
2.660908862522835469e-02 7.712679052441459016e-01
2.676288944113292337e-02 7.808081636924835145e-01
2.691757922739292791e-02 7.887929094741322755e-01
2.707316312226650673e-02 7.952616059125604542e-01
2.722964629371095457e-02 8.010298283594354807e-01
2.738703393955444973e-02 8.063705314687426018e-01
2.754533128766867636e-02 8.115928446076465796e-01
2.770454359614242176e-02 8.168546210700181609e-01
2.786467615345633933e-02 8.223005597085727425e-01
2.802573427865854422e-02 8.265198467093369805e-01
2.818772332154127064e-02 8.283910659637678808e-01
2.835064866281864979e-02 8.287363700441111591e-01
2.851451571430539678e-02 8.282365012801857773e-01
2.867932991909653145e-02 8.273485765021605376e-01
2.884509675174826843e-02 8.263685706360438532e-01
2.901182171845980567e-02 8.255069547403305341e-01
2.917951035725619563e-02 8.244480222272781988e-01
2.934816823817239240e-02 8.219552556282296862e-01
2.951780096343814899e-02 8.180122118917398932e-01
2.968841416766421215e-02 8.135824538324807342e-01
2.986001351802944001e-02 8.090836349571529640e-01
3.003260471446899879e-02 8.048709251769666784e-01
3.020619348986378766e-02 8.010824461240590999e-01
3.038078561023081769e-02 7.977477952910311254e-01
3.055638687491469066e-02 7.946499243988098815e-01
3.073300311678033025e-02 7.917033295798817649e-01
3.091064020240668481e-02 7.890888844001407998e-01
3.108930403228154019e-02 7.869052471682564942e-01
3.126900054099761295e-02 7.852346331414535863e-01
3.144973569744963920e-02 7.841296600843555842e-01
3.163151550503255638e-02 7.836561002027421230e-01
3.181434600184106232e-02 7.838994573641268060e-01
3.199823326087009728e-02 7.849123493331333634e-01
3.218318339021652985e-02 7.867243736023624701e-01
3.236920253328214730e-02 7.893881479364381892e-01
3.255629686897762443e-02 7.929497128794059657e-01
3.274447261192782455e-02 7.974518203650227122e-01
3.293373601267822470e-02 8.017533226230115773e-01
3.312409335790250653e-02 8.051537456618192978e-01
3.331555097061136145e-02 8.082943684877973434e-01
3.350811521036261426e-02 8.113988166005965397e-01
3.370179247347232510e-02 8.147564877056474586e-01
3.389658919322740410e-02 8.185351009276879974e-01
3.409251184009919750e-02 8.205806165274350805e-01
3.428956692195841288e-02 8.181930854576340284e-01
3.448776098429136294e-02 8.125333871502953276e-01
3.468710061041735404e-02 8.055319358450522271e-01
3.488759242170727526e-02 7.982509526652453724e-01
3.508924307780367929e-02 7.915125901831207011e-01
3.529205927684192501e-02 7.852938281266551579e-01
3.549604775567258980e-02 7.790849319010567653e-01
3.570121529008542238e-02 7.734252335937182865e-01
3.590756869503420462e-02 7.693276251736463900e-01
3.611511482486330638e-02 7.676372794851094028e-01
3.632386057353523962e-02 7.691401743871743024e-01
3.653381287485973905e-02 7.722347566691065701e-01
3.674497870272393912e-02 7.717480423463372041e-01
3.695736507132423021e-02 7.663317012003834083e-01
3.717097903539903075e-02 7.588270925209259499e-01
3.738582769046329413e-02 7.523847049648096919e-01
3.760191817304411876e-02 7.490599199626485349e-01
3.781925766091774610e-02 7.473597084432447302e-01
3.803785337334809891e-02 7.435580749491812469e-01
3.825771257132654091e-02 7.381252907517824591e-01
3.847884255781295476e-02 7.326398887897600520e-01
3.870125067797849233e-02 7.290257060821684343e-01
3.892494431944945599e-02 7.276412011505070110e-01
3.914993091255265789e-02 7.259640099031260396e-01
3.937621793056233360e-02 7.223399613646674933e-01
3.960381288994833243e-02 7.175648992250653890e-01
3.983272335062570252e-02 7.124708418874317051e-01
4.006295691620595512e-02 7.079851774532599507e-01
4.029452123424955012e-02 7.035554193940007917e-01
4.052742399651988042e-02 6.994084818195941411e-01
4.076167293923887297e-02 6.967085327723396837e-01
4.099727584334383890e-02 6.959192663029840631e-01
4.123424053474603751e-02 6.974057181536039707e-01
4.147257488459059338e-02 7.009508400451268662e-01
4.171228680951784978e-02 7.053575778323630807e-01
4.195338427192649156e-02 7.105108301551983363e-01
4.219587528023795858e-02 7.170189899170942294e-01
4.243976788916238585e-02 7.254575639186228164e-01
4.268507019996626434e-02 7.344880877721680079e-01
4.293179036074151744e-02 7.426898818328899754e-01
4.317993656667604152e-02 7.511613419373083245e-01
4.342951706032609216e-02 7.608232789663381679e-01
4.368054013188996804e-02 7.724550935584684197e-01
4.393301411948334623e-02 7.834489177545361782e-01
4.418694740941636612e-02 7.923511858068111868e-01
4.444234843647213579e-02 8.010956005652151157e-01
4.469922568418681352e-02 8.102905549332094504e-01
4.495758768513159753e-02 8.201432313590003575e-01
4.521744302119593689e-02 8.282759646036534917e-01
4.547880032387276866e-02 8.342349264472894710e-01
4.574166827454511502e-02 8.396907309167109812e-01
4.600605560477452616e-02 8.451037834523758008e-01
4.627197109659098723e-02 8.497045492466620553e-01
4.653942358278480296e-02 8.522071816765776076e-01
4.680842194719982141e-02 8.533187319542535620e-01
4.707897512502866311e-02 8.540126287252288728e-01
4.735109210310945588e-02 8.547427002093829218e-01
4.762478192022426976e-02 8.549630370987446604e-01
4.790005366739954334e-02 8.549992118119236206e-01
4.817691648820784933e-02 8.559496201854394082e-01
4.845537957907175564e-02 8.583766145787082857e-01
4.873545218956924774e-02 8.617277084631813633e-01
4.901714362274099679e-02 8.647663843702008135e-01
4.930046323539925834e-02 8.677853286154866286e-01
4.958542043843887359e-02 8.716330026535957787e-01
4.987202469714965836e-02 8.755661805592186431e-01
5.016028553153097091e-02 8.754280589270814206e-01
5.045021251660784106e-02 8.705346068170758400e-01
5.074181528274907677e-02 8.640494673272027804e-01
5.103510351598705003e-02 8.585015817696896034e-01
5.133008695833959217e-02 8.563015014863605279e-01
5.162677540813340182e-02 8.573571453891238869e-01
5.192517872032970105e-02 8.610140800304721953e-01
5.222530680685147364e-02 8.672854598515612468e-01
5.252716963691266006e-02 8.759838340659193978e-01
5.283077723734942721e-02 8.865304072626856158e-01
5.313613969295318679e-02 8.990501466328412183e-01
5.344326714680543849e-02 9.140955387049350955e-01
5.375216980061491706e-02 9.320447736622001766e-01
5.406285791505632127e-02 9.526018765786283815e-01
5.437534181011107609e-02 9.755202016825459399e-01
5.468963186541032917e-02 9.997868570049461834e-01
5.500573852057948770e-02 1.021422624096160581e+00
5.532367227558519784e-02 1.039306086847646027e+00
5.564344369108398941e-02 1.055660345814754875e+00
5.596506338877313413e-02 1.069469220418191480e+00
5.628854205174332881e-02 1.078933840829882529e+00
5.661389042483377931e-02 1.085491329746113065e+00
5.694111931498885282e-02 1.091713380412867584e+00
5.727023959161724881e-02 1.098027512167713660e+00
5.760126218695296035e-02 1.104719834105792664e+00
5.793419809641841417e-02 1.112526994931836377e+00
5.826905837898961604e-02 1.121975172292082545e+00
5.860585415756369709e-02 1.132686176003297795e+00
5.894459661932811845e-02 1.144350876698317920e+00
5.928529701613251268e-02 1.157409948155866619e+00
5.962796666486229469e-02 1.171189225266702216e+00
5.997261694781454155e-02 1.184416015848988923e+00
6.031925931307623168e-02 1.197090319902726741e+00
6.066790527490428103e-02 1.209958651963514376e+00
6.101856641410823012e-02 1.221491808246975008e+00
6.137125437843479747e-02 1.231416834099123614e+00
6.172598088295483398e-02 1.241292530796937355e+00
6.208275771045231733e-02 1.250803191752674293e+00
6.244159671181598315e-02 1.258764917262300331e+00
6.280250980643269088e-02 1.265190861766971597e+00
6.316550898258359303e-02 1.270623645964370274e+00
6.353060629784218483e-02 1.273879370150462931e+00
6.389781387947492119e-02 1.275277029523280259e+00
6.426714392484385308e-02 1.276401734242112118e+00
6.463860870181208085e-02 1.276993684094128945e+00
6.501222054915094251e-02 1.276957509380950206e+00
6.538799187695008841e-02 1.277013415755862802e+00
6.576593516702965159e-02 1.277322545123027231e+00
6.614606297335466623e-02 1.277980267180823803e+00
6.652838792245242827e-02 1.279450275979998830e+00
6.691292271383147972e-02 1.282347541644592193e+00
6.729968012040381253e-02 1.287530391460028234e+00
6.768867298890894613e-02 1.295672990535548408e+00
6.807991424034069705e-02 1.307452792590682700e+00
6.847341687037629410e-02 1.324178664520446524e+00
6.886919394980822728e-02 1.347037794639162511e+00
6.926725862497820629e-02 1.377855361657215338e+00
6.966762411821400547e-02 1.419854203657808123e+00
7.007030372826857090e-02 1.473412510824173127e+00
7.047531083076181979e-02 1.538642095906136653e+00
7.088265887862478520e-02 1.616772899151777798e+00
7.129236140254673060e-02 1.708482374280626326e+00
7.170443201142430445e-02 1.809590697615386379e+00
7.211888439281383123e-02 1.888606137028763454e+00
7.253573231338585059e-02 1.932551836320433480e+00
7.295498961938230720e-02 1.959416493771129808e+00
7.337667023707672431e-02 1.984048184835606854e+00
7.380078817323644513e-02 2.030437321571990861e+00
7.422735751558823258e-02 2.090204524963954480e+00
7.465639243328600627e-02 2.088448407069638080e+00
7.508790717738160481e-02 1.984324428099881299e+00
7.552191608129793510e-02 1.818427193461881641e+00
7.595843356130543844e-02 1.636274358165442422e+00
7.639747411700059665e-02 1.470035108057388573e+00
7.683905233178781047e-02 1.346008459618710740e+00
7.728318287336367887e-02 1.260330295759855668e+00
7.772988049420428980e-02 1.199382481274147372e+00
7.817916003205507836e-02 1.160764330650628562e+00
7.863103641042397396e-02 1.139085811625657252e+00
7.908552463907676799e-02 1.130568310977193125e+00
7.954263981453599253e-02 1.132712484885609605e+00
8.000239712058217212e-02 1.143933223191617277e+00
8.046481182875830918e-02 1.163760254623891210e+00
8.092989929887701994e-02 1.189825779774364767e+00
8.139767497953076525e-02 1.221261605526746452e+00
8.186815440860513438e-02 1.251799640670235858e+00
8.234135321379483508e-02 1.276322807595176689e+00
8.281728711312283386e-02 1.290572355977336771e+00
8.329597191546232737e-02 1.286737836380383415e+00
8.377742352106211376e-02 1.270031696112353448e+00
8.426165792207447602e-02 1.242282402493921190e+00
8.474869120308657633e-02 1.206410241461702393e+00
8.523853954165466762e-02 1.168864177792391823e+00
8.573121920884146929e-02 1.129917166139974727e+00
8.622674656975649887e-02 1.090713642885017043e+00
8.672513808409994251e-02 1.053759529067723300e+00
8.722641030670905127e-02 1.019012072754336362e+00
8.773057988810836760e-02 9.874512798109735812e-01
8.823766357506258873e-02 9.587811753116260993e-01
8.874767821113291322e-02 9.338535093211404181e-01
8.926064073723644077e-02 9.129313706626352998e-01
8.977656819220893036e-02 8.952123384255988858e-01
9.029547771337091688e-02 8.819329300786883374e-01
9.081738653709675591e-02 8.729024062251429239e-01
9.134231199938727674e-02 8.697387631271420450e-01
9.187027153644546085e-02 8.727708618135836538e-01
9.240128268525588107e-02 8.812620535797358601e-01
9.293536308416693037e-02 8.971394640549423816e-01
9.347253047347692245e-02 9.205971212462529252e-01
9.401280269602330097e-02 9.524966410493810320e-01
9.455619769777530437e-02 9.943146094840795701e-01
9.510273352842993355e-02 1.042824899856857224e+00
9.565242834201181932e-02 1.090680756782127059e+00
9.620530039747586526e-02 1.136652240011810422e+00
9.676136805931405405e-02 1.184123329533269597e+00
9.732064979816532069e-02 1.234790948255619414e+00
9.788316419142908953e-02 1.285307290904676103e+00
9.844892992388228070e-02 1.333551203844046240e+00
9.901796578830000806e-02 1.379009663868648206e+00
9.959029068607995472e-02 1.421909585088421801e+00
1.001659236278700377e-01 1.465092326793048016e+00
1.007448837341998471e-01 1.510886225067126221e+00
1.013271902361159299e-01 1.562576601589349634e+00
1.019128624758204177e-01 1.622264878334377824e+00
1.025019199073136378e-01 1.687852921937840422e+00
1.030943820970401520e-01 1.749830071444000268e+00
1.036902687245389171e-01 1.810662784569594619e+00
1.042895995830967204e-01 1.878753460602972547e+00
1.048923945804057928e-01 1.956279159555440517e+00
1.054986737392250712e-01 2.043729884360057092e+00
1.061084571980452224e-01 2.141450939097165662e+00
1.067217652117575799e-01 2.250889312293917754e+00
1.073386181523270227e-01 2.374393071696646818e+00
1.079590365094685589e-01 2.514122834265214657e+00
1.085830408913279893e-01 2.667197777386472790e+00
1.092106520251663743e-01 2.835110930131618634e+00
1.098418907580486492e-01 3.038245099071764876e+00
1.104767780575359459e-01 3.308999672773964118e+00
1.111153350123821049e-01 3.609184019952266453e+00
1.117575828332342536e-01 3.864774811611968897e+00
1.124035428533372433e-01 3.929724864819368779e+00
1.130532365292423180e-01 3.744937852681454959e+00
1.137066854415197809e-01 3.505855884672443690e+00
1.143639112954759340e-01 3.293970723753315344e+00
1.150249359218739331e-01 3.133891040716525023e+00
1.156897812776589568e-01 3.022712992676901411e+00
1.163584694466876512e-01 2.947176902949267596e+00
1.170310226404614878e-01 2.899462456266423960e+00
1.177074631988646730e-01 2.871400744670538518e+00
1.183878135909062629e-01 2.858006234963513137e+00
1.190720964154663303e-01 2.855164875673832370e+00
1.197603344020467531e-01 2.860785110657703356e+00
1.204525504115261381e-01 2.871808532346372012e+00
1.211487674369193246e-01 2.884456527517798019e+00
1.218490086041408849e-01 2.889580182348032267e+00
1.225532971727734816e-01 2.879684753988484225e+00
1.232616565368404721e-01 2.851126462238962489e+00
1.239741102255828148e-01 2.805230617045925356e+00
1.246906819042407494e-01 2.746226371241005992e+00
1.254113953748399735e-01 2.673853924611372612e+00
1.261362745769819826e-01 2.584594464147816240e+00
1.268653435886395453e-01 2.467746851969986555e+00
1.275986266269562852e-01 2.329076021914471273e+00
1.283361480490512463e-01 2.197347448178997187e+00
1.290779323528278288e-01 2.080111779987067866e+00
1.298240041777875831e-01 1.976691563619153547e+00
1.305743883058487209e-01 1.883893558484651676e+00
1.313291096621690413e-01 1.795528600019697940e+00
1.320881933159741561e-01 1.707318206238326530e+00
1.328516644813900749e-01 1.619410364603541153e+00
1.336195485182806453e-01 1.535669192204896838e+00
1.343918709330900185e-01 1.457396978716829716e+00
1.351686573796898327e-01 1.383837343772874151e+00
1.359499336602315311e-01 1.315273107857882762e+00
1.367357257260030934e-01 1.248961569990844067e+00
1.375260596782912625e-01 1.181952846742541308e+00
1.383209617692485738e-01 1.115457146699319724e+00
1.391204584027652402e-01 1.051197701652606176e+00
1.399245761353461737e-01 9.907497559308228174e-01
1.407333416769932510e-01 9.339094156960532356e-01
1.415467818920924381e-01 8.794072773767500628e-01
1.423649238003061035e-01 8.285686509193729288e-01
1.431877945774705507e-01 7.833535480561556463e-01
1.440154215564987683e-01 7.439888828970377954e-01
1.448478322282882313e-01 7.091624999367155402e-01
1.456850542426340045e-01 6.802589041068504150e-01
1.465271154091474515e-01 6.598629430945823771e-01
1.473740436981796631e-01 6.469913224235057658e-01
1.482258672417506584e-01 6.395590631704057838e-01
1.490826143344838317e-01 6.361520629110201108e-01
1.499443134345459228e-01 6.348695048983170608e-01
1.508109931645919832e-01 6.337415115691961143e-01
1.516826823127164214e-01 6.340407751054935037e-01
1.525594098334091819e-01 6.367900533070827152e-01
1.534412048485173929e-01 6.398122861626573954e-01
1.543280966482127869e-01 6.403220207574495948e-01
1.552201146919646169e-01 6.404338335072750077e-01
1.561172886095181789e-01 6.428345190182321867e-01
1.570196482018790252e-01 6.469025299457031863e-01
1.579272234423027277e-01 6.529733045391644675e-01
1.588400444772908315e-01 6.634541055301509394e-01
1.597581416275917487e-01 6.817256242957364654e-01
1.606815453892082024e-01 7.124346671742529669e-01
1.616102864344102497e-01 7.609877094807873110e-01
1.625443956127538836e-01 8.343763366897157807e-01
1.634839039521058524e-01 9.338337776594065609e-01
1.644288426596743347e-01 1.037540103122462698e+00
1.653792431230455828e-01 1.103427410262222574e+00
1.663351369112262834e-01 1.066308865930479577e+00
1.672965557756923849e-01 9.464192892353417985e-01
1.682635316514438095e-01 8.340968048151521375e-01
1.692360966580649384e-01 7.524438999500112635e-01
1.702142831007917856e-01 6.934626744171142887e-01
1.711981234715850009e-01 6.439493579061971174e-01
1.721876504502090899e-01 6.005298362607641716e-01
1.731828969053178791e-01 5.643715661334040012e-01
1.741838958955464201e-01 5.362079076185598536e-01
1.751906806706090836e-01 5.157067110770443552e-01
1.762032846724038426e-01 5.004311162847215888e-01
1.772217415361232173e-01 4.872372118053247547e-01
1.782460850913716033e-01 4.765755372484442587e-01
1.792763493632887617e-01 4.688801891722257364e-01
1.803125685736800821e-01 4.602377213327802918e-01
1.813547771421535060e-01 4.480928835355687534e-01
1.824030096872625850e-01 4.367965071929146292e-01
1.834573010276564775e-01 4.293280732266359645e-01
1.845176861832364401e-01 4.248259657410191625e-01
1.855842003763193415e-01 4.236683749192973747e-01
1.866568790328071992e-01 4.238163623823016368e-01
1.877357577833641822e-01 4.225732676930663567e-01
1.888208724646001924e-01 4.189064672208511197e-01
1.899122591202609955e-01 4.155257758437773119e-01
1.910099540024255971e-01 4.160059129459687255e-01
1.921139935727104175e-01 4.224713207741078724e-01
1.932244145034804905e-01 4.311861380399109045e-01
1.943412536790674328e-01 4.370431529645882884e-01
1.954645481969946030e-01 4.420221089421075278e-01
1.965943353692096995e-01 4.480501316018120073e-01
1.977306527233236300e-01 4.552094362009264650e-01
1.988735380038573475e-01 4.634309619233821231e-01
2.000230291734956534e-01 4.738492793188779362e-01
2.011791644143479663e-01 4.867143227693765950e-01
2.023419821292166965e-01 5.013815246582374874e-01
2.035115209428728922e-01 5.196694864752678944e-01
2.046878197033392410e-01 5.442485597751214321e-01
2.058709174831803157e-01 5.784665498319819799e-01
2.070608535808005912e-01 6.225109074323216252e-01
2.082576675217497619e-01 6.521577291874968152e-01
2.094613990600355524e-01 6.369314635495089139e-01
2.106720881794442723e-01 5.973333070598734196e-01
2.118897750948690872e-01 5.608955050579497170e-01
2.131145002536455058e-01 5.330343986896919350e-01
2.143463043368951104e-01 5.141347553589108443e-01
2.155852282608767823e-01 5.030521386850405063e-01
2.168313131783459469e-01 4.967051208273047802e-01
2.180846004799212312e-01 4.936763107511520365e-01
2.193451317954595303e-01 4.933606041634097661e-01
2.206129489954388734e-01 4.950969903959924201e-01
2.218880941923488948e-01 4.995464801169854363e-01
2.231706097420899648e-01 5.063933667386465443e-01
2.244605382453801201e-01 5.121813208472553169e-01
2.257579225491697927e-01 5.116781634730409589e-01
2.270628057480653939e-01 5.052982595124154708e-01
2.283752311857605299e-01 4.966360600112361134e-01
2.296952424564759343e-01 4.860960640350479589e-01
2.310228834064072811e-01 4.728429645704493867e-01
2.323581981351817149e-01 4.572286429183615164e-01
2.337012309973229007e-01 4.400061908349613971e-01
2.350520266037238737e-01 4.219813178410495302e-01
2.364106298231291869e-01 4.045911466329112360e-01
2.377770857836252472e-01 3.903909274050857969e-01
2.391514398741393099e-01 3.835078660702458397e-01
2.405337377459470793e-01 3.882007129526235945e-01
2.419240253141889951e-01 4.068109585779742798e-01
2.433223487593957901e-01 4.429067451098436803e-01
2.447287545290218747e-01 5.022694494362628381e-01
2.461432893389885190e-01 5.942716108808309139e-01
2.475660001752356676e-01 7.286540931195135684e-01
2.489969342952823017e-01 8.800978855374362864e-01
2.504361392297964617e-01 9.965114011571198915e-01
2.518836627841739007e-01 1.067229676811394468e+00
2.533395530401260642e-01 1.103539223012047987e+00
2.548038583572773130e-01 1.123481355804436310e+00
2.562766273747711931e-01 1.140697230667258699e+00
2.577579090128856998e-01 1.163885221814872750e+00
2.592477524746588102e-01 1.198386032356585584e+00
2.607462072475227322e-01 1.246120210701163522e+00
2.622533231049470337e-01 1.299234555478516073e+00
2.637691501080930423e-01 1.340361915752528610e+00
2.652937386074759596e-01 1.362168690578769770e+00
2.668271392446371348e-01 1.370166590801574991e+00
2.683694029538270520e-01 1.372892848731141147e+00
2.699205809636965880e-01 1.378631473685415276e+00
2.714807247989985406e-01 1.392966525935088962e+00
2.730498862822996475e-01 1.419913398643009472e+00
2.746281175357012105e-01 1.474017615117346081e+00
2.762154709825712651e-01 1.597406273159960755e+00
2.778119993492854656e-01 1.796814446642690077e+00
2.794177556669779627e-01 1.868321988766320718e+00
2.810327932733039380e-01 1.742506336330436945e+00
2.826571658142107979e-01 1.588540179820864706e+00
2.842909272457196934e-01 1.487540380625641312e+00
2.859341318357184192e-01 1.456476167835914381e+00
2.875868341657639160e-01 1.505331762289035424e+00
2.892490891328946545e-01 1.634028237338067457e+00
2.909209519514548425e-01 1.714539994432931591e+00
2.926024781549284581e-01 1.603401409716775472e+00
2.942937235977828858e-01 1.417657411984767801e+00
2.959947444573255426e-01 1.260866339236959899e+00
2.977055972355692748e-01 1.143018989531280116e+00
2.994263387611086902e-01 1.050109171646952833e+00
3.011570261910088142e-01 9.695546626183321193e-01
3.028977170127025720e-01 8.952353586976217192e-01
3.046484690459013711e-01 8.249643340426484617e-01
3.064093404445150659e-01 7.592052827041588792e-01
3.081803896985833569e-01 6.996945909147356257e-01
3.099616756362194026e-01 6.502569124404651291e-01
3.117532574255635347e-01 6.124773574406366938e-01
3.135551945767480198e-01 5.821761022379541295e-01
3.153675469438748658e-01 5.554988955737298895e-01
3.171903747270033436e-01 5.353726006051583441e-01
3.190237384741493876e-01 5.212315763625344767e-01
3.208676990832974307e-01 5.100930533137516543e-01
3.227223178044230090e-01 5.012960207907239951e-01
3.245876562415266342e-01 4.944984633233976412e-01
3.264637763546810456e-01 4.894899098532776160e-01
3.283507404620888970e-01 4.855435775064989024e-01
3.302486112421523790e-01 4.855534433373658310e-01
3.321574517355558864e-01 4.920484486581058747e-01
3.340773253473591775e-01 5.065610858633846636e-01
3.360082958491044103e-01 5.293511551660318171e-01
3.379504273809338932e-01 5.585244170395935459e-01
3.399037844537201591e-01 5.919564292373873382e-01
3.418684319512097503e-01 6.170583915731889801e-01
3.438444351321779946e-01 6.178673897042786800e-01
3.458318596325960503e-01 6.008422542382174658e-01
3.478307714678123830e-01 5.775786250539568512e-01
3.498412370347446232e-01 5.498194656046574424e-01
3.518633231140849693e-01 5.133290458381101207e-01
3.538970968725191901e-01 4.705836893019185174e-01
3.559426258649572294e-01 4.364939550463283191e-01
3.579999780367765227e-01 4.251252292773166075e-01
3.600692217260801353e-01 4.285289409264131932e-01
3.621504256659661136e-01 4.234019974858898583e-01
3.642436589868098817e-01 4.145457699776606275e-01
3.663489912185618480e-01 4.097148014631455948e-01
3.684664922930561692e-01 4.080869393700993775e-01
3.705962325463332818e-01 4.083467395829289970e-01
3.727382827209774208e-01 4.117701828937595510e-01
3.748927139684648524e-01 4.174035723187861646e-01
3.770595978515288715e-01 4.202778177113566382e-01
3.792390063465359562e-01 4.213301730038310211e-01
3.814310118458763554e-01 4.231060225598814450e-01
3.836356871603694985e-01 4.231224656113263261e-01
3.858531055216822825e-01 4.215505098931928152e-01
3.880833405847607942e-01 4.196431159255830656e-01
3.903264664302779630e-01 4.130264320241507914e-01
3.925825575670940371e-01 4.023812005187151764e-01
3.948516889347303827e-01 3.931796689301427783e-01
3.971339359058604912e-01 3.887992400252183733e-01
3.994293742888124776e-01 3.890261541351581198e-01
4.017380803300868997e-01 3.910453608525932268e-01
4.040601307168905088e-01 3.942846419872407804e-01
4.063956025796829352e-01 3.991156105017557576e-01
4.087445734947380283e-01 4.085407675899789259e-01
4.111071214867221824e-01 4.212282260848725368e-01
4.134833250312844322e-01 4.182684768247885154e-01
4.158732630576643108e-01 4.060578668217973419e-01
4.182770149513134750e-01 3.922095288948930225e-01
4.206946605565314856e-01 3.727573990355628197e-01
4.231262801791195738e-01 3.479514116257695355e-01
4.255719545890473410e-01 3.289498213760299605e-01
4.280317650231349469e-01 3.152063901173441374e-01
4.305057931877529498e-01 3.052175652255893490e-01
4.329941212615355806e-01 3.003339789464506970e-01
4.354968318981098929e-01 2.972170341145533023e-01
4.380140082288422887e-01 2.977363056791836327e-01
4.405457338655994204e-01 3.020371502151146248e-01
4.430920929035247480e-01 3.051744844308036941e-01
4.456531699238333033e-01 3.037607108675702272e-01
4.482290499966203323e-01 2.967362392903040713e-01
4.508198186836865351e-01 2.882039398955395515e-01
4.534255620413813470e-01 2.820003054464034209e-01
4.560463666234608748e-01 2.803398861114962948e-01
4.586823194839622087e-01 2.832950313171757051e-01
4.613335081800964965e-01 2.896292235947844906e-01
4.640000207751556194e-01 3.004648656359522052e-01
4.666819458414390720e-01 3.102100045052933464e-01
4.693793724631949438e-01 3.083532551361339857e-01
4.720923902395786631e-01 2.988478559568595871e-01
4.748210892876304490e-01 2.876817085816491537e-01
4.775655602452679171e-01 2.777935151647372702e-01
4.803258942742961168e-01 2.707496407867661659e-01
4.831021830634371073e-01 2.668861814192697857e-01
4.858945188313745223e-01 2.680487051564249823e-01
4.887029943298164536e-01 2.768634961750131018e-01
4.915277028465775411e-01 2.916122555990408038e-01
4.943687382086768833e-01 2.934321725329635533e-01
4.972261947854541564e-01 2.853708021315813359e-01
5.001001674917054940e-01 2.821078430028531314e-01
5.029907517908354109e-01 2.833857969611516259e-01
5.058980436980275996e-01 2.844782732991515406e-01
5.088221397834349347e-01 2.804372289760501125e-01
5.117631371753864622e-01 2.748824373369301854e-01
5.147211335636141527e-01 2.699735287585663390e-01
5.176962272024980827e-01 2.650896136183987783e-01
5.206885169143288250e-01 2.590342954932957076e-01
5.236981020925914887e-01 2.539435267659511108e-01
5.267250827052667450e-01 2.536886594685550111e-01
5.297695592981502832e-01 2.571361096344951247e-01
5.328316329981945820e-01 2.598084343553221376e-01
5.359114055168668900e-01 2.590925038954106641e-01
5.390089791535270791e-01 2.592490417451662754e-01
5.421244567988269258e-01 2.594114990934419662e-01
5.452579419381275994e-01 2.550330433546909581e-01
5.484095386549359130e-01 2.525774380519079099e-01
5.515793516343632241e-01 2.528359228206218945e-01
5.547674861666017643e-01 2.552685078513821093e-01
5.579740481504216199e-01 2.574412926693127046e-01
5.611991440966896949e-01 2.558824913923350985e-01
5.644428811319066597e-01 2.519151119397068928e-01
5.677053670017649933e-01 2.480358672428233657e-01
5.709867100747291202e-01 2.463254610315236959e-01
5.742870193456336425e-01 2.483301978636872909e-01
5.776064044393048880e-01 2.559351091569588288e-01
5.809449756142023302e-01 2.676971527165328268e-01
5.843028437660793273e-01 2.756227035129800718e-01
5.876801204316687288e-01 2.739317001023854337e-01
5.910769177923870243e-01 2.734709658008990241e-01
5.944933486780595855e-01 2.761452636878993783e-01
5.979295265706701112e-01 2.762945665950191643e-01
6.013855656081297241e-01 2.731092186691109758e-01
6.048615805880666052e-01 2.695887613547554018e-01
6.083576869716416091e-01 2.628681573681912464e-01
6.118740008873820857e-01 2.559331359907853765e-01
6.154106391350390171e-01 2.521347911070108694e-01
6.189677191894675801e-01 2.498380256811856825e-01
6.225453592045292472e-01 2.518687425346322062e-01
6.261436780170150929e-01 2.531868175384562880e-01
6.297627951505950783e-01 2.453592673286207060e-01
6.334028308197864332e-01 2.375195492607158620e-01
6.370639059339481269e-01 2.340300048830767643e-01
6.407461421012968783e-01 2.359285196029062559e-01
6.444496616329448146e-01 2.421255768314644341e-01
6.481745875469649976e-01 2.476859591080756706e-01
6.519210435724759334e-01 2.557894237211569277e-01
6.556891541537508417e-01 2.629017011931388814e-01
6.594790444543533470e-01 2.648442832908406985e-01
6.632908403612935988e-01 2.616204586245513553e-01
6.671246684892090384e-01 2.551024330317885336e-01
6.709806561845721440e-01 2.524965382387989177e-01
6.748589315299192704e-01 2.561449224933958768e-01
6.787596233481042463e-01 2.681690682930017444e-01
6.826828612065795054e-01 2.880661471244312377e-01
6.866287754216984229e-01 3.040649073193010810e-01
6.905974970630435195e-01 3.098443110411585044e-01
6.945891579577818664e-01 3.015346505629581397e-01
6.986038906950429173e-01 2.841938085091545996e-01
7.026418286303216520e-01 2.755707434704141590e-01
7.067031058899108098e-01 2.680102284160439385e-01
7.107878573753529938e-01 2.546959608000702868e-01
7.148962187679240854e-01 2.438234863236659888e-01
7.190283265331394169e-01 2.362984882604167447e-01
7.231843179252852583e-01 2.321617453779059315e-01
7.273643309919801681e-01 2.320449997126470543e-01
7.315685045787596597e-01 2.346989082158557616e-01
7.357969783336865133e-01 2.382016070346507919e-01
7.400498927119919523e-01 2.407512665916987371e-01
7.443273889807401344e-01 2.415204725382917028e-01
7.486296092235191768e-01 2.453316430021932615e-01
7.529566963451627126e-01 2.524317526161060088e-01
7.573087940764960946e-01 2.618059362448499350e-01
7.616860469791092436e-01 2.568792691709256282e-01
7.660886004501606950e-01 2.416382047866372784e-01
7.705166007272060691e-01 2.316095877103858114e-01
7.749701948930545203e-01 2.250100045824561801e-01
7.794495308806568268e-01 2.206950190222825570e-01
7.839547574780165728e-01 2.170785342874887447e-01
7.884860243331343055e-01 2.165076315413214381e-01
7.930434819589780027e-01 2.207048848531495133e-01
7.976272817384808533e-01 2.214629095247599155e-01
8.022375759295721220e-01 2.190947812556637841e-01
8.068745176702336597e-01 2.164099598157386284e-01
8.115382609835852801e-01 2.137580244787033457e-01
8.162289607830032212e-01 2.191819294283217923e-01
8.209467728772645856e-01 2.303878689880289321e-01
8.256918539757219788e-01 2.385127095679885345e-01
8.304643616935105666e-01 2.400090272494754540e-01
8.352644545567829981e-01 2.372860579301981354e-01
8.400922920079733069e-01 2.382463321345809348e-01
8.449480344110958940e-01 2.481371564397240326e-01
8.498318430570707127e-01 2.613507925808548071e-01
8.547438801690798726e-01 2.665461391153890469e-01
8.596843089079587719e-01 2.662846945974149393e-01
8.646532933776126528e-01 2.622860733470414041e-01
8.696509986304700179e-01 2.536843842751793088e-01
8.746775906729644667e-01 2.463961661527368230e-01
8.797332364710471753e-01 2.425304047580381372e-01
8.848181039557355687e-01 2.392634992969631669e-01
8.899323620286901937e-01 2.314435128907922079e-01
8.950761805678236760e-01 2.225691980259735248e-01
9.002497304329459826e-01 2.189648811492489744e-01
9.054531834714387717e-01 2.214862586578116577e-01
9.106867125239620497e-01 2.272094271437275492e-01
9.159504914301977996e-01 2.296180053193781490e-01
9.212446950346235841e-01 2.254033223730184665e-01
9.265694991923183466e-01 2.199307459911230833e-01
9.319250807748065135e-01 2.160291387442744848e-01
9.373116176759319629e-01 2.144104847600374064e-01
9.427292888177655206e-01 2.136787689707388971e-01
9.481782741565508710e-01 2.163777314349066283e-01
9.536587546886805544e-01 2.174642882743863526e-01
9.591709124567069367e-01 2.144575118871698549e-01
9.647149305553922582e-01 2.114823061587275954e-01
9.702909931377862174e-01 2.095292005081010323e-01
9.758992854213467405e-01 2.116154948754314091e-01
9.815399936940907288e-01 2.229161464114611801e-01
9.872133053207802211e-01 2.354533154161483066e-01
9.929194087491489684e-01 2.456259736230571589e-01
9.986584935161608723e-01 2.531420924385262006e-01
1.004430750254303728e+00 2.587347030959694094e-01
1.010236370697924935e+00 2.638596733703193475e-01
1.016075547689597958e+00 2.599287974918988442e-01
1.021948475186527761e+00 2.526800426929241561e-01
1.027855348266994762e+00 2.488373015702483593e-01
1.033796363136834096e+00 2.418194072135601835e-01
1.039771717135951290e+00 2.340803206204981890e-01
1.045781608744880131e+00 2.301504313251644118e-01
1.051826237591374280e+00 2.316618766139806329e-01
1.057905804457035748e+00 2.331006436154103856e-01
1.064020511283988890e+00 2.299297655747736535e-01
1.070170561181583713e+00 2.302533648272095390e-01
1.076356158433145582e+00 2.374965289886930009e-01
1.082577508502760022e+00 2.412718536004446190e-01
1.088834818042095476e+00 2.409423348494886263e-01
1.095128294897270704e+00 2.429490448478256182e-01
1.101458148115757263e+00 2.428099366326016417e-01
1.107824587953321727e+00 2.414093175105240796e-01
1.114227825881013212e+00 2.446456388959115380e-01
1.120668074592185315e+00 2.541822798729312383e-01
1.127145548009560017e+00 2.611587377399782750e-01
1.133660461292336441e+00 2.583476336649562222e-01
1.140213030843336250e+00 2.565073273472417426e-01
1.146803474316190341e+00 2.601596579341854398e-01
1.153432010622570836e+00 2.683716466868030781e-01
1.160098859939462601e+00 2.860975850054464087e-01
1.166804243716473621e+00 2.977777421688247994e-01
1.173548384683194445e+00 2.919161231897427489e-01
1.180331506856595603e+00 2.787919372484722880e-01
1.187153835548465874e+00 2.757595097010017149e-01
1.194015597372901416e+00 2.735643623331061036e-01
1.200917020253827294e+00 2.717345795683163145e-01
1.207858333432573428e+00 2.771884108715645390e-01
1.214839767475487387e+00 2.898123991878808203e-01
1.221861554281590267e+00 2.929372366844717468e-01
1.228923927090283863e+00 2.811768374300422368e-01
1.236027120489096909e+00 2.718440902909394774e-01
1.243171370421473965e+00 2.727685186431723641e-01
1.250356914194617142e+00 2.798952660004258575e-01
1.257583990487367132e+00 2.867697769485144099e-01
1.264852839358128644e+00 2.876695407235799751e-01
1.272163702252848472e+00 2.841359289680684963e-01
1.279516822013033517e+00 2.898242381849211458e-01
1.286912442883815677e+00 2.916060072394917602e-01
1.294350810522067352e+00 2.886150161816623538e-01
1.301832172004561583e+00 2.920779228159606777e-01
1.309356775836174380e+00 2.898147012150831259e-01
1.316924871958146337e+00 2.735558119463547544e-01
1.324536711756377994e+00 2.530161386644581567e-01
1.332192548069784932e+00 2.460482311841624969e-01
1.339892635198694837e+00 2.512827121811355702e-01
1.347637228913291185e+00 2.605819154952907502e-01
1.355426586462114891e+00 2.613287588919186444e-01
1.363260966580605249e+00 2.623890068490865035e-01
1.371140629499693731e+00 2.707825268896559834e-01
1.379065836954451285e+00 2.763376473898048191e-01
1.387036852192779834e+00 2.745710059425635619e-01
1.395053939984155722e+00 2.698419843470070689e-01
1.403117366628427343e+00 2.623492146645898249e-01
1.411227399964658957e+00 2.616517004222966847e-01
1.419384309380025577e+00 2.621259180259679633e-01
1.427588365818764915e+00 2.563422391107347820e-01
1.435839841791175742e+00 2.527862648052582872e-01
1.444139011382666204e+00 2.535377122562907370e-01
1.452486150262864761e+00 2.596252587622258079e-01
1.460881535694769973e+00 2.631207226383850406e-01
1.469325446543965796e+00 2.594690497734991608e-01
1.477818163287882181e+00 2.454003749572329918e-01
1.486359968025109168e+00 2.312984851770480688e-01
1.494951144484772509e+00 2.249695546759017117e-01
1.503591978035954568e+00 2.224567275540903499e-01
1.512282755697172298e+00 2.272949310112410970e-01
1.521023766145914724e+00 2.335978814911044976e-01
1.529815299728230382e+00 2.415931508256781990e-01
1.538657648468367833e+00 2.470413914914351139e-01
1.547551106078482119e+00 2.435097529020970875e-01
1.556495967968387184e+00 2.331845031777794452e-01
1.565492531255366693e+00 2.322439606351305030e-01
1.574541094774047689e+00 2.385169847613641814e-01
1.583641959086324214e+00 2.457614643669632226e-01
1.592795426491339539e+00 2.472360772205428880e-01
1.602001801035530804e+00 2.542362130816705479e-01
1.611261388522727822e+00 2.797078152139538809e-01
1.620574496524306296e+00 3.034242860350073734e-01
1.629941434389411858e+00 3.128849601143515735e-01
1.639362513255227638e+00 3.170825422872085575e-01
1.648838046057315765e+00 3.168526684280086880e-01
1.658368347540009280e+00 3.035525418362776673e-01
1.667953734266863997e+00 2.854510442226325106e-01
1.677594524631179640e+00 2.831618426004719469e-01
1.687291038866571835e+00 2.957684012822565656e-01
1.697043599057607821e+00 3.160400528256011587e-01
1.706852529150509445e+00 3.236124068770117046e-01
1.716718154963911225e+00 3.203662196607572898e-01
1.726640804199680579e+00 3.331559539356382937e-01
1.736620806453807120e+00 3.358887890857825131e-01
1.746658493227349673e+00 3.341326711914660019e-01
1.756754197937443251e+00 3.370167824149034597e-01
1.766908255928380411e+00 3.466326788998876918e-01
1.777121004482747679e+00 3.745496916430581802e-01
1.787392782832625482e+00 4.207349345415252184e-01
1.797723932170862682e+00 4.614808160220156275e-01
1.808114795662403074e+00 4.355402580625233888e-01
1.818565718455690483e+00 3.712742357952318328e-01
1.829077047694130043e+00 3.320707125402741489e-01
1.839649132527616748e+00 3.090570177379761696e-01
1.850282324124138622e+00 3.105865503833818431e-01
1.860976975681438272e+00 3.544694372185324127e-01
1.871733442438742401e+00 3.923608049681861498e-01
1.882552081688566581e+00 4.008848828372281736e-01
1.893433252788581767e+00 3.821694016826300833e-01
1.904377317173546302e+00 3.737900226663032344e-01
1.915384638367318981e+00 4.118326664892502098e-01
1.926455581994929611e+00 4.416702276411863526e-01
1.937590515794722412e+00 4.062782037111591360e-01
1.948789809630575354e+00 3.791438802167664268e-01
1.960053835504184105e+00 3.587413419839203810e-01
1.971382967567415045e+00 3.295779459412255807e-01
1.982777582134739092e+00 3.079767092580454890e-01
1.994238057695728816e+00 3.035637231112601753e-01
2.005764774927627947e+00 3.063439142495658074e-01
2.017358116708002580e+00 2.935745693584765337e-01
2.029018468127450348e+00 2.744420924192354505e-01
2.040746216502401289e+00 2.623745369638149638e-01
2.052541751387976898e+00 2.450297485776646855e-01
2.064405464590929995e+00 2.332325168879985644e-01
2.076337750182662312e+00 2.353842546000796676e-01
2.088339004512313135e+00 2.401793772624447321e-01
2.100409626219920778e+00 2.388994501379728408e-01
2.112550016249669760e+00 2.345532227800538605e-01
2.124760577863207711e+00 2.274836972418286529e-01
2.137041716653034662e+00 2.240227637737037258e-01
2.149393840555982482e+00 2.245298674802647665e-01
2.161817359866763155e+00 2.266141886814217465e-01
2.174312687251592546e+00 2.424481895008135934e-01
2.186880237761905654e+00 2.620361389650787132e-01
2.199520428848138476e+00 2.619729976475302369e-01
2.212233680373592026e+00 2.561117075294771506e-01
2.225020414628386511e+00 2.602589739649127099e-01
2.237881056343477670e+00 2.673436271104672191e-01
2.250816032704775704e+00 2.682407599973015699e-01
2.263825773367328598e+00 2.703477726094525302e-01
2.276910710469592924e+00 2.809617623171428158e-01
2.290071278647793029e+00 2.871936788147642083e-01
2.303307915050354371e+00 2.786107348215494106e-01
2.316621059352423018e+00 2.616789958876952205e-01
2.330011153770474852e+00 2.594572107764588353e-01
2.343478643077001600e+00 2.589359660456551082e-01
2.357023974615280792e+00 2.608292189890222268e-01
2.370647598314243876e+00 2.688129781875844837e-01
2.384349966703414481e+00 2.686794606098518168e-01
2.398131534927939956e+00 2.724235434238581610e-01
2.411992760763713051e+00 2.830723924006116610e-01
2.425934104632577970e+00 2.880178045531832098e-01
2.439956029617617261e+00 2.877238027933481379e-01
2.454059001478542612e+00 2.799926088649797307e-01
2.468243488667162033e+00 2.722114280602188074e-01
2.482509962342935861e+00 2.790714691230358202e-01
2.496858896388636673e+00 2.902744489334828093e-01
2.511290767426078485e+00 2.900116889713931223e-01
2.525806054831960523e+00 3.040862832861794818e-01
2.540405240753779381e+00 3.181362130237984642e-01
2.555088810125852206e+00 2.998548284273459541e-01
2.569857250685421590e+00 2.771887397325934477e-01
2.584711052988855506e+00 2.618960441667680938e-01
2.599650710427946265e+00 2.565546833354030443e-01
2.614676719246288084e+00 2.594440563353028750e-01
2.629789578555775442e+00 2.621124347237831498e-01
2.644989790353173831e+00 2.773581031624759996e-01
2.660277859536794409e+00 3.066352851211696096e-01
2.675654293923265481e+00 3.369937621428805707e-01
2.691119604264405218e+00 3.434525927504417653e-01
2.706674304264172548e+00 3.210015791685886799e-01
2.722318910595750374e+00 3.042990563718766528e-01
2.738053942918694972e+00 3.038560805659507036e-01
2.753879923896200843e+00 3.149932881706180576e-01
2.769797379212459720e+00 3.308111747995939322e-01
2.785806837590128815e+00 3.378257805459931595e-01
2.801908830807877226e+00 3.262511877728910825e-01
2.818103893718070019e+00 3.267661841441457105e-01
2.834392564264522019e+00 3.296338523161382872e-01
2.850775383500368410e+00 3.193365557792769427e-01
2.867252895606037466e+00 3.093638450779382376e-01
2.883825647907329426e+00 2.958871201136888396e-01
2.900494190893583735e+00 2.873998746798833714e-01
2.917259078235983960e+00 2.996683642239607037e-01
2.934120866805935979e+00 3.222380966372460076e-01
2.951080116693567401e+00 3.203234677270005437e-01
2.968137391226336685e+00 3.192619043257170497e-01
2.985293256987731514e+00 3.152491420511009390e-01
3.002548283836107057e+00 3.174350813101874391e-01
3.019903044923603730e+00 3.338991798609483030e-01
3.037358116715186629e+00 3.426041312958843510e-01
3.054914079007794214e+00 3.402494863289730054e-01
3.072571514949601568e+00 3.337018632436093424e-01
3.090331011059376021e+00 3.053234584768946269e-01
3.108193157245980220e+00 3.009742713697155514e-01
3.126158546827951579e+00 2.949301345195950441e-01
3.144227776553216724e+00 2.877261048205504435e-01
3.162401446618910317e+00 2.787258361816637442e-01
3.180680160691316427e+00 2.735127311515690440e-01
3.199064525925907621e+00 2.795723244700477617e-01
3.217555152987530587e+00 2.767977239692334668e-01
3.236152656070678812e+00 3.020522778224439264e-01
3.254857652919894928e+00 3.152652562415169113e-01
3.273670764850296955e+00 3.146414068696969935e-01
3.292592616768199143e+00 3.277899285271059227e-01
3.311623837191892683e+00 3.561466284659133841e-01
3.330765058272506351e+00 3.799265694655442061e-01
3.350016915815009710e+00 3.764932603238467235e-01
3.369380049299332214e+00 3.635887535498802392e-01
3.388855101901607103e+00 3.595075881812532792e-01
3.408442720515521884e+00 3.620957244786822682e-01
3.428143555773827789e+00 3.648844660037392496e-01
3.447958262069935831e+00 3.648055393568036542e-01
3.467887497579658529e+00 3.439820590069678774e-01
3.487931924283071528e+00 3.337972329419898188e-01
3.508092207986506228e+00 3.337248835156322313e-01
3.528369018344649444e+00 3.461722734594301354e-01
3.548763028882812254e+00 3.592477879684236597e-01
3.569274917019284565e+00 3.588630205646127225e-01
3.589905364087840223e+00 3.650390306873214086e-01
3.610655055360374899e+00 3.461821392902970640e-01
3.631524680069651456e+00 3.388649813973114711e-01
3.652514931432215839e+00 3.399765316749875366e-01
3.673626506671410219e+00 3.096769207774493493e-01
3.694860107040534913e+00 3.116573218934744482e-01
3.716216437846141751e+00 3.313373524458311237e-01
3.737696208471465109e+00 3.502435729971902223e-01
3.759300132399972405e+00 3.902922690964163444e-01
3.781028927239082016e+00 3.963137145355428159e-01
3.802883314743989107e+00 4.306829806656966020e-01
3.824864020841640233e+00 4.940906756475638151e-01
3.846971775654848713e+00 5.580640115991359895e-01
3.869207313526548564e+00 5.731521556049866684e-01
3.891571373044171445e+00 5.036835518605251583e-01
3.914064697064205678e+00 4.511512911043223384e-01
3.936688032736852527e+00 4.247503277043725434e-01
3.959442131530850340e+00 3.903120007581502016e-01
3.982327749258438132e+00 3.733164627846898287e-01
4.005345646100446189e+00 3.377731627813693738e-01
4.028496586631570509e+00 3.100817487040230525e-01
4.051781339845751617e+00 2.994378326427030168e-01
4.075200679181723906e+00 2.855510179754175981e-01
4.098755382548707082e+00 2.725570610015908279e-01
4.122446232352245943e+00 2.682187263083654072e-01
4.146274015520188705e+00 2.810337828824714945e-01
4.170239523528843861e+00 2.748682963126875545e-01
4.194343552429258715e+00 2.673758554912992191e-01
4.218586902873665778e+00 2.680148324704484941e-01
4.242970380142073950e+00 2.629428088217511394e-01
4.267494794169023997e+00 2.717733851697263225e-01
4.292160959570472833e+00 2.919016533044712647e-01
4.316969695670882068e+00 3.172292143060971292e-01
4.341921826530410478e+00 3.047535423138139632e-01
4.367018180972294772e+00 2.743743470472824186e-01
4.392259592610382235e+00 2.679931276425411846e-01
4.417646899876805477e+00 2.625540950855934641e-01
4.443180946049855251e+00 2.581851763166804758e-01
4.468862579281975833e+00 2.655289719530067871e-01
4.494692652627942486e+00 2.919539422080660862e-01
4.520672024073195239e+00 3.010920036180610992e-01
4.546801556562344082e+00 2.971637586278717547e-01
4.573082118027814502e+00 3.004586172764031060e-01
4.599514581418703507e+00 2.821367827733962108e-01
4.626099824729760002e+00 2.805085918193210293e-01
4.652838731030551678e+00 2.998311504332653032e-01
4.679732188494796219e+00 2.887320907079501398e-01
4.706781090429870140e+00 2.792434634411495864e-01
4.733986335306464177e+00 2.749916191985243841e-01
4.761348826788450062e+00 2.774656407189257656e-01
4.788869473762884077e+00 3.085808269681315497e-01
4.816549190370198019e+00 3.227968315253441078e-01
4.844388896034566017e+00 3.201797554573720395e-01
4.872389515494448098e+00 3.067181581004519986e-01
4.900551978833287414e+00 2.978056953562811526e-01
4.928877221510434836e+00 2.909209897162967073e-01
4.957366184392200559e+00 2.984489475288060190e-01
4.986019813783113541e+00 2.924298041168817974e-01
5.014839061457356806e+00 2.899011916656832888e-01
5.043824884690362609e+00 3.004053417897216138e-01
5.072978246290641202e+00 2.955480643928947715e-01
5.102300114631742822e+00 2.728582977040615587e-01
5.131791463684423960e+00 2.688185688250757654e-01
5.161453273049005475e+00 2.699705690093062715e-01
5.191286527987911903e+00 2.768148247427361652e-01
5.221292219458380401e+00 2.860956118392730674e-01
5.251471344145405951e+00 3.031884926772873134e-01
5.281824904494829553e+00 3.272410594698747510e-01
5.312353908746639597e+00 3.466885852748003982e-01
5.343059370968462396e+00 3.814722163013658518e-01
5.373942311089249912e+00 3.872239956967958863e-01
5.405003754933139781e+00 3.666142750157439512e-01
5.436244734253559585e+00 3.601685988493386614e-01
5.467666286767478567e+00 3.423706399653665966e-01
5.499269456189878724e+00 3.283045960373316419e-01
5.531055292268432844e+00 3.075370220624085715e-01
5.563024850818350409e+00 2.935748982195054424e-01
5.595179193757479297e+00 3.153270821149497527e-01
5.627519389141558470e+00 3.377928944431032865e-01
5.660046511199702479e+00 3.213837156841684584e-01
5.692761640370078702e+00 3.153425385833080186e-01
5.725665863335805739e+00 3.233358347517083509e-01
5.758760273061025892e+00 3.241616047952717294e-01
5.792045968827241431e+00 3.137028374932214203e-01
5.825524056269808071e+00 3.154823045205897292e-01
5.859195647414667363e+00 3.264554104718369043e-01
5.893061860715279821e+00 3.279533724584683396e-01
5.927123821089786304e+00 3.235574870851857243e-01
5.961382659958350594e+00 3.118743701725473216e-01
5.995839515280771082e+00 3.283101866748229236e-01
6.030495531594262104e+00 3.367800024740967846e-01
6.065351860051475086e+00 3.618753875893204741e-01
6.100409658458743500e+00 3.790978396727206490e-01
6.135670091314512575e+00 3.445345455355169895e-01
6.171134329848062094e+00 3.246558829217057740e-01
6.206803552058381079e+00 3.061446244660534499e-01
6.242678942753306259e+00 2.928287125449353656e-01
6.278761693588877257e+00 2.796795331654686190e-01
6.315053003108923591e+00 2.722551665770622242e-01
6.351554076784851510e+00 2.772400420531015430e-01
6.388266127055725718e+00 2.756865025525863655e-01
6.425190373368511843e+00 2.745121398183907879e-01
6.462328042218596025e+00 2.775718628312598968e-01
6.499680367190518560e+00 2.820996214771306909e-01
6.537248588998957999e+00 2.608298767110800442e-01
6.575033955529916874e+00 2.486580723094988232e-01
6.613037721882214726e+00 2.521874088716345996e-01
6.651261150409145451e+00 2.575600115007449231e-01
6.689705510760421525e+00 2.588655897854709176e-01
6.728372079924347382e+00 2.693671090212780284e-01
6.767262142270216607e+00 2.783709951314825570e-01
6.806376989591010229e+00 2.738646124524901637e-01
6.845717921146279750e+00 2.894335512825900736e-01
6.885286243705309062e+00 2.891872343719452676e-01
6.925083271590525058e+00 2.955766753024089422e-01
6.965110326721157818e+00 3.260028976960729352e-01
7.005368738657123728e+00 3.546108474609586669e-01
7.045859844643230119e+00 4.542491619965435823e-01
7.086584989653569089e+00 4.523088819260440707e-01
7.127545526436194656e+00 3.875002389610703313e-01
7.168742815558059256e+00 3.726521635063153592e-01
7.210178225450215805e+00 3.313406410561200999e-01
7.251853132453240036e+00 2.911311319137627196e-01
7.293768920862992111e+00 2.769325569910817131e-01
7.335926982976571864e+00 2.756246766791534686e-01
7.378328719138569802e+00 2.754306486721035396e-01
7.420975537787583676e+00 3.116869193860752896e-01
7.463868855503007715e+00 3.792524043563028080e-01
7.507010097052058128e+00 3.661111176415296486e-01
7.550400695437144982e+00 3.412492238568237135e-01
7.594042091943437711e+00 3.611782022080562427e-01
7.637935736186750368e+00 3.356421433141089095e-01
7.682083086161699548e+00 3.292457963020383183e-01
7.726485608290103890e+00 3.183618116896226313e-01
7.771144777469737974e+00 3.035850990781385761e-01
7.816062077123293150e+00 3.190951717840657120e-01
7.861238999247660786e+00 3.170338708549315654e-01
7.906677044463489068e+00 3.140293964949173455e-01
7.952377722065040011e+00 5.166965827740279682e-01
7.998342550070284496e+00 4.168181996873473460e-01
