2.511886431509579437e-02 1.099995321611105137e+00
2.526405161860213050e-02 1.102393483963396648e+00
2.541007810627042562e-02 1.103579943232425142e+00
2.555694862859406516e-02 1.105853828345407797e+00
2.570466806410236227e-02 1.108011203546538148e+00
2.585324131952258450e-02 1.110508399323904216e+00
2.600267332994290678e-02 1.113205603783283371e+00
2.615296905897638788e-02 1.116197966686021337e+00
2.630413349892583852e-02 1.119460244217883815e+00
2.645617167094958117e-02 1.123027389352426075e+00
2.660908862522835469e-02 1.126887751098463175e+00
2.676288944113292337e-02 1.130983074500068852e+00
2.691757922739292791e-02 1.135249279105724707e+00
2.707316312226650673e-02 1.139808700322875179e+00
2.722964629371095457e-02 1.144838044851162806e+00
2.738703393955444973e-02 1.150467415425489470e+00
2.754533128766867636e-02 1.156803612798386505e+00
2.770454359614242176e-02 1.163949554058656410e+00
2.786467615345633933e-02 1.171998447135780941e+00
2.802573427865854422e-02 1.179559940414990571e+00
2.818772332154127064e-02 1.185268926095749631e+00
2.835064866281864979e-02 1.189674942595627893e+00
2.851451571430539678e-02 1.193286749863047058e+00
2.867932991909653145e-02 1.196451935801699173e+00
2.884509675174826843e-02 1.199440415040708752e+00
2.901182171845980567e-02 1.202448312598360491e+00
2.917951035725619563e-02 1.203817304062624105e+00
2.934816823817239240e-02 1.198570474365545424e+00
2.951780096343814899e-02 1.187507858235176572e+00
2.968841416766421215e-02 1.175035472171395590e+00
2.986001351802944001e-02 1.163155344826197091e+00
3.003260471446899879e-02 1.153215107513337889e+00
3.020619348986378766e-02 1.145762356818523786e+00
3.038078561023081769e-02 1.140719419467186579e+00
3.055638687491469066e-02 1.136328937622221869e+00
3.073300311678033025e-02 1.131190850509538715e+00
3.091064020240668481e-02 1.125742070298582975e+00
3.108930403228154019e-02 1.119967062334440877e+00
3.126900054099761295e-02 1.114178461547249421e+00
3.144973569744963920e-02 1.108518021663095432e+00
3.163151550503255638e-02 1.099946775814499844e+00
3.181434600184106232e-02 1.082530485824456434e+00
3.199823326087009728e-02 1.057902232290759859e+00
3.218318339021652985e-02 1.030951547847475780e+00
3.236920253328214730e-02 1.003965910430635766e+00
3.255629686897762443e-02 9.784288795844918729e-01
3.274447261192782455e-02 9.548705754079717112e-01
3.293373601267822470e-02 9.345628977721285313e-01
3.312409335790250653e-02 9.171893280830973882e-01
3.331555097061136145e-02 9.016818588155661729e-01
3.350811521036261426e-02 8.876521235966938761e-01
3.370179247347232510e-02 8.748535097797267568e-01
3.389658919322740410e-02 8.631442636385781020e-01
3.409251184009919750e-02 8.525282688369759665e-01
3.428956692195841288e-02 8.429841652244144390e-01
3.448776098429136294e-02 8.343682572429422795e-01
3.468710061041735404e-02 8.265795696356209588e-01
3.488759242170727526e-02 8.195656729421169073e-01
3.508924307780367929e-02 8.132935560207387171e-01
3.529205927684192501e-02 8.076719527738687177e-01
3.549604775567258980e-02 8.025416329886423394e-01
3.570121529008542238e-02 7.978754110189606452e-01
3.590756869503420462e-02 7.937257163251573155e-01
3.611511482486330638e-02 7.901236182170592315e-01
3.632386057353523962e-02 7.871021278363581342e-01
3.653381287485973905e-02 7.842787043058058183e-01
3.674497870272393912e-02 7.812475047657838623e-01
3.695736507132423021e-02 7.782201888894900721e-01
3.717097903539903075e-02 7.754802641290985399e-01
3.738582769046329413e-02 7.731830770337455583e-01
3.760191817304411876e-02 7.714509630108757898e-01
3.781925766091774610e-02 7.683343228688287452e-01
3.803785337334809891e-02 7.627418470999217659e-01
3.825771257132654091e-02 7.559299009202949948e-01
3.847884255781295476e-02 7.483994769509126899e-01
3.870125067797849233e-02 7.407195319279868961e-01
3.892494431944945599e-02 7.329444371437148220e-01
3.914993091255265789e-02 7.249246715445533118e-01
3.937621793056233360e-02 7.169631609013177309e-01
3.960381288994833243e-02 7.094579807461701693e-01
3.983272335062570252e-02 7.025528266370616448e-01
4.006295691620595512e-02 6.963544993265231575e-01
4.029452123424955012e-02 6.911134951250371694e-01
4.052742399651988042e-02 6.868103957139616300e-01
4.076167293923887297e-02 6.832917963760244406e-01
4.099727584334383890e-02 6.805576971112253792e-01
4.123424053474603751e-02 6.786061560877006960e-01
4.147257488459059338e-02 6.772624084376716036e-01
4.171228680951784978e-02 6.764934430194469162e-01
4.195338427192649156e-02 6.764779083645332536e-01
4.219587528023795858e-02 6.773245470573261429e-01
4.243976788916238585e-02 6.791285088591714203e-01
4.268507019996626434e-02 6.818101786636369122e-01
4.293179036074151744e-02 6.853520799839445399e-01
4.317993656667604152e-02 6.898940247143171556e-01
4.342951706032609216e-02 6.955195116249155429e-01
4.368054013188996804e-02 7.023042721584434878e-01
4.393301411948334623e-02 7.099201367298507703e-01
4.418694740941636612e-02 7.181690384889882761e-01
4.444234843647213579e-02 7.272684626046472811e-01
4.469922568418681352e-02 7.372688967052967168e-01
4.495758768513159753e-02 7.480149942418002906e-01
4.521744302119593689e-02 7.583494234230928610e-01
4.547880032387276866e-02 7.679478983278521520e-01
4.574166827454511502e-02 7.774531653031296896e-01
4.600605560477452616e-02 7.869933852519627182e-01
4.627197109659098723e-02 7.957374541364724552e-01
4.653942358278480296e-02 8.025979461127042969e-01
4.680842194719982141e-02 8.081010976158577996e-01
4.707897512502866311e-02 8.129770374268735500e-01
4.735109210310945588e-02 8.175325749802955233e-01
4.762478192022426976e-02 8.211210802653440277e-01
4.790005366739954334e-02 8.238318775477725397e-01
4.817691648820784933e-02 8.264747107149539307e-01
4.845537957907175564e-02 8.293078434048273273e-01
4.873545218956924774e-02 8.326283758926157352e-01
4.901714362274099679e-02 8.366848626569374225e-01
4.930046323539925834e-02 8.416695450523483668e-01
4.958542043843887359e-02 8.477280604686642240e-01
4.987202469714965836e-02 8.550895450658607677e-01
5.016028553153097091e-02 8.641210050662725406e-01
5.045021251660784106e-02 8.750224491519125181e-01
5.074181528274907677e-02 8.878832015885340656e-01
5.103510351598705003e-02 9.028722017483230555e-01
5.133008695833959217e-02 9.196573963825005471e-01
5.162677540813340182e-02 9.388990083248957008e-01
5.192517872032970105e-02 9.624573125014158625e-01
5.222530680685147364e-02 9.933654502839474043e-01
5.252716963691266006e-02 1.037606205646101953e+00
5.283077723734942721e-02 1.101397324217060048e+00
5.313613969295318679e-02 1.188740921468945944e+00
5.344326714680543849e-02 1.301734175815099537e+00
5.375216980061491706e-02 1.372024605635547623e+00
5.406285791505632127e-02 1.328352807009604897e+00
5.437534181011107609e-02 1.214557576103535208e+00
5.468963186541032917e-02 1.096313608396574768e+00
5.500573852057948770e-02 1.023292962975056009e+00
5.532367227558519784e-02 9.810717127516733749e-01
5.564344369108398941e-02 9.522549278868892575e-01
5.596506338877313413e-02 9.361746182194178312e-01
5.628854205174332881e-02 9.347862084365121671e-01
5.661389042483377931e-02 9.481440698303699177e-01
5.694111931498885282e-02 9.762384932416700023e-01
5.727023959161724881e-02 1.014090621770594280e+00
5.760126218695296035e-02 1.044602625852828037e+00
5.793419809641841417e-02 1.059727554243111269e+00
5.826905837898961604e-02 1.057875046644660921e+00
5.860585415756369709e-02 1.033895364953608453e+00
5.894459661932811845e-02 9.950101818729280012e-01
5.928529701613251268e-02 9.555812858702702473e-01
5.962796666486229469e-02 9.256013437188282955e-01
5.997261694781454155e-02 9.097249263970981215e-01
6.031925931307623168e-02 9.038547686716101870e-01
6.066790527490428103e-02 9.042023565753025682e-01
6.101856641410823012e-02 9.134338252577273165e-01
6.137125437843479747e-02 9.319996797113796472e-01
6.172598088295483398e-02 9.574202006456712377e-01
6.208275771045231733e-02 9.932780678500582328e-01
6.244159671181598315e-02 1.045167698925311361e+00
6.280250980643269088e-02 1.114496921972978782e+00
6.316550898258359303e-02 1.202125968508902520e+00
6.353060629784218483e-02 1.314084226471435413e+00
6.389781387947492119e-02 1.456014659257953481e+00
6.426714392484385308e-02 1.632272795739866167e+00
6.463860870181208085e-02 1.765812573041159572e+00
6.501222054915094251e-02 1.757441335874577071e+00
6.538799187695008841e-02 1.652180456011683285e+00
6.576593516702965159e-02 1.521636925276856012e+00
6.614606297335466623e-02 1.392307039457156170e+00
6.652838792245242827e-02 1.266957908959074119e+00
6.691292271383147972e-02 1.158265812192131872e+00
6.729968012040381253e-02 1.073800009762996055e+00
6.768867298890894613e-02 1.006853414412706815e+00
6.807991424034069705e-02 9.523151246746794918e-01
6.847341687037629410e-02 9.109230366573118909e-01
6.886919394980822728e-02 8.793663270321363523e-01
6.926725862497820629e-02 8.544623333737229043e-01
6.966762411821400547e-02 8.365217487803442431e-01
7.007030372826857090e-02 8.240085842474151878e-01
7.047531083076181979e-02 8.152198532300287681e-01
7.088265887862478520e-02 8.101963341973337229e-01
7.129236140254673060e-02 8.081612944036480339e-01
7.170443201142430445e-02 8.081865382178826662e-01
7.211888439281383123e-02 8.097613638597519481e-01
7.253573231338585059e-02 8.124741029740447651e-01
7.295498961938230720e-02 8.161053285601057583e-01
7.337667023707672431e-02 8.202433722627239243e-01
7.380078817323644513e-02 8.250358133035788910e-01
7.422735751558823258e-02 8.306030452582511270e-01
7.465639243328600627e-02 8.367178737986288306e-01
7.508790717738160481e-02 8.436540972175646802e-01
7.552191608129793510e-02 8.506544010880193740e-01
7.595843356130543844e-02 8.565245588135073085e-01
7.639747411700059665e-02 8.619519788739568034e-01
7.683905233178781047e-02 8.681891428217793916e-01
7.728318287336367887e-02 8.765700891476828627e-01
7.772988049420428980e-02 8.883278810854366991e-01
7.817916003205507836e-02 9.071617083363491263e-01
7.863103641042397396e-02 9.347629064541416177e-01
7.908552463907676799e-02 9.724189099647811974e-01
7.954263981453599253e-02 1.025456163671778942e+00
8.000239712058217212e-02 1.096090297732191132e+00
8.046481182875830918e-02 1.186787438613557066e+00
8.092989929887701994e-02 1.302903158597350064e+00
8.139767497953076525e-02 1.444280169302570194e+00
8.186815440860513438e-02 1.555537425962125520e+00
8.234135321379483508e-02 1.574511065107260466e+00
8.281728711312283386e-02 1.532254861910322230e+00
8.329597191546232737e-02 1.466916103343593569e+00
8.377742352106211376e-02 1.406647467774301052e+00
8.426165792207447602e-02 1.347530338500481317e+00
8.474869120308657633e-02 1.271187218759309845e+00
8.523853954165466762e-02 1.192410983692291149e+00
8.573121920884146929e-02 1.123042924007339627e+00
8.622674656975649887e-02 1.065290902534055340e+00
8.672513808409994251e-02 1.022681285937831808e+00
8.722641030670905127e-02 9.931168958053293583e-01
8.773057988810836760e-02 9.728111600013503724e-01
8.823766357506258873e-02 9.599406984054078551e-01
8.874767821113291322e-02 9.511539092198857404e-01
8.926064073723644077e-02 9.416855370500281097e-01
8.977656819220893036e-02 9.293626720397909491e-01
9.029547771337091688e-02 9.131619687967388321e-01
9.081738653709675591e-02 8.932038208964523385e-01
9.134231199938727674e-02 8.723524303386323009e-01
9.187027153644546085e-02 8.518311511977268990e-01
9.240128268525588107e-02 8.329856729556291972e-01
9.293536308416693037e-02 8.167014709424164076e-01
9.347253047347692245e-02 8.031533100258665403e-01
9.401280269602330097e-02 7.922596332676833386e-01
9.455619769777530437e-02 7.836243069675692396e-01
9.510273352842993355e-02 7.766007011147442185e-01
9.565242834201181932e-02 7.705499530258852481e-01
9.620530039747586526e-02 7.651924389125470682e-01
9.676136805931405405e-02 7.601747453754444939e-01
9.732064979816532069e-02 7.557260085745535205e-01
9.788316419142908953e-02 7.521782817586533110e-01
9.844892992388228070e-02 7.499548842741400323e-01
9.901796578830000806e-02 7.496849696450156308e-01
9.959029068607995472e-02 7.518675886603806147e-01
1.001659236278700377e-01 7.573416126855710973e-01
1.007448837341998471e-01 7.669808660594785721e-01
1.013271902361159299e-01 7.827718427791837685e-01
1.019128624758204177e-01 8.076836037650539923e-01
1.025019199073136378e-01 8.393801252844521610e-01
1.030943820970401520e-01 8.749641941959863667e-01
1.036902687245389171e-01 9.009459045390328935e-01
1.042895995830967204e-01 9.016080692047263589e-01
1.048923945804057928e-01 8.945048482454689420e-01
1.054986737392250712e-01 8.898813465767998476e-01
1.061084571980452224e-01 8.892386002297483216e-01
1.067217652117575799e-01 8.915940422810275656e-01
1.073386181523270227e-01 8.956582963728060287e-01
1.079590365094685589e-01 9.012158191681572950e-01
1.085830408913279893e-01 9.042547860356361378e-01
1.092106520251663743e-01 9.008546384414153341e-01
1.098418907580486492e-01 8.862792484687017636e-01
1.104767780575359459e-01 8.593712843264300627e-01
1.111153350123821049e-01 8.265776278037566538e-01
1.117575828332342536e-01 7.911333707864451892e-01
1.124035428533372433e-01 7.569105260117178213e-01
1.130532365292423180e-01 7.252178881560480406e-01
1.137066854415197809e-01 6.973137642674398506e-01
1.143639112954759340e-01 6.735340912584003581e-01
1.150249359218739331e-01 6.539332404211274374e-01
1.156897812776589568e-01 6.384354803129171918e-01
1.163584694466876512e-01 6.267029321893979876e-01
1.170310226404614878e-01 6.186423881210880715e-01
1.177074631988646730e-01 6.139198530273445309e-01
1.183878135909062629e-01 6.125896982003649072e-01
1.190720964154663303e-01 6.146227961621862912e-01
1.197603344020467531e-01 6.200560417182283679e-01
1.204525504115261381e-01 6.293418816928508797e-01
1.211487674369193246e-01 6.428376131490671774e-01
1.218490086041408849e-01 6.617879503118316853e-01
1.225532971727734816e-01 6.875191643443960832e-01
1.232616565368404721e-01 7.232702307962516342e-01
1.239741102255828148e-01 7.728918022541149124e-01
1.246906819042407494e-01 8.381975496791521651e-01
1.254113953748399735e-01 9.053791066850100933e-01
1.261362745769819826e-01 9.326482515540237550e-01
1.268653435886395453e-01 8.994837051452874155e-01
1.275986266269562852e-01 8.295408632285315997e-01
1.283361480490512463e-01 7.632719671988494881e-01
1.290779323528278288e-01 7.151009441435463021e-01
1.298240041777875831e-01 6.848763311772145812e-01
1.305743883058487209e-01 6.703339523461925298e-01
1.313291096621690413e-01 6.671260461065279257e-01
1.320881933159741561e-01 6.698795636899689265e-01
1.328516644813900749e-01 6.718932433331481491e-01
1.336195485182806453e-01 6.696873223354127269e-01
1.343918709330900185e-01 6.629297474479836083e-01
1.351686573796898327e-01 6.540885869702638411e-01
1.359499336602315311e-01 6.465368028503752917e-01
1.367357257260030934e-01 6.421191353593117546e-01
1.375260596782912625e-01 6.432279213537720475e-01
1.383209617692485738e-01 6.512418614573410869e-01
1.391204584027652402e-01 6.676270387274925167e-01
1.399245761353461737e-01 6.931485349187227474e-01
1.407333416769932510e-01 7.262917211769527315e-01
1.415467818920924381e-01 7.580251375017708071e-01
1.423649238003061035e-01 7.782939785003297750e-01
1.431877945774705507e-01 7.873351476600626286e-01
1.440154215564987683e-01 7.872768927041364773e-01
1.448478322282882313e-01 7.801095912933604382e-01
1.456850542426340045e-01 7.667284279171321382e-01
1.465271154091474515e-01 7.473101092750944474e-01
1.473740436981796631e-01 7.240217197276985761e-01
1.482258672417506584e-01 6.998459130183615207e-01
1.490826143344838317e-01 6.768954022153371719e-01
1.499443134345459228e-01 6.569275451557297085e-01
1.508109931645919832e-01 6.408336426652088136e-01
1.516826823127164214e-01 6.294389732860611320e-01
1.525594098334091819e-01 6.237299876053019609e-01
1.534412048485173929e-01 6.251358738749854815e-01
1.543280966482127869e-01 6.359926558277488873e-01
1.552201146919646169e-01 6.571372629970636536e-01
1.561172886095181789e-01 6.849501207880543951e-01
1.570196482018790252e-01 7.088463037089459684e-01
1.579272234423027277e-01 7.185088590652241036e-01
1.588400444772908315e-01 7.152873600025100309e-01
1.597581416275917487e-01 7.085705635842290961e-01
1.606815453892082024e-01 7.025974887699383276e-01
1.616102864344102497e-01 6.991740391933469745e-01
1.625443956127538836e-01 6.991332607241986796e-01
1.634839039521058524e-01 7.034130581529038917e-01
1.644288426596743347e-01 7.136076754399737210e-01
1.653792431230455828e-01 7.321055657783788195e-01
1.663351369112262834e-01 7.621204609033767063e-01
1.672965557756923849e-01 8.046718225436739758e-01
1.682635316514438095e-01 8.495902772264356528e-01
1.692360966580649384e-01 8.820674151552437836e-01
1.702142831007917856e-01 9.020080865687523097e-01
1.711981234715850009e-01 9.216050537422968425e-01
1.721876504502090899e-01 9.413127053321008741e-01
1.731828969053178791e-01 9.546841595490080934e-01
1.741838958955464201e-01 9.648865441635348095e-01
1.751906806706090836e-01 9.738694583673414007e-01
1.762032846724038426e-01 9.859728963769235355e-01
1.772217415361232173e-01 1.006230086384297451e+00
1.782460850913716033e-01 1.036538198120789733e+00
1.792763493632887617e-01 1.074951516058468837e+00
1.803125685736800821e-01 1.118252424798348965e+00
1.813547771421535060e-01 1.162796105931319435e+00
1.824030096872625850e-01 1.204056149381921070e+00
1.834573010276564775e-01 1.237148848011681901e+00
1.845176861832364401e-01 1.258864353749072684e+00
1.855842003763193415e-01 1.268383213547399579e+00
1.866568790328071992e-01 1.269437628249662220e+00
1.877357577833641822e-01 1.266565658922504944e+00
1.888208724646001924e-01 1.258376953951157562e+00
1.899122591202609955e-01 1.239106214530799388e+00
1.910099540024255971e-01 1.205784379741062562e+00
1.921139935727104175e-01 1.163328167862111240e+00
1.932244145034804905e-01 1.121174881753975727e+00
1.943412536790674328e-01 1.084746115981512826e+00
1.954645481969946030e-01 1.050391226640019493e+00
1.965943353692096995e-01 1.012692502828367536e+00
1.977306527233236300e-01 9.723625968407193509e-01
1.988735380038573475e-01 9.329705956434816150e-01
2.000230291734956534e-01 8.969088360933532567e-01
2.011791644143479663e-01 8.646161721916444387e-01
2.023419821292166965e-01 8.351061533513397528e-01
2.035115209428728922e-01 8.071593091617188520e-01
2.046878197033392410e-01 7.806901990207573139e-01
2.058709174831803157e-01 7.571804406408422228e-01
2.070608535808005912e-01 7.391369389586606164e-01
2.082576675217497619e-01 7.298918774531866216e-01
2.094613990600355524e-01 7.326492787003558993e-01
2.106720881794442723e-01 7.483353964993939567e-01
2.118897750948690872e-01 7.707693800265402739e-01
2.131145002536455058e-01 7.845641535898438823e-01
2.143463043368951104e-01 7.817096607494643523e-01
2.155852282608767823e-01 7.723403220046810569e-01
2.168313131783459469e-01 7.679576074871731217e-01
2.180846004799212312e-01 7.693634937568566423e-01
2.193451317954595303e-01 7.653380763023622801e-01
2.206129489954388734e-01 7.439740421323923769e-01
2.218880941923488948e-01 7.085899819028711466e-01
2.231706097420899648e-01 6.713767160572698955e-01
2.244605382453801201e-01 6.409229669309622901e-01
2.257579225491697927e-01 6.210114229954166731e-01
2.270628057480653939e-01 6.136615893894054041e-01
2.283752311857605299e-01 6.178967246852338224e-01
2.296952424564759343e-01 6.290331304264424883e-01
2.310228834064072811e-01 6.484048451037393024e-01
2.323581981351817149e-01 6.714116690308257196e-01
2.337012309973229007e-01 6.828762443570848273e-01
2.350520266037238737e-01 6.819713507083657866e-01
2.364106298231291869e-01 6.804140015532743613e-01
2.377770857836252472e-01 6.728330899554227917e-01
2.391514398741393099e-01 6.401714779995152371e-01
2.405337377459470793e-01 5.983133503347387583e-01
2.419240253141889951e-01 5.706305952786496771e-01
2.433223487593957901e-01 5.622904274218945009e-01
2.447287545290218747e-01 5.702694145519078273e-01
2.461432893389885190e-01 5.845224604351635378e-01
2.475660001752356676e-01 5.878740622327792709e-01
2.489969342952823017e-01 5.692480109913367059e-01
2.504361392297964617e-01 5.318541547823645299e-01
2.518836627841739007e-01 4.978468533445638555e-01
2.533395530401260642e-01 4.756089948357021813e-01
2.548038583572773130e-01 4.664105372949689521e-01
2.562766273747711931e-01 4.665503491891915822e-01
2.577579090128856998e-01 4.692475536485706256e-01
2.592477524746588102e-01 4.707641243345138116e-01
2.607462072475227322e-01 4.730516022705458234e-01
2.622533231049470337e-01 4.806461066914467506e-01
2.637691501080930423e-01 4.991090440562963026e-01
2.652937386074759596e-01 5.315609381708698011e-01
2.668271392446371348e-01 5.597543950072444430e-01
2.683694029538270520e-01 5.512996590705011579e-01
2.699205809636965880e-01 5.148864279529519195e-01
2.714807247989985406e-01 4.744419538853157370e-01
2.730498862822996475e-01 4.447746466640105090e-01
2.746281175357012105e-01 4.276748752678320442e-01
2.762154709825712651e-01 3.981240779583790079e-01
2.778119993492854656e-01 3.567766520738880343e-01
2.794177556669779627e-01 3.282822112985617768e-01
2.810327932733039380e-01 3.165554886706352100e-01
2.826571658142107979e-01 3.194391089889777602e-01
2.842909272457196934e-01 3.349543455839659734e-01
2.859341318357184192e-01 3.537066158965818108e-01
2.875868341657639160e-01 3.547319031208814311e-01
2.892490891328946545e-01 3.409623733718124550e-01
2.909209519514548425e-01 3.250548867402551223e-01
2.926024781549284581e-01 3.102212331296024805e-01
2.942937235977828858e-01 2.979080772786863451e-01
2.959947444573255426e-01 2.891057534382506233e-01
2.977055972355692748e-01 2.845812851946558641e-01
2.994263387611086902e-01 2.847541082305699578e-01
3.011570261910088142e-01 2.892125541907818453e-01
3.028977170127025720e-01 2.966983160272873565e-01
3.046484690459013711e-01 3.062948491001824536e-01
3.064093404445150659e-01 3.183613923043447369e-01
3.081803896985833569e-01 3.287016469812297781e-01
3.099616756362194026e-01 3.317697413266717521e-01
3.117532574255635347e-01 3.337581771556164534e-01
3.135551945767480198e-01 3.383409003551373639e-01
3.153675469438748658e-01 3.463975607597187811e-01
3.171903747270033436e-01 3.629613865613770529e-01
3.190237384741493876e-01 3.960696198460513795e-01
3.208676990832974307e-01 4.228008772886805433e-01
3.227223178044230090e-01 4.138781598726641864e-01
3.245876562415266342e-01 3.963725456168671335e-01
3.264637763546810456e-01 3.848885519719660864e-01
3.283507404620888970e-01 3.758745684583321145e-01
3.302486112421523790e-01 3.502773408243979314e-01
3.321574517355558864e-01 3.304784231369762293e-01
3.340773253473591775e-01 3.230839273980883330e-01
3.360082958491044103e-01 3.277151963942143142e-01
3.379504273809338932e-01 3.409313040619852408e-01
3.399037844537201591e-01 3.446518539137995996e-01
3.418684319512097503e-01 3.305483290840875998e-01
3.438444351321779946e-01 3.193653193781380573e-01
3.458318596325960503e-01 3.169186112292413093e-01
3.478307714678123830e-01 3.149379427277534393e-01
3.498412370347446232e-01 3.083784346904731022e-01
3.518633231140849693e-01 2.978226366766613675e-01
3.538970968725191901e-01 2.847696428854835649e-01
3.559426258649572294e-01 2.733458460283728075e-01
3.579999780367765227e-01 2.707884534632164497e-01
3.600692217260801353e-01 2.814840633712508144e-01
3.621504256659661136e-01 2.999605935591497241e-01
3.642436589868098817e-01 3.181730346135169807e-01
3.663489912185618480e-01 3.355485461344123732e-01
3.684664922930561692e-01 3.549843412632278650e-01
3.705962325463332818e-01 3.782183595184260838e-01
3.727382827209774208e-01 3.823408685661306428e-01
3.748927139684648524e-01 3.533706789840745932e-01
3.770595978515288715e-01 3.243849547471048811e-01
3.792390063465359562e-01 3.092308988788585733e-01
3.814310118458763554e-01 3.087551500721286146e-01
3.836356871603694985e-01 3.224780758564567140e-01
3.858531055216822825e-01 3.503239447891388636e-01
3.880833405847607942e-01 3.803912693744701534e-01
3.903264664302779630e-01 3.945064451953673168e-01
3.925825575670940371e-01 3.996697761222852141e-01
3.948516889347303827e-01 4.043670674017941224e-01
3.971339359058604912e-01 4.135946524204904273e-01
3.994293742888124776e-01 4.326828596456135378e-01
4.017380803300868997e-01 4.510370544260676184e-01
4.040601307168905088e-01 4.446600785840224557e-01
4.063956025796829352e-01 4.208512780970199429e-01
4.087445734947380283e-01 3.993804431745188177e-01
4.111071214867221824e-01 3.864400756314648744e-01
4.134833250312844322e-01 3.788242110600577028e-01
4.158732630576643108e-01 3.759036959362951902e-01
4.182770149513134750e-01 3.742123603825737166e-01
4.206946605565314856e-01 3.784300191916242784e-01
4.231262801791195738e-01 3.929063757392634026e-01
4.255719545890473410e-01 4.110139578729636312e-01
4.280317650231349469e-01 4.163462281720671787e-01
4.305057931877529498e-01 4.054816788918470527e-01
4.329941212615355806e-01 3.859720941521917470e-01
4.354968318981098929e-01 3.604408888016405466e-01
4.380140082288422887e-01 3.308939751559158426e-01
4.405457338655994204e-01 3.055278255138219601e-01
4.430920929035247480e-01 2.874610218492700264e-01
4.456531699238333033e-01 2.775635048374234248e-01
4.482290499966203323e-01 2.772256260930519578e-01
4.508198186836865351e-01 2.828103345345019948e-01
4.534255620413813470e-01 2.896319898734498466e-01
4.560463666234608748e-01 2.950982465711834979e-01
4.586823194839622087e-01 2.951875708369368634e-01
4.613335081800964965e-01 2.885814588349155940e-01
4.640000207751556194e-01 2.751731098125885233e-01
4.666819458414390720e-01 2.564616179691209807e-01
4.693793724631949438e-01 2.361442311739568867e-01
4.720923902395786631e-01 2.213824253422797816e-01
4.748210892876304490e-01 2.178094547121448288e-01
4.775655602452679171e-01 2.301206687311967702e-01
4.803258942742961168e-01 2.577140995215324026e-01
4.831021830634371073e-01 2.999139895944088474e-01
4.858945188313745223e-01 3.456946176248770208e-01
4.887029943298164536e-01 3.821156160698830906e-01
4.915277028465775411e-01 4.017630708718968879e-01
4.943687382086768833e-01 4.039398643916692899e-01
4.972261947854541564e-01 4.143966289804065783e-01
5.001001674917054940e-01 4.299351675577651744e-01
5.029907517908354109e-01 4.187560415155441307e-01
5.058980436980275996e-01 3.926384029420033062e-01
5.088221397834349347e-01 3.620526092489296244e-01
5.117631371753864622e-01 3.386127568161258483e-01
5.147211335636141527e-01 3.265520391075562578e-01
5.176962272024980827e-01 3.159302188103615960e-01
5.206885169143288250e-01 3.031782089581354089e-01
5.236981020925914887e-01 2.979760413939334662e-01
5.267250827052667450e-01 2.933564233889927042e-01
5.297695592981502832e-01 2.881561976566549554e-01
5.328316329981945820e-01 2.879581308065062295e-01
5.359114055168668900e-01 2.926826077321139641e-01
5.390089791535270791e-01 2.946419160830956452e-01
5.421244567988269258e-01 3.005664451007813431e-01
5.452579419381275994e-01 3.010887978722521230e-01
5.484095386549359130e-01 2.865347680500448524e-01
5.515793516343632241e-01 2.777343860414733245e-01
5.547674861666017643e-01 2.805966462093096858e-01
5.579740481504216199e-01 2.849405240895335201e-01
5.611991440966896949e-01 2.820724384261045770e-01
5.644428811319066597e-01 2.677281264452312515e-01
5.677053670017649933e-01 2.562654929508363932e-01
5.709867100747291202e-01 2.520031720089091487e-01
5.742870193456336425e-01 2.576480772381494755e-01
5.776064044393048880e-01 2.652755928007419217e-01
5.809449756142023302e-01 2.557217800288593690e-01
5.843028437660793273e-01 2.390103750055216636e-01
5.876801204316687288e-01 2.249942326096988077e-01
5.910769177923870243e-01 2.132752773092290166e-01
5.944933486780595855e-01 2.061856491730210406e-01
5.979295265706701112e-01 2.006727885105465126e-01
6.013855656081297241e-01 1.958667546466421883e-01
6.048615805880666052e-01 1.931116835977098600e-01
6.083576869716416091e-01 1.930841095852381673e-01
6.118740008873820857e-01 1.943560094562916396e-01
6.154106391350390171e-01 1.954473189639741593e-01
6.189677191894675801e-01 1.994397252767771134e-01
6.225453592045292472e-01 2.071992854061353861e-01
6.261436780170150929e-01 2.182657852002327092e-01
6.297627951505950783e-01 2.310838173358418235e-01
6.334028308197864332e-01 2.477932805273153072e-01
6.370639059339481269e-01 2.644114776211712314e-01
6.407461421012968783e-01 2.722856058305175297e-01
6.444496616329448146e-01 2.722273508745914339e-01
6.481745875469649976e-01 2.754119551318855996e-01
6.519210435724759334e-01 2.793266881701204629e-01
6.556891541537508417e-01 2.763459762585676049e-01
6.594790444543533470e-01 2.745400726248581336e-01
6.632908403612935988e-01 2.870415861666020252e-01
6.671246684892090384e-01 3.005120738085836352e-01
6.709806561845721440e-01 3.060870730907126469e-01
6.748589315299192704e-01 3.075492724844581249e-01
6.787596233481042463e-01 3.217751327216148982e-01
6.826828612065795054e-01 3.535532111793097121e-01
6.866287754216984229e-01 4.011805213126357073e-01
6.905974970630435195e-01 4.699000091549430658e-01
6.945891579577818664e-01 5.342542589665203456e-01
6.986038906950429173e-01 5.246752023804032161e-01
7.026418286303216520e-01 4.678241908921092485e-01
7.067031058899108098e-01 4.132295880300201341e-01
7.107878573753529938e-01 3.811582929608305359e-01
7.148962187679240854e-01 3.701675246094371929e-01
7.190283265331394169e-01 3.802631084714326315e-01
7.231843179252852583e-01 3.768182987443351450e-01
7.273643309919801681e-01 3.677732459208739590e-01
7.315685045787596597e-01 3.659129709949667242e-01
7.357969783336865133e-01 3.784106008729822834e-01
7.400498927119919523e-01 3.798397891250362424e-01
7.443273889807401344e-01 3.601088355528616614e-01
7.486296092235191768e-01 3.402943832105263522e-01
7.529566963451627126e-01 3.182468242243566836e-01
7.573087940764960946e-01 3.046870123166217081e-01
7.616860469791092436e-01 2.893348895982266744e-01
7.660886004501606950e-01 2.744080280580922793e-01
7.705166007272060691e-01 2.649493650475556739e-01
7.749701948930545203e-01 2.546518306716830660e-01
7.794495308806568268e-01 2.392336856699050773e-01
7.839547574780165728e-01 2.299497875271468428e-01
7.884860243331343055e-01 2.354199278886088542e-01
7.930434819589780027e-01 2.526925223207014404e-01
7.976272817384808533e-01 2.720914226440971917e-01
8.022375759295721220e-01 2.783169356007345052e-01
8.068745176702336597e-01 2.790820173552307493e-01
8.115382609835852801e-01 2.823035164179448220e-01
8.162289607830032212e-01 2.892416816687449210e-01
8.209467728772645856e-01 2.937991610540311993e-01
8.256918539757219788e-01 2.864551529436124566e-01
8.304643616935105666e-01 2.729167011863837811e-01
8.352644545567829981e-01 2.603763510073557885e-01
8.400922920079733069e-01 2.503040691277307883e-01
8.449480344110958940e-01 2.437445610904504789e-01
8.498318430570707127e-01 2.286332255232166877e-01
8.547438801690798726e-01 2.148442774555056611e-01
8.596843089079587719e-01 1.997756621892843865e-01
8.646532933776126528e-01 1.831733881167149636e-01
8.696509986304700179e-01 1.787623228539896303e-01
8.746775906729644667e-01 1.876326108096725009e-01
8.797332364710471753e-01 2.020223616561681590e-01
8.848181039557355687e-01 2.069157779539616548e-01
8.899323620286901937e-01 2.079546580013106605e-01
8.950761805678236760e-01 2.221106122913562020e-01
9.002497304329459826e-01 2.498205529935440539e-01
9.054531834714387717e-01 2.900320072374758529e-01
9.106867125239620497e-01 3.294900307180965715e-01
9.159504914301977996e-01 3.553513474855624632e-01
9.212446950346235841e-01 3.764940128230131466e-01
9.265694991923183466e-01 3.842458056249146159e-01
9.319250807748065135e-01 3.726278255813834095e-01
9.373116176759319629e-01 3.449217685429239455e-01
9.427292888177655206e-01 3.192701696167921099e-01
9.481782741565508710e-01 3.032481149052467240e-01
9.536587546886805544e-01 2.897756854314009756e-01
9.591709124567069367e-01 2.836492058998380528e-01
9.647149305553922582e-01 3.016461036172786159e-01
9.702909931377862174e-01 3.265034933109511317e-01
9.758992854213467405e-01 3.380107889382227282e-01
9.815399936940907288e-01 3.481180237914033304e-01
9.872133053207802211e-01 3.575145481822854521e-01
9.929194087491489684e-01 3.720025557211097955e-01
9.986584935161608723e-01 3.908169646533801722e-01
1.004430750254303728e+00 3.826282596820328452e-01
1.010236370697924935e+00 3.628526439769815815e-01
1.016075547689597958e+00 3.545105342883621558e-01
1.021948475186527761e+00 3.405487631847370911e-01
1.027855348266994762e+00 3.237460920637817985e-01
1.033796363136834096e+00 2.993372655307403596e-01
1.039771717135951290e+00 2.692175114850756112e-01
1.045781608744880131e+00 2.572266997236172803e-01
1.051826237591374280e+00 2.709069052069328909e-01
1.057905804457035748e+00 3.012810392268083226e-01
1.064020511283988890e+00 3.338261412708635190e-01
1.070170561181583713e+00 3.762707021586296774e-01
1.076356158433145582e+00 3.909684275387880770e-01
1.082577508502760022e+00 3.577126150324341780e-01
1.088834818042095476e+00 3.377253396541847197e-01
1.095128294897270704e+00 3.121475303388926426e-01
1.101458148115757263e+00 2.953623357047152065e-01
1.107824587953321727e+00 3.035549243397909214e-01
1.114227825881013212e+00 3.318746002473388357e-01
1.120668074592185315e+00 3.454810161198146323e-01
1.127145548009560017e+00 3.392127828621648300e-01
1.133660461292336441e+00 3.196818379720032799e-01
1.140213030843336250e+00 2.979333210929209774e-01
1.146803474316190341e+00 2.798335062866776357e-01
1.153432010622570836e+00 2.695340300789407784e-01
1.160098859939462601e+00 2.641143773459480593e-01
1.166804243716473621e+00 2.650736422868647524e-01
1.173548384683194445e+00 2.726972741857287552e-01
1.180331506856595603e+00 2.906048476374159528e-01
1.187153835548465874e+00 3.181574999586033181e-01
1.194015597372901416e+00 3.367777257044533012e-01
1.200917020253827294e+00 3.613418987866310883e-01
1.207858333432573428e+00 4.024097008826766908e-01
1.214839767475487387e+00 4.369665407380470823e-01
1.221861554281590267e+00 4.448814474165416755e-01
1.228923927090283863e+00 4.514331881263652368e-01
1.236027120489096909e+00 4.429104880743748862e-01
1.243171370421473965e+00 4.351334514582387292e-01
1.250356914194617142e+00 4.212726556115521936e-01
1.257583990487367132e+00 3.522502419984290256e-01
1.264852839358128644e+00 2.976148606671915609e-01
1.272163702252848472e+00 2.824802231175873590e-01
1.279516822013033517e+00 2.845599250441495642e-01
1.286912442883815677e+00 2.917097499681479134e-01
1.294350810522067352e+00 2.893717844036465259e-01
1.301832172004561583e+00 2.720700624935908918e-01
1.309356775836174380e+00 2.474087978182029635e-01
1.316924871958146337e+00 2.310585735216071634e-01
1.324536711756377994e+00 2.197279845939781595e-01
1.332192548069784932e+00 2.144714457375785643e-01
1.339892635198694837e+00 2.197202172665213282e-01
1.347637228913291185e+00 2.099353265027985027e-01
1.355426586462114891e+00 2.035292231827902643e-01
1.363260966580605249e+00 2.185492926524064683e-01
1.371140629499693731e+00 2.272525830677677716e-01
1.379065836954451285e+00 2.417153467923575383e-01
1.387036852192779834e+00 2.571567937765059098e-01
1.395053939984155722e+00 2.578325512652488438e-01
1.403117366628427343e+00 2.506400060402380614e-01
1.411227399964658957e+00 2.375792449216034552e-01
1.419384309380025577e+00 2.384045234638900723e-01
1.427588365818764915e+00 2.396608886800299376e-01
1.435839841791175742e+00 2.336489772284550404e-01
1.444139011382666204e+00 2.477835713679943097e-01
1.452486150262864761e+00 2.423017800153470513e-01
1.460881535694769973e+00 2.047351007704608095e-01
1.469325446543965796e+00 1.793316679565741811e-01
1.477818163287882181e+00 1.716901712045594830e-01
1.486359968025109168e+00 1.877122259161048412e-01
1.494951144484772509e+00 2.272972452006444544e-01
1.503591978035954568e+00 2.640367040713799129e-01
1.512282755697172298e+00 2.955584607229997940e-01
1.521023766145914724e+00 3.136407990424653902e-01
1.529815299728230382e+00 2.900980295208587245e-01
1.538657648468367833e+00 2.715943136868609886e-01
1.547551106078482119e+00 2.517313155479205533e-01
1.556495967968387184e+00 2.229339490017786252e-01
1.565492531255366693e+00 2.322061961533516128e-01
1.574541094774047689e+00 2.530828305254064214e-01
1.583641959086324214e+00 2.316450067445967320e-01
1.592795426491339539e+00 2.057137840300195253e-01
1.602001801035530804e+00 1.997717785255559708e-01
1.611261388522727822e+00 1.979483984050686152e-01
1.620574496524306296e+00 1.884976969051752604e-01
1.629941434389411858e+00 1.778403410848656829e-01
1.639362513255227638e+00 1.967871829502747805e-01
1.648838046057315765e+00 2.256195024699724216e-01
1.658368347540009280e+00 2.447038260313671165e-01
1.667953734266863997e+00 2.493331531956289038e-01
1.677594524631179640e+00 2.378200320727647255e-01
1.687291038866571835e+00 2.321673595160675396e-01
1.697043599057607821e+00 2.182483087134548805e-01
1.706852529150509445e+00 2.126791349269184783e-01
1.716718154963911225e+00 2.021641153822550108e-01
1.726640804199680579e+00 1.930130385390083081e-01
1.736620806453807120e+00 1.921409618487943949e-01
1.746658493227349673e+00 2.018611896114392290e-01
1.756754197937443251e+00 1.912149022327556125e-01
1.766908255928380411e+00 1.733644186378759944e-01
1.777121004482747679e+00 1.874840606720609149e-01
1.787392782832625482e+00 2.129607005472280157e-01
1.797723932170862682e+00 2.169550486918951915e-01
1.808114795662403074e+00 1.875545491687314881e-01
1.818565718455690483e+00 1.629940655670957250e-01
1.829077047694130043e+00 1.563539715074509229e-01
1.839649132527616748e+00 1.656491322750215378e-01
1.850282324124138622e+00 1.782071531240137785e-01
1.860976975681438272e+00 1.862325500355815622e-01
1.871733442438742401e+00 1.931441121898420654e-01
1.882552081688566581e+00 1.753656705571243757e-01
1.893433252788581767e+00 1.712379185633864376e-01
1.904377317173546302e+00 1.979639330599822500e-01
1.915384638367318981e+00 2.136558763546129724e-01
1.926455581994929611e+00 2.149860311815925684e-01
1.937590515794722412e+00 2.037603011746305093e-01
1.948789809630575354e+00 1.856039790611387907e-01
1.960053835504184105e+00 1.613470037798780954e-01
1.971382967567415045e+00 1.360686249380461954e-01
1.982777582134739092e+00 1.117654340584174205e-01
1.994238057695728816e+00 1.003973677758092514e-01
2.005764774927627947e+00 9.467886711891555784e-02
2.017358116708002580e+00 9.403883933647400051e-02
2.029018468127450348e+00 9.361454907414547277e-02
2.040746216502401289e+00 9.254498808334203630e-02
2.052541751387976898e+00 9.227274325598065763e-02
2.064405464590929995e+00 9.288228427815421739e-02
2.076337750182662312e+00 8.933941204191445107e-02
2.088339004512313135e+00 7.675168116539989038e-02
2.100409626219920778e+00 6.609976247431008367e-02
2.112550016249669760e+00 6.535798270218423633e-02
2.124760577863207711e+00 7.270335009490785927e-02
2.137041716653034662e+00 7.760628136883597483e-02
2.149393840555982482e+00 8.692357901965852562e-02
2.161817359866763155e+00 9.451730670781380295e-02
2.174312687251592546e+00 9.936198302581580877e-02
2.186880237761905654e+00 1.033730309245151219e-01
2.199520428848138476e+00 1.054738988183971937e-01
2.212233680373592026e+00 1.107516036421166278e-01
2.225020414628386511e+00 1.083470332446730966e-01
2.237881056343477670e+00 9.219623508053102767e-02
2.250816032704775704e+00 8.335585133555692416e-02
2.263825773367328598e+00 8.006774743990068000e-02
2.276910710469592924e+00 7.793561605300493300e-02
2.290071278647793029e+00 8.626646311681196444e-02
2.303307915050354371e+00 9.353182703673039444e-02
2.316621059352423018e+00 9.326851463594434954e-02
2.330011153770474852e+00 9.715062489886056030e-02
2.343478643077001600e+00 1.120654470814368975e-01
2.357023974615280792e+00 1.328065415893702750e-01
2.370647598314243876e+00 1.428087233386974853e-01
2.384349966703414481e+00 1.458636132274628849e-01
2.398131534927939956e+00 1.244580238555989676e-01
2.411992760763713051e+00 1.098156406835704146e-01
2.425934104632577970e+00 9.944315159773953194e-02
2.439956029617617261e+00 9.321103641276393126e-02
2.454059001478542612e+00 1.030145687623831019e-01
2.468243488667162033e+00 1.256739989689633907e-01
2.482509962342935861e+00 1.452101868051582922e-01
2.496858896388636673e+00 1.432044686726222371e-01
2.511290767426078485e+00 1.480338045188969998e-01
2.525806054831960523e+00 1.426176470832598575e-01
2.540405240753779381e+00 1.221480206699421672e-01
2.555088810125852206e+00 1.094676644135050975e-01
2.569857250685421590e+00 1.025788216920557883e-01
2.584711052988855506e+00 1.027306729438365179e-01
2.599650710427946265e+00 9.912022495872244154e-02
2.614676719246288084e+00 8.571129338683611265e-02
2.629789578555775442e+00 8.074039799766086212e-02
2.644989790353173831e+00 9.031324072181262652e-02
2.660277859536794409e+00 9.795823277118288763e-02
2.675654293923265481e+00 9.482935908839135175e-02
2.691119604264405218e+00 8.548856527201194322e-02
2.706674304264172548e+00 7.778997866318965171e-02
2.722318910595750374e+00 6.568634647042109753e-02
2.738053942918694972e+00 5.332678083795049095e-02
2.753879923896200843e+00 5.101289398856527491e-02
2.769797379212459720e+00 5.265335354744462432e-02
2.785806837590128815e+00 5.367359200889727788e-02
2.801908830807877226e+00 5.873517094613084355e-02
2.818103893718070019e+00 5.701179516664998947e-02
2.834392564264522019e+00 5.147796272004206974e-02
2.850775383500368410e+00 5.386641591301272181e-02
2.867252895606037466e+00 4.845064684374839059e-02
2.883825647907329426e+00 5.094590078925024385e-02
2.900494190893583735e+00 5.570785506983715746e-02
2.917259078235983960e+00 5.575970198061140637e-02
2.934120866805935979e+00 5.601116920702579188e-02
2.951080116693567401e+00 5.151621680776688472e-02
2.968137391226336685e+00 5.080958419238313512e-02
2.985293256987731514e+00 4.725544933133096759e-02
3.002548283836107057e+00 4.460640230218417684e-02
3.019903044923603730e+00 4.277234210644371287e-02
3.037358116715186629e+00 4.542197168514976180e-02
3.054914079007794214e+00 5.204109396066117221e-02
3.072571514949601568e+00 5.272170602906459808e-02
3.090331011059376021e+00 4.847297791018673196e-02
3.108193157245980220e+00 4.810771933653000543e-02
3.126158546827951579e+00 5.318017253220310575e-02
3.144227776553216724e+00 6.328721320219733715e-02
3.162401446618910317e+00 6.287806922840960544e-02
3.180680160691316427e+00 5.400214996032056541e-02
3.199064525925907621e+00 5.165622288517598276e-02
3.217555152987530587e+00 5.002644340154975555e-02
3.236152656070678812e+00 5.438488502075512765e-02
3.254857652919894928e+00 5.895459794678586940e-02
3.273670764850296955e+00 6.085390369316358988e-02
3.292592616768199143e+00 6.259203739481238038e-02
3.311623837191892683e+00 7.006420640826850621e-02
3.330765058272506351e+00 8.078622522965607511e-02
3.350016915815009710e+00 8.608548438706817296e-02
3.369380049299332214e+00 8.679153445289267133e-02
3.388855101901607103e+00 7.412477101950502856e-02
3.408442720515521884e+00 6.971584177183035025e-02
3.428143555773827789e+00 6.523603566111224605e-02
3.447958262069935831e+00 6.086943834807721776e-02
3.467887497579658529e+00 6.294661589321599859e-02
3.487931924283071528e+00 6.500631695157693679e-02
3.508092207986506228e+00 6.185064598905937877e-02
3.528369018344649444e+00 6.106614591592105651e-02
3.548763028882812254e+00 6.540089718638314453e-02
3.569274917019284565e+00 6.779634097406492255e-02
3.589905364087840223e+00 6.861559983757249681e-02
3.610655055360374899e+00 7.270257336216218169e-02
3.631524680069651456e+00 7.741190399922917575e-02
3.652514931432215839e+00 8.923125200707829330e-02
3.673626506671410219e+00 8.796090560151618998e-02
3.694860107040534913e+00 8.460250739237575035e-02
3.716216437846141751e+00 8.471552200687240686e-02
3.737696208471465109e+00 7.296394393108400489e-02
3.759300132399972405e+00 5.482898196809853075e-02
3.781028927239082016e+00 5.280287460098831431e-02
3.802883314743989107e+00 5.563328872625173532e-02
3.824864020841640233e+00 6.080283351513501855e-02
3.846971775654848713e+00 6.638870705570359965e-02
3.869207313526548564e+00 6.838665786078286513e-02
3.891571373044171445e+00 6.954068853767916836e-02
3.914064697064205678e+00 6.453678200681246813e-02
3.936688032736852527e+00 5.907363224006156183e-02
3.959442131530850340e+00 5.996279705068047194e-02
3.982327749258438132e+00 5.863303059007372864e-02
4.005345646100446189e+00 4.960059967372987266e-02
4.028496586631570509e+00 5.517540477267248583e-02
4.051781339845751617e+00 6.006765597134747919e-02
4.075200679181723906e+00 5.591038813327361273e-02
4.098755382548707082e+00 5.430895939486476282e-02
4.122446232352245943e+00 5.076841735686201534e-02
4.146274015520188705e+00 4.759973612085430239e-02
4.170239523528843861e+00 5.149641012275200935e-02
4.194343552429258715e+00 5.192011783552127890e-02
4.218586902873665778e+00 5.247120971858230953e-02
4.242970380142073950e+00 5.985172426804801632e-02
4.267494794169023997e+00 4.947690498398008702e-02
4.292160959570472833e+00 3.841953179964453097e-02
4.316969695670882068e+00 3.896576910304505592e-02
4.341921826530410478e+00 4.158665957016088877e-02
4.367018180972294772e+00 4.654920508232005677e-02
4.392259592610382235e+00 5.522142618785411822e-02
4.417646899876805477e+00 6.170306676737988966e-02
4.443180946049855251e+00 8.462988722166102373e-02
4.468862579281975833e+00 8.068893945325947281e-02
4.494692652627942486e+00 6.599723375188011609e-02
4.520672024073195239e+00 6.159781948034004362e-02
4.546801556562344082e+00 6.094109194386632816e-02
4.573082118027814502e+00 6.779925372186122734e-02
4.599514581418703507e+00 8.211735097256776805e-02
4.626099824729760002e+00 6.221512782997042773e-02
4.652838731030551678e+00 4.868386085063926283e-02
4.679732188494796219e+00 5.073443529923844786e-02
4.706781090429870140e+00 5.151815863963109254e-02
4.733986335306464177e+00 4.671057131023538533e-02
4.761348826788450062e+00 4.290399830683672838e-02
4.788869473762884077e+00 4.748749823910331652e-02
4.816549190370198019e+00 4.554430709259459781e-02
4.844388896034566017e+00 4.279059532596722615e-02
4.872389515494448098e+00 3.981240779583790357e-02
4.900551978833287414e+00 3.581534108656084930e-02
4.928877221510434836e+00 3.565708178962823799e-02
4.957366184392200559e+00 3.578446595992000601e-02
4.986019813783113541e+00 3.704432647341541346e-02
5.014839061457356806e+00 3.815078226963872915e-02
5.043824884690362609e+00 3.680082075764426475e-02
5.072978246290641202e+00 3.387816961883115957e-02
5.102300114631742822e+00 3.731579456803110761e-02
5.131791463684423960e+00 3.939180701405135820e-02
5.161453273049005475e+00 3.862109394714888233e-02
5.191286527987911903e+00 3.437877387342289093e-02
5.221292219458380401e+00 3.039976620048294095e-02
5.251471344145405951e+00 3.641400785029487441e-02
5.281824904494829553e+00 3.944753758855400888e-02
5.312353908746639597e+00 3.589592710892530042e-02
5.343059370968462396e+00 3.421158214991494584e-02
5.373942311089249912e+00 3.406652730965892967e-02
5.405003754933139781e+00 3.265306789570499718e-02
5.436244734253559585e+00 2.962555783622489169e-02
5.467666286767478567e+00 2.813423096451639349e-02
5.499269456189878724e+00 2.664251572643505650e-02
5.531055292268432844e+00 2.845269139024581354e-02
5.563024850818350409e+00 2.796820434012697171e-02
5.595179193757479297e+00 2.897718017676725183e-02
5.627519389141558470e+00 3.057122995409213007e-02
5.660046511199702479e+00 2.715321750672064841e-02
5.692761640370078702e+00 3.057181250365139172e-02
5.725665863335805739e+00 2.973624225248450853e-02
5.758760273061025892e+00 2.731749648243228523e-02
5.792045968827241431e+00 2.989838521314552508e-02
5.825524056269808071e+00 2.952982552531964802e-02
5.859195647414667363e+00 2.900708438747599122e-02
5.893061860715279821e+00 2.901077386801797706e-02
5.927123821089786304e+00 3.126931850927339163e-02
5.961382659958350594e+00 3.173535815668229731e-02
5.995839515280771082e+00 2.961681959283597385e-02
6.030495531594262104e+00 2.887872930125212276e-02
6.065351860051475086e+00 2.675164667720330777e-02
6.100409658458743500e+00 2.549450472831778225e-02
6.135670091314512575e+00 2.384821967384581978e-02
6.171134329848062094e+00 2.370899032918241320e-02
6.206803552058381079e+00 2.469913039673991492e-02
6.242678942753306259e+00 2.415366982608507448e-02
6.278761693588877257e+00 2.472146146317825630e-02
6.315053003108923591e+00 2.493836408240982308e-02
6.351554076784851510e+00 2.212484389436497265e-02
6.388266127055725718e+00 2.099663958126258070e-02
6.425190373368511843e+00 2.322994040828334217e-02
6.462328042218596025e+00 2.415813603937274484e-02
6.499680367190518560e+00 2.158948084940398929e-02
6.537248588998957999e+00 2.077080453545568015e-02
6.575033955529916874e+00 2.034806773861851797e-02
6.613037721882214726e+00 1.892400592268603590e-02
6.651261150409145451e+00 2.028748258445535815e-02
6.689705510760421525e+00 1.916623002942681453e-02
6.728372079924347382e+00 1.937111270941895697e-02
6.767262142270216607e+00 2.012902910433633091e-02
6.806376989591010229e+00 1.910018832772524683e-02
6.845717921146279750e+00 2.184386082361468653e-02
6.885286243705309062e+00 2.408551152765152359e-02
6.925083271590525058e+00 2.681242601455288352e-02
6.965110326721157818e+00 3.017936828389581119e-02
7.005368738657123728e+00 2.783848997159815708e-02
7.045859844643230119e+00 2.459407729288649175e-02
7.086584989653569089e+00 2.319246305330420824e-02
7.127545526436194656e+00 2.039972046620634055e-02
7.168742815558059256e+00 1.996319666313332852e-02
7.210178225450215805e+00 2.061817655092926249e-02
7.251853132453240036e+00 2.074245379023830285e-02
7.293768920862992111e+00 2.062128348191198668e-02
7.335926982976571864e+00 1.906572081213562739e-02
7.378328719138569802e+00 2.065643063865407747e-02
7.420975537787583676e+00 2.059934078184648756e-02
7.463868855503007715e+00 1.914883121592355145e-02
7.507010097052058128e+00 1.888012052255503420e-02
7.550400695437144982e+00 1.701782609150904318e-02
7.594042091943437711e+00 1.698673736336313994e-02
7.637935736186750368e+00 1.675956245356994070e-02
7.682083086161699548e+00 1.667583066358547389e-02
7.726485608290103890e+00 1.707293527981514764e-02
7.771144777469737974e+00 1.524899202808718303e-02
7.816062077123293150e+00 1.394639179526064796e-02
7.861238999247660786e+00 1.331749070940097153e-02
7.906677044463489068e+00 1.564963077830970606e-02
7.952377722065040011e+00 3.516521577842542101e-02
7.998342550070284496e+00 3.414031692049867422e-02
