2.511886431509579437e-02 1.071684469241881654e+00
2.526405161860213050e-02 1.072726720853242055e+00
2.541007810627042562e-02 1.073162869366443672e+00
2.555694862859406516e-02 1.074100691052107814e+00
2.570466806410236227e-02 1.074100691052107814e+00
2.585324131952258450e-02 1.073697304868536095e+00
2.600267332994290678e-02 1.073099392352785397e+00
2.615296905897638788e-02 1.072567004496294718e+00
2.630413349892583852e-02 1.072218904743974077e+00
2.645617167094958117e-02 1.072167713603926709e+00
2.660908862522835469e-02 1.072472812798608066e+00
2.676288944113292337e-02 1.073130107036813552e+00
2.691757922739292791e-02 1.074219454497017390e+00
2.707316312226650673e-02 1.076162670173207880e+00
2.722964629371095457e-02 1.079371330831364606e+00
2.738703393955444973e-02 1.084207869743020858e+00
2.754533128766867636e-02 1.090979433748460403e+00
2.770454359614242176e-02 1.099997264979169831e+00
2.786467615345633933e-02 1.111570557921033764e+00
2.802573427865854422e-02 1.123164327318916689e+00
2.818772332154127064e-02 1.131060048759791936e+00
2.835064866281864979e-02 1.135437915056625835e+00
2.851451571430539678e-02 1.137143603842997619e+00
2.867932991909653145e-02 1.137049412145310745e+00
2.884509675174826843e-02 1.135921159418671111e+00
2.901182171845980567e-02 1.134303519393180526e+00
2.917951035725619563e-02 1.131283242130397548e+00
2.934816823817239240e-02 1.123856431532354261e+00
2.951780096343814899e-02 1.113046910399994038e+00
2.968841416766421215e-02 1.101750049614384830e+00
2.986001351802944001e-02 1.091057244281332217e+00
3.003260471446899879e-02 1.081699503880709790e+00
3.020619348986378766e-02 1.073947117631966375e+00
3.038078561023081769e-02 1.068244424630711897e+00
3.055638687491469066e-02 1.065688962919557170e+00
3.073300311678033025e-02 1.065815916946874164e+00
3.091064020240668481e-02 1.067623988013340020e+00
3.108930403228154019e-02 1.070879744520339960e+00
3.126900054099761295e-02 1.075362040742870340e+00
3.144973569744963920e-02 1.080984875565651260e+00
3.163151550503255638e-02 1.087750296634285130e+00
3.181434600184106232e-02 1.095703352152013199e+00
3.199823326087009728e-02 1.104917757360503794e+00
3.218318339021652985e-02 1.115512275704665823e+00
3.236920253328214730e-02 1.127683481162280676e+00
3.255629686897762443e-02 1.141586994799091759e+00
3.274447261192782455e-02 1.157390723554453826e+00
3.293373601267822470e-02 1.176642687503393070e+00
3.312409335790250653e-02 1.201345484044554990e+00
3.331555097061136145e-02 1.232164597998552713e+00
3.350811521036261426e-02 1.270750431720506723e+00
3.370179247347232510e-02 1.318593671208591056e+00
3.389658919322740410e-02 1.377729676191080666e+00
3.409251184009919750e-02 1.433958024418891197e+00
3.428956692195841288e-02 1.454401718108128572e+00
3.448776098429136294e-02 1.435811143688598523e+00
3.468710061041735404e-02 1.397098355939327519e+00
3.488759242170727526e-02 1.354566709142537517e+00
3.508924307780367929e-02 1.318628481183823142e+00
3.529205927684192501e-02 1.294417119587113918e+00
3.549604775567258980e-02 1.278140384697716181e+00
3.570121529008542238e-02 1.263880580726176595e+00
3.590756869503420462e-02 1.250728553025258094e+00
3.611511482486330638e-02 1.239652837964652532e+00
3.632386057353523962e-02 1.231953690501558452e+00
3.653381287485973905e-02 1.226853005307258382e+00
3.674497870272393912e-02 1.221584413173603778e+00
3.695736507132423021e-02 1.215777290246653042e+00
3.717097903539903075e-02 1.210330552945634297e+00
3.738582769046329413e-02 1.206087831258524812e+00
3.760191817304411876e-02 1.203882516945292691e+00
3.781925766091774610e-02 1.202135875246883367e+00
3.803785337334809891e-02 1.199570175307719255e+00
3.825771257132654091e-02 1.197461100337775974e+00
3.847884255781295476e-02 1.196345133484747691e+00
3.870125067797849233e-02 1.196824282555589036e+00
3.892494431944945599e-02 1.198419398479458886e+00
3.914993091255265789e-02 1.199394077785957080e+00
3.937621793056233360e-02 1.200020657340134411e+00
3.960381288994833243e-02 1.201806204304979531e+00
3.983272335062570252e-02 1.205553395756432389e+00
4.006295691620595512e-02 1.211798714842186930e+00
4.029452123424955012e-02 1.219843914412000130e+00
4.052742399651988042e-02 1.228775744527430103e+00
4.076167293923887297e-02 1.238989400789641371e+00
4.099727584334383890e-02 1.250591360769931493e+00
4.123424053474603751e-02 1.263966581841456049e+00
4.147257488459059338e-02 1.276422410037733268e+00
4.171228680951784978e-02 1.286918641393004714e+00
4.195338427192649156e-02 1.297838735387866649e+00
4.219587528023795858e-02 1.310517756954749480e+00
4.243976788916238585e-02 1.326161769353164210e+00
4.268507019996626434e-02 1.340923246497165877e+00
4.293179036074151744e-02 1.351472716638086657e+00
4.317993656667604152e-02 1.360578596629677062e+00
4.342951706032609216e-02 1.370626393598135540e+00
4.368054013188996804e-02 1.384640480097448334e+00
4.393301411948334623e-02 1.394739468205953958e+00
4.418694740941636612e-02 1.388709151908397388e+00
4.444234843647213579e-02 1.369817573585390136e+00
4.469922568418681352e-02 1.345256064590758527e+00
4.495758768513159753e-02 1.323491639488304061e+00
4.521744302119593689e-02 1.309956702059832612e+00
4.547880032387276866e-02 1.302314888673591131e+00
4.574166827454511502e-02 1.297693352550132628e+00
4.600605560477452616e-02 1.295600658745004630e+00
4.627197109659098723e-02 1.296288667667238492e+00
4.653942358278480296e-02 1.300406482972632727e+00
4.680842194719982141e-02 1.308019629320447574e+00
4.707897512502866311e-02 1.319502825855828565e+00
4.735109210310945588e-02 1.335611653805871768e+00
4.762478192022426976e-02 1.352572302326300102e+00
4.790005366739954334e-02 1.363920354251956235e+00
4.817691648820784933e-02 1.370048957538403389e+00
4.845537957907175564e-02 1.374824067082003332e+00
4.873545218956924774e-02 1.379052455249899500e+00
4.901714362274099679e-02 1.377291480032277082e+00
4.930046323539925834e-02 1.369715191305295843e+00
4.958542043843887359e-02 1.358449045203714789e+00
4.987202469714965836e-02 1.344377624627548951e+00
5.016028553153097091e-02 1.327187639799709551e+00
5.045021251660784106e-02 1.308998403918149700e+00
5.074181528274907677e-02 1.292279377578744226e+00
5.103510351598705003e-02 1.278312386928274647e+00
5.133008695833959217e-02 1.268753977258667121e+00
5.162677540813340182e-02 1.263866247206963500e+00
5.192517872032970105e-02 1.263307239957648376e+00
5.222530680685147364e-02 1.267179337790816263e+00
5.252716963691266006e-02 1.271348344236257644e+00
5.283077723734942721e-02 1.272013829056870993e+00
5.313613969295318679e-02 1.270203710344803172e+00
5.344326714680543849e-02 1.265397886117174853e+00
5.375216980061491706e-02 1.254195217029252296e+00
5.406285791505632127e-02 1.237719860516471426e+00
5.437534181011107609e-02 1.220841117820118837e+00
5.468963186541032917e-02 1.205526776363607944e+00
5.500573852057948770e-02 1.192804754239085385e+00
5.532367227558519784e-02 1.181831421458574116e+00
5.564344369108398941e-02 1.172156295989659425e+00
5.596506338877313413e-02 1.163203989418210238e+00
5.628854205174332881e-02 1.154081728261804995e+00
5.661389042483377931e-02 1.145137612272763450e+00
5.694111931498885282e-02 1.137317653719158050e+00
5.727023959161724881e-02 1.130030083022042886e+00
5.760126218695296035e-02 1.122744559970529910e+00
5.793419809641841417e-02 1.116304714552595945e+00
5.826905837898961604e-02 1.111414936855290359e+00
5.860585415756369709e-02 1.106801591314239497e+00
5.894459661932811845e-02 1.101907718325730201e+00
5.928529701613251268e-02 1.097875904135615199e+00
5.962796666486229469e-02 1.094167617950598137e+00
5.997261694781454155e-02 1.089816371046588905e+00
6.031925931307623168e-02 1.085364789508086902e+00
6.066790527490428103e-02 1.082129509457105954e+00
6.101856641410823012e-02 1.080991018502456935e+00
6.137125437843479747e-02 1.082772470176098345e+00
6.172598088295483398e-02 1.088092253449800095e+00
6.208275771045231733e-02 1.095643970429558633e+00
6.244159671181598315e-02 1.101403997507666155e+00
6.280250980643269088e-02 1.104528704696145169e+00
6.316550898258359303e-02 1.106674637286922502e+00
6.353060629784218483e-02 1.108562566531862137e+00
6.389781387947492119e-02 1.111849037722890454e+00
6.426714392484385308e-02 1.118546886486661895e+00
6.463860870181208085e-02 1.127331286118756104e+00
6.501222054915094251e-02 1.136519071934422032e+00
6.538799187695008841e-02 1.147989982596191672e+00
6.576593516702965159e-02 1.158553786256325546e+00
6.614606297335466623e-02 1.161082628574655606e+00
6.652838792245242827e-02 1.156180565003738892e+00
6.691292271383147972e-02 1.148628848023980353e+00
6.729968012040381253e-02 1.142461339471097403e+00
6.768867298890894613e-02 1.140368645665969183e+00
6.807991424034069705e-02 1.143882405518806822e+00
6.847341687037629410e-02 1.151354264320091580e+00
6.886919394980822728e-02 1.158791313146144475e+00
6.926725862497820629e-02 1.165282349704125364e+00
6.966762411821400547e-02 1.169963267550038655e+00
7.007030372826857090e-02 1.174629851876738407e+00
7.047531083076181979e-02 1.181378891780557217e+00
7.088265887862478520e-02 1.187259729949175835e+00
7.129236140254673060e-02 1.190755060991596670e+00
7.170443201142430445e-02 1.193208140422657104e+00
7.211888439281383123e-02 1.191054017249472130e+00
7.253573231338585059e-02 1.184763649960476117e+00
7.295498961938230720e-02 1.177760702002023319e+00
7.337667023707672431e-02 1.170669705282689543e+00
7.380078817323644513e-02 1.165878214574274541e+00
7.422735751558823258e-02 1.167917669593753649e+00
7.465639243328600627e-02 1.183062056465308043e+00
7.508790717738160481e-02 1.217306881511262429e+00
7.552191608129793510e-02 1.265299599128284269e+00
7.595843356130543844e-02 1.297879688299904410e+00
7.639747411700059665e-02 1.297328871632996927e+00
7.683905233178781047e-02 1.275591065923367129e+00
7.728318287336367887e-02 1.227985353325101725e+00
7.772988049420428980e-02 1.162307120644584080e+00
7.817916003205507836e-02 1.109178907858030083e+00
7.863103641042397396e-02 1.067757084977462911e+00
7.908552463907676799e-02 1.030770462470582238e+00
7.954263981453599253e-02 9.947933292454317344e-01
8.000239712058217212e-02 9.607205064300361474e-01
8.046481182875830918e-02 9.328827644723856061e-01
8.092989929887701994e-02 9.108152878208519709e-01
8.139767497953076525e-02 8.927755300682295170e-01
8.186815440860513438e-02 8.788843023050298964e-01
8.234135321379483508e-02 8.687812189053205625e-01
8.281728711312283386e-02 8.628102843302186686e-01
8.329597191546232737e-02 8.624498987042867881e-01
8.377742352106211376e-02 8.682590692768393792e-01
8.426165792207447602e-02 8.815544321698902674e-01
8.474869120308657633e-02 9.042198213371747118e-01
8.523853954165466762e-02 9.287383297741668153e-01
8.573121920884146929e-02 9.294447675068178150e-01
8.622674656975649887e-02 8.999832425868710128e-01
8.672513808409994251e-02 8.675833462282167563e-01
8.722641030670905127e-02 8.408329040851681979e-01
8.773057988810836760e-02 8.202397322669929824e-01
8.823766357506258873e-02 8.058304501665158881e-01
8.874767821113291322e-02 7.955656027642574735e-01
8.926064073723644077e-02 7.886179412370556419e-01
8.977656819220893036e-02 7.845185547420785444e-01
9.029547771337091688e-02 7.827493889420482631e-01
9.081738653709675591e-02 7.831691562904351533e-01
9.134231199938727674e-02 7.855055199221879780e-01
9.187027153644546085e-02 7.891851390687784074e-01
9.240128268525588107e-02 7.942817289718745455e-01
9.293536308416693037e-02 8.003652840550801173e-01
9.347253047347692245e-02 8.083592924848459482e-01
9.401280269602330097e-02 8.165130172715591161e-01
9.455619769777530437e-02 8.232600095297759601e-01
9.510273352842993355e-02 8.269703433603948772e-01
9.565242834201181932e-02 8.247998390223948428e-01
9.620530039747586526e-02 8.187838562440515888e-01
9.676136805931405405e-02 8.089858720390233904e-01
9.732064979816532069e-02 7.977954888247121845e-01
9.788316419142908953e-02 7.881940785974651531e-01
9.844892992388228070e-02 7.825835296482954728e-01
9.901796578830000806e-02 7.841417879513313816e-01
9.959029068607995472e-02 7.951908836191122765e-01
1.001659236278700377e-01 8.120778168978723954e-01
1.007448837341998471e-01 8.273143478215116975e-01
1.013271902361159299e-01 8.368829957191286084e-01
1.019128624758204177e-01 8.368748051367210783e-01
1.025019199073136378e-01 8.305496278724928683e-01
1.030943820970401520e-01 8.184767094037685986e-01
1.036902687245389171e-01 8.107673237126649113e-01
1.042895995830967204e-01 8.150858082870440224e-01
1.048923945804057928e-01 8.266304341904815445e-01
1.054986737392250712e-01 8.320669332634909043e-01
1.061084571980452224e-01 8.245234068661401183e-01
1.067217652117575799e-01 8.057587825704497497e-01
1.073386181523270227e-01 7.865027233303066856e-01
1.079590365094685589e-01 7.590089858337731865e-01
1.085830408913279893e-01 7.355859677937904850e-01
1.092106520251663743e-01 7.223622724968058462e-01
1.098418907580486492e-01 7.182628860018285266e-01
1.104767780575359459e-01 7.221329361893945586e-01
1.111153350123821049e-01 7.298668936277207253e-01
1.117575828332342536e-01 7.397877365688622087e-01
1.124035428533372433e-01 7.510190726952110651e-01
1.130532365292423180e-01 7.564555717682204250e-01
1.137066854415197809e-01 7.532346252364525707e-01
1.143639112954759340e-01 7.412251837813866873e-01
1.150249359218739331e-01 7.271783349524435502e-01
1.156897812776589568e-01 7.157893301147493226e-01
1.163584694466876512e-01 7.090423378565324786e-01
1.170310226404614878e-01 7.075086513007192712e-01
1.177074631988646730e-01 7.119684234216285823e-01
1.183878135909062629e-01 7.243566793130435943e-01
1.190720964154663303e-01 7.460166744898015789e-01
1.197603344020467531e-01 7.707358521957785591e-01
1.204525504115261381e-01 7.892383778544275197e-01
1.211487674369193246e-01 7.976112007205423682e-01
1.218490086041408849e-01 7.967880471885838700e-01
1.225532971727734816e-01 7.940278209172405566e-01
1.232616565368404721e-01 8.038831391991214659e-01
1.239741102255828148e-01 8.372454289906624547e-01
1.246906819042407494e-01 8.730403217572449970e-01
1.254113953748399735e-01 8.748586310517204589e-01
1.261362745769819826e-01 8.559342903990829754e-01
1.268653435886395453e-01 8.401223710613134887e-01
1.275986266269562852e-01 8.349827806005777342e-01
1.283361480490512463e-01 8.358550776269815241e-01
1.290779323528278288e-01 8.324068424334041261e-01
1.298240041777875831e-01 8.268270081682626005e-01
1.305743883058487209e-01 8.265669571768231583e-01
1.313291096621690413e-01 8.306376766333739559e-01
1.320881933159741561e-01 8.332013289269362133e-01
1.328516644813900749e-01 8.277791633731400589e-01
1.336195485182806453e-01 8.014505362240800235e-01
1.343918709330900185e-01 7.585994567133959032e-01
1.351686573796898327e-01 7.140508789987475291e-01
1.359499336602315311e-01 6.771461623159423793e-01
1.367357257260030934e-01 6.502933378927994168e-01
1.375260596782912625e-01 6.318481463110033891e-01
1.383209617692485738e-01 6.198223236911224454e-01
1.391204584027652402e-01 6.128029945678546975e-01
1.399245761353461737e-01 6.096844303161811363e-01
1.407333416769932510e-01 6.101369599941981470e-01
1.415467818920924381e-01 6.131306178641565685e-01
1.423649238003061035e-01 6.172136231943188278e-01
1.431877945774705507e-01 6.215484889335129992e-01
1.440154215564987683e-01 6.246916249324092618e-01
1.448478322282882313e-01 6.264996959988752279e-01
1.456850542426340045e-01 6.286620097544676211e-01
1.465271154091474515e-01 6.316392864596109824e-01
1.473740436981796631e-01 6.337585996575638703e-01
1.482258672417506584e-01 6.334821675013091458e-01
1.490826143344838317e-01 6.339940789017807221e-01
1.499443134345459228e-01 6.389616671319580110e-01
1.508109931645919832e-01 6.467631968751466065e-01
1.516826823127164214e-01 6.561045561109539737e-01
1.525594098334091819e-01 6.703213595248537215e-01
1.534412048485173929e-01 6.918011618886460434e-01
1.543280966482127869e-01 7.190614677865644344e-01
1.552201146919646169e-01 7.450747575129337275e-01
1.561172886095181789e-01 7.600860474203655626e-01
1.570196482018790252e-01 7.674903339167881144e-01
1.579272234423027277e-01 7.758262991620691329e-01
1.588400444772908315e-01 7.910628300857086570e-01
1.597581416275917487e-01 8.146947079770837652e-01
1.606815453892082024e-01 8.419345374189831643e-01
1.616102864344102497e-01 8.536020220585339713e-01
1.625443956127538836e-01 8.436545597245681538e-01
1.634839039521058524e-01 8.201721599621307757e-01
1.644288426596743347e-01 7.974719608196140230e-01
1.653792431230455828e-01 7.848687021400011510e-01
1.663351369112262834e-01 7.891953772967879033e-01
1.672965557756923849e-01 7.987906445872291483e-01
1.682635316514438095e-01 7.877169771722255520e-01
1.692360966580649384e-01 7.657477875095826114e-01
1.702142831007917856e-01 7.441062211432413198e-01
1.711981234715850009e-01 7.268118063897056613e-01
1.721876504502090899e-01 7.155579461617360693e-01
1.731828969053178791e-01 7.136536357519814855e-01
1.741838958955464201e-01 7.279216303059283799e-01
1.751906806706090836e-01 7.648140611151221790e-01
1.762032846724038426e-01 8.011126746997688786e-01
1.772217415361232173e-01 8.165723989940137928e-01
1.782460850913716033e-01 8.059614994850365921e-01
1.792763493632887617e-01 7.739424652083333189e-01
1.803125685736800821e-01 7.432421146992451710e-01
1.813547771421535060e-01 7.270861909003586421e-01
1.824030096872625850e-01 7.302600415832831704e-01
1.834573010276564775e-01 7.490881428926319252e-01
1.845176861832364401e-01 7.749232874516370773e-01
1.855842003763193415e-01 8.060454529547139702e-01
1.866568790328071992e-01 8.390575953483323524e-01
1.877357577833641822e-01 8.740231916461507211e-01
1.888208724646001924e-01 9.144334775993858688e-01
1.899122591202609955e-01 9.531216936014342833e-01
1.910099540024255971e-01 9.833224185836622055e-01
1.921139935727104175e-01 1.009724760974390234e+00
1.932244145034804905e-01 1.027924235083959470e+00
1.943412536790674328e-01 1.026820554104542538e+00
1.954645481969946030e-01 1.014645253355723975e+00
1.965943353692096995e-01 1.003602300624748755e+00
1.977306527233236300e-01 9.952990977090978575e-01
1.988735380038573475e-01 9.938944128262036104e-01
2.000230291734956534e-01 1.005551659237744921e+00
2.011791644143479663e-01 1.011160160541312747e+00
2.023419821292166965e-01 9.907922297393449984e-01
2.035115209428728922e-01 9.672729723560737902e-01
2.046878197033392410e-01 9.537871784220476323e-01
2.058709174831803157e-01 9.459201240195986848e-01
2.070608535808005912e-01 9.409648216630326356e-01
2.082576675217497619e-01 9.383499782294232316e-01
2.094613990600355524e-01 9.339454925397648877e-01
2.106720881794442723e-01 9.253801909870724707e-01
2.118897750948690872e-01 9.151501535600462534e-01
2.131145002536455058e-01 9.062060375710049298e-01
2.143463043368951104e-01 9.017401225132898324e-01
2.155852282608767823e-01 9.095006993444406662e-01
2.168313131783459469e-01 9.263323461919499291e-01
2.180846004799212312e-01 9.100924689233859111e-01
2.193451317954595303e-01 8.800965085013467970e-01
2.206129489954388734e-01 8.519209050193849997e-01
2.218880941923488948e-01 8.248858401376739646e-01
2.231706097420899648e-01 7.981620173874499624e-01
2.244605382453801201e-01 7.739097028787030874e-01
2.257579225491697927e-01 7.573196782122166848e-01
2.270628057480653939e-01 7.516067469829526004e-01
2.283752311857605299e-01 7.574036316818939518e-01
2.296952424564759343e-01 7.702239407953069827e-01
2.310228834064072811e-01 7.772719369570011416e-01
2.323581981351817149e-01 7.543157821142487673e-01
2.337012309973229007e-01 7.131335337691021570e-01
2.350520266037238737e-01 6.790095198136593124e-01
2.364106298231291869e-01 6.563687023935974585e-01
2.377770857836252472e-01 6.411915531924127221e-01
2.391514398741393099e-01 6.291841593829488044e-01
2.405337377459470793e-01 6.281398601259865488e-01
2.419240253141889951e-01 6.419450867739070477e-01
2.433223487593957901e-01 6.620529665844350209e-01
2.447287545290218747e-01 6.702722160304085408e-01
2.461432893389885190e-01 6.649892903775406205e-01
2.475660001752356676e-01 6.472894417948314993e-01
2.489969342952823017e-01 6.268293669407790647e-01
2.504361392297964617e-01 6.146683997111734854e-01
2.518836627841739007e-01 6.117812194125132885e-01
2.533395530401260642e-01 6.201601852154338124e-01
2.548038583572773130e-01 6.397500106886845339e-01
2.562766273747711931e-01 6.659004926703803173e-01
2.577579090128856998e-01 6.862172323323008083e-01
2.592477524746588102e-01 6.891166985045723559e-01
2.607462072475227322e-01 6.769536836293650328e-01
2.622533231049470337e-01 6.592825020850822115e-01
2.637691501080930423e-01 6.433702481128202866e-01
2.652937386074759596e-01 6.307710847244110131e-01
2.668271392446371348e-01 6.196011779661186880e-01
2.683694029538270520e-01 6.106591096226793303e-01
2.699205809636965880e-01 6.082121731284245714e-01
2.714807247989985406e-01 6.127477081366037304e-01
2.730498862822996475e-01 6.197117508286206222e-01
2.746281175357012105e-01 6.241633323671224032e-01
2.762154709825712651e-01 6.282872906093223131e-01
2.778119993492854656e-01 6.364942541816844823e-01
2.794177556669779627e-01 6.509670132958201849e-01
2.810327932733039380e-01 6.633573168328368297e-01
2.826571658142107979e-01 6.625239250728690577e-01
2.842909272457196934e-01 6.562417483662804640e-01
2.859341318357184192e-01 6.522897923546390198e-01
2.875868341657639160e-01 6.550008751315370414e-01
2.892490891328946545e-01 6.628454054323652533e-01
2.909209519514548425e-01 6.677966124977274820e-01
2.926024781549284581e-01 6.634658420497370201e-01
2.942937235977828858e-01 6.541490545611521323e-01
2.959947444573255426e-01 6.470764866522352721e-01
2.977055972355692748e-01 6.409683598218071099e-01
2.994263387611086902e-01 6.338200290256204017e-01
3.011570261910088142e-01 6.205082849677545642e-01
3.028977170127025720e-01 6.007341713903341374e-01
3.046484690459013711e-01 5.882271520540097720e-01
3.064093404445150659e-01 5.873118544699664767e-01
3.081803896985833569e-01 5.908112808035909103e-01
3.099616756362194026e-01 5.920603446207418630e-01
3.117532574255635347e-01 5.942410871867512823e-01
3.135551945767480198e-01 5.962150175469700386e-01
3.153675469438748658e-01 5.815825420758872211e-01
3.171903747270033436e-01 5.501307056309066024e-01
3.190237384741493876e-01 5.122758813888260709e-01
3.208676990832974307e-01 4.764257021909926171e-01
3.227223178044230090e-01 4.511884701477383297e-01
3.245876562415266342e-01 4.415420117172498271e-01
3.264637763546810456e-01 4.475457086219817859e-01
3.283507404620888970e-01 4.679668782095984247e-01
3.302486112421523790e-01 4.980795544309451484e-01
3.321574517355558864e-01 5.274325541339918155e-01
3.340773253473591775e-01 5.537284189534216194e-01
3.360082958491044103e-01 5.843366254104249702e-01
3.379504273809338932e-01 6.169371910380641033e-01
3.399037844537201591e-01 6.476313986103465759e-01
3.418684319512097503e-01 6.572921905600482839e-01
3.438444351321779946e-01 6.519580737671333281e-01
3.458318596325960503e-01 6.546855377088465211e-01
3.478307714678123830e-01 6.609697620610369695e-01
3.498412370347446232e-01 6.642459950240557909e-01
3.518633231140849693e-01 6.620181566092030456e-01
3.538970968725191901e-01 6.535388561717898614e-01
3.559426258649572294e-01 6.404830678141599787e-01
3.579999780367765227e-01 6.278961902993620559e-01
3.600692217260801353e-01 6.269215109928639729e-01
3.621504256659661136e-01 6.222590219573677084e-01
3.642436589868098817e-01 5.996222998285095640e-01
3.663489912185618480e-01 5.773848685920194290e-01
3.684664922930561692e-01 5.661842471496988383e-01
3.705962325463332818e-01 5.590441069359196602e-01
3.727382827209774208e-01 5.478455331392009242e-01
3.748927139684648524e-01 5.342000228482276514e-01
3.770595978515288715e-01 5.187341556171769508e-01
3.792390063465359562e-01 5.107196707313921280e-01
3.814310118458763554e-01 5.164407925430637425e-01
3.836356871603694985e-01 5.320274708646257622e-01
3.858531055216822825e-01 5.549365298585348105e-01
3.880833405847607942e-01 5.820227858802928811e-01
3.903264664302779630e-01 6.083125077629170097e-01
3.925825575670940371e-01 6.388551895606600084e-01
3.948516889347303827e-01 6.715949950892273757e-01
3.971339359058604912e-01 6.943074801053553680e-01
3.994293742888124776e-01 7.020701045821080566e-01
4.017380803300868997e-01 7.028953057596684095e-01
4.040601307168905088e-01 7.022052491918325812e-01
4.063956025796829352e-01 7.037082210636175228e-01
4.087445734947380283e-01 7.067530700736230909e-01
4.111071214867221824e-01 7.010851870476004777e-01
4.134833250312844322e-01 6.939696185810440010e-01
4.158732630576643108e-01 6.885822630024799329e-01
4.182770149513134750e-01 6.884143560631251768e-01
4.206946605565314856e-01 6.917397325205894010e-01
4.231262801791195738e-01 6.986832987565873010e-01
4.255719545890473410e-01 7.053094799242928259e-01
4.280317650231349469e-01 7.027437799851288247e-01
4.305057931877529498e-01 6.925116949125005306e-01
4.329941212615355806e-01 6.874130573638026487e-01
4.354968318981098929e-01 6.950343942940251374e-01
4.380140082288422887e-01 7.038576991925552528e-01
4.405457338655994204e-01 7.047443297381721372e-01
4.430920929035247480e-01 7.037553169124608488e-01
4.456531699238333033e-01 7.001535082987420111e-01
4.482290499966203323e-01 6.942706224845213159e-01
4.508198186836865351e-01 6.892559384055005900e-01
4.534255620413813470e-01 6.935355177134440163e-01
4.560463666234608748e-01 7.105698814755398995e-01
4.586823194839622087e-01 7.337983731833433998e-01
4.613335081800964965e-01 7.484247057176205420e-01
4.640000207751556194e-01 7.327622645087887854e-01
4.666819458414390720e-01 6.984252954107496025e-01
4.693793724631949438e-01 6.729239170848518858e-01
4.720923902395786631e-01 6.581911069792766300e-01
4.748210892876304490e-01 6.511410631719805053e-01
4.775655602452679171e-01 6.604844700533898383e-01
4.803258942742961168e-01 6.870301476362498105e-01
4.831021830634371073e-01 7.148617466570946766e-01
4.858945188313745223e-01 7.482834181710903421e-01
4.887029943298164536e-01 7.832019186200652738e-01
4.915277028465775411e-01 7.983831631124537198e-01
4.943687382086768833e-01 7.947649733339198219e-01
4.972261947854541564e-01 7.874507832439803234e-01
5.001001674917054940e-01 7.857389515208029751e-01
5.029907517908354109e-01 7.902581053641670739e-01
5.058980436980275996e-01 7.930121886987048230e-01
5.088221397834349347e-01 7.849014644696312715e-01
5.117631371753864622e-01 7.731848363356352838e-01
5.147211335636141527e-01 7.580691165025071898e-01
5.176962272024980827e-01 7.543567350262865290e-01
5.206885169143288250e-01 7.776876090141842113e-01
5.236981020925914887e-01 8.217857046964175405e-01
5.267250827052667450e-01 8.638074877383375982e-01
5.297695592981502832e-01 8.700671403433054563e-01
5.328316329981945820e-01 8.376324340094191134e-01
5.359114055168668900e-01 8.050543924834007159e-01
5.390089791535270791e-01 7.765184033755069271e-01
5.421244567988269258e-01 7.556528946922808077e-01
5.452579419381275994e-01 7.355941583761981262e-01
5.484095386549359130e-01 7.115937042764833853e-01
5.515793516343632241e-01 6.944016718030421309e-01
5.547674861666017643e-01 6.895528470177743063e-01
5.579740481504216199e-01 6.942849560037346324e-01
5.611991440966896949e-01 7.098613960972871562e-01
5.644428811319066597e-01 7.364152642625546585e-01
5.677053670017649933e-01 7.633643280289862387e-01
5.709867100747291202e-01 7.680841511413352141e-01
5.742870193456336425e-01 7.413152801878696296e-01
5.776064044393048880e-01 7.053586234187381176e-01
5.809449756142023302e-01 6.729771558705009982e-01
5.843028437660793273e-01 6.492019427869937243e-01
5.876801204316687288e-01 6.382265623608807115e-01
5.910769177923870243e-01 6.355769089520392212e-01
5.944933486780595855e-01 6.319382427174864425e-01
5.979295265706701112e-01 6.090537554707999846e-01
6.013855656081297241e-01 5.711805024183025381e-01
6.048615805880666052e-01 5.395525684515596332e-01
6.083576869716416091e-01 5.185068669553674070e-01
6.118740008873820857e-01 5.141453818233486794e-01
6.154106391350390171e-01 5.283314705532201616e-01
6.189677191894675801e-01 5.572401311606574037e-01
6.225453592045292472e-01 5.679288412025063071e-01
6.261436780170150929e-01 5.448313988132237329e-01
6.297627951505950783e-01 5.181567195574448004e-01
6.334028308197864332e-01 4.967854424105526689e-01
6.370639059339481269e-01 4.744886294516077463e-01
6.407461421012968783e-01 4.618382749231513817e-01
6.444496616329448146e-01 4.663615240577192456e-01
6.481745875469649976e-01 4.714888286448436494e-01
6.519210435724759334e-01 4.698834744929644702e-01
6.556891541537508417e-01 4.688391752360022147e-01
6.594790444543533470e-01 4.694882788918002814e-01
6.632908403612935988e-01 4.719045007020266636e-01
6.671246684892090384e-01 4.815120538660793703e-01
6.709806561845721440e-01 5.020130816321696221e-01
6.748589315299192704e-01 5.402712920578218725e-01
6.787596233481042463e-01 5.819490706386249990e-01
6.826828612065795054e-01 6.099076236867867484e-01
6.866287754216984229e-01 6.214481542990205609e-01
6.905974970630435195e-01 6.165153760440753583e-01
6.945891579577818664e-01 6.098830519395641581e-01
6.986038906950429173e-01 6.065801995837207805e-01
7.026418286303216520e-01 5.834192801807797091e-01
7.067031058899108098e-01 5.479376771912858324e-01
7.107878573753529938e-01 5.223318689396919678e-01
7.148962187679240854e-01 5.218281481216278106e-01
7.190283265331394169e-01 5.503907566223462666e-01
7.231843179252852583e-01 5.704126353175950070e-01
7.273643309919801681e-01 5.627339643105195854e-01
7.315685045787596597e-01 5.473540981947481177e-01
7.357969783336865133e-01 5.131952742640731868e-01
7.400498927119919523e-01 4.905687903632244828e-01
7.443273889807401344e-01 4.914083250599980413e-01
7.486296092235191768e-01 4.992241883223998977e-01
7.529566963451627126e-01 5.080024450176884310e-01
7.573087940764960946e-01 5.105660973112505774e-01
7.616860469791092436e-01 5.085880716598280005e-01
7.660886004501606950e-01 5.080188261825034912e-01
7.705166007272060691e-01 5.049842154005073080e-01
7.749701948930545203e-01 5.013045962539167677e-01
7.794495308806568268e-01 5.105271920448147815e-01
7.839547574780165728e-01 5.253378126832617401e-01
7.884860243331343055e-01 5.257084365372032275e-01
7.930434819589780027e-01 5.016363148414224593e-01
7.976272817384808533e-01 4.617911790743079448e-01
8.022375759295721220e-01 4.355710771421479888e-01
8.068745176702336597e-01 4.414375817915535682e-01
8.115382609835852801e-01 4.567089226904250121e-01
8.162289607830032212e-01 4.744087712731342443e-01
8.209467728772645856e-01 4.782092015102359928e-01
8.256918539757219788e-01 4.467573650652553741e-01
8.304643616935105666e-01 4.004089068665485640e-01
8.352644545567829981e-01 3.732448403119187907e-01
8.400922920079733069e-01 3.635123807661509998e-01
8.449480344110958940e-01 3.644440595150095219e-01
8.498318430570707127e-01 3.651279731460396749e-01
8.547438801690798726e-01 3.674418126761717085e-01
8.596843089079587719e-01 3.694198383275942854e-01
8.646532933776126528e-01 3.688915457623074823e-01
8.696509986304700179e-01 3.682690614993339162e-01
8.746775906729644667e-01 3.700238937801508809e-01
8.797332364710471753e-01 3.783741925446451049e-01
8.848181039557355687e-01 3.787038634865488307e-01
8.899323620286901937e-01 3.804279810833375297e-01
8.950761805678236760e-01 3.830858250745865501e-01
9.002497304329459826e-01 3.804075046273186489e-01
9.054531834714387717e-01 3.703126118100169561e-01
9.106867125239620497e-01 3.596279970593717623e-01
9.159504914301977996e-01 3.490314310696078226e-01
9.212446950346235841e-01 3.390204917219834524e-01
9.265694991923183466e-01 3.292634604289930711e-01
9.319250807748065135e-01 3.287802160669477392e-01
9.373116176759319629e-01 3.336515649538363548e-01
9.427292888177655206e-01 3.378226190448797017e-01
9.481782741565508710e-01 3.276151057194741645e-01
9.536587546886805544e-01 3.050316223762650769e-01
9.591709124567069367e-01 2.953462586793407230e-01
9.647149305553922582e-01 2.976826223110935477e-01
9.702909931377862174e-01 2.998039831546482348e-01
9.758992854213467405e-01 3.029819291287764726e-01
9.815399936940907288e-01 3.110250810529876508e-01
9.872133053207802211e-01 3.199139106107780628e-01
9.929194087491489684e-01 3.288252642701893214e-01
9.986584935161608723e-01 3.229014255439308645e-01
1.004430750254303728e+00 3.071386497006065586e-01
1.010236370697924935e+00 2.870102934340597045e-01
1.016075547689597958e+00 2.749517084845485848e-01
1.021948475186527761e+00 2.739729338868466813e-01
1.027855348266994762e+00 2.696831163508939810e-01
1.033796363136834096e+00 2.641319491241789219e-01
1.039771717135951290e+00 2.540411515980809942e-01
1.045781608744880131e+00 2.418556126212528801e-01
1.051826237591374280e+00 2.272026606941512095e-01
1.057905804457035748e+00 2.147386419154664883e-01
1.064020511283988890e+00 2.140567759300381900e-01
1.070170561181583713e+00 2.212255831822437790e-01
1.076356158433145582e+00 2.290045888238115557e-01
1.082577508502760022e+00 2.270900401860474205e-01
1.088834818042095476e+00 2.222309771727701555e-01
1.095128294897270704e+00 2.201321404308362317e-01
1.101458148115757263e+00 2.243031945218795509e-01
1.107824587953321727e+00 2.334664085903228048e-01
1.114227825881013212e+00 2.258184522672757599e-01
1.120668074592185315e+00 2.074060230151099915e-01
1.127145548009560017e+00 1.962346829048964014e-01
1.133660461292336441e+00 2.014115405155865179e-01
1.140213030843336250e+00 2.051945657650723343e-01
1.146803474316190341e+00 1.981768747582860202e-01
1.153432010622570836e+00 1.882629938121910540e-01
1.160098859939462601e+00 1.809070317519730631e-01
1.166804243716473621e+00 1.829262150799935982e-01
1.173548384683194445e+00 1.836867106565343299e-01
1.180331506856595603e+00 1.824532089459577344e-01
1.187153835548465874e+00 1.830586977504356505e-01
1.194015597372901416e+00 1.880559768418403055e-01
1.200917020253827294e+00 1.912359704615704259e-01
1.207858333432573428e+00 1.896791455104559487e-01
1.214839767475487387e+00 1.869899725414980451e-01
1.221861554281590267e+00 1.889618552561150022e-01
1.228923927090283863e+00 1.863054446167873301e-01
1.236027120489096909e+00 1.878540789854942494e-01
1.243171370421473965e+00 1.896392164212191422e-01
1.250356914194617142e+00 1.869869010730952352e-01
1.257583990487367132e+00 1.810423811262577842e-01
1.264852839358128644e+00 1.794951801094721577e-01
1.272163702252848472e+00 1.768782890302608712e-01
1.279516822013033517e+00 1.804510210764328493e-01
1.286912442883815677e+00 1.847592674228026033e-01
1.294350810522067352e+00 1.814621484746445634e-01
1.301832172004561583e+00 1.732316369778607035e-01
1.309356775836174380e+00 1.675062151104251273e-01
1.316924871958146337e+00 1.680881559904813805e-01
1.324536711756377994e+00 1.751875480567829657e-01
1.332192548069784932e+00 1.776871090430061362e-01
1.339892635198694837e+00 1.689391575026255032e-01
1.347637228913291185e+00 1.661920361631342435e-01
1.355426586462114891e+00 1.699975855142407677e-01
1.363260966580605249e+00 1.707423142196469734e-01
1.371140629499693731e+00 1.764642550895593465e-01
1.379065836954451285e+00 1.845315692318728051e-01
1.387036852192779834e+00 1.864762182599846441e-01
1.395053939984155722e+00 1.775271879214987691e-01
1.403117366628427343e+00 1.649775775566552083e-01
1.411227399964658957e+00 1.655189750537940374e-01
1.419384309380025577e+00 1.757559744758667442e-01
1.427588365818764915e+00 1.851847681788746924e-01
1.435839841791175742e+00 1.799274380960304287e-01
1.444139011382666204e+00 1.684417843859272179e-01
1.452486150262864761e+00 1.666052510455949820e-01
1.460881535694769973e+00 1.694269066849949101e-01
1.469325446543965796e+00 1.649605820981595306e-01
1.477818163287882181e+00 1.600728520464558269e-01
1.486359968025109168e+00 1.574563704963649335e-01
1.494951144484772509e+00 1.611406992278397732e-01
1.503591978035954568e+00 1.676616314116083639e-01
1.512282755697172298e+00 1.707122138292992419e-01
1.521023766145914724e+00 1.676911175082755334e-01
1.529815299728230382e+00 1.657419636598395085e-01
1.538657648468367833e+00 1.644128368996548295e-01
1.547551106078482119e+00 1.682032336733074174e-01
1.556495967968387184e+00 1.724748271634033991e-01
1.565492531255366693e+00 1.674881958291285500e-01
1.574541094774047689e+00 1.540079305382274222e-01
1.583641959086324214e+00 1.438464892388643668e-01
1.592795426491339539e+00 1.375520266586644780e-01
1.602001801035530804e+00 1.395963960275882210e-01
1.611261388522727822e+00 1.474736886580466089e-01
1.620574496524306296e+00 1.534218943669674595e-01
1.629941434389411858e+00 1.735711366186535598e-01
1.639362513255227638e+00 2.013773448340350214e-01
1.648838046057315765e+00 2.147877854099117800e-01
1.658368347540009280e+00 2.076148828665024815e-01
1.667953734266863997e+00 2.004925571694597397e-01
1.677594524631179640e+00 2.010411214262051993e-01
1.687291038866571835e+00 2.005146717419601377e-01
1.697043599057607821e+00 1.904926751080855685e-01
1.706852529150509445e+00 1.743086985644531350e-01
1.716718154963911225e+00 1.593645714327631968e-01
1.726640804199680579e+00 1.604000658136373325e-01
1.736620806453807120e+00 1.641996769924984056e-01
1.746658493227349673e+00 1.635327588199638749e-01
1.756754197937443251e+00 1.615057944386561750e-01
1.766908255928380411e+00 1.634684627480646468e-01
1.777121004482747679e+00 1.683066397762026656e-01
1.787392782832625482e+00 1.748230671396471259e-01
1.797723932170862682e+00 1.836347004582464248e-01
1.808114795662403074e+00 1.722901295301131619e-01
1.818565718455690483e+00 1.464797614828907690e-01
1.829077047694130043e+00 1.383538846763633368e-01
1.839649132527616748e+00 1.322099240479021054e-01
1.850282324124138622e+00 1.253593209222297611e-01
1.860976975681438272e+00 1.310863809061468543e-01
1.871733442438742401e+00 1.334217207150986961e-01
1.882552081688566581e+00 1.293055435261859232e-01
1.893433252788581767e+00 1.320414028148668428e-01
1.904377317173546302e+00 1.322197527467911804e-01
1.915384638367318981e+00 1.276897463817370793e-01
1.926455581994929611e+00 1.300664486318470481e-01
1.937590515794722412e+00 1.372921804317850658e-01
1.948789809630575354e+00 1.363998164784827882e-01
1.960053835504184105e+00 1.296278429439229052e-01
1.971382967567415045e+00 1.227704825877643235e-01
1.982777582134739092e+00 1.157532011100984026e-01
1.994238057695728816e+00 1.152980094927989890e-01
2.005764774927627947e+00 1.147553834082989804e-01
2.017358116708002580e+00 1.150246488049470883e-01
2.029018468127450348e+00 1.092687170180434153e-01
2.040746216502401289e+00 1.008152169152140981e-01
2.052541751387976898e+00 9.540431341222835315e-02
2.064405464590929995e+00 9.044860152654200791e-02
2.076337750182662312e+00 8.770598500737487868e-02
2.088339004512313135e+00 9.088638815622539224e-02
2.100409626219920778e+00 9.573541770605342727e-02
2.112550016249669760e+00 9.594775855496909256e-02
2.124760577863207711e+00 9.724228010448190962e-02
2.137041716653034662e+00 1.002684955395103383e-01
2.149393840555982482e+00 9.989889550836979215e-02
2.161817359866763155e+00 9.766941897703547426e-02
2.174312687251592546e+00 9.414255419234571209e-02
2.186880237761905654e+00 9.180905726443557013e-02
2.199520428848138476e+00 8.719079737394015706e-02
2.212233680373592026e+00 8.308322029655532126e-02
2.225020414628386511e+00 8.031050338704046054e-02
2.237881056343477670e+00 8.325297011695173555e-02
2.250816032704775704e+00 8.432122682745606113e-02
2.263825773367328598e+00 8.120245781122233109e-02
2.276910710469592924e+00 7.924511338037877606e-02
2.290071278647793029e+00 7.410019904107809086e-02
2.303307915050354371e+00 7.840189292152180411e-02
2.316621059352423018e+00 8.501763109665774754e-02
2.330011153770474852e+00 7.725132085782163149e-02
2.343478643077001600e+00 7.214531178495681152e-02
2.357023974615280792e+00 6.776621690076178872e-02
2.370647598314243876e+00 6.656220128685236270e-02
2.384349966703414481e+00 7.228086592380171538e-02
2.398131534927939956e+00 7.918798406808613688e-02
2.411992760763713051e+00 7.974576273004008176e-02
2.425934104632577970e+00 7.779906605632634642e-02
2.439956029617617261e+00 7.132379636947984436e-02
2.454059001478542612e+00 6.427170491658183715e-02
2.468243488667162033e+00 6.034882547248717616e-02
2.482509962342935861e+00 5.727100936829119388e-02
2.496858896388636673e+00 5.352484173963936720e-02
2.511290767426078485e+00 5.108404818219033916e-02
2.525806054831960523e+00 5.379349284260690617e-02
2.540405240753779381e+00 5.486400196327330392e-02
2.555088810125852206e+00 5.484024927429141660e-02
2.569857250685421590e+00 5.581103805414593111e-02
2.584711052988855506e+00 4.990972342950828616e-02
2.599650710427946265e+00 4.681286422121474361e-02
2.614676719246288084e+00 4.828942146473529790e-02
2.629789578555775442e+00 4.730429916566757098e-02
2.644989790353173831e+00 4.590248098661589560e-02
2.660277859536794409e+00 4.628088589384457552e-02
2.675654293923265481e+00 4.708786302554814063e-02
2.691119604264405218e+00 4.389824547148913486e-02
2.706674304264172548e+00 4.129794032165313294e-02
2.722318910595750374e+00 4.132537877271841992e-02
2.738053942918694972e+00 4.112900955949747722e-02
2.753879923896200843e+00 4.158563452871822524e-02
2.769797379212459720e+00 4.294670456029235639e-02
2.785806837590128815e+00 4.158809170344048706e-02
2.801908830807877226e+00 4.107126595352427606e-02
2.818103893718070019e+00 4.056836419370088431e-02
2.834392564264522019e+00 4.062385538951201330e-02
2.850775383500368410e+00 4.137411273804332545e-02
2.867252895606037466e+00 4.088718261391465630e-02
2.883825647907329426e+00 3.986643128137409842e-02
2.900494190893583735e+00 4.103256545164861435e-02
2.917259078235983960e+00 4.143165157945634391e-02
2.934120866805935979e+00 3.928879045708184858e-02
2.951080116693567401e+00 3.847300844929015667e-02
2.968137391226336685e+00 3.887025169605619335e-02
2.985293256987731514e+00 4.203161174080916052e-02
3.002548283836107057e+00 4.289776583040726121e-02
3.019903044923603730e+00 4.156065325237520702e-02
3.037358116715186629e+00 4.074773794842616315e-02
3.054914079007794214e+00 4.272330642512651294e-02
3.072571514949601568e+00 4.500929797507289415e-02
3.090331011059376021e+00 4.460447843957987546e-02
3.108193157245980220e+00 4.456352552754214158e-02
3.126158546827951579e+00 4.584903743640665608e-02
3.144227776553216724e+00 4.835842712151888073e-02
3.162401446618910317e+00 4.910356535604546574e-02
3.180680160691316427e+00 5.111353427885751560e-02
3.199064525925907621e+00 5.244839444672749068e-02
3.217555152987530587e+00 5.126936010916109676e-02
3.236152656070678812e+00 5.036982939625224420e-02
3.254857652919894928e+00 5.002050105657035450e-02
3.273670764850296955e+00 5.119032098892827010e-02
3.292592616768199143e+00 5.273096953978786972e-02
3.311623837191892683e+00 5.490045005498689346e-02
3.330765058272506351e+00 5.740574444889533917e-02
3.350016915815009710e+00 6.250479152671374605e-02
3.369380049299332214e+00 6.279514767306129674e-02
3.388855101901607103e+00 6.362526320006618719e-02
3.408442720515521884e+00 6.389268571567259525e-02
3.428143555773827789e+00 6.598742716640275396e-02
3.447958262069935831e+00 6.693446325727538115e-02
3.467887497579658529e+00 6.284633881310845716e-02
3.487931924283071528e+00 6.190544565904149837e-02
3.508092207986506228e+00 6.383514687425957679e-02
3.528369018344649444e+00 6.656752516541726561e-02
3.548763028882812254e+00 6.840282991838837756e-02
3.569274917019284565e+00 7.497372465484299087e-02
3.589905364087840223e+00 8.098274543813988036e-02
3.610655055360374899e+00 7.971504804601178829e-02
3.631524680069651456e+00 7.639458593799222652e-02
3.652514931432215839e+00 7.105268809179003664e-02
3.673626506671410219e+00 7.139607825922644757e-02
3.694860107040534913e+00 7.527800479128336775e-02
3.716216437846141751e+00 7.197433337719927327e-02
3.737696208471465109e+00 6.772915451536763720e-02
3.759300132399972405e+00 6.339510783441411335e-02
3.781028927239082016e+00 6.590531657776708963e-02
3.802883314743989107e+00 6.767509667147782182e-02
3.824864020841640233e+00 6.577447202380654057e-02
3.846971775654848713e+00 6.672519387676255354e-02
3.869207313526548564e+00 7.069721681530249935e-02
3.891571373044171445e+00 7.282635871214435119e-02
3.914064697064205678e+00 6.683801914942651134e-02
3.936688032736852527e+00 6.613813388270162186e-02
3.959442131530850340e+00 6.685603843072311647e-02
3.982327749258438132e+00 6.359884857180184148e-02
4.005345646100446189e+00 6.273883741900941613e-02
4.028496586631570509e+00 6.316843346628525646e-02
4.051781339845751617e+00 6.466096234550051947e-02
4.075200679181723906e+00 6.142527276539905268e-02
4.098755382548707082e+00 6.512905413009183186e-02
4.122446232352245943e+00 7.018284824010853629e-02
4.146274015520188705e+00 7.457136229407224093e-02
4.170239523528843861e+00 8.126265859191779406e-02
4.194343552429258715e+00 8.160522970111346031e-02
4.218586902873665778e+00 8.093360194369460248e-02
4.242970380142073950e+00 7.887735623027991583e-02
4.267494794169023997e+00 7.390710606082018241e-02
4.292160959570472833e+00 6.975366172195307524e-02
4.316969695670882068e+00 7.138235903369380408e-02
4.341921826530410478e+00 7.552310796982920904e-02
4.367018180972294772e+00 7.399884058378469742e-02
4.392259592610382235e+00 8.329904214299418963e-02
4.417646899876805477e+00 9.098631326159746513e-02
4.443180946049855251e+00 9.227059658310082790e-02
4.468862579281975833e+00 9.975781272639978881e-02
4.494692652627942486e+00 9.028622323031237906e-02
4.520672024073195239e+00 8.434764145572039296e-02
4.546801556562344082e+00 8.111502334402176384e-02
4.573082118027814502e+00 8.081074320758140084e-02
4.599514581418703507e+00 8.766298444973524839e-02
4.626099824729760002e+00 8.824001098034693624e-02
4.652838731030551678e+00 8.380808683962323591e-02
4.679732188494796219e+00 7.942858242630783383e-02
4.706781090429870140e+00 8.197401067401326180e-02
4.733986335306464177e+00 8.228648139286118268e-02
4.761348826788450062e+00 7.828394853485312610e-02
4.788869473762884077e+00 8.204813544480156484e-02
4.816549190370198019e+00 8.732328004438223712e-02
4.844388896034566017e+00 8.600684868692924645e-02
4.872389515494448098e+00 8.623679928802110983e-02
4.900551978833287414e+00 8.847528546000373029e-02
4.928877221510434836e+00 9.199866924717027550e-02
4.957366184392200559e+00 8.971185863898313573e-02
4.986019813783113541e+00 8.067191283577347660e-02
5.014839061457356806e+00 8.073641367223290122e-02
5.043824884690362609e+00 8.676816332171072288e-02
5.072978246290641202e+00 9.584353339383305803e-02
5.102300114631742822e+00 1.009691998644760003e-01
5.131791463684423960e+00 9.667262509803700721e-02
5.161453273049005475e+00 9.622009542002002425e-02
5.191286527987911903e+00 9.473268565480949532e-02
5.221292219458380401e+00 9.697158135591246730e-02
5.251471344145405951e+00 9.924631085504846684e-02
5.281824904494829553e+00 8.805572287617713378e-02
5.312353908746639597e+00 8.375218611469172070e-02
5.343059370968462396e+00 8.257028507328267874e-02
5.373942311089249912e+00 8.366045159172719181e-02
5.405003754933139781e+00 9.533858398840777681e-02
5.436244734253559585e+00 9.941749402736618779e-02
5.467666286767478567e+00 9.814406322755282741e-02
5.499269456189878724e+00 1.046469761300247991e-01
5.531055292268432844e+00 1.059912554676634561e-01
5.563024850818350409e+00 9.525155905032758885e-02
5.595179193757479297e+00 9.324486636047854549e-02
5.627519389141558470e+00 1.011426354469558003e-01
5.660046511199702479e+00 1.070058638633983455e-01
5.692761640370078702e+00 1.010924681297095673e-01
5.725665863335805739e+00 9.710365449723416809e-02
5.758760273061025892e+00 9.084400189226633782e-02
5.792045968827241431e+00 8.146742315210647734e-02
5.825524056269808071e+00 7.919617465049368088e-02
5.859195647414667363e+00 8.376815775038644329e-02
5.893061860715279821e+00 9.330281473101195711e-02
5.927123821089786304e+00 9.323278525142741913e-02
5.961382659958350594e+00 8.379150091024795133e-02
5.995839515280771082e+00 8.948293186069221361e-02
6.030495531594262104e+00 8.925359555328088446e-02
6.065351860051475086e+00 8.353431662265098367e-02
6.100409658458743500e+00 8.462141167269265907e-02
6.135670091314512575e+00 8.820622482791580510e-02
6.171134329848062094e+00 8.564400588627489597e-02
6.206803552058381079e+00 8.640409193369527618e-02
6.242678942753306259e+00 9.294652439628364737e-02
6.278761693588877257e+00 8.940000221381579071e-02
6.315053003108923591e+00 7.799359238850558929e-02
6.351554076784851510e+00 7.300163717566585109e-02
6.388266127055725718e+00 7.660856490338938118e-02
6.425190373368511843e+00 8.034019424826781275e-02
6.462328042218596025e+00 8.697907081870508150e-02
6.499680367190518560e+00 8.985539859567540089e-02
6.537248588998957999e+00 9.301491575938668210e-02
6.575033955529916874e+00 9.530254542581456656e-02
6.613037721882214726e+00 9.807997192021376820e-02
6.651261150409145451e+00 9.720173672156454114e-02
6.689705510760421525e+00 9.243666064141385641e-02
6.728372079924347382e+00 8.468243151162888060e-02
6.767262142270216607e+00 8.803319877455638431e-02
6.806376989591010229e+00 9.384810275479439634e-02
6.845717921146279750e+00 9.158463530646877848e-02
6.885286243705309062e+00 9.538731795373267541e-02
6.925083271590525058e+00 8.473177977063435506e-02
6.965110326721157818e+00 7.590622246194221601e-02
7.005368738657123728e+00 7.955144116242103547e-02
7.045859844643230119e+00 8.290937518495514191e-02
7.086584989653569089e+00 8.262946203117721433e-02
7.127545526436194656e+00 8.380501537122039823e-02
7.168742815558059256e+00 8.409967157333191057e-02
7.210178225450215805e+00 8.777110013751486528e-02
7.251853132453240036e+00 8.720697377419507623e-02
7.293768920862992111e+00 8.304881985044361425e-02
7.335926982976571864e+00 9.259494364643970632e-02
7.378328719138569802e+00 9.275527429706742488e-02
7.420975537787583676e+00 9.199211678124424862e-02
7.463868855503007715e+00 9.828330312848113093e-02
7.507010097052058128e+00 9.627497232215058431e-02
7.550400695437144982e+00 9.095539381300897508e-02
7.594042091943437711e+00 9.230438273553197293e-02
7.637935736186750368e+00 9.728343778107981232e-02
7.682083086161699548e+00 9.846615788072961284e-02
7.726485608290103890e+00 1.039169904729521782e-01
7.771144777469737974e+00 1.117396109658401609e-01
7.816062077123293150e+00 1.132395113692222233e-01
7.861238999247660786e+00 1.045009789986102722e-01
7.906677044463489068e+00 9.799130886565207699e-02
7.952377722065040011e+00 1.806940766093768358e-01
7.998342550070284496e+00 1.372053602582650467e-01
