2.511886431509579437e-02 6.920450220395414354e-01
2.526405161860213050e-02 6.901330759175808849e-01
2.541007810627042562e-02 6.890039954556873569e-01
2.555694862859406516e-02 6.880950674139526546e-01
2.570466806410236227e-02 6.879224167607990159e-01
2.585324131952258450e-02 6.883545001414427267e-01
2.600267332994290678e-02 6.891318848283937148e-01
2.615296905897638788e-02 6.902070690546467935e-01
2.630413349892583852e-02 6.915161081338486726e-01
2.645617167094958117e-02 6.930352511824967587e-01
2.660908862522835469e-02 6.947444012991657036e-01
2.676288944113292337e-02 6.966819252956675257e-01
2.691757922739292791e-02 6.989053733897201415e-01
2.707316312226650673e-02 7.013645033277601248e-01
2.722964629371095457e-02 7.039981109099925360e-01
2.738703393955444973e-02 7.067751372887598471e-01
2.754533128766867636e-02 7.096736585715982537e-01
2.770454359614242176e-02 7.126900207764305106e-01
2.786467615345633933e-02 7.158260508942950739e-01
2.802573427865854422e-02 7.190707869789602080e-01
2.818772332154127064e-02 7.224205750483483346e-01
2.835064866281864979e-02 7.258900310307688786e-01
2.851451571430539678e-02 7.294919438634923647e-01
2.867932991909653145e-02 7.332381889882704229e-01
2.884509675174826843e-02 7.371360743692573214e-01
2.901182171845980567e-02 7.411856000064533934e-01
2.917951035725619563e-02 7.453575340432396779e-01
2.934816823817239240e-02 7.495733158649540151e-01
2.951780096343814899e-02 7.538530423730214203e-01
2.968841416766421215e-02 7.582688797134692349e-01
2.986001351802944001e-02 7.628537137249934430e-01
3.003260471446899879e-02 7.676358627686932223e-01
3.020619348986378766e-02 7.726345102504744711e-01
3.038078561023081769e-02 7.777847979884646712e-01
3.055638687491469066e-02 7.827761375060913185e-01
3.073300311678033025e-02 7.875948263705643271e-01
3.091064020240668481e-02 7.924637574886005398e-01
3.108930403228154019e-02 7.974569239972658652e-01
3.126900054099761295e-02 8.026583674843387195e-01
3.144973569744963920e-02 8.081137627257856115e-01
3.163151550503255638e-02 8.136723829609170400e-01
3.181434600184106232e-02 8.190391691369888205e-01
3.199823326087009728e-02 8.243447511132654393e-01
3.218318339021652985e-02 8.298549560858723417e-01
3.236920253328214730e-02 8.356593066157038674e-01
3.255629686897762443e-02 8.418436712815773326e-01
3.274447261192782455e-02 8.484601193280942866e-01
3.293373601267822470e-02 8.550226711389709022e-01
3.312409335790250653e-02 8.613038663298935305e-01
3.331555097061136145e-02 8.676581411623623952e-01
3.350811521036261426e-02 8.744362779158011412e-01
3.370179247347232510e-02 8.819908858606716473e-01
3.389658919322740410e-02 8.904315844592934903e-01
3.409251184009919750e-02 8.989855565023125994e-01
3.428956692195841288e-02 9.065502128978957241e-01
3.448776098429136294e-02 9.134160452211901315e-01
3.468710061041735404e-02 9.202371162640375912e-01
3.488759242170727526e-02 9.274171910459821921e-01
3.508924307780367929e-02 9.339121441884281616e-01
3.529205927684192501e-02 9.375387214001736913e-01
3.549604775567258980e-02 9.375478563553669709e-01
3.570121529008542238e-02 9.351727680051054037e-01
3.590756869503420462e-02 9.323683367607581429e-01
3.611511482486330638e-02 9.300480581416565862e-01
3.632386057353523962e-02 9.287417595490126132e-01
3.653381287485973905e-02 9.282302020581870705e-01
3.674497870272393912e-02 9.278556688952611653e-01
3.695736507132423021e-02 9.275268105083019909e-01
3.717097903539903075e-02 9.274354609563687513e-01
3.738582769046329413e-02 9.277095096121681372e-01
3.760191817304411876e-02 9.284768458484065068e-01
3.781925766091774610e-02 9.290797528911652892e-01
3.803785337334809891e-02 9.294725559644776425e-01
3.825771257132654091e-02 9.303221067974559721e-01
3.847884255781295476e-02 9.318385093595459301e-01
3.870125067797849233e-02 9.341131132026810890e-01
3.892494431944945599e-02 9.371367833716680584e-01
3.914993091255265789e-02 9.407450906730268070e-01
3.937621793056233360e-02 9.449837098827243986e-01
3.960381288994833243e-02 9.501997692981065669e-01
3.983272335062570252e-02 9.566216427990060778e-01
4.006295691620595512e-02 9.643315449821628915e-01
4.029452123424955012e-02 9.737679536968559812e-01
4.052742399651988042e-02 9.855794507618105271e-01
4.076167293923887297e-02 9.999578702360863991e-01
4.099727584334383890e-02 1.017387364744928968e+00
4.123424053474603751e-02 1.037849664377951786e+00
4.147257488459059338e-02 1.061417848776701200e+00
4.171228680951784978e-02 1.088758769670288951e+00
4.195338427192649156e-02 1.120676303115727190e+00
4.219587528023795858e-02 1.157992595080413745e+00
4.243976788916238585e-02 1.201566331352520223e+00
4.268507019996626434e-02 1.226943236879545651e+00
4.293179036074151744e-02 1.211295058633399258e+00
4.317993656667604152e-02 1.170936826589339175e+00
4.342951706032609216e-02 1.121927791977211264e+00
4.368054013188996804e-02 1.076061181951583068e+00
4.393301411948334623e-02 1.042965239286207213e+00
4.418694740941636612e-02 1.019177815962818423e+00
4.444234843647213579e-02 9.991722640894614704e-01
4.469922568418681352e-02 9.820168182364181764e-01
4.495758768513159753e-02 9.672364607336366715e-01
4.521744302119593689e-02 9.547763818499567234e-01
4.547880032387276866e-02 9.442529134672593694e-01
4.574166827454511502e-02 9.341313831130676482e-01
4.600605560477452616e-02 9.239002332965562392e-01
4.627197109659098723e-02 9.148292227895957751e-01
4.653942358278480296e-02 9.077816048579543384e-01
4.680842194719982141e-02 9.034370201680141932e-01
4.707897512502866311e-02 9.024431370429817356e-01
4.735109210310945588e-02 9.060413958936280876e-01
4.762478192022426976e-02 9.195154548037657305e-01
4.790005366739954334e-02 9.488477959294961961e-01
4.817691648820784933e-02 9.964500474418538367e-01
4.845537957907175564e-02 1.072160556084038152e+00
4.873545218956924774e-02 1.165236614548711636e+00
4.901714362274099679e-02 1.225326349810329285e+00
4.930046323539925834e-02 1.212199419197537376e+00
4.958542043843887359e-02 1.136068702616460868e+00
4.987202469714965836e-02 1.047870710225016877e+00
5.016028553153097091e-02 9.814778558800126840e-01
5.045021251660784106e-02 9.315370558381665944e-01
5.074181528274907677e-02 8.900214249711136949e-01
5.103510351598705003e-02 8.558329416646177634e-01
5.133008695833959217e-02 8.297270667131659838e-01
5.162677540813340182e-02 8.099526292061995925e-01
5.192517872032970105e-02 7.944222918820470491e-01
5.222530680685147364e-02 7.827395976853180892e-01
5.252716963691266006e-02 7.722590635920292268e-01
5.283077723734942721e-02 7.602009227368551336e-01
5.313613969295318679e-02 7.468319158114404832e-01
5.344326714680543849e-02 7.321045410487800886e-01
5.375216980061491706e-02 7.153994484867673975e-01
5.406285791505632127e-02 6.974373860901545985e-01
5.437534181011107609e-02 6.799192825159369180e-01
5.468963186541032917e-02 6.637038235522856322e-01
5.500573852057948770e-02 6.497017642319744546e-01
5.532367227558519784e-02 6.375778516994083933e-01
5.564344369108398941e-02 6.267374003715030506e-01
5.596506338877313413e-02 6.170972821559991273e-01
5.628854205174332881e-02 6.085688879875214008e-01
5.661389042483377931e-02 6.009530758428557329e-01
5.694111931498885282e-02 5.940835895374837472e-01
5.727023959161724881e-02 5.878371071762958922e-01
5.760126218695296035e-02 5.820893933686629440e-01
5.793419809641841417e-02 5.768349671414688684e-01
5.826905837898961604e-02 5.720774824767910216e-01
5.860585415756369709e-02 5.677128008854257502e-01
5.894459661932811845e-02 5.637180849793896886e-01
5.928529701613251268e-02 5.601700683823066518e-01
5.962796666486229469e-02 5.570815400314472754e-01
5.997261694781454155e-02 5.544862992610267716e-01
6.031925931307623168e-02 5.524217993873379307e-01
6.066790527490428103e-02 5.509181857625184975e-01
6.101856641410823012e-02 5.500951262996008895e-01
6.137125437843479747e-02 5.500695484250596179e-01
6.172598088295483398e-02 5.508734244820712167e-01
6.208275771045231733e-02 5.520481797199313645e-01
6.244159671181598315e-02 5.524364153156472446e-01
6.280250980643269088e-02 5.518070169028279626e-01
6.316550898258359303e-02 5.505573550323825671e-01
6.353060629784218483e-02 5.486527168745767291e-01
6.389781387947492119e-02 5.465617256308271665e-01
6.426714392484385308e-02 5.448927693170088071e-01
6.463860870181208085e-02 5.443528934650839757e-01
6.501222054915094251e-02 5.451887418652721085e-01
6.538799187695008841e-02 5.472020859898784062e-01
6.576593516702965159e-02 5.504395141103888278e-01
6.614606297335466623e-02 5.547950607465608197e-01
6.652838792245242827e-02 5.601444905077653802e-01
6.691292271383147972e-02 5.660502390402426531e-01
6.729968012040381253e-02 5.715640979949269118e-01
6.768867298890894613e-02 5.766257766675418894e-01
6.807991424034069705e-02 5.815778358778372903e-01
6.847341687037629410e-02 5.860064621555558517e-01
6.886919394980822728e-02 5.899883891243212775e-01
6.926725862497820629e-02 5.934085163486979564e-01
6.966762411821400547e-02 5.936195338136635025e-01
7.007030372826857090e-02 5.902048875624028579e-01
7.047531083076181979e-02 5.845814091453989114e-01
7.088265887862478520e-02 5.756656928767246439e-01
7.129236140254673060e-02 5.644424869262194555e-01
7.170443201142430445e-02 5.527652737026065299e-01
7.211888439281383123e-02 5.412442682127992510e-01
7.253573231338585059e-02 5.303691040551592462e-01
7.295498961938230720e-02 5.205115739060544033e-01
7.337667023707672431e-02 5.119329374840135838e-01
7.380078817323644513e-02 5.045692501026833865e-01
7.422735751558823258e-02 4.983510861025946537e-01
7.465639243328600627e-02 4.933076773403661797e-01
7.508790717738160481e-02 4.893166154164074189e-01
7.552191608129793510e-02 4.863852082948730837e-01
7.595843356130543844e-02 4.845600442472489666e-01
7.639747411700059665e-02 4.837835730558173175e-01
7.683905233178781047e-02 4.843426323136481026e-01
7.728318287336367887e-02 4.866537759775564354e-01
7.772988049420428980e-02 4.908512878888841580e-01
7.817916003205507836e-02 4.966236660755390386e-01
7.863103641042397396e-02 5.032739134562714822e-01
7.908552463907676799e-02 5.097633856256015283e-01
7.954263981453599253e-02 5.128765783554828372e-01
8.000239712058217212e-02 5.127596509290084370e-01
8.046481182875830918e-02 5.129386960507973381e-01
8.092989929887701994e-02 5.146688565644109703e-01
8.139767497953076525e-02 5.177126236348230659e-01
8.186815440860513438e-02 5.210943840473878375e-01
8.234135321379483508e-02 5.242642134994677239e-01
8.281728711312283386e-02 5.270668177527764175e-01
8.329597191546232737e-02 5.292893523513095833e-01
8.377742352106211376e-02 5.322326349145952706e-01
8.426165792207447602e-02 5.376268259562470009e-01
8.474869120308657633e-02 5.471052554648293542e-01
8.523853954165466762e-02 5.584581777790795787e-01
8.573121920884146929e-02 5.654162731498266758e-01
8.622674656975649887e-02 5.658510970170284038e-01
8.672513808409994251e-02 5.596475489452490404e-01
8.722641030670905127e-02 5.496447730085705086e-01
8.773057988810836760e-02 5.412990779439591504e-01
8.823766357506258873e-02 5.363461052381444105e-01
8.874767821113291322e-02 5.344770934055924627e-01
8.926064073723644077e-02 5.350142287709592770e-01
8.977656819220893036e-02 5.375254279536012536e-01
9.029547771337091688e-02 5.419942480341702895e-01
9.081738653709675591e-02 5.491487449415736188e-01
9.134231199938727674e-02 5.604441170381060378e-01
9.187027153644546085e-02 5.787158544157722240e-01
9.240128268525588107e-02 6.040269882654057954e-01
9.293536308416693037e-02 6.153863050482913932e-01
9.347253047347692245e-02 5.881403876887139059e-01
9.401280269602330097e-02 5.544607213864855000e-01
9.455619769777530437e-02 5.276094340912591552e-01
9.510273352842993355e-02 5.080679379417224473e-01
9.565242834201181932e-02 4.954863641539715702e-01
9.620530039747586526e-02 4.877892509080853922e-01
9.676136805931405405e-02 4.840356978191527881e-01
9.732064979816532069e-02 4.832820640157043934e-01
9.788316419142908953e-02 4.846696637095687099e-01
9.844892992388228070e-02 4.873416381036129730e-01
9.901796578830000806e-02 4.895879235856487877e-01
9.959029068607995472e-02 4.909892257123031345e-01
1.001659236278700377e-01 4.930345421800861327e-01
1.007448837341998471e-01 4.959622953195431672e-01
1.013271902361159299e-01 4.997551287158069622e-01
1.019128624758204177e-01 5.043774160436237386e-01
1.025019199073136378e-01 5.100063754337437194e-01
1.030943820970401520e-01 5.170622148250592076e-01
1.036902687245389171e-01 5.260711076367051708e-01
1.042895995830967204e-01 5.375162929984079740e-01
1.048923945804057928e-01 5.485750697554335753e-01
1.054986737392250712e-01 5.530539382867152298e-01
1.061084571980452224e-01 5.515265737783932032e-01
1.067217652117575799e-01 5.463333517509944004e-01
1.073386181523270227e-01 5.393414570460319801e-01
1.079590365094685589e-01 5.312314438254081006e-01
1.085830408913279893e-01 5.232913407713797316e-01
1.092106520251663743e-01 5.161496328012471491e-01
1.098418907580486492e-01 5.107892410938106309e-01
1.104767780575359459e-01 5.081145262132084062e-01
1.111153350123821049e-01 5.104859605813926171e-01
1.117575828332342536e-01 5.201251653013773124e-01
1.124035428533372433e-01 5.308285923013829066e-01
1.130532365292423180e-01 5.341893423170029909e-01
1.137066854415197809e-01 5.242221927055784603e-01
1.143639112954759340e-01 5.068520754054924859e-01
1.150249359218739331e-01 4.922681194393671023e-01
1.156897812776589568e-01 4.834958219672279567e-01
1.163584694466876512e-01 4.812760278552526971e-01
1.170310226404614878e-01 4.840567082160973644e-01
1.177074631988646730e-01 4.895961450453227837e-01
1.183878135909062629e-01 4.897569202567251256e-01
1.190720964154663303e-01 4.770483705917870632e-01
1.197603344020467531e-01 4.613563445607127833e-01
1.204525504115261381e-01 4.469596551760503522e-01
1.211487674369193246e-01 4.346530435396181447e-01
1.218490086041408849e-01 4.245972848628183360e-01
1.225532971727734816e-01 4.167996871098058054e-01
1.232616565368404721e-01 4.115671847750757006e-01
1.239741102255828148e-01 4.092204147859134222e-01
1.246906819042407494e-01 4.099959724818256768e-01
1.254113953748399735e-01 4.150357272619769056e-01
1.261362745769819826e-01 4.261136874249084605e-01
1.268653435886395453e-01 4.433129810628795298e-01
1.275986266269562852e-01 4.640374539099503259e-01
1.283361480490512463e-01 4.709051132242836335e-01
1.290779323528278288e-01 4.558433991015479747e-01
1.298240041777875831e-01 4.403258507146659007e-01
1.305743883058487209e-01 4.299713790030448290e-01
1.313291096621690413e-01 4.227118301109184517e-01
1.320881933159741561e-01 4.171011406311851410e-01
1.328516644813900749e-01 4.124149086170151857e-01
1.336195485182806453e-01 4.089984353747158630e-01
1.343918709330900185e-01 4.073221710967427911e-01
1.351686573796898327e-01 4.076820883313593824e-01
1.359499336602315311e-01 4.093473906631004411e-01
1.367357257260030934e-01 4.116293024703902570e-01
1.375260596782912625e-01 4.149270212951764458e-01
1.383209617692485738e-01 4.199201878038417157e-01
1.391204584027652402e-01 4.258962754913075965e-01
1.399245761353461737e-01 4.318796711429280233e-01
1.407333416769932510e-01 4.368929345530186970e-01
1.415467818920924381e-01 4.411151108433682411e-01
1.423649238003061035e-01 4.456725399893124440e-01
1.431877945774705507e-01 4.495759063434154323e-01
1.440154215564987683e-01 4.515198248085526278e-01
1.448478322282882313e-01 4.533687397396792274e-01
1.456850542426340045e-01 4.584048405377530999e-01
1.465271154091474515e-01 4.707397705352846518e-01
1.473740436981796631e-01 4.924416835880400800e-01
1.482258672417506584e-01 5.203252208201107898e-01
1.490826143344838317e-01 5.457688115200476364e-01
1.499443134345459228e-01 5.600604489199868530e-01
1.508109931645919832e-01 5.652819893084849445e-01
1.516826823127164214e-01 5.717961258568370342e-01
1.525594098334091819e-01 5.825296982089805953e-01
1.534412048485173929e-01 5.880746160113220489e-01
1.543280966482127869e-01 5.894987555259596501e-01
1.552201146919646169e-01 5.915066186774500245e-01
1.561172886095181789e-01 5.934085163486979564e-01
1.570196482018790252e-01 5.933116858236487934e-01
1.579272234423027277e-01 5.918126396764260555e-01
1.588400444772908315e-01 5.895827971137381773e-01
1.597581416275917487e-01 5.855816867390667424e-01
1.606815453892082024e-01 5.786427747742256544e-01
1.616102864344102497e-01 5.727552961521349406e-01
1.625443956127538836e-01 5.710890803248744874e-01
1.634839039521058524e-01 5.725479326692467508e-01
1.644288426596743347e-01 5.744589652956879622e-01
1.653792431230455828e-01 5.771720469881020943e-01
1.663351369112262834e-01 5.824493106032795353e-01
1.672965557756923849e-01 5.875429616190711579e-01
1.682635316514438095e-01 5.868295216184734597e-01
1.692360966580649384e-01 5.810096416648131701e-01
1.702142831007917856e-01 5.724456211710816644e-01
1.711981234715850009e-01 5.614023738378846051e-01
1.721876504502090899e-01 5.471043419693100152e-01
1.731828969053178791e-01 5.295478715832804273e-01
1.741838958955464201e-01 5.082369346127988408e-01
1.751906806706090836e-01 4.846660097274914092e-01
1.762032846724038426e-01 4.629659236657746590e-01
1.772217415361232173e-01 4.464234333062028770e-01
1.782460850913716033e-01 4.330781772642908756e-01
1.792763493632887617e-01 4.174181235763931297e-01
1.803125685736800821e-01 3.990596041243905656e-01
1.813547771421535060e-01 3.831373772224447305e-01
1.824030096872625850e-01 3.730140198772144977e-01
1.834573010276564775e-01 3.684976980296401639e-01
1.845176861832364401e-01 3.676399257369880047e-01
1.855842003763193415e-01 3.669904304227433745e-01
1.866568790328071992e-01 3.657572114716460820e-01
1.877357577833641822e-01 3.673841469915752334e-01
1.888208724646001924e-01 3.739238614144684836e-01
1.899122591202609955e-01 3.822522000642126216e-01
1.910099540024255971e-01 3.854795797340103691e-01
1.921139935727104175e-01 3.859354139981567289e-01
1.932244145034804905e-01 3.871019477763428807e-01
1.943412536790674328e-01 3.829336677216338414e-01
1.954645481969946030e-01 3.736991415167129627e-01
1.965943353692096995e-01 3.637155489859404400e-01
1.977306527233236300e-01 3.554813003746873923e-01
1.988735380038573475e-01 3.521305988097799822e-01
2.000230291734956534e-01 3.539950431647352902e-01
2.011791644143479663e-01 3.551268641131868908e-01
2.023419821292166965e-01 3.515423076953305692e-01
2.035115209428728922e-01 3.450793268960610782e-01
2.046878197033392410e-01 3.363152508835959287e-01
2.058709174831803157e-01 3.256163913611868632e-01
2.070608535808005912e-01 3.139391781375739376e-01
2.082576675217497619e-01 3.036221597422454344e-01
2.094613990600355524e-01 2.962858772264951868e-01
2.106720881794442723e-01 2.924437150721874157e-01
2.118897750948690872e-01 2.926465110774790213e-01
2.131145002536455058e-01 2.958190810161168693e-01
2.143463043368951104e-01 2.968540714395193070e-01
2.155852282608767823e-01 2.935289477491531129e-01
2.168313131783459469e-01 2.889806535584022451e-01
2.180846004799212312e-01 2.841939370371058260e-01
2.193451317954595303e-01 2.773299317048498747e-01
2.206129489954388734e-01 2.689476968194652318e-01
2.218880941923488948e-01 2.614679955071799733e-01
2.231706097420899648e-01 2.574614041593925595e-01
2.244605382453801201e-01 2.597862502560908671e-01
2.257579225491697927e-01 2.683109904424912928e-01
2.270628057480653939e-01 2.715767369241008922e-01
2.283752311857605299e-01 2.670795984824325675e-01
2.296952424564759343e-01 2.624518301814998678e-01
2.310228834064072811e-01 2.568292652600152604e-01
2.323581981351817149e-01 2.488480549076170778e-01
2.337012309973229007e-01 2.426180154657771038e-01
2.350520266037238737e-01 2.400985948234611866e-01
2.364106298231291869e-01 2.364236023491910477e-01
2.377770857836252472e-01 2.307014664160993433e-01
2.391514398741393099e-01 2.257658501251519345e-01
2.405337377459470793e-01 2.209115349354250357e-01
2.419240253141889951e-01 2.155392677862372486e-01
2.433223487593957901e-01 2.100235818405143950e-01
2.447287545290218747e-01 2.053748031426370635e-01
2.461432893389885190e-01 2.026772508740515288e-01
2.475660001752356676e-01 2.025785933579637432e-01
2.489969342952823017e-01 2.052807131041459177e-01
2.504361392297964617e-01 2.103560942095510367e-01
2.518836627841739007e-01 2.164326664041432979e-01
2.533395530401260642e-01 2.218862346545516229e-01
2.548038583572773130e-01 2.247162437734402107e-01
2.562766273747711931e-01 2.243800774223262406e-01
2.577579090128856998e-01 2.246020568335237722e-01
2.592477524746588102e-01 2.285136446473007010e-01
2.607462072475227322e-01 2.379582748216677590e-01
2.622533231049470337e-01 2.541545503794129801e-01
2.637691501080930423e-01 2.784032889400642752e-01
2.652937386074759596e-01 3.103783726032202650e-01
2.668271392446371348e-01 3.442699698659335006e-01
2.683694029538270520e-01 3.750337584704561134e-01
2.699205809636965880e-01 4.030926868422385345e-01
2.714807247989985406e-01 4.194086303130161730e-01
2.730498862822996475e-01 4.170719087745665132e-01
2.746281175357012105e-01 4.073258250788201473e-01
2.762154709825712651e-01 3.986412231765367742e-01
2.778119993492854656e-01 3.860550819111891463e-01
2.794177556669779627e-01 3.706160941389696206e-01
2.810327932733039380e-01 3.564715295176426602e-01
2.826571658142107979e-01 3.442791048211268357e-01
2.842909272457196934e-01 3.325123690366194040e-01
2.859341318357184192e-01 3.222145340471968544e-01
2.875868341657639160e-01 3.136550810310619331e-01
2.892490891328946545e-01 3.040971774122977478e-01
2.909209519514548425e-01 2.926044902835897576e-01
2.926024781549284581e-01 2.794766461752786202e-01
2.942937235977828858e-01 2.677044294176552652e-01
2.959947444573255426e-01 2.592609903324753495e-01
2.977055972355692748e-01 2.536566953213774123e-01
2.994263387611086902e-01 2.500100212082065343e-01
3.011570261910088142e-01 2.472494377487871597e-01
3.028977170127025720e-01 2.441380720099444734e-01
3.046484690459013711e-01 2.415117723918667747e-01
3.064093404445150659e-01 2.414414332368783056e-01
3.081803896985833569e-01 2.451246471708223851e-01
3.099616756362194026e-01 2.518242233095986382e-01
3.117532574255635347e-01 2.586105815227114357e-01
3.135551945767480198e-01 2.610825003980221104e-01
3.153675469438748658e-01 2.595624438538546852e-01
3.171903747270033436e-01 2.582735016760781543e-01
3.190237384741493876e-01 2.575892935320989729e-01
3.208676990832974307e-01 2.554635894586148592e-01
3.227223178044230090e-01 2.543253740415279407e-01
3.245876562415266342e-01 2.559943303553464111e-01
3.264637763546810456e-01 2.588069830593676679e-01
3.283507404620888970e-01 2.623833180175499935e-01
3.302486112421523790e-01 2.667068923105453959e-01
3.321574517355558864e-01 2.662172587121837686e-01
3.340773253473591775e-01 2.607874413452780926e-01
3.360082958491044103e-01 2.548972222366294171e-01
3.379504273809338932e-01 2.529925840788234681e-01
3.399037844537201591e-01 2.566182477950497143e-01
3.418684319512097503e-01 2.644094510794269826e-01
3.438444351321779946e-01 2.680853570492164328e-01
3.458318596325960503e-01 2.612332271587118337e-01
3.478307714678123830e-01 2.519594206464597086e-01
3.498412370347446232e-01 2.467890360070441325e-01
3.518633231140849693e-01 2.489668093251301006e-01
3.538970968725191901e-01 2.517072958831242380e-01
3.559426258649572294e-01 2.503489280458784938e-01
3.579999780367765227e-01 2.496236126035293601e-01
3.600692217260801353e-01 2.526719471515381787e-01
3.621504256659661136e-01 2.591458898970396274e-01
3.642436589868098817e-01 2.706595874226921938e-01
3.663489912185618480e-01 2.865598904321741136e-01
3.684664922930561692e-01 2.990154018382573109e-01
3.705962325463332818e-01 3.083759904248458694e-01
3.727382827209774208e-01 3.170879971927091923e-01
3.748927139684648524e-01 3.165353324035137250e-01
3.770595978515288715e-01 3.107593002347814881e-01
3.792390063465359562e-01 3.040853019705464511e-01
3.814310118458763554e-01 2.950179454456632877e-01
3.836356871603694985e-01 2.867033092287090690e-01
3.858531055216822825e-01 2.839756116079856230e-01
3.880833405847607942e-01 2.867891778075262743e-01
3.903264664302779630e-01 2.918947042650693047e-01
3.925825575670940371e-01 2.973555804796322311e-01
3.948516889347303827e-01 3.030484845561053353e-01
3.971339359058604912e-01 3.104697221551533937e-01
3.994293742888124776e-01 3.229690813461645882e-01
4.017380803300868997e-01 3.384336469929253299e-01
4.040601307168905088e-01 3.498943617784567861e-01
4.063956025796829352e-01 3.480746787039487034e-01
4.087445734947380283e-01 3.332358574879298874e-01
4.111071214867221824e-01 3.186847873605004322e-01
4.134833250312844322e-01 3.114325464325286563e-01
4.158732630576643108e-01 3.076086541886075554e-01
4.182770149513134750e-01 3.016197775638710943e-01
4.206946605565314856e-01 2.998850495726608223e-01
4.231262801791195738e-01 3.102742341140165006e-01
4.255719545890473410e-01 3.255661491076236591e-01
4.280317650231349469e-01 3.375009680676880341e-01
4.305057931877529498e-01 3.505456840837400390e-01
4.329941212615355806e-01 3.598532899302073762e-01
4.354968318981098929e-01 3.635100124940908728e-01
4.380140082288422887e-01 3.591846112100567923e-01
4.405457338655994204e-01 3.575896480333042304e-01
4.430920929035247480e-01 3.630989395103917383e-01
4.456531699238333033e-01 3.669465826378154327e-01
4.482290499966203323e-01 3.575558486990889628e-01
4.508198186836865351e-01 3.297061108012334651e-01
4.534255620413813470e-01 2.983796089568027110e-01
4.560463666234608748e-01 2.777702365451676370e-01
4.586823194839622087e-01 2.742432303450292319e-01
4.613335081800964965e-01 2.849548788047088776e-01
4.640000207751556194e-01 2.990227098024119678e-01
4.666819458414390720e-01 3.048964859917127068e-01
4.693793724631949438e-01 3.025049547221032031e-01
4.720923902395786631e-01 2.999407727993400052e-01
4.748210892876304490e-01 3.041949214328662499e-01
4.775655602452679171e-01 3.164439828515805964e-01
4.803258942742961168e-01 3.297481315951226732e-01
4.831021830634371073e-01 3.429198234883617524e-01
4.858945188313745223e-01 3.604023007373255427e-01
4.887029943298164536e-01 3.783999894591922319e-01
4.915277028465775411e-01 3.857956491836990742e-01
4.943687382086768833e-01 3.836644641370989262e-01
4.972261947854541564e-01 3.867657814252289383e-01
5.001001674917054940e-01 4.011478548815820555e-01
5.029907517908354109e-01 4.227666398420782956e-01
5.058980436980275996e-01 4.375387758851859155e-01
5.088221397834349347e-01 4.483244174819314698e-01
5.117631371753864622e-01 4.528151614549644766e-01
5.147211335636141527e-01 4.519957559741242248e-01
5.176962272024980827e-01 4.593247305257197599e-01
5.206885169143288250e-01 4.692991881012991140e-01
5.236981020925914887e-01 4.802766637571042052e-01
5.267250827052667450e-01 4.889247258386142936e-01
5.297695592981502832e-01 4.979591965248015284e-01
5.328316329981945820e-01 5.067104835999960422e-01
5.359114055168668900e-01 5.066885597075321268e-01
5.390089791535270791e-01 4.869689319317258014e-01
5.421244567988269258e-01 4.564682300367706724e-01
5.452579419381275994e-01 4.346859293783140732e-01
5.484095386549359130e-01 4.321665087359981006e-01
5.515793516343632241e-01 4.392159536586783819e-01
5.547674861666017643e-01 4.478018980448739139e-01
5.579740481504216199e-01 4.575954835076255778e-01
5.611991440966896949e-01 4.748806457244137413e-01
5.644428811319066597e-01 4.912815442784892461e-01
5.677053670017649933e-01 4.982633905327388812e-01
5.709867100747291202e-01 4.988553356292656504e-01
5.742870193456336425e-01 4.946706126552086191e-01
5.776064044393048880e-01 4.836821750531715702e-01
5.809449756142023302e-01 4.741845621386832632e-01
5.843028437660793273e-01 4.580595392314458780e-01
5.876801204316687288e-01 4.424771326626912860e-01
5.910769177923870243e-01 4.325848896838519475e-01
5.944933486780595855e-01 4.219472343612380438e-01
5.979295265706701112e-01 4.104472392683753967e-01
6.013855656081297241e-01 3.956330824313785688e-01
6.048615805880666052e-01 3.831693495656213200e-01
6.083576869716416091e-01 3.803895827002959362e-01
6.118740008873820857e-01 3.848510948167104262e-01
6.154106391350390171e-01 3.921142976909141598e-01
6.189677191894675801e-01 3.971549659665846721e-01
6.225453592045292472e-01 3.921773288817479441e-01
6.261436780170150929e-01 3.870398300810283243e-01
6.297627951505950783e-01 3.833931559678575574e-01
6.334028308197864332e-01 3.842271773770070675e-01
6.370639059339481269e-01 3.875422526166605874e-01
6.407461421012968783e-01 3.874783079303074085e-01
6.444496616329448146e-01 3.729263243073586698e-01
6.481745875469649976e-01 3.452483235671374162e-01
6.519210435724759334e-01 3.244224527174207617e-01
6.556891541537508417e-01 3.171976166550289911e-01
6.594790444543533470e-01 3.192977428539717777e-01
6.632908403612935988e-01 3.200331067470335578e-01
6.671246684892090384e-01 3.099846560343884616e-01
6.709806561845721440e-01 2.910752987842290529e-01
6.748589315299192704e-01 2.674312942573751628e-01
6.787596233481042463e-01 2.489567608744174820e-01
6.826828612065795054e-01 2.398601724929156909e-01
6.866287754216984229e-01 2.353803904661146418e-01
6.905974970630435195e-01 2.303506841366761149e-01
6.945891579577818664e-01 2.269670967330726929e-01
6.986038906950429173e-01 2.297788359415746662e-01
7.026418286303216520e-01 2.392928917754109097e-01
7.067031058899108098e-01 2.528089714794378717e-01
7.107878573753529938e-01 2.646908076993810255e-01
7.148962187679240854e-01 2.722052218414008906e-01
7.190283265331394169e-01 2.793789021547101736e-01
7.231843179252852583e-01 2.777218212826430555e-01
7.273643309919801681e-01 2.752709128042770126e-01
7.315685045787596597e-01 2.729305372837500521e-01
7.357969783336865133e-01 2.696976766408363257e-01
7.400498927119919523e-01 2.630684396570485140e-01
7.443273889807401344e-01 2.609573515118737141e-01
7.486296092235191768e-01 2.614707359937379350e-01
7.529566963451627126e-01 2.600840497953929020e-01
7.573087940764960946e-01 2.646533543830884572e-01
7.616860469791092436e-01 2.735891675531879064e-01
7.660886004501606950e-01 2.728565441466841990e-01
7.705166007272060691e-01 2.750589818437921275e-01
7.749701948930545203e-01 2.827597490717555506e-01
7.794495308806568268e-01 2.940688236010779444e-01
7.839547574780165728e-01 3.101682686337740580e-01
7.884860243331343055e-01 3.228548944062481496e-01
7.930434819589780027e-01 3.281248500572708227e-01
7.976272817384808533e-01 3.279348429892499084e-01
8.022375759295721220e-01 3.196503521244337120e-01
8.068745176702336597e-01 3.099197978525159436e-01
8.115382609835852801e-01 2.993862810191058599e-01
8.162289607830032212e-01 2.954947901067542237e-01
8.209467728772645856e-01 3.087386481460204779e-01
8.256918539757219788e-01 3.231554344321082017e-01
8.304643616935105666e-01 3.283057221700984574e-01
8.352644545567829981e-01 3.326265559765358426e-01
8.400922920079733069e-01 3.392612739334395777e-01
8.449480344110958940e-01 3.377677087593328187e-01
8.498318430570707127e-01 3.146708880485584170e-01
8.547438801690798726e-01 2.897233254156186266e-01
8.596843089079587719e-01 2.762702769024255045e-01
8.646532933776126528e-01 2.714926953363224205e-01
8.696509986304700179e-01 2.729944819701031755e-01
8.746775906729644667e-01 2.804942801838137822e-01
8.797332364710471753e-01 2.774788314745009199e-01
8.848181039557355687e-01 2.627249653417799147e-01
8.899323620286901937e-01 2.603937247764462337e-01
8.950761805678236760e-01 2.746360334183416962e-01
9.002497304329459826e-01 2.963881887246602731e-01
9.054531834714387717e-01 3.105729471488378746e-01
9.106867125239620497e-01 3.234906872877028050e-01
9.159504914301977996e-01 3.295060552824998767e-01
9.212446950346235841e-01 3.155231793680945418e-01
9.265694991923183466e-01 2.998996655009700807e-01
9.319250807748065135e-01 2.782516486838552683e-01
9.373116176759319629e-01 2.592317584758567772e-01
9.427292888177655206e-01 2.464282052769082298e-01
9.481782741565508710e-01 2.370931945648609707e-01
9.536587546886805544e-01 2.284423919967928651e-01
9.591709124567069367e-01 2.209371128099663073e-01
9.647149305553922582e-01 2.214559782649465347e-01
9.702909931377862174e-01 2.368008759986749145e-01
9.758992854213467405e-01 2.666950168687940992e-01
9.815399936940907288e-01 2.998640391757161905e-01
9.872133053207802211e-01 3.294832178945166223e-01
9.929194087491489684e-01 3.576362363047901338e-01
9.986584935161608723e-01 3.817488640330610195e-01
1.004430750254303728e+00 3.841778486189632025e-01
1.010236370697924935e+00 3.616848484464668112e-01
1.016075547689597958e+00 3.467921309948074349e-01
1.021948475186527761e+00 3.462166288176286577e-01
1.027855348266994762e+00 3.565144638070512628e-01
1.033796363136834096e+00 3.631793271160929093e-01
1.039771717135951290e+00 3.508042033157108275e-01
1.045781608744880131e+00 3.288784838607192174e-01
1.051826237591374280e+00 3.151185008530307807e-01
1.057905804457035748e+00 3.132257381369761284e-01
1.064020511283988890e+00 3.202605671313470403e-01
1.070170561181583713e+00 3.119367959591995976e-01
1.076356158433145582e+00 2.975866948460230699e-01
1.082577508502760022e+00 3.037820214581284373e-01
1.088834818042095476e+00 3.265856101071974993e-01
1.095128294897270704e+00 3.456055003151959903e-01
1.101458148115757263e+00 3.648373214836793665e-01
1.107824587953321727e+00 3.764040017494531543e-01
1.114227825881013212e+00 3.851991366095756097e-01
1.120668074592185315e+00 3.939778285503500732e-01
1.127145548009560017e+00 4.013195920392163552e-01
1.133660461292336441e+00 4.036901129118812825e-01
1.140213030843336250e+00 4.013296404899290293e-01
1.146803474316190341e+00 4.025582919634296819e-01
1.153432010622570836e+00 4.104399313042207953e-01
1.160098859939462601e+00 4.044309577780590415e-01
1.166804243716473621e+00 3.915735083434699337e-01
1.173548384683194445e+00 3.978757139313370828e-01
1.180331506856595603e+00 4.256560261697234226e-01
1.187153835548465874e+00 4.412676645950965870e-01
1.194015597372901416e+00 4.459502426271891862e-01
1.200917020253827294e+00 4.509443226313737951e-01
1.207858333432573428e+00 4.502053047562347143e-01
1.214839767475487387e+00 4.341332645891185504e-01
1.221861554281590267e+00 4.063520388552128715e-01
1.228923927090283863e+00 3.688621827418533394e-01
1.236027120489096909e+00 3.400751984411638507e-01
1.243171370421473965e+00 3.277420954346709769e-01
1.250356914194617142e+00 3.258392842679037060e-01
1.257583990487367132e+00 3.248645845487772021e-01
1.264852839358128644e+00 3.227617178632763428e-01
1.272163702252848472e+00 3.327599263223582349e-01
1.279516822013033517e+00 3.604297056029054924e-01
1.286912442883815677e+00 3.680784035862670889e-01
1.294350810522067352e+00 3.499564794737712869e-01
1.301832172004561583e+00 3.158246328894739330e-01
1.309356775836174380e+00 3.016718468084729765e-01
1.316924871958146337e+00 3.100750920908022512e-01
1.324536711756377994e+00 3.191324001649727959e-01
1.332192548069784932e+00 3.249595880827876315e-01
1.339892635198694837e+00 3.304040213780026214e-01
1.347637228913291185e+00 3.270971675980230420e-01
1.355426586462114891e+00 3.221789077219429087e-01
1.363260966580605249e+00 3.201536881555853142e-01
1.371140629499693731e+00 3.236806943557237193e-01
1.379065836954451285e+00 3.276068980978099621e-01
1.387036852192779834e+00 3.321140849901909609e-01
1.395053939984155722e+00 3.366596386943838670e-01
1.403117366628427343e+00 3.369857565947851352e-01
1.411227399964658957e+00 3.448938873056368037e-01
1.419384309380025577e+00 3.445239216203076493e-01
1.427588365818764915e+00 3.250436296705661032e-01
1.435839841791175742e+00 3.259461632436654877e-01
1.444139011382666204e+00 3.458146907891228583e-01
1.452486150262864761e+00 3.481806441841910904e-01
1.460881535694769973e+00 3.425690412089384962e-01
1.469325446543965796e+00 3.571420352288318667e-01
1.477818163287882181e+00 3.824906223947580619e-01
1.486359968025109168e+00 3.826011553525971998e-01
1.494951144484772509e+00 3.691864736512160405e-01
1.503591978035954568e+00 3.750474609032460882e-01
1.512282755697172298e+00 3.917644289070102426e-01
1.521023766145914724e+00 3.961875742116126586e-01
1.529815299728230382e+00 3.822174872344780150e-01
1.538657648468367833e+00 3.701840107583258543e-01
1.547551106078482119e+00 3.626988284729246170e-01
1.556495967968387184e+00 3.579888455752520682e-01
1.565492531255366693e+00 3.543622683635064829e-01
1.574541094774047689e+00 3.585899256269720614e-01
1.583641959086324214e+00 3.490256275395726138e-01
1.592795426491339539e+00 3.543951542022024670e-01
1.602001801035530804e+00 3.745084985468405958e-01
1.611261388522727822e+00 3.770169572429244997e-01
1.620574496524306296e+00 3.645075496012007421e-01
1.629941434389411858e+00 3.521077614217966723e-01
1.639362513255227638e+00 3.463289887665064182e-01
1.648838046057315765e+00 3.420538297360355973e-01
1.658368347540009280e+00 3.238999332803632614e-01
1.667953734266863997e+00 3.179329805480907156e-01
1.677594524631179640e+00 3.187350296140636918e-01
1.687291038866571835e+00 3.129909697885079889e-01
1.697043599057607821e+00 3.197572311001954937e-01
1.706852529150509445e+00 3.504241891796689434e-01
1.716718154963911225e+00 3.862551374299227347e-01
1.726640804199680579e+00 4.024002572385853571e-01
1.736620806453807120e+00 3.847295999126392751e-01
1.746658493227349673e+00 3.867776568669802906e-01
1.756754197937443251e+00 4.145031593742067311e-01
1.766908255928380411e+00 4.468966239852164568e-01
1.777121004482747679e+00 4.596088276322318755e-01
1.787392782832625482e+00 4.737579597311554758e-01
1.797723932170862682e+00 4.967259775737041805e-01
1.808114795662403074e+00 4.880395486803821847e-01
1.818565718455690483e+00 4.497832698263036222e-01
1.829077047694130043e+00 3.981159632529212011e-01
1.839649132527616748e+00 3.557918888512601185e-01
1.850282324124138622e+00 3.332349439924105483e-01
1.860976975681438272e+00 3.165188894841657885e-01
1.871733442438742401e+00 3.135235376762781634e-01
1.882552081688566581e+00 3.092255412578240881e-01
1.893433252788581767e+00 2.927570440353181036e-01
1.904377317173546302e+00 2.835069884065686274e-01
1.915384638367318981e+00 2.619768125114474988e-01
1.926455581994929611e+00 2.430062510614929283e-01
1.937590515794722412e+00 2.475234864045865735e-01
1.948789809630575354e+00 2.584717302037730646e-01
1.960053835504184105e+00 2.747538743403354355e-01
1.971382967567415045e+00 2.879986458751209732e-01
1.982777582134739092e+00 2.966777668042883676e-01
1.994238057695728816e+00 3.136368111206752629e-01
2.005764774927627947e+00 3.274415554088109803e-01
2.017358116708002580e+00 3.304506096494885248e-01
2.029018468127450348e+00 3.288693489055258823e-01
2.040746216502401289e+00 3.294622074975719350e-01
2.052541751387976898e+00 3.286163106466711281e-01
2.064405464590929995e+00 3.154016844640235018e-01
2.076337750182662312e+00 3.076378860452261832e-01
2.088339004512313135e+00 3.070450274531800750e-01
2.100409626219920778e+00 2.925250161734079257e-01
2.112550016249669760e+00 2.781822230243860550e-01
2.124760577863207711e+00 2.749210440203730399e-01
2.137041716653034662e+00 2.719914638898773274e-01
2.149393840555982482e+00 2.805637058432829400e-01
2.161817359866763155e+00 2.883786600111628573e-01
2.174312687251592546e+00 2.806842872518346965e-01
2.186880237761905654e+00 2.694565138237328128e-01
2.199520428848138476e+00 2.641737692354395040e-01
2.212233680373592026e+00 2.528025770108025538e-01
2.225020414628386511e+00 2.451694084512696381e-01
2.237881056343477670e+00 2.504028242815190541e-01
2.250816032704775704e+00 2.615401616532071483e-01
2.263825773367328598e+00 2.644131050615042833e-01
2.276910710469592924e+00 2.537781902254484523e-01
2.290071278647793029e+00 2.501817583658408339e-01
2.303307915050354371e+00 2.548862602903974595e-01
2.316621059352423018e+00 2.451931593347722316e-01
2.330011153770474852e+00 2.383501643994609120e-01
2.343478643077001600e+00 2.468109598995081033e-01
2.357023974615280792e+00 2.541983981643409218e-01
2.370647598314243876e+00 2.481245664563065945e-01
2.384349966703414481e+00 2.577555497166172382e-01
2.398131534927939956e+00 2.674175918245851880e-01
2.411992760763713051e+00 2.431021680910227523e-01
2.425934104632577970e+00 2.217747882011932015e-01
2.439956029617617261e+00 2.161028945216647013e-01
2.454059001478542612e+00 2.131048022272191422e-01
2.468243488667162033e+00 2.178896917574768555e-01
2.482509962342935861e+00 2.296756109478902130e-01
2.496858896388636673e+00 2.296984483358734952e-01
2.511290767426078485e+00 2.194883089163067458e-01
2.525806054831960523e+00 2.084825148994023658e-01
2.540405240753779381e+00 2.001961970435474913e-01
2.555088810125852206e+00 1.912859617479892860e-01
2.569857250685421590e+00 1.820989373100737052e-01
2.584711052988855506e+00 1.796708662196909168e-01
2.599650710427946265e+00 1.855464694000302783e-01
2.614676719246288084e+00 2.015509108987159348e-01
2.629789578555775442e+00 2.116733547484268563e-01
2.644989790353173831e+00 2.232491699693940346e-01
2.660277859536794409e+00 2.228581938871201928e-01
2.675654293923265481e+00 2.221785532207376235e-01
2.691119604264405218e+00 2.300702410122413555e-01
2.706674304264172548e+00 2.382871332086270444e-01
2.722318910595750374e+00 2.400437850923012595e-01
2.738053942918694972e+00 2.278321769898794813e-01
2.753879923896200843e+00 2.139324291677333345e-01
2.769797379212459720e+00 2.131267261196830576e-01
2.785806837590128815e+00 2.047901660102650068e-01
2.801908830807877226e+00 1.953437088448592707e-01
2.818103893718070019e+00 1.987857599616998650e-01
2.834392564264522019e+00 2.178449304770296024e-01
2.850775383500368410e+00 2.343326111054415684e-01
2.867252895606037466e+00 2.420589562079462909e-01
2.883825647907329426e+00 2.491449409513997459e-01
2.900494190893583735e+00 2.412934469627466272e-01
2.917259078235983960e+00 2.367150074198577647e-01
2.934120866805935979e+00 2.357942039363717657e-01
2.951080116693567401e+00 2.243325756553210260e-01
2.968137391226336685e+00 2.165706042275623577e-01
2.985293256987731514e+00 2.006593392718485358e-01
3.002548283836107057e+00 2.120625038396620199e-01
3.019903044923603730e+00 2.210677426692307102e-01
3.037358116715186629e+00 2.039278262400161801e-01
3.054914079007794214e+00 1.983701195004040907e-01
3.072571514949601568e+00 1.892580016950736743e-01
3.090331011059376021e+00 1.869916193116125391e-01
3.108193157245980220e+00 1.825858304218773154e-01
3.126158546827951579e+00 1.920359415693603522e-01
3.144227776553216724e+00 2.047042974314478014e-01
3.162401446618910317e+00 2.060453088538262978e-01
3.180680160691316427e+00 2.150094403850250357e-01
3.199064525925907621e+00 2.173635183383419711e-01
3.217555152987530587e+00 2.052688376623945932e-01
3.236152656070678812e+00 1.896763826429274102e-01
3.254857652919894928e+00 1.800874201765060301e-01
3.273670764850296955e+00 1.767522480354271897e-01
3.292592616768199143e+00 1.647279065144683086e-01
3.311623837191892683e+00 1.563867789274535625e-01
3.330765058272506351e+00 1.514913564393567391e-01
3.350016915815009710e+00 1.479433398422736745e-01
3.369380049299332214e+00 1.384046196294154984e-01
3.388855101901607103e+00 1.349671359901715439e-01
3.408442720515521884e+00 1.407596110782518006e-01
3.428143555773827789e+00 1.529666517030769113e-01
3.447958262069935831e+00 1.476263568970657136e-01
3.467887497579658529e+00 1.340527269753208628e-01
3.487931924283071528e+00 1.304343712232492736e-01
3.508092207986506228e+00 1.247432941378148474e-01
3.528369018344649444e+00 1.201063908816887987e-01
3.548763028882812254e+00 1.170215165129067370e-01
3.569274917019284565e+00 1.171366169483425007e-01
3.589905364087840223e+00 1.201721625590806558e-01
3.610655055360374899e+00 1.261519042286238235e-01
3.631524680069651456e+00 1.349342501514756154e-01
3.652514931432215839e+00 1.452969433227707108e-01
3.673626506671410219e+00 1.384475539188240734e-01
3.694860107040534913e+00 1.352092123027943682e-01
3.716216437846141751e+00 1.341806163480272485e-01
3.737696208471465109e+00 1.226422544433526801e-01
3.759300132399972405e+00 1.151406292386034508e-01
3.781028927239082016e+00 1.150045184062230830e-01
3.802883314743989107e+00 1.193545840692790821e-01
3.824864020841640233e+00 1.097071578896204602e-01
3.846971775654848713e+00 9.809662983891871690e-02
3.869207313526548564e+00 1.064761242377453843e-01
3.891571373044171445e+00 1.184694069110469733e-01
3.914064697064205678e+00 1.190330336464744398e-01
3.936688032736852527e+00 1.244190032284522018e-01
3.959442131530850340e+00 1.306198108136735758e-01
3.982327749258438132e+00 1.346483260539249049e-01
4.005345646100446189e+00 1.336060276663678104e-01
4.028496586631570509e+00 1.307796725295565510e-01
4.051781339845751617e+00 1.267027420267806403e-01
4.075200679181723906e+00 1.219836241739147703e-01
4.098755382548707082e+00 1.142271337192720809e-01
4.122446232352245943e+00 1.079715164028908353e-01
4.146274015520188705e+00 1.098030749191502564e-01
4.170239523528843861e+00 1.209541147236282976e-01
4.194343552429258715e+00 1.316072994700707710e-01
4.218586902873665778e+00 1.346154402152289764e-01
4.242970380142073950e+00 1.519910384884310128e-01
4.267494794169023997e+00 1.605340485852179977e-01
4.292160959570472833e+00 1.500096667070012491e-01
4.316969695670882068e+00 1.465904529781439369e-01
4.341921826530410478e+00 1.311715621073497040e-01
4.367018180972294772e+00 1.271677112461202797e-01
4.392259592610382235e+00 1.291353805947600686e-01
4.417646899876805477e+00 1.223901296800172372e-01
4.443180946049855251e+00 1.222339219462115628e-01
4.468862579281975833e+00 1.240974528056475595e-01
4.494692652627942486e+00 1.302196997762064268e-01
4.520672024073195239e+00 1.251041248679507223e-01
4.546801556562344082e+00 1.171895996884637220e-01
4.573082118027814502e+00 1.148958124394226510e-01
4.599514581418703507e+00 1.197409926739562425e-01
4.626099824729760002e+00 1.251598480946299330e-01
4.652838731030551678e+00 1.350694474883366580e-01
4.679732188494796219e+00 1.328578748360354223e-01
4.706781090429870140e+00 1.359911644673420239e-01
4.733986335306464177e+00 1.351087277956679322e-01
4.761348826788450062e+00 1.285050686864214475e-01
4.788869473762884077e+00 1.324559368075295951e-01
4.816549190370198019e+00 1.263601812070313524e-01
4.844388896034566017e+00 1.119945506700262133e-01
4.872389515494448098e+00 1.072114881308071505e-01
4.900551978833287414e+00 1.242289961604312876e-01
4.928877221510434836e+00 1.406847044456666085e-01
4.957366184392200559e+00 1.396780323833634319e-01
4.986019813783113541e+00 1.315945105328001352e-01
5.014839061457356806e+00 1.242984218199004592e-01
5.043824884690362609e+00 1.364945004984935983e-01
5.072978246290641202e+00 1.359107768616408807e-01
5.102300114631742822e+00 1.296953533481101928e-01
5.131791463684423960e+00 1.250849414620447686e-01
5.161453273049005475e+00 1.184620989468923163e-01
5.191286527987911903e+00 1.282575114006826167e-01
5.221292219458380401e+00 1.332771692794085250e-01
5.251471344145405951e+00 1.329958126594544543e-01
5.281824904494829553e+00 1.320539987790237957e-01
5.312353908746639597e+00 1.319078394959307954e-01
5.343059370968462396e+00 1.327847951944889082e-01
5.373942311089249912e+00 1.299356026696943667e-01
5.405003754933139781e+00 1.353608525590033751e-01
5.436244734253559585e+00 1.276555178534432566e-01
5.467666286767478567e+00 1.160047959998909417e-01
5.499269456189878724e+00 1.159024845017258276e-01
5.531055292268432844e+00 1.131144961767264617e-01
5.563024850818350409e+00 1.107339268533489157e-01
5.595179193757479297e+00 1.144783449870882125e-01
5.627519389141558470e+00 1.163619727479495158e-01
5.660046511199702479e+00 1.155791070878825072e-01
5.692761640370078702e+00 1.110024945360323506e-01
5.725665863335805739e+00 1.043138803434880413e-01
5.758760273061025892e+00 9.932071383482274363e-02
5.792045968827241431e+00 1.006626387527205374e-01
5.825524056269808071e+00 9.887127403931172953e-02
5.859195647414667363e+00 9.977472110793045301e-02
5.893061860715279821e+00 1.088566935611229580e-01
5.927123821089786304e+00 1.101958779924627346e-01
5.961382659958350594e+00 1.109093179930605438e-01
5.995839515280771082e+00 1.063591968112709701e-01
6.030495531594262104e+00 1.073740903332481289e-01
6.065351860051475086e+00 1.118575263421264926e-01
6.100409658458743500e+00 1.081514750201991171e-01
6.135670091314512575e+00 1.088914063908575369e-01
6.171134329848062094e+00 1.104416082871628874e-01
6.206803552058381079e+00 1.076965542515720964e-01
6.242678942753306259e+00 1.042234442870742239e-01
6.278761693588877257e+00 1.072553359157350644e-01
6.315053003108923591e+00 1.058394178607714314e-01
6.351554076784851510e+00 9.998208459081867061e-02
6.388266127055725718e+00 9.857164750897101646e-02
6.425190373368511843e+00 1.007028325555711229e-01
6.462328042218596025e+00 1.025453530180625017e-01
6.499680367190518560e+00 9.973635429611853176e-02
6.537248588998957999e+00 9.762800663750172137e-02
6.575033955529916874e+00 9.510127803103114730e-02
6.613037721882214726e+00 1.000332403399012138e-01
6.651261150409145451e+00 1.005539327859201054e-01
6.689705510760421525e+00 9.131282941326007707e-02
6.728372079924347382e+00 8.363544767059150065e-02
6.767262142270216607e+00 7.945584027144274308e-02
6.806376989591010229e+00 7.932027753637396761e-02
6.845717921146279750e+00 8.396110882323314095e-02
6.885286243705309062e+00 8.849323414329186843e-02
6.925083271590525058e+00 8.865026402306493136e-02
6.965110326721157818e+00 8.672324522503539745e-02
7.005368738657123728e+00 9.051105439594293867e-02
7.045859844643230119e+00 9.432572033511882337e-02
7.086584989653569089e+00 9.261200274085315542e-02
7.127545526436194656e+00 9.200544171601712784e-02
7.168742815558059256e+00 9.463996279376879484e-02
7.210178225450215805e+00 9.164461098588123911e-02
7.251853132453240036e+00 8.973440050540741619e-02
7.293768920862992111e+00 9.299293037241433690e-02
7.335926982976571864e+00 9.355016263920647168e-02
7.378328719138569802e+00 9.376757457280734953e-02
7.420975537787583676e+00 9.445817718542186270e-02
7.463868855503007715e+00 8.629518122467672026e-02
7.507010097052058128e+00 7.936768795382725949e-02
7.550400695437144982e+00 7.438685363467295586e-02
7.594042091943437711e+00 7.168884461832775168e-02
7.637935736186750368e+00 7.321812746724039311e-02
7.682083086161699548e+00 7.487319864916497369e-02
7.726485608290103890e+00 7.531414293634623724e-02
7.771144777469737974e+00 8.001791406448732769e-02
7.816062077123293150e+00 8.162648832447794156e-02
7.861238999247660786e+00 7.324781607161867658e-02
7.906677044463489068e+00 7.154432962716952837e-02
7.952377722065040011e+00 1.102744386071252414e-01
7.998342550070284496e+00 1.292340381108478542e-01
