2.511886431509579437e-02 7.520449633888062202e-01
2.526405161860213050e-02 7.568566999403119056e-01
2.541007810627042562e-02 7.592462017652092943e-01
2.555694862859406516e-02 7.633901871218122803e-01
2.570466806410236227e-02 7.669908063100138174e-01
2.585324131952258450e-02 7.708074626495075021e-01
2.600267332994290678e-02 7.746633984710542542e-01
2.615296905897638788e-02 7.787157317028665648e-01
2.630413349892583852e-02 7.829644623449443230e-01
2.645617167094958117e-02 7.874554164596830885e-01
2.660908862522835469e-02 7.921885940470826393e-01
2.676288944113292337e-02 7.969479579558509386e-01
2.691757922739292791e-02 8.012948873030615315e-01
2.707316312226650673e-02 8.053341273741895234e-01
2.722964629371095457e-02 8.093602742846329745e-01
2.738703393955444973e-02 8.134911664805515308e-01
2.754533128766867636e-02 8.178184560867356456e-01
2.770454359614242176e-02 8.224076089066070239e-01
2.786467615345633933e-02 8.272979044222190659e-01
2.802573427865854422e-02 8.308265112266566277e-01
2.818772332154127064e-02 8.315924611266921618e-01
2.835064866281864979e-02 8.304664493078363074e-01
2.851451571430539678e-02 8.282209722504669802e-01
2.867932991909653145e-02 8.253666632212744991e-01
2.884509675174826843e-02 8.222439443980524842e-01
2.901182171845980567e-02 8.190688529320928613e-01
2.917951035725619563e-02 8.156318982524458638e-01
2.934816823817239240e-02 8.112195031018134550e-01
2.951780096343814899e-02 8.060869841135407388e-01
2.968841416766421215e-02 8.009282788038990519e-01
2.986001351802944001e-02 7.959659709045231457e-01
3.003260471446899879e-02 7.913833646649939269e-01
3.020619348986378766e-02 7.872655656297598004e-01
3.038078561023081769e-02 7.837042259236112196e-01
3.055638687491469066e-02 7.809088361174983950e-01
3.073300311678033025e-02 7.788728496310789451e-01
3.091064020240668481e-02 7.774195087951140115e-01
3.108930403228154019e-02 7.765160807078924643e-01
3.126900054099761295e-02 7.761036461463348690e-01
3.144973569744963920e-02 7.761560187890723661e-01
3.163151550503255638e-02 7.767386644395268824e-01
3.181434600184106232e-02 7.779956078652262574e-01
3.199823326087009728e-02 7.798548366824067379e-01
3.218318339021652985e-02 7.822050590252509483e-01
3.236920253328214730e-02 7.850069954117060433e-01
3.255629686897762443e-02 7.882148197793765743e-01
3.274447261192782455e-02 7.918088923872359519e-01
3.293373601267822470e-02 7.959005051011013299e-01
3.312409335790250653e-02 8.005420305637103162e-01
3.331555097061136145e-02 8.056418166502721245e-01
3.350811521036261426e-02 8.111736770394182283e-01
3.370179247347232510e-02 8.171245185704639757e-01
3.389658919322740410e-02 8.234681549220409513e-01
3.409251184009919750e-02 8.302373189958599520e-01
3.428956692195841288e-02 8.374778368543162044e-01
3.448776098429136294e-02 8.451831619170674381e-01
3.468710061041735404e-02 8.533336544430875081e-01
3.488759242170727526e-02 8.619227678520336999e-01
3.508924307780367929e-02 8.709570487242486170e-01
3.529205927684192501e-02 8.803579380956256806e-01
3.549604775567258980e-02 8.900337838413746594e-01
3.570121529008542238e-02 9.000173188632063503e-01
3.590756869503420462e-02 9.104067418662533662e-01
3.611511482486330638e-02 9.212347857522268368e-01
3.632386057353523962e-02 9.325341834228375593e-01
3.653381287485973905e-02 9.440758045661091780e-01
3.674497870272393912e-02 9.557090778341712500e-01
3.695736507132423021e-02 9.677089596013958017e-01
3.717097903539903075e-02 9.804027788848919123e-01
3.738582769046329413e-02 9.940262125769782076e-01
3.760191817304411876e-02 1.008828030730657854e+00
3.781925766091774610e-02 1.022523476806508125e+00
3.803785337334809891e-02 1.033403893335218982e+00
3.825771257132654091e-02 1.042654211358726046e+00
3.847884255781295476e-02 1.050588666733453636e+00
3.870125067797849233e-02 1.057842277752594429e+00
3.892494431944945599e-02 1.062928970678471918e+00
3.914993091255265789e-02 1.062568908759651487e+00
3.937621793056233360e-02 1.057822638011567840e+00
3.960381288994833243e-02 1.051649212748887674e+00
3.983272335062570252e-02 1.045331762718679336e+00
4.006295691620595512e-02 1.039767169427822546e+00
4.029452123424955012e-02 1.034235309038676442e+00
4.052742399651988042e-02 1.028212455123866498e+00
4.076167293923887297e-02 1.022536569967192444e+00
4.099727584334383890e-02 1.017613541549869494e+00
4.123424053474603751e-02 1.013888537335166484e+00
4.147257488459059338e-02 1.012566128106045182e+00
4.171228680951784978e-02 1.014582474851438043e+00
4.195338427192649156e-02 1.019741180161079619e+00
4.219587528023795858e-02 1.028179722222155590e+00
4.243976788916238585e-02 1.039878461293639589e+00
4.268507019996626434e-02 1.057010862049136968e+00
4.293179036074151744e-02 1.081239755895562427e+00
4.317993656667604152e-02 1.112015230084172579e+00
4.342951706032609216e-02 1.149658067051734234e+00
4.368054013188996804e-02 1.194397397110224412e+00
4.393301411948334623e-02 1.236138393371993827e+00
4.418694740941636612e-02 1.267437593987978728e+00
4.444234843647213579e-02 1.293440611107136373e+00
4.469922568418681352e-02 1.315424027896192394e+00
4.495758768513159753e-02 1.332294565438002287e+00
4.521744302119593689e-02 1.322952595289704769e+00
4.547880032387276866e-02 1.280903909751852643e+00
4.574166827454511502e-02 1.222253096466220379e+00
4.600605560477452616e-02 1.157121168641825015e+00
4.627197109659098723e-02 1.097560380688628712e+00
4.653942358278480296e-02 1.047577239776048774e+00
4.680842194719982141e-02 1.004376356097972156e+00
4.707897512502866311e-02 9.656140538918966953e-01
4.735109210310945588e-02 9.306291285432618521e-01
4.762478192022426976e-02 9.019223737427820575e-01
4.790005366739954334e-02 8.789504233220560847e-01
4.817691648820784933e-02 8.590422725014724703e-01
4.845537957907175564e-02 8.415890893092080605e-01
4.873545218956924774e-02 8.272455317794815688e-01
4.901714362274099679e-02 8.166793511071954725e-01
4.930046323539925834e-02 8.090263986871816249e-01
4.958542043843887359e-02 8.038415070561714115e-01
4.987202469714965836e-02 8.006926019115805371e-01
5.016028553153097091e-02 7.973014732943288774e-01
5.045021251660784106e-02 7.917237868427875469e-01
5.074181528274907677e-02 7.848433309031513927e-01
5.103510351598705003e-02 7.784211355874681715e-01
5.133008695833959217e-02 7.739760075351248547e-01
5.162677540813340182e-02 7.711216985059323736e-01
5.192517872032970105e-02 7.692559231084097338e-01
5.222530680685147364e-02 7.680775386468164934e-01
5.252716963691266006e-02 7.664605333022969091e-01
5.283077723734942721e-02 7.639270067098714589e-01
5.313613969295318679e-02 7.610268716182836402e-01
5.344326714680543849e-02 7.577797677685600419e-01
5.375216980061491706e-02 7.534786644837445646e-01
5.406285791505632127e-02 7.482086673082860573e-01
5.437534181011107609e-02 7.427815522046149477e-01
5.468963186541032917e-02 7.373740768419704272e-01
5.500573852057948770e-02 7.319404151579571582e-01
5.532367227558519784e-02 7.267162440448937666e-01
5.564344369108398941e-02 7.221532775463910259e-01
5.596506338877313413e-02 7.183300746265551817e-01
5.628854205174332881e-02 7.150502378751205645e-01
5.661389042483377931e-02 7.121566493638750162e-01
5.694111931498885282e-02 7.096885885748713818e-01
5.727023959161724881e-02 7.072925401696318337e-01
5.760126218695296035e-02 7.045888024883095735e-01
5.793419809641841417e-02 7.018785182266450429e-01
5.826905837898961604e-02 6.995675753658538998e-01
5.860585415756369709e-02 6.981207811102311256e-01
5.894459661932811845e-02 6.976559739059360332e-01
5.928529701613251268e-02 6.980945947888623770e-01
5.962796666486229469e-02 6.994759232410633354e-01
5.997261694781454155e-02 7.017214002984326626e-01
6.031925931307623168e-02 7.048375725413126291e-01
6.066790527490428103e-02 7.088702660320982396e-01
6.101856641410823012e-02 7.122810343903765995e-01
6.137125437843479747e-02 7.137998410297633489e-01
6.172598088295483398e-02 7.143563003588490057e-01
6.208275771045231733e-02 7.146705362152739882e-01
6.244159671181598315e-02 7.153186476691502094e-01
6.280250980643269088e-02 7.164577526486903825e-01
6.316550898258359303e-02 7.182056896000537094e-01
6.353060629784218483e-02 7.206868435497416625e-01
6.389781387947492119e-02 7.239274008191229903e-01
6.426714392484385308e-02 7.278946285064870070e-01
6.463860870181208085e-02 7.328242035041521163e-01
6.501222054915094251e-02 7.388666971599885391e-01
6.538799187695008841e-02 7.459959231526276380e-01
6.576593516702965159e-02 7.542249746427536206e-01
6.614606297335466623e-02 7.635669447910512497e-01
6.652838792245242827e-02 7.740742062402575785e-01
6.691292271383147972e-02 7.851117406971809265e-01
6.729968012040381253e-02 7.950101701745642124e-01
6.768867298890894613e-02 8.035207246194042696e-01
6.807991424034069705e-02 8.112915154855774302e-01
6.847341687037629410e-02 8.180672261397385903e-01
6.886919394980822728e-02 8.244828748750795411e-01
6.926725862497820629e-02 8.311014676010283209e-01
6.966762411821400547e-02 8.365154895440151117e-01
7.007030372826857090e-02 8.403779719459040232e-01
7.047531083076181979e-02 8.433697591622824064e-01
7.088265887862478520e-02 8.441749885443711188e-01
7.129236140254673060e-02 8.430817096272261724e-01
7.170443201142430445e-02 8.411177355245709197e-01
7.211888439281383123e-02 8.371636009978913329e-01
7.253573231338585059e-02 8.313829705557422844e-01
7.295498961938230720e-02 8.246596325443186215e-01
7.337667023707672431e-02 8.166204318841158161e-01
7.380078817323644513e-02 8.078283744845617953e-01
7.422735751558823258e-02 7.990428636653500449e-01
7.465639243328600627e-02 7.904668434170880609e-01
7.508790717738160481e-02 7.823818166944900288e-01
7.552191608129793510e-02 7.750954727736384386e-01
7.595843356130543844e-02 7.687649295827458928e-01
7.639747411700059665e-02 7.634032802824965991e-01
7.683905233178781047e-02 7.591872825421297488e-01
7.728318287336367887e-02 7.562478679684887517e-01
7.772988049420428980e-02 7.546046763026004189e-01
7.817916003205507836e-02 7.542184280624114612e-01
7.863103641042397396e-02 7.552593343368189105e-01
7.908552463907676799e-02 7.575768237779523240e-01
7.954263981453599253e-02 7.604049464857760565e-01
8.000239712058217212e-02 7.638288080047386241e-01
8.046481182875830918e-02 7.660808316424501108e-01
8.092989929887701994e-02 7.650464719483849318e-01
8.139767497953076525e-02 7.615767843670271375e-01
8.186815440860513438e-02 7.556455825770077572e-01
8.234135321379483508e-02 7.481366549245219710e-01
8.281728711312283386e-02 7.404967956651924421e-01
8.329597191546232737e-02 7.333872094135799324e-01
8.377742352106211376e-02 7.272072375705576075e-01
8.426165792207447602e-02 7.227162834558189530e-01
8.474869120308657633e-02 7.201827568633933918e-01
8.523853954165466762e-02 7.194822727667796736e-01
8.573121920884146929e-02 7.205231790411870119e-01
8.622674656975649887e-02 7.229716000891640570e-01
8.672513808409994251e-02 7.264151013491532138e-01
8.722641030670905127e-02 7.308798691425232308e-01
8.773057988810836760e-02 7.370271080838346478e-01
8.823766357506258873e-02 7.447062468252172440e-01
8.874767821113291322e-02 7.537470742777742094e-01
8.926064073723644077e-02 7.639728327722666856e-01
8.977656819220893036e-02 7.754948141745117152e-01
9.029547771337091688e-02 7.885159624751170160e-01
9.081738653709675591e-02 8.033636066911917784e-01
9.134231199938727674e-02 8.189379213252491185e-01
9.187027153644546085e-02 8.313764239754001251e-01
9.240128268525588107e-02 8.388591653065171627e-01
9.293536308416693037e-02 8.458967391743656972e-01
9.347253047347692245e-02 8.540996043431230422e-01
9.401280269602330097e-02 8.626821711717271857e-01
9.455619769777530437e-02 8.729668488892992073e-01
9.510273352842993355e-02 8.819029310563812896e-01
9.565242834201181932e-02 8.762859651227868918e-01
9.620530039747586526e-02 8.556445973038786512e-01
9.676136805931405405e-02 8.336546339344802492e-01
9.732064979816532069e-02 8.151932773695195200e-01
9.788316419142908953e-02 8.011835954372443780e-01
9.844892992388228070e-02 7.930854755539619161e-01
9.901796578830000806e-02 7.940412762839208494e-01
9.959029068607995472e-02 8.069576792990511560e-01
1.001659236278700377e-01 8.343420248704097597e-01
1.007448837341998471e-01 8.786820135280265509e-01
1.013271902361159299e-01 9.134705414663958356e-01
1.019128624758204177e-01 9.075655259977453149e-01
1.025019199073136378e-01 8.735036684773583859e-01
1.030943820970401520e-01 8.260736938982304878e-01
1.036902687245389171e-01 7.842148591903016497e-01
1.042895995830967204e-01 7.515081438007470416e-01
1.048923945804057928e-01 7.267031508842093368e-01
1.054986737392250712e-01 7.075544033833192081e-01
1.061084571980452224e-01 6.913188841347012170e-01
1.067217652117575799e-01 6.759736998126203433e-01
1.073386181523270227e-01 6.615974093811828327e-01
1.079590365094685589e-01 6.479346962070433591e-01
1.085830408913279893e-01 6.357934083044277651e-01
1.092106520251663743e-01 6.254255890165099085e-01
1.098418907580486492e-01 6.170145425928709182e-01
1.104767780575359459e-01 6.104005324731618387e-01
1.111153350123821049e-01 6.053184221535238274e-01
1.117575828332342536e-01 6.015829434102732964e-01
1.124035428533372433e-01 5.988909895735669009e-01
1.130532365292423180e-01 5.970180129376679856e-01
1.137066854415197809e-01 5.955758012882845787e-01
1.143639112954759340e-01 5.941676318566807558e-01
1.150249359218739331e-01 5.924033284544618638e-01
1.156897812776589568e-01 5.902619420245333037e-01
1.163584694466876512e-01 5.881120450401597921e-01
1.170310226404614878e-01 5.865127154625642270e-01
1.177074631988646730e-01 5.858436549515928515e-01
1.183878135909062629e-01 5.864773639287162998e-01
1.190720964154663303e-01 5.885912547212077683e-01
1.197603344020467531e-01 5.922966191948844106e-01
1.204525504115261381e-01 5.978435367188174032e-01
1.211487674369193246e-01 6.053380618945504166e-01
1.218490086041408849e-01 6.150400939616681439e-01
1.225532971727734816e-01 6.269699273192311795e-01
1.232616565368404721e-01 6.408702813597918491e-01
1.239741102255828148e-01 6.562684929826444469e-01
1.246906819042407494e-01 6.724647327492093707e-01
1.254113953748399735e-01 6.875611470182871887e-01
1.261362745769819826e-01 6.994104574376415195e-01
1.268653435886395453e-01 7.043465790156486772e-01
1.275986266269562852e-01 7.016166550129576684e-01
1.283361480490512463e-01 6.939964354946547287e-01
1.290779323528278288e-01 6.860881664412956660e-01
1.298240041777875831e-01 6.833909753403155651e-01
1.305743883058487209e-01 6.940029820749969991e-01
1.313291096621690413e-01 7.200911047386028274e-01
1.320881933159741561e-01 7.312530242220276477e-01
1.328516644813900749e-01 6.998949043829632011e-01
1.336195485182806453e-01 6.397135006133278790e-01
1.343918709330900185e-01 5.830220788241112784e-01
1.351686573796898327e-01 5.378971551834665910e-01
1.359499336602315311e-01 5.018471012131582309e-01
1.367357257260030934e-01 4.731364184644731297e-01
1.375260596782912625e-01 4.504479349725637460e-01
1.383209617692485738e-01 4.332337019627891528e-01
1.391204584027652402e-01 4.221843836612498846e-01
1.399245761353461737e-01 4.175559513593253280e-01
1.407333416769932510e-01 4.196200881412161521e-01
1.415467818920924381e-01 4.286419305107808664e-01
1.423649238003061035e-01 4.430241128645263649e-01
1.431877945774705507e-01 4.571202096573183660e-01
1.440154215564987683e-01 4.645047522833026243e-01
1.448478322282882313e-01 4.652327320173536007e-01
1.456850542426340045e-01 4.672071806485564860e-01
1.465271154091474515e-01 4.749504758772925550e-01
1.473740436981796631e-01 4.875264567146292971e-01
1.482258672417506584e-01 5.006353291918198556e-01
1.490826143344838317e-01 5.089566874647708516e-01
1.499443134345459228e-01 5.121147578218406826e-01
1.508109931645919832e-01 5.142437057491191510e-01
1.516826823127164214e-01 5.175935909102150623e-01
1.525594098334091819e-01 5.232360885071439816e-01
1.534412048485173929e-01 5.307587639783484246e-01
1.543280966482127869e-01 5.367888191315346447e-01
1.552201146919646169e-01 5.336602083860046974e-01
1.561172886095181789e-01 5.203739235815408870e-01
1.570196482018790252e-01 5.048676933830422708e-01
1.579272234423027277e-01 4.904881296614336250e-01
1.588400444772908315e-01 4.779992183426479690e-01
1.597581416275917487e-01 4.663175003800536511e-01
1.606815453892082024e-01 4.542947055816314861e-01
1.616102864344102497e-01 4.413148007371819337e-01
1.625443956127538836e-01 4.272252505247320364e-01
1.634839039521058524e-01 4.124666398013109303e-01
1.644288426596743347e-01 3.979312674675583028e-01
1.653792431230455828e-01 3.843543144959015168e-01
1.663351369112262834e-01 3.719158118457506768e-01
1.672965557756923849e-01 3.596841811344128059e-01
1.682635316514438095e-01 3.475959205325688806e-01
1.692360966580649384e-01 3.375711420545814967e-01
1.702142831007917856e-01 3.326716813264904427e-01
1.711981234715850009e-01 3.358428448442447034e-01
1.721876504502090899e-01 3.423671668132658996e-01
1.731828969053178791e-01 3.467317719274004562e-01
1.741838958955464201e-01 3.546406956387937459e-01
1.751906806706090836e-01 3.657168549197359897e-01
1.762032846724038426e-01 3.760368841711558829e-01
1.772217415361232173e-01 3.869002795909771697e-01
1.782460850913716033e-01 4.019096243415039571e-01
1.792763493632887617e-01 4.221955128478315777e-01
1.803125685736800821e-01 4.492387815833622233e-01
1.813547771421535060e-01 4.820116174343729298e-01
1.824030096872625850e-01 5.085082467113312132e-01
1.834573010276564775e-01 5.229905917443120611e-01
1.845176861832364401e-01 5.285289987138003243e-01
1.855842003763193415e-01 5.276700873729056607e-01
1.866568790328071992e-01 5.230148140915782395e-01
1.877357577833641822e-01 5.159955706486878402e-01
1.888208724646001924e-01 5.085481808514185076e-01
1.899122591202609955e-01 5.029829329025272688e-01
1.910099540024255971e-01 5.001443356661560147e-01
1.921139935727104175e-01 4.968514057540371343e-01
1.932244145034804905e-01 4.921365585915957186e-01
1.943412536790674328e-01 4.899028653788423116e-01
1.954645481969946030e-01 4.916390184855896628e-01
1.965943353692096995e-01 4.922701088305763140e-01
1.977306527233236300e-01 4.848259923234781166e-01
1.988735380038573475e-01 4.707652470645338760e-01
2.000230291734956534e-01 4.546554221584858668e-01
2.011791644143479663e-01 4.366307225023488003e-01
2.023419821292166965e-01 4.155134182925637187e-01
2.035115209428728922e-01 3.955064141088130980e-01
2.046878197033392410e-01 3.795196649131981625e-01
2.058709174831803157e-01 3.671499013566402181e-01
2.070608535808005912e-01 3.569653863183035458e-01
2.082576675217497619e-01 3.485890367704782555e-01
2.094613990600355524e-01 3.426683095090063969e-01
2.106720881794442723e-01 3.393982926280851853e-01
2.118897750948690872e-01 3.385177775720613624e-01
2.131145002536455058e-01 3.400562239524747565e-01
2.143463043368951104e-01 3.450748324427935221e-01
2.155852282608767823e-01 3.604101968943611012e-01
2.168313131783459469e-01 3.922540729948157945e-01
2.180846004799212312e-01 4.053524709434588869e-01
2.193451317954595303e-01 3.874063302514280660e-01
2.206129489954388734e-01 3.652546663475777500e-01
2.218880941923488948e-01 3.480057364619895677e-01
2.231706097420899648e-01 3.317708718714058036e-01
2.244605382453801201e-01 3.076126810926759769e-01
2.257579225491697927e-01 2.762283749322426707e-01
2.270628057480653939e-01 2.465180293653059518e-01
2.283752311857605299e-01 2.237392030646744023e-01
2.296952424564759343e-01 2.091501487721158514e-01
2.310228834064072811e-01 2.011528462261030492e-01
2.323581981351817149e-01 1.971077142326671527e-01
2.337012309973229007e-01 1.957047820653369796e-01
2.350520266037238737e-01 1.966749852720487413e-01
2.364106298231291869e-01 2.000975374749428826e-01
2.377770857836252472e-01 2.062277553073646186e-01
2.391514398741393099e-01 2.159500817735430789e-01
2.405337377459470793e-01 2.289659928098746466e-01
2.419240253141889951e-01 2.380192587650818148e-01
2.433223487593957901e-01 2.392041898070172423e-01
2.447287545290218747e-01 2.375943857008740445e-01
2.461432893389885190e-01 2.390195762413676595e-01
2.475660001752356676e-01 2.453088759761044291e-01
2.489969342952823017e-01 2.546685218913258830e-01
2.504361392297964617e-01 2.653230813982314640e-01
2.518836627841739007e-01 2.743540889802751903e-01
2.533395530401260642e-01 2.779481615881345680e-01
2.548038583572773130e-01 2.791049423345985936e-01
2.562766273747711931e-01 2.802970746149104353e-01
2.577579090128856998e-01 2.806833228550993375e-01
2.592477524746588102e-01 2.788921784734775811e-01
2.607462072475227322e-01 2.760751849522354862e-01
2.622533231049470337e-01 2.740797872639376132e-01
2.637691501080930423e-01 2.696366231856968665e-01
2.652937386074759596e-01 2.632137732119794737e-01
2.668271392446371348e-01 2.570678435867365663e-01
2.683694029538270520e-01 2.498240524381092065e-01
2.699205809636965880e-01 2.394614704144651107e-01
2.714807247989985406e-01 2.250923812214039588e-01
2.730498862822996475e-01 2.095233038516203794e-01
2.746281175357012105e-01 1.957610826562797557e-01
2.762154709825712651e-01 1.839726554341078457e-01
2.778119993492854656e-01 1.728054986864092091e-01
2.794177556669779627e-01 1.616272127521288793e-01
2.810327932733039380e-01 1.500862462668915431e-01
2.826571658142107979e-01 1.400575398406988525e-01
2.842909272457196934e-01 1.330566268227665605e-01
2.859341318357184192e-01 1.280242705137291936e-01
2.875868341657639160e-01 1.238815944731947311e-01
2.892490891328946545e-01 1.202632995180692721e-01
2.909209519514548425e-01 1.172630017472460345e-01
2.926024781549284581e-01 1.151307805297964865e-01
2.942937235977828858e-01 1.132126324895363911e-01
2.959947444573255426e-01 1.104250985798341522e-01
2.977055972355692748e-01 1.078516378473213660e-01
2.994263387611086902e-01 1.055603347275567150e-01
3.011570261910088142e-01 1.027047163822957659e-01
3.028977170127025720e-01 9.854370991680319603e-02
3.046484690459013711e-01 9.455487851431006174e-02
3.064093404445150659e-01 9.333917854476637965e-02
3.081803896985833569e-01 9.325931026459172157e-02
3.099616756362194026e-01 9.276046084251725332e-02
3.117532574255635347e-01 9.475520387278092704e-02
3.135551945767480198e-01 9.866744028527048294e-02
3.153675469438748658e-01 1.032546291310392772e-01
3.171903747270033436e-01 1.073619536377259376e-01
3.190237384741493876e-01 1.092748644137122999e-01
3.208676990832974307e-01 1.081161196931456070e-01
3.227223178044230090e-01 1.045567439610998184e-01
3.245876562415266342e-01 1.003237251118432038e-01
3.264637763546810456e-01 9.690444619912014224e-02
3.283507404620888970e-01 9.480561254141574301e-02
3.302486112421523790e-01 9.434866123353125023e-02
3.321574517355558864e-01 9.591787654155292664e-02
3.340773253473591775e-01 9.814240454182726614e-02
3.360082958491044103e-01 9.947594295753028892e-02
3.379504273809338932e-01 1.006517087869866489e-01
3.399037844537201591e-01 1.028304107248657201e-01
3.418684319512097503e-01 1.064742373433257006e-01
3.438444351321779946e-01 1.116440718395489279e-01
3.458318596325960503e-01 1.187418742465455590e-01
3.478307714678123830e-01 1.292177121101094617e-01
3.498412370347446232e-01 1.436810720600980584e-01
3.518633231140849693e-01 1.547932375329223176e-01
3.538970968725191901e-01 1.595591480220327485e-01
3.559426258649572294e-01 1.632474913868195987e-01
3.579999780367765227e-01 1.663342040181596537e-01
3.600692217260801353e-01 1.739950123345841704e-01
3.621504256659661136e-01 1.846050550951628677e-01
3.642436589868098817e-01 1.869847370495469896e-01
3.663489912185618480e-01 1.799641842905881639e-01
3.684664922930561692e-01 1.697960357031069178e-01
3.705962325463332818e-01 1.608462057173062620e-01
3.727382827209774208e-01 1.549418449066899128e-01
3.748927139684648524e-01 1.526531604190621283e-01
3.770595978515288715e-01 1.532403886757561229e-01
3.792390063465359562e-01 1.546551046877022162e-01
3.814310118458763554e-01 1.544305569819652835e-01
3.836356871603694985e-01 1.528528311194987666e-01
3.858531055216822825e-01 1.522047196656224899e-01
3.880833405847607942e-01 1.486924793120404376e-01
3.903264664302779630e-01 1.436542310806951106e-01
3.925825575670940371e-01 1.389400385762878942e-01
3.948516889347303827e-01 1.358814762404192411e-01
3.971339359058604912e-01 1.340648001954629909e-01
3.994293742888124776e-01 1.322828210263203297e-01
4.017380803300868997e-01 1.297898832320164009e-01
4.040601307168905088e-01 1.269565232599188798e-01
4.063956025796829352e-01 1.242593321589387928e-01
4.087445734947380283e-01 1.211902952945226181e-01
4.111071214867221824e-01 1.185611886291012551e-01
4.134833250312844322e-01 1.176178264017924413e-01
4.158732630576643108e-01 1.188976828586895407e-01
4.182770149513134750e-01 1.230796383812771261e-01
4.206946605565314856e-01 1.282154306597209914e-01
4.231262801791195738e-01 1.332229099634580638e-01
4.255719545890473410e-01 1.409282350262093808e-01
4.280317650231349469e-01 1.513032555525036515e-01
4.305057931877529498e-01 1.620900559823213460e-01
4.329941212615355806e-01 1.736303678095244829e-01
4.354968318981098929e-01 1.868865383444142103e-01
4.380140082288422887e-01 2.045321909987387887e-01
4.405457338655994204e-01 2.274393302740771727e-01
4.430920929035247480e-01 2.403832289266446820e-01
4.456531699238333033e-01 2.442535672249442624e-01
4.482290499966203323e-01 2.475262027380024099e-01
4.508198186836865351e-01 2.525120783266102120e-01
4.534255620413813470e-01 2.603267312810760847e-01
4.560463666234608748e-01 2.596354123969413785e-01
4.586823194839622087e-01 2.368107600339145191e-01
4.613335081800964965e-01 2.070022157618450487e-01
4.640000207751556194e-01 1.817559833302440919e-01
4.666819458414390720e-01 1.636062439895713261e-01
4.693793724631949438e-01 1.535362941072228593e-01
4.720923902395786631e-01 1.496960700784973342e-01
4.748210892876304490e-01 1.480496051224378939e-01
4.775655602452679171e-01 1.501837903139900954e-01
4.803258942742961168e-01 1.595257604622876135e-01
4.831021830634371073e-01 1.713043678139462567e-01
4.858945188313745223e-01 1.811681004155159258e-01
4.887029943298164536e-01 1.877762186129171285e-01
4.915277028465775411e-01 1.872858797452874868e-01
4.943687382086768833e-01 1.886632802492831662e-01
4.972261947854541564e-01 1.938219855589246587e-01
5.001001674917054940e-01 1.983594203940928780e-01
5.029907517908354109e-01 1.982978825388763411e-01
5.058980436980275996e-01 1.899110584625035569e-01
5.088221397834349347e-01 1.756794474566283071e-01
5.117631371753864622e-01 1.623342434290848402e-01
5.147211335636141527e-01 1.525477604755529626e-01
5.176962272024980827e-01 1.458702485265246096e-01
5.206885169143288250e-01 1.419403363471111457e-01
5.236981020925914887e-01 1.407082699267120096e-01
5.267250827052667450e-01 1.423580081729425295e-01
5.297695592981502832e-01 1.480011604279057313e-01
5.328316329981945820e-01 1.517674080987645724e-01
5.359114055168668900e-01 1.475527196744660929e-01
5.390089791535270791e-01 1.428437644343326374e-01
5.421244567988269258e-01 1.415868210086331791e-01
5.452579419381275994e-01 1.464188519591996807e-01
5.484095386549359130e-01 1.566347905831788623e-01
5.515793516343632241e-01 1.688120846776765827e-01
5.547674861666017643e-01 1.839484330868417505e-01
5.579740481504216199e-01 2.042860395778726412e-01
5.611991440966896949e-01 2.248462298005378113e-01
5.644428811319066597e-01 2.278975908980301057e-01
5.677053670017649933e-01 2.086440981116649829e-01
5.709867100747291202e-01 1.848518611740632422e-01
5.742870193456336425e-01 1.710215555431638945e-01
5.776064044393048880e-01 1.674785462619735599e-01
5.809449756142023302e-01 1.700474243882468262e-01
5.843028437660793273e-01 1.765494879841046361e-01
5.876801204316687288e-01 1.837081735882835631e-01
5.910769177923870243e-01 1.898010759127548297e-01
5.944933486780595855e-01 1.913342850288944907e-01
5.979295265706701112e-01 1.858462867280410991e-01
6.013855656081297241e-01 1.845913072764442664e-01
6.048615805880666052e-01 1.894056624600869154e-01
6.083576869716416091e-01 1.978906852415924511e-01
6.118740008873820857e-01 2.115468518353896543e-01
6.154106391350390171e-01 2.119651783192552652e-01
6.189677191894675801e-01 2.022572543298296333e-01
6.225453592045292472e-01 1.999351822824567138e-01
6.261436780170150929e-01 2.015063615645810435e-01
6.297627951505950783e-01 1.897768535654887623e-01
6.334028308197864332e-01 1.839903312010317260e-01
6.370639059339481269e-01 1.917028575021594849e-01
6.407461421012968783e-01 2.013315678694446997e-01
6.444496616329448146e-01 2.083396821257534060e-01
6.481745875469649976e-01 2.115861313174427494e-01
6.519210435724759334e-01 2.137032954001052976e-01
6.556891541537508417e-01 2.179592272805595532e-01
6.594790444543533470e-01 2.253895959689391493e-01
6.632908403612935988e-01 2.351034118806727691e-01
6.671246684892090384e-01 2.478332373560508672e-01
6.709806561845721440e-01 2.585879595421918253e-01
6.748589315299192704e-01 2.583575199141469603e-01
6.787596233481042463e-01 2.439655176898881395e-01
6.826828612065795054e-01 2.243290499535052218e-01
6.866287754216984229e-01 2.062683441054861677e-01
6.905974970630435195e-01 1.938448985901222998e-01
6.945891579577818664e-01 1.924498223192027679e-01
6.986038906950429173e-01 1.985918239962404241e-01
7.026418286303216520e-01 2.078211929626523624e-01
7.067031058899108098e-01 2.148083581618660531e-01
7.107878573753529938e-01 2.145661346892052401e-01
7.148962187679240854e-01 2.125497879438123516e-01
7.190283265331394169e-01 2.109949751125435036e-01
7.231843179252852583e-01 2.088640632111623818e-01
7.273643309919801681e-01 2.140947809045679329e-01
7.315685045787596597e-01 2.311401121415141702e-01
7.357969783336865133e-01 2.499576026770897741e-01
7.400498927119919523e-01 2.653086789214785801e-01
7.443273889807401344e-01 2.899631004901460640e-01
7.486296092235191768e-01 3.295836593790819058e-01
7.529566963451627126e-01 3.903961534937037681e-01
7.573087940764960946e-01 4.800096731657328974e-01
7.616860469791092436e-01 5.334003091464198931e-01
7.660886004501606950e-01 4.698788400862020653e-01
7.705166007272060691e-01 3.697665695194114477e-01
7.749701948930545203e-01 3.122889034310984968e-01
7.794495308806568268e-01 3.028997979043371869e-01
7.839547574780165728e-01 3.180819723758976370e-01
7.884860243331343055e-01 3.261139717977240560e-01
7.930434819589780027e-01 3.248733948228800239e-01
7.976272817384808533e-01 3.235103967956372006e-01
8.022375759295721220e-01 3.308242363539259379e-01
8.068745176702336597e-01 3.426591442965273293e-01
8.115382609835852801e-01 3.478839700676249480e-01
8.162289607830032212e-01 3.559336452563752196e-01
8.209467728772645856e-01 3.695151808342715394e-01
8.256918539757219788e-01 3.795510884988406164e-01
8.304643616935105666e-01 3.991783910227444943e-01
8.352644545567829981e-01 3.594622520608127814e-01
8.400922920079733069e-01 3.365773711586377837e-01
8.449480344110958940e-01 3.479271774978833776e-01
8.498318430570707127e-01 3.666294482194365489e-01
8.547438801690798726e-01 3.907411582777369219e-01
8.596843089079587719e-01 4.060424805115251390e-01
8.646532933776126528e-01 4.126735117401240105e-01
8.696509986304700179e-01 4.084856642952284234e-01
8.746775906729644667e-01 3.927745261320194636e-01
8.797332364710471753e-01 3.710163117067344918e-01
8.848181039557355687e-01 3.445412861449054787e-01
8.899323620286901937e-01 3.217113965176048307e-01
8.950761805678236760e-01 2.984317568207961457e-01
9.002497304329459826e-01 2.886557483958117620e-01
9.054531834714387717e-01 2.878786693091944793e-01
9.106867125239620497e-01 2.934759955017623989e-01
9.159504914301977996e-01 3.097167520146540953e-01
9.212446950346235841e-01 3.098038215332051815e-01
9.265694991923183466e-01 2.960455282860698922e-01
9.319250807748065135e-01 2.861641199175763428e-01
9.373116176759319629e-01 2.743861672239519267e-01
9.427292888177655206e-01 2.854125724942935260e-01
9.481782741565508710e-01 3.209042031614134927e-01
9.536587546886805544e-01 3.552482182945485012e-01
9.591709124567069367e-01 3.738935337671246972e-01
9.647149305553922582e-01 3.854888368692021561e-01
9.702909931377862174e-01 3.806286556231642804e-01
9.758992854213467405e-01 3.426303393430217836e-01
9.815399936940907288e-01 2.980036104664173235e-01
9.872133053207802211e-01 2.537258143220512685e-01
9.929194087491489684e-01 2.244220113943642680e-01
9.986584935161608723e-01 2.101124960824169996e-01
1.004430750254303728e+00 1.939156016578179043e-01
1.010236370697924935e+00 1.808826695125966555e-01
1.016075547689597958e+00 1.739426396918467010e-01
1.021948475186527761e+00 1.687034114439963095e-01
1.027855348266994762e+00 1.627584618352584112e-01
1.033796363136834096e+00 1.617182102188852721e-01
1.039771717135951290e+00 1.554577154376540482e-01
1.045781608744880131e+00 1.370159986137198527e-01
1.051826237591374280e+00 1.194174813378590105e-01
1.057905804457035748e+00 1.144630293348936484e-01
1.064020511283988890e+00 1.180957267667719357e-01
1.070170561181583713e+00 1.326121140175322011e-01
1.076356158433145582e+00 1.469609088115325646e-01
1.082577508502760022e+00 1.497707010943982453e-01
1.088834818042095476e+00 1.475553383066029456e-01
1.095128294897270704e+00 1.465366904053590213e-01
1.101458148115757263e+00 1.498662811673941164e-01
1.107824587953321727e+00 1.588927061431983367e-01
1.114227825881013212e+00 1.739583514846679280e-01
1.120668074592185315e+00 1.866881769600460261e-01
1.127145548009560017e+00 1.936046390915641402e-01
1.133660461292336441e+00 2.084732323647339736e-01
1.140213030843336250e+00 2.391976432266750552e-01
1.146803474316190341e+00 2.648347065047044757e-01
1.153432010622570836e+00 2.858525026932883240e-01
1.160098859939462601e+00 2.900429687703207637e-01
1.166804243716473621e+00 2.757170870075180136e-01
1.173548384683194445e+00 2.574933713089785914e-01
1.180331506856595603e+00 2.339485951083113691e-01
1.187153835548465874e+00 2.198197654138084323e-01
1.194015597372901416e+00 2.117537237742027068e-01
1.200917020253827294e+00 2.073164516182699479e-01
1.207858333432573428e+00 2.058840598393999188e-01
1.214839767475487387e+00 2.117111710019785042e-01
1.221861554281590267e+00 2.287453730523430206e-01
1.228923927090283863e+00 2.426241233777745032e-01
1.236027120489096909e+00 2.372971709533388540e-01
1.243171370421473965e+00 2.236410043595416230e-01
1.250356914194617142e+00 2.013917964085928103e-01
1.257583990487367132e+00 1.802496151935074065e-01
1.264852839358128644e+00 1.711289194607757136e-01
1.272163702252848472e+00 1.728054986864092091e-01
1.279516822013033517e+00 1.721423300977459325e-01
1.286912442883815677e+00 1.636756377411984764e-01
1.294350810522067352e+00 1.595460548613483742e-01
1.301832172004561583e+00 1.458787590809694501e-01
1.309356775836174380e+00 1.195641247375239524e-01
1.316924871958146337e+00 1.028284467507630529e-01
1.324536711756377994e+00 9.470348588807765700e-02
1.332192548069784932e+00 9.553359227546667776e-02
1.339892635198694837e+00 1.022340172556926857e-01
1.347637228913291185e+00 1.085567045501746458e-01
1.355426586462114891e+00 1.120421039243537642e-01
1.363260966580605249e+00 1.114522570355229308e-01
1.371140629499693731e+00 1.122784354747066310e-01
1.379065836954451285e+00 1.056644253549974544e-01
1.387036852192779834e+00 1.041750783271504499e-01
1.395053939984155722e+00 1.120571610591407780e-01
1.403117366628427343e+00 1.127524078914808048e-01
1.411227399964658957e+00 1.090719204231045819e-01
1.419384309380025577e+00 1.170148863522772337e-01
1.427588365818764915e+00 1.421845237938746398e-01
1.435839841791175742e+00 1.542865322144372220e-01
1.444139011382666204e+00 1.451029893104205659e-01
1.452486150262864761e+00 1.586092392143817476e-01
1.460881535694769973e+00 1.718549352207239811e-01
1.469325446543965796e+00 1.553215465665366279e-01
1.477818163287882181e+00 1.474957644254890621e-01
1.486359968025109168e+00 1.513582468273780290e-01
1.494951144484772509e+00 1.512502282517319552e-01
1.503591978035954568e+00 1.429563656162182173e-01
1.512282755697172298e+00 1.216649223693310050e-01
1.521023766145914724e+00 1.087491740122348699e-01
1.529815299728230382e+00 1.114633862221046379e-01
1.538657648468367833e+00 1.170607124146725297e-01
1.547551106078482119e+00 1.273466994483130887e-01
1.556495967968387184e+00 1.318815156513443998e-01
1.565492531255366693e+00 1.250495044062404915e-01
1.574541094774047689e+00 1.162306060272835090e-01
1.583641959086324214e+00 1.115151042068079079e-01
1.592795426491339539e+00 1.155412511172514700e-01
1.602001801035530804e+00 1.178521939780426686e-01
1.611261388522727822e+00 1.205389105504752478e-01
1.620574496524306296e+00 1.339914784956305061e-01
1.629941434389411858e+00 1.468195026761413835e-01
1.639362513255227638e+00 1.451042986264889922e-01
1.648838046057315765e+00 1.395416693097346894e-01
1.658368347540009280e+00 1.467789138780198344e-01
1.667953734266863997e+00 1.619768001424015391e-01
1.677594524631179640e+00 1.549922535753247288e-01
1.687291038866571835e+00 1.352556231597064063e-01
1.697043599057607821e+00 1.401891261055767668e-01
1.706852529150509445e+00 1.669659490211805042e-01
1.716718154963911225e+00 1.848728102311582300e-01
1.726640804199680579e+00 1.920184026746528105e-01
1.736620806453807120e+00 2.007685619600168281e-01
1.746658493227349673e+00 2.154531963255712501e-01
1.756754197937443251e+00 2.142106553766246202e-01
1.766908255928380411e+00 2.082107144930123444e-01
1.777121004482747679e+00 2.309260389643247036e-01
1.787392782832625482e+00 2.607365472104968274e-01
1.797723932170862682e+00 2.627384914791369153e-01
1.808114795662403074e+00 2.537768776487203115e-01
1.818565718455690483e+00 2.472342252547409525e-01
1.829077047694130043e+00 2.489291349053325830e-01
1.839649132527616748e+00 2.547457715393636746e-01
1.850282324124138622e+00 2.514476043629710333e-01
1.860976975681438272e+00 2.432080783442973904e-01
1.871733442438742401e+00 2.344428619241463452e-01
1.882552081688566581e+00 2.186171586049490967e-01
1.893433252788581767e+00 1.978985411380030646e-01
1.904377317173546302e+00 1.714366087368584257e-01
1.915384638367318981e+00 1.483134323102279217e-01
1.926455581994929611e+00 1.300177042279244410e-01
1.937590515794722412e+00 1.132617318421027669e-01
1.948789809630575354e+00 1.018791926011462790e-01
1.960053835504184105e+00 9.444751459669824267e-02
1.971382967567415045e+00 9.835713237705093204e-02
1.982777582134739092e+00 1.075223448561094669e-01
1.994238057695728816e+00 1.128983966331115196e-01
2.005764774927627947e+00 1.154685840754532261e-01
2.017358116708002580e+00 1.222809555795305869e-01
2.029018468127450348e+00 1.225081219174043862e-01
2.040746216502401289e+00 1.299149229165521280e-01
2.052541751387976898e+00 1.458185305418213396e-01
2.064405464590929995e+00 1.692153540267551382e-01
2.076337750182662312e+00 1.830175093621830840e-01
2.088339004512313135e+00 1.900851974996056459e-01
2.100409626219920778e+00 1.901395341164457964e-01
2.112550016249669760e+00 1.812257103225271559e-01
2.124760577863207711e+00 1.774555347034629804e-01
2.137041716653034662e+00 1.827615380708036696e-01
2.149393840555982482e+00 1.921853404733784854e-01
2.161817359866763155e+00 1.995862495502182532e-01
2.174312687251592546e+00 1.986383047166699334e-01
2.186880237761905654e+00 2.110846632632314146e-01
2.199520428848138476e+00 2.254904133062087812e-01
2.212233680373592026e+00 2.253090730307302780e-01
2.225020414628386511e+00 2.356212463857395578e-01
2.237881056343477670e+00 2.250812520348222379e-01
2.250816032704775704e+00 1.851359827609140585e-01
2.263825773367328598e+00 1.659400998815601380e-01
2.276910710469592924e+00 1.570904325749949149e-01
2.290071278647793029e+00 1.311587731815672120e-01
2.303307915050354371e+00 1.229107366084487563e-01
2.316621059352423018e+00 1.344497391195834390e-01
2.330011153770474852e+00 1.313440414052510496e-01
2.343478643077001600e+00 1.146941236209727683e-01
2.357023974615280792e+00 1.105651953991569070e-01
2.370647598314243876e+00 1.231293923918777150e-01
2.384349966703414481e+00 1.251640695622287247e-01
2.398131534927939956e+00 1.343954025027433163e-01
2.411992760763713051e+00 1.486204669282763791e-01
2.425934104632577970e+00 1.483599130306574587e-01
2.439956029617617261e+00 1.492509026152287754e-01
2.454059001478542612e+00 1.442159276740545559e-01
2.468243488667162033e+00 1.439213315586562458e-01
2.482509962342935861e+00 1.538505299636477031e-01
2.496858896388636673e+00 1.663086723548251600e-01
2.511290767426078485e+00 1.635237570772598015e-01
2.525806054831960523e+00 1.581699636734211767e-01
2.540405240753779381e+00 1.546204078118886549e-01
2.555088810125852206e+00 1.624782681966129017e-01
2.569857250685421590e+00 1.968065715369266555e-01
2.584711052988855506e+00 2.126774462604849314e-01
2.599650710427946265e+00 2.219434760768131121e-01
2.614676719246288084e+00 2.650088455418065370e-01
2.629789578555775442e+00 3.218167964611140519e-01
2.644989790353173831e+00 3.532619858187296957e-01
2.660277859536794409e+00 3.207765448447408851e-01
2.675654293923265481e+00 2.740738953416296808e-01
2.691119604264405218e+00 2.693865438166254123e-01
2.706674304264172548e+00 2.669551438775380481e-01
2.722318910595750374e+00 2.376978216702805291e-01
2.738053942918694972e+00 2.350804988494751002e-01
2.753879923896200843e+00 2.604825398932200664e-01
2.769797379212459720e+00 2.704248314588958979e-01
2.785806837590128815e+00 2.573755328628192229e-01
2.801908830807877226e+00 2.354844228565879105e-01
2.818103893718070019e+00 2.035659157402323338e-01
2.834392564264522019e+00 1.911653832560661348e-01
2.850775383500368410e+00 2.036673877355361928e-01
2.867252895606037466e+00 1.973839799231073555e-01
2.883825647907329426e+00 1.953244257474560652e-01
2.900494190893583735e+00 1.932242827736831980e-01
2.917259078235983960e+00 1.874580548082869502e-01
2.934120866805935979e+00 1.764938420511960593e-01
2.951080116693567401e+00 1.725933894833224513e-01
2.968137391226336685e+00 1.800028091146070319e-01
2.985293256987731514e+00 1.765730556733365042e-01
3.002548283836107057e+00 1.933106976342000571e-01
3.019903044923603730e+00 2.379996190240552534e-01
3.037358116715186629e+00 2.377744166602840936e-01
3.054914079007794214e+00 2.274183812169821850e-01
3.072571514949601568e+00 2.392107363873594017e-01
3.090331011059376021e+00 2.491818329065409177e-01
3.108193157245980220e+00 2.761380321235205049e-01
3.126158546827951579e+00 2.869065021283800365e-01
3.144227776553216724e+00 3.087746991034137634e-01
3.162401446618910317e+00 3.305604091661358823e-01
3.180680160691316427e+00 3.372320291928562752e-01
3.199064525925907621e+00 3.310193244481230423e-01
3.217555152987530587e+00 3.458879177212928480e-01
3.236152656070678812e+00 3.512259993323102458e-01
3.254857652919894928e+00 3.835844366476606204e-01
3.273670764850296955e+00 4.192488970358142497e-01
3.292592616768199143e+00 4.104601129264313641e-01
3.311623837191892683e+00 3.806718630534226544e-01
3.330765058272506351e+00 3.569915726396722944e-01
3.350016915815009710e+00 3.968406071825503756e-01
3.369380049299332214e+00 4.529834255390918774e-01
3.388855101901607103e+00 4.523628097226527478e-01
3.408442720515521884e+00 4.728653900383067432e-01
3.428143555773827789e+00 4.513605282722642498e-01
3.447958262069935831e+00 4.017655995739758956e-01
3.467887497579658529e+00 3.617214769369007099e-01
3.487931924283071528e+00 3.198593689388008476e-01
3.508092207986506228e+00 3.061023850077339570e-01
3.528369018344649444e+00 3.054215406521467169e-01
3.548763028882812254e+00 2.986536858943962258e-01
3.569274917019284565e+00 3.036035552911220958e-01
3.589905364087840223e+00 3.023629783162780638e-01
3.610655055360374899e+00 2.830702060478598736e-01
3.631524680069651456e+00 2.710074771093504142e-01
3.652514931432215839e+00 2.756483479139250625e-01
3.673626506671410219e+00 2.374529795654828634e-01
3.694860107040534913e+00 2.044536320346325708e-01
3.716216437846141751e+00 1.928282146629810290e-01
3.737696208471465109e+00 2.005990055291542451e-01
3.759300132399972405e+00 1.812329115609035424e-01
3.781028927239082016e+00 1.455396462192442841e-01
3.802883314743989107e+00 1.388922485397899587e-01
3.824864020841640233e+00 1.440876146993477214e-01
3.846971775654848713e+00 1.425969583554322628e-01
3.869207313526548564e+00 1.503526920868184513e-01
3.891571373044171445e+00 1.568534463666078349e-01
3.914064697064205678e+00 1.603139687354866449e-01
3.936688032736852527e+00 1.828891963874762772e-01
3.959442131530850340e+00 2.018251800272454211e-01
3.982327749258438132e+00 1.894940412947064001e-01
4.005345646100446189e+00 1.943588051469838096e-01
4.028496586631570509e+00 2.134682731658208432e-01
4.051781339845751617e+00 1.961879196945902071e-01
4.075200679181723906e+00 1.844983458355852479e-01
4.098755382548707082e+00 1.820414142331633622e-01
4.122446232352245943e+00 1.590923768436349750e-01
4.146274015520188705e+00 1.736356050737982437e-01
4.170239523528843861e+00 1.881866892003720981e-01
4.194343552429258715e+00 1.698484083458444149e-01
4.218586902873665778e+00 1.693875290897546015e-01
4.242970380142073950e+00 1.849657716720172485e-01
4.267494794169023997e+00 2.001440181953724196e-01
4.292160959570472833e+00 2.013845951702163961e-01
4.316969695670882068e+00 1.883902878490140431e-01
4.341921826530410478e+00 1.927398358283615443e-01
4.367018180972294772e+00 1.906036866627066895e-01
4.392259592610382235e+00 1.834233973433985476e-01
4.417646899876805477e+00 1.792833399350009516e-01
4.443180946049855251e+00 1.698228766825098657e-01
4.468862579281975833e+00 1.530675589547224325e-01
4.494692652627942486e+00 1.309054205223246781e-01
4.520672024073195239e+00 1.272714137743779783e-01
4.546801556562344082e+00 1.241126887592738509e-01
4.573082118027814502e+00 1.241270912360266654e-01
4.599514581418703507e+00 1.253382085993308415e-01
4.626099824729760002e+00 1.182751030681477855e-01
4.652838731030551678e+00 1.168996665382547873e-01
4.679732188494796219e+00 1.285957869776019336e-01
4.706781090429870140e+00 1.250148075304269024e-01
4.733986335306464177e+00 1.198934177287358377e-01
4.761348826788450062e+00 1.302867686799882296e-01
4.788869473762884077e+00 1.308681050143742364e-01
4.816549190370198019e+00 1.204086336016657599e-01
4.844388896034566017e+00 1.229945328368287211e-01
4.872389515494448098e+00 1.152119581260395847e-01
4.900551978833287414e+00 1.063217020213527986e-01
4.928877221510434836e+00 1.129036338973852666e-01
4.957366184392200559e+00 1.164420605723360813e-01
4.986019813783113541e+00 1.138136085649489454e-01
5.014839061457356806e+00 1.112872832108998677e-01
5.043824884690362609e+00 1.144630293348936484e-01
5.072978246290641202e+00 1.307862727600969110e-01
5.102300114631742822e+00 1.412948435253717494e-01
5.131791463684423960e+00 1.527238634867577327e-01
5.161453273049005475e+00 1.670124297416100134e-01
5.191286527987911903e+00 1.659721781252368744e-01
5.221292219458380401e+00 1.521948997951092231e-01
5.251471344145405951e+00 1.326160419657375078e-01
5.281824904494829553e+00 1.207490557794593800e-01
5.312353908746639597e+00 1.128905407367009062e-01
5.343059370968462396e+00 1.054326764108841213e-01
5.373942311089249912e+00 1.105311531813775450e-01
5.405003754933139781e+00 1.115085576264657208e-01
5.436244734253559585e+00 1.085809268974407271e-01
5.467666286767478567e+00 1.041587118762949821e-01
5.499269456189878724e+00 1.061554188806613092e-01
5.531055292268432844e+00 1.101750192107626980e-01
5.563024850818350409e+00 1.127537172075492311e-01
5.595179193757479297e+00 1.147936316421739739e-01
5.627519389141558470e+00 1.087563752506112841e-01
5.660046511199702479e+00 9.968281489634332748e-02
5.692761640370078702e+00 9.256340877421749547e-02
5.725665863335805739e+00 8.611830042733667478e-02
5.758760273061025892e+00 8.013472599457989454e-02
5.792045968827241431e+00 7.249879468345568623e-02
5.825524056269808071e+00 7.047786533182329172e-02
5.859195647414667363e+00 7.589908851318641347e-02
5.893061860715279821e+00 8.492616814702486083e-02
5.927123821089786304e+00 9.283509185841815059e-02
5.961382659958350594e+00 8.464531985034513817e-02
5.995839515280771082e+00 8.407969530878037223e-02
6.030495531594262104e+00 8.454057456487017175e-02
6.065351860051475086e+00 8.664202685471145138e-02
6.100409658458743500e+00 9.854829252304271592e-02
6.135670091314512575e+00 9.979541607822889349e-02
6.171134329848062094e+00 8.944592721526915813e-02
6.206803552058381079e+00 9.110744930611562598e-02
6.242678942753306259e+00 9.603047772343849264e-02
6.278761693588877257e+00 9.562131645205196318e-02
6.315053003108923591e+00 9.863667135766221450e-02
6.351554076784851510e+00 1.007001534815188254e-01
6.388266127055725718e+00 1.061377431137374011e-01
6.425190373368511843e+00 1.039511852794477165e-01
6.462328042218596025e+00 1.062640921143415684e-01
6.499680367190518560e+00 1.188695325632181526e-01
6.537248588998957999e+00 1.157153901543535868e-01
6.575033955529916874e+00 1.083210276578559922e-01
6.613037721882214726e+00 1.129069071875563601e-01
6.651261150409145451e+00 1.199739406669447089e-01
6.689705510760421525e+00 1.219078005000260589e-01
6.728372079924347382e+00 1.308818528330928099e-01
6.767262142270216607e+00 1.321446881811002283e-01
6.806376989591010229e+00 1.384385705220765594e-01
6.845717921146279750e+00 1.364791790256607018e-01
6.885286243705309062e+00 1.417400109886402804e-01
6.925083271590525058e+00 1.517752639951751858e-01
6.965110326721157818e+00 1.663518797850835618e-01
7.005368738657123728e+00 1.780375256958832142e-01
7.045859844643230119e+00 1.919090747829382826e-01
7.086584989653569089e+00 1.966455256605089130e-01
7.127545526436194656e+00 1.843484291457492263e-01
7.168742815558059256e+00 1.691472695911964419e-01
7.210178225450215805e+00 1.647309464923586431e-01
7.251853132453240036e+00 1.658844539486515890e-01
7.293768920862992111e+00 1.625116557563580366e-01
7.335926982976571864e+00 1.624422620047308863e-01
7.378328719138569802e+00 1.546348102886414555e-01
7.420975537787583676e+00 1.555591874329579072e-01
7.463868855503007715e+00 1.493274976052323400e-01
7.507010097052058128e+00 1.418663599892444616e-01
7.550400695437144982e+00 1.332013062483288490e-01
7.594042091943437711e+00 1.220524799255883475e-01
7.637935736186750368e+00 1.255522817765202526e-01
7.682083086161699548e+00 1.309014925741193713e-01
7.726485608290103890e+00 1.438106943508733193e-01
7.771144777469737974e+00 1.699813039267907555e-01
7.816062077123293150e+00 1.803504325307770662e-01
7.861238999247660786e+00 1.979522230968089880e-01
7.906677044463489068e+00 2.196763953043145701e-01
7.952377722065040011e+00 3.341400792972424871e-01
7.998342550070284496e+00 2.740018829578655946e-01
