2.511886431509579437e-02 7.071237720540948235e-01
2.526405161860213050e-02 7.056676049380531390e-01
2.541007810627042562e-02 7.049652942493427332e-01
2.555694862859406516e-02 7.038119583476990515e-01
2.570466806410236227e-02 7.027359410539868456e-01
2.585324131952258450e-02 7.016341508909642588e-01
2.600267332994290678e-02 7.006096793358729258e-01
2.615296905897638788e-02 6.996818560406959930e-01
2.630413349892583852e-02 6.988635674400884845e-01
2.645617167094958117e-02 6.981612567513780787e-01
2.660908862522835469e-02 6.975878104092201326e-01
2.676288944113292337e-02 6.971238987616316107e-01
2.691757922739292791e-02 6.967630785912850566e-01
2.707316312226650673e-02 6.965053498981803592e-01
2.722964629371095457e-02 6.963829287689555780e-01
2.738703393955444973e-02 6.964087016382660700e-01
2.754533128766867636e-02 6.965826685061117240e-01
2.770454359614242176e-02 6.969048293724926513e-01
2.786467615345633933e-02 6.973945138893916651e-01
2.802573427865854422e-02 6.980066195355152381e-01
2.818772332154127064e-02 6.987475895281913818e-01
2.835064866281864979e-02 6.996367535194025766e-01
2.851451571430539678e-02 7.006934411611319691e-01
2.867932991909653145e-02 7.019305388880346941e-01
2.884509675174826843e-02 7.033609331347658866e-01
2.901182171845980567e-02 7.049781806839979792e-01
2.917951035725619563e-02 7.067822815357310828e-01
2.934816823817239240e-02 7.087345763859993486e-01
2.951780096343814899e-02 7.108543948867857010e-01
2.968841416766421215e-02 7.131803963420557668e-01
2.986001351802944001e-02 7.157254671864649032e-01
3.003260471446899879e-02 7.185153802893234909e-01
3.020619348986378766e-02 7.215501356506316410e-01
3.038078561023081769e-02 7.248168468357338856e-01
3.055638687491469066e-02 7.282639681060094627e-01
3.073300311678033025e-02 7.319043858961136184e-01
3.091064020240668481e-02 7.358154188139778284e-01
3.108930403228154019e-02 7.400228397289124738e-01
3.126900054099761295e-02 7.445524215102278243e-01
3.144973569744963920e-02 7.494234938099070265e-01
3.163151550503255638e-02 7.545651812373462830e-01
3.181434600184106232e-02 7.598679490979759477e-01
3.199823326087009728e-02 7.653962295650721392e-01
3.218318339021652985e-02 7.712853302025149960e-01
3.236920253328214730e-02 7.775996831835807477e-01
3.255629686897762443e-02 7.843972774642176127e-01
3.274447261192782455e-02 7.917296587830470189e-01
3.293373601267822470e-02 7.988880732340305491e-01
3.312409335790250653e-02 8.055632463854428549e-01
3.331555097061136145e-02 8.122255331021999147e-01
3.350811521036261426e-02 8.190617866868026287e-01
3.370179247347232510e-02 8.262395307897690833e-01
3.389658919322740410e-02 8.338747433229964923e-01
3.409251184009919750e-02 8.403115174332869142e-01
3.428956692195841288e-02 8.434429210545092426e-01
3.448776098429136294e-02 8.438939462674425185e-01
3.468710061041735404e-02 8.427985993217473881e-01
3.488759242170727526e-02 8.407303265595820196e-01
3.508924307780367929e-02 8.381659260631900699e-01
3.529205927684192501e-02 8.342613363626536493e-01
3.549604775567258980e-02 8.277408004271041841e-01
3.570121529008542238e-02 8.193839475531835559e-01
3.590756869503420462e-02 8.104021025984839977e-01
3.611511482486330638e-02 8.013171661665426937e-01
3.632386057353523962e-02 7.925092880796886785e-01
3.653381287485973905e-02 7.840493437285263045e-01
3.674497870272393912e-02 7.759953220690037901e-01
3.695736507132423021e-02 7.685920653595706975e-01
3.717097903539903075e-02 7.620006540334174350e-01
3.738582769046329413e-02 7.563048499158031568e-01
3.760191817304411876e-02 7.515497555280209463e-01
3.781925766091774610e-02 7.486696373825758588e-01
3.803785337334809891e-02 7.480510885191243853e-01
3.825771257132654091e-02 7.491335490301642697e-01
3.847884255781295476e-02 7.518848028290571195e-01
3.870125067797849233e-02 7.562790770464926648e-01
3.892494431944945599e-02 7.622326098572117514e-01
3.914993091255265789e-02 7.683407798837935676e-01
3.937621793056233360e-02 7.733471597473527970e-01
3.960381288994833243e-02 7.778123093553920286e-01
3.983272335062570252e-02 7.828380188709341825e-01
4.006295691620595512e-02 7.892490201119141124e-01
4.029452123424955012e-02 7.973288146407471189e-01
4.052742399651988042e-02 8.066521501138103067e-01
4.076167293923887297e-02 8.170772757498963035e-01
4.099727584334383890e-02 8.285719754623668276e-01
4.123424053474603751e-02 8.411813517725154066e-01
4.147257488459059338e-02 8.531657360018848335e-01
4.171228680951784978e-02 8.634297812047804221e-01
4.195338427192649156e-02 8.729141971110341292e-01
4.219587528023795858e-02 8.819540310216821277e-01
4.243976788916238585e-02 8.909809784976749913e-01
4.268507019996626434e-02 8.981393929486585215e-01
4.293179036074151744e-02 9.027205204685950779e-01
4.317993656667604152e-02 9.063416086067163091e-01
4.342951706032609216e-02 9.098209459636300567e-01
4.368054013188996804e-02 9.138092974894255205e-01
4.393301411948334623e-02 9.184161978786724578e-01
4.418694740941636612e-02 9.238993758244754551e-01
4.444234843647213579e-02 9.306583108011468042e-01
4.469922568418681352e-02 9.389442882844635241e-01
4.495758768513159753e-02 9.487057625358048529e-01
4.521744302119593689e-02 9.586283172203365899e-01
4.547880032387276866e-02 9.679580959107274563e-01
4.574166827454511502e-02 9.772749881664631877e-01
4.600605560477452616e-02 9.866112100741816215e-01
4.627197109659098723e-02 9.944268326925822521e-01
4.653942358278480296e-02 9.986149239555339729e-01
4.680842194719982141e-02 1.000393251937956585e+00
4.707897512502866311e-02 1.001617463230203953e+00
4.735109210310945588e-02 1.003460223385902683e+00
4.762478192022426976e-02 1.008105783079115358e+00
4.790005366739954334e-02 1.016353101258466340e+00
4.817691648820784933e-02 1.027641618016453151e+00
4.845537957907175564e-02 1.042216175611525131e+00
4.873545218956924774e-02 1.062634731322746662e+00
4.901714362274099679e-02 1.092183325987202913e+00
4.930046323539925834e-02 1.131525610989638331e+00
4.958542043843887359e-02 1.181937343360921933e+00
4.987202469714965836e-02 1.243096362234672014e+00
5.016028553153097091e-02 1.309828764096812037e+00
5.045021251660784106e-02 1.379157782541981847e+00
5.074181528274907677e-02 1.452236753471825459e+00
5.103510351598705003e-02 1.521211394963976282e+00
5.133008695833959217e-02 1.544870888990989677e+00
5.162677540813340182e-02 1.512841655655400519e+00
5.192517872032970105e-02 1.457056280032883677e+00
5.222530680685147364e-02 1.395691078204649660e+00
5.252716963691266006e-02 1.344789661316467377e+00
5.283077723734942721e-02 1.301413922266942746e+00
5.313613969295318679e-02 1.262000761873903532e+00
5.344326714680543849e-02 1.226994762132954664e+00
5.375216980061491706e-02 1.198915221019195343e+00
5.406285791505632127e-02 1.177233794711760817e+00
5.437534181011107609e-02 1.159817778275209044e+00
5.468963186541032917e-02 1.146796036056093149e+00
5.500573852057948770e-02 1.139586075866488635e+00
5.532367227558519784e-02 1.137588678494926953e+00
5.564344369108398941e-02 1.139051288828296427e+00
5.596506338877313413e-02 1.144579569295392618e+00
5.628854205174332881e-02 1.155513709100360442e+00
5.661389042483377931e-02 1.171467115203542519e+00
5.694111931498885282e-02 1.191331554224588807e+00
5.727023959161724881e-02 1.217536119096011449e+00
5.760126218695296035e-02 1.252439027359718127e+00
5.793419809641841417e-02 1.295408843717602787e+00
5.826905837898961604e-02 1.346342476692423240e+00
5.860585415756369709e-02 1.408287568080142993e+00
5.894459661932811845e-02 1.483525016814738473e+00
5.928529701613251268e-02 1.571681116291208324e+00
5.962796666486229469e-02 1.658535685867499110e+00
5.997261694781454155e-02 1.709230919801197679e+00
6.031925931307623168e-02 1.718792654315382862e+00
6.066790527490428103e-02 1.704192323851000612e+00
6.101856641410823012e-02 1.665578122406585759e+00
6.137125437843479747e-02 1.614689591953058612e+00
6.172598088295483398e-02 1.568233995020932747e+00
6.208275771045231733e-02 1.527274462469264904e+00
6.244159671181598315e-02 1.479820166851357977e+00
6.280250980643269088e-02 1.422881455327197786e+00
6.316550898258359303e-02 1.361877073669310434e+00
6.353060629784218483e-02 1.298849521770550908e+00
6.389781387947492119e-02 1.238888941319737480e+00
6.426714392484385308e-02 1.186827745312583948e+00
6.463860870181208085e-02 1.142324443230726239e+00
6.501222054915094251e-02 1.102730872752513580e+00
6.538799187695008841e-02 1.068749344566656045e+00
6.576593516702965159e-02 1.038208494433746631e+00
6.614606297335466623e-02 1.008357068554892377e+00
6.652838792245242827e-02 9.815790573413119002e-01
6.691292271383147972e-02 9.611991609340561071e-01
6.729968012040381253e-02 9.459545087369118921e-01
6.768867298890894613e-02 9.341312049407328733e-01
6.807991424034069705e-02 9.240862291269763551e-01
6.847341687037629410e-02 9.108518607360489572e-01
6.886919394980822728e-02 8.956909703641637854e-01
6.926725862497820629e-02 8.830042754460838417e-01
6.966762411821400547e-02 8.741835109245748026e-01
7.007030372826857090e-02 8.701500568774859223e-01
7.047531083076181979e-02 8.711100962593010255e-01
7.088265887862478520e-02 8.751822096103556436e-01
7.129236140254673060e-02 8.815996540686631411e-01
7.170443201142430445e-02 8.900338255505151341e-01
7.211888439281383123e-02 8.944732022892439849e-01
7.253573231338585059e-02 8.932683206489793193e-01
7.295498961938230720e-02 8.884101347839553631e-01
7.337667023707672431e-02 8.780107820171798583e-01
7.380078817323644513e-02 8.641578647628010978e-01
7.422735751558823258e-02 8.501825263791976672e-01
7.465639243328600627e-02 8.378566516314643886e-01
7.508790717738160481e-02 8.281724959880545356e-01
7.552191608129793510e-02 8.222769521332841114e-01
7.595843356130543844e-02 8.211751619702613025e-01
7.639747411700059665e-02 8.248026933257103233e-01
7.683905233178781047e-02 8.350023063553296820e-01
7.728318287336367887e-02 8.537005230400770417e-01
7.772988049420428980e-02 8.810004348571945920e-01
7.817916003205507836e-02 9.152783510401224509e-01
7.863103641042397396e-02 9.543049183935048418e-01
7.908552463907676799e-02 9.908508470757542153e-01
7.954263981453599253e-02 1.001649679316842123e+00
8.000239712058217212e-02 9.834733632356316146e-01
8.046481182875830918e-02 9.549427969089390178e-01
8.092989929887701994e-02 9.267021753619892888e-01
8.139767497953076525e-02 9.023919163848864722e-01
8.186815440860513438e-02 8.853624929879920780e-01
8.234135321379483508e-02 8.744090235310414405e-01
8.281728711312283386e-02 8.680366815940271374e-01
8.329597191546232737e-02 8.659684088318617690e-01
8.377742352106211376e-02 8.669735507349702885e-01
8.426165792207447602e-02 8.711745284325771443e-01
8.474869120308657633e-02 8.783007267969227261e-01
8.523853954165466762e-02 8.881588493081782332e-01
8.573121920884146929e-02 9.013223423085018338e-01
8.622674656975649887e-02 9.176558982340136117e-01
8.672513808409994251e-02 9.387123324606693187e-01
8.722641030670905127e-02 9.654194682836458874e-01
8.773057988810836760e-02 9.992270296016577680e-01
8.823766357506258873e-02 1.043343738643858432e+00
8.874767821113291322e-02 1.095823743777307069e+00
8.926064073723644077e-02 1.147150413009112135e+00
8.977656819220893036e-02 1.191350883876571620e+00
9.029547771337091688e-02 1.219520630032917774e+00
9.081738653709675591e-02 1.236208562911448539e+00
9.134231199938727674e-02 1.265480099230817057e+00
9.187027153644546085e-02 1.300434553233144941e+00
9.240128268525588107e-02 1.291439821843789915e+00
9.293536308416693037e-02 1.285505618685053975e+00
9.347253047347692245e-02 1.294448804335787795e+00
9.401280269602330097e-02 1.297844379867442610e+00
9.455619769777530437e-02 1.287767187967047811e+00
9.510273352842993355e-02 1.276755729554148733e+00
9.565242834201181932e-02 1.270177204662650716e+00
9.620530039747586526e-02 1.272554751856541655e+00
9.676136805931405405e-02 1.286968229018423227e+00
9.732064979816532069e-02 1.311123850779663202e+00
9.788316419142908953e-02 1.322373708233684164e+00
9.844892992388228070e-02 1.299571162111244016e+00
9.901796578830000806e-02 1.251446771891264964e+00
9.959029068607995472e-02 1.196099535047026263e+00
1.001659236278700377e-01 1.151654221921117216e+00
1.007448837341998471e-01 1.118742267811644320e+00
1.013271902361159299e-01 1.095134319523251909e+00
1.019128624758204177e-01 1.078124225778340328e+00
1.025019199073136378e-01 1.064999392081982466e+00
1.030943820970401520e-01 1.053852626105203472e+00
1.036902687245389171e-01 1.045199385234212075e+00
1.042895995830967204e-01 1.039149204163579032e+00
1.048923945804057928e-01 1.035270387332352771e+00
1.054986737392250712e-01 1.033182784918204700e+00
1.061084571980452224e-01 1.031913471104663804e+00
1.067217652117575799e-01 1.030760135203020234e+00
1.073386181523270227e-01 1.028878715743355876e+00
1.079590365094685589e-01 1.025798857860754421e+00
1.085830408913279893e-01 1.021746074161682616e+00
1.092106520251663743e-01 1.017210049163039587e+00
1.098418907580486492e-01 1.013215254419916445e+00
1.104767780575359459e-01 1.010560648880937773e+00
1.111153350123821049e-01 1.009381540109983710e+00
1.117575828332342536e-01 1.009407312979294202e+00
1.124035428533372433e-01 1.008730775159894177e+00
1.130532365292423180e-01 1.005373858932205211e+00
1.137066854415197809e-01 9.972811779687170697e-01
1.143639112954759340e-01 9.834669200183040472e-01
1.150249359218739331e-01 9.655225597608877441e-01
1.156897812776589568e-01 9.455679156972548460e-01
1.163584694466876512e-01 9.268181532738863915e-01
1.170310226404614878e-01 9.081070501544836748e-01
1.177074631988646730e-01 8.844024536061769748e-01
1.183878135909062629e-01 8.546992217258578828e-01
1.190720964154663303e-01 8.221996335253526356e-01
1.197603344020467531e-01 7.928378921633972842e-01
1.204525504115261381e-01 7.679541868441364105e-01
1.211487674369193246e-01 7.470974923546369606e-01
1.218490086041408849e-01 7.296943623527406553e-01
1.225532971727734816e-01 7.150489293670649893e-01
1.232616565368404721e-01 7.025555309688136241e-01
1.239741102255828148e-01 6.920981892460895679e-01
1.246906819042407494e-01 6.842503505410507669e-01
1.254113953748399735e-01 6.791859817215430972e-01
1.261362745769819826e-01 6.772336868712748315e-01
1.268653435886395453e-01 6.782581584263660535e-01
1.275986266269562852e-01 6.819565651724187605e-01
1.283361480490512463e-01 6.880711784163283662e-01
1.290779323528278288e-01 6.962218483357651699e-01
1.298240041777875831e-01 7.066469739718510557e-01
1.305743883058487209e-01 7.196300568870013237e-01
1.313291096621690413e-01 7.367883446304481776e-01
1.320881933159741561e-01 7.609632960436709670e-01
1.328516644813900749e-01 7.943713778873703335e-01
1.336195485182806453e-01 8.369481579882702693e-01
1.343918709330900185e-01 8.833779820510857528e-01
1.351686573796898327e-01 9.216829090637749244e-01
1.359499336602315311e-01 9.255037369390524127e-01
1.367357257260030934e-01 8.923404973538023865e-01
1.375260596782912625e-01 8.468513830208191928e-01
1.383209617692485738e-01 8.051895397804410548e-01
1.391204584027652402e-01 7.732762843567489996e-01
1.399245761353461737e-01 7.503770899743945622e-01
1.407333416769932510e-01 7.355705765555283770e-01
1.415467818920924381e-01 7.291338024452379551e-01
1.423649238003061035e-01 7.306221856479176990e-01
1.431877945774705507e-01 7.395589280813238409e-01
1.440154215564987683e-01 7.544169872388111209e-01
1.448478322282882313e-01 7.695327750894029872e-01
1.456850542426340045e-01 7.769167021468531553e-01
1.465271154091474515e-01 7.638176413198056736e-01
1.473740436981796631e-01 7.297781241779996986e-01
1.482258672417506584e-01 6.865956816483037572e-01
1.490826143344838317e-01 6.414918717115121183e-01
1.499443134345459228e-01 5.986077501440848492e-01
1.508109931645919832e-01 5.604368420518102134e-01
1.516826823127164214e-01 5.294475439928985061e-01
1.525594098334091819e-01 5.102602871129848783e-01
1.534412048485173929e-01 5.002816764377028269e-01
1.543280966482127869e-01 4.804745820508722898e-01
1.552201146919646169e-01 4.434318813126635339e-01
1.561172886095181789e-01 4.073898122254338561e-01
1.570196482018790252e-01 3.859886658717505692e-01
1.579272234423027277e-01 3.809500699215533359e-01
1.588400444772908315e-01 3.948023428541992952e-01
1.597581416275917487e-01 4.334326523419331223e-01
1.606815453892082024e-01 4.930581854917102658e-01
1.616102864344102497e-01 5.241718376450449357e-01
1.625443956127538836e-01 5.020039484293751242e-01
1.634839039521058524e-01 4.654393344168756275e-01
1.644288426596743347e-01 4.340724638225655907e-01
1.653792431230455828e-01 4.114754563328764658e-01
1.663351369112262834e-01 3.963951061775864426e-01
1.672965557756923849e-01 3.867405893338836664e-01
1.682635316514438095e-01 3.802690218500240360e-01
1.692360966580649384e-01 3.752819716384477311e-01
1.702142831007917856e-01 3.713657841467215004e-01
1.711981234715850009e-01 3.691654254293399440e-01
1.721876504502090899e-01 3.691493173860208588e-01
1.731828969053178791e-01 3.715519931274896548e-01
1.741838958955464201e-01 3.777613216661152018e-01
1.751906806706090836e-01 3.896194188358633737e-01
1.762032846724038426e-01 4.088189178286995018e-01
1.772217415361232173e-01 4.364107073907581569e-01
1.782460850913716033e-01 4.693207285350327052e-01
1.792763493632887617e-01 4.970864849649370698e-01
1.803125685736800821e-01 5.104078367897872948e-01
1.813547771421535060e-01 5.087383991802014727e-01
1.824030096872625850e-01 4.988255093216611424e-01
1.834573010276564775e-01 4.870782354899479971e-01
1.845176861832364401e-01 4.765474410896891055e-01
1.855842003763193415e-01 4.696184051755686872e-01
1.866568790328071992e-01 4.684225440395627937e-01
1.877357577833641822e-01 4.749076422798103048e-01
1.888208724646001924e-01 4.886465145874902549e-01
1.899122591202609955e-01 4.985761568110823605e-01
1.910099540024255971e-01 4.843334249083827148e-01
1.921139935727104175e-01 4.544272316822436930e-01
1.932244145034804905e-01 4.268741014241507203e-01
1.943412536790674328e-01 4.041450079792454075e-01
1.954645481969946030e-01 3.860866027751304053e-01
1.965943353692096995e-01 3.718451595158963063e-01
1.977306527233236300e-01 3.606642444872807385e-01
1.988735380038573475e-01 3.526353513753359148e-01
2.000230291734956534e-01 3.478654375877002769e-01
2.011791644143479663e-01 3.462520559688647692e-01
2.023419821292166965e-01 3.477546142496652504e-01
2.035115209428728922e-01 3.524691163682833750e-01
2.046878197033392410e-01 3.597003391750691059e-01
2.058709174831803157e-01 3.667163585231123513e-01
2.070608535808005912e-01 3.711415601837203537e-01
2.082576675217497619e-01 3.753199866206807234e-01
2.094613990600355524e-01 3.837122771899031393e-01
2.106720881794442723e-01 3.983138962977511022e-01
2.118897750948690872e-01 4.169605672438776445e-01
2.131145002536455058e-01 4.335241460279852799e-01
2.143463043368951104e-01 4.435027567032673312e-01
2.155852282608767823e-01 4.456979608467868115e-01
2.168313131783459469e-01 4.351394606120191355e-01
2.180846004799212312e-01 4.116391140529979675e-01
2.193451317954595303e-01 3.853198599131438806e-01
2.206129489954388734e-01 3.648607119327583193e-01
2.218880941923488948e-01 3.528950130336389601e-01
2.231706097420899648e-01 3.445207634729338109e-01
2.244605382453801201e-01 3.305170749330887947e-01
2.257579225491697927e-01 3.125720703539398571e-01
2.270628057480653939e-01 2.982913234690072746e-01
2.283752311857605299e-01 2.915162804490169512e-01
2.296952424564759343e-01 2.936212795499497097e-01
2.310228834064072811e-01 3.037719241278791227e-01
2.323581981351817149e-01 3.149676585563481734e-01
2.337012309973229007e-01 3.149367311131756608e-01
2.350520266037238737e-01 2.990599992961920917e-01
2.364106298231291869e-01 2.744997434867777475e-01
2.377770857836252472e-01 2.495303433770596213e-01
2.391514398741393099e-01 2.281942735183853099e-01
2.405337377459470793e-01 2.116274731256138630e-01
2.419240253141889951e-01 2.002326432817213842e-01
2.433223487593957901e-01 1.940883912381048404e-01
2.447287545290218747e-01 1.923564544204411086e-01
2.461432893389885190e-01 1.924949835929849196e-01
2.475660001752356676e-01 1.918803006599301419e-01
2.489969342952823017e-01 1.898816146449030517e-01
2.504361392297964617e-01 1.862734129414369555e-01
2.518836627841739007e-01 1.821407333475027479e-01
2.533395530401260642e-01 1.784629448968983734e-01
2.548038583572773130e-01 1.753444277103312632e-01
2.562766273747711931e-01 1.728979380910346808e-01
2.577579090128856998e-01 1.723064507403593848e-01
2.592477524746588102e-01 1.767574252702779070e-01
2.607462072475227322e-01 1.888622976636738504e-01
2.622533231049470337e-01 1.984845984207386227e-01
2.637691501080930423e-01 1.965239273879444415e-01
2.652937386074759596e-01 1.922256571086904675e-01
2.668271392446371348e-01 1.924421492108984444e-01
2.683694029538270520e-01 1.997713089210639559e-01
2.699205809636965880e-01 2.161113080639032180e-01
2.714807247989985406e-01 2.421915188409026753e-01
2.730498862822996475e-01 2.646983212880051894e-01
2.746281175357012105e-01 2.694585702496494206e-01
2.762154709825712651e-01 2.665881169301955733e-01
2.778119993492854656e-01 2.646525744449790829e-01
2.794177556669779627e-01 2.648027014087126485e-01
2.810327932733039380e-01 2.651622329355937113e-01
2.826571658142107979e-01 2.647782171828676478e-01
2.842909272457196934e-01 2.640971691113384590e-01
2.859341318357184192e-01 2.647911036175228938e-01
2.875868341657639160e-01 2.684063928600493587e-01
2.892490891328946545e-01 2.757774334828443918e-01
2.909209519514548425e-01 2.881877143775694594e-01
2.926024781549284581e-01 3.070502331041712329e-01
2.942937235977828858e-01 3.320222105008203695e-01
2.959947444573255426e-01 3.572809110685485345e-01
2.977055972355692748e-01 3.775190566945966775e-01
2.994263387611086902e-01 3.967733230347176843e-01
3.011570261910088142e-01 4.177691910184937463e-01
3.028977170127025720e-01 4.441232385319169307e-01
3.046484690459013711e-01 4.869860974821630384e-01
3.064093404445150659e-01 5.110850189309199543e-01
3.081803896985833569e-01 4.691197001544110678e-01
3.099616756362194026e-01 4.131861305333590084e-01
3.117532574255635347e-01 3.797509871768836032e-01
3.135551945767480198e-01 3.669947055116654644e-01
3.153675469438748658e-01 3.686016439131733491e-01
3.171903747270033436e-01 3.795802419177017328e-01
3.190237384741493876e-01 3.920665527768926739e-01
3.208676990832974307e-01 3.938577671939704761e-01
3.227223178044230090e-01 3.779443090382195169e-01
3.245876562415266342e-01 3.484498373993152320e-01
3.264637763546810456e-01 3.226402417500757736e-01
3.283507404620888970e-01 3.040328744296477148e-01
3.302486112421523790e-01 2.843327374504555638e-01
3.321574517355558864e-01 2.703174511194208485e-01
3.340773253473591775e-01 2.540663683757027336e-01
3.360082958491044103e-01 2.372134891335850038e-01
3.379504273809338932e-01 2.232078676285417229e-01
3.399037844537201591e-01 2.127002688106622297e-01
3.418684319512097503e-01 2.055180144555664445e-01
3.438444351321779946e-01 2.023221786610679140e-01
3.458318596325960503e-01 2.046636438379242917e-01
3.478307714678123830e-01 2.131061915023021724e-01
3.498412370347446232e-01 2.216801808001634677e-01
3.518633231140849693e-01 2.258019069246407495e-01
3.538970968725191901e-01 2.329532338365639665e-01
3.559426258649572294e-01 2.481553607993459420e-01
3.579999780367765227e-01 2.679089764823572861e-01
3.600692217260801353e-01 2.848771893146393452e-01
3.621504256659661136e-01 3.024716828711658256e-01
3.642436589868098817e-01 3.268386421607517023e-01
3.663489912185618480e-01 3.413120412437800066e-01
3.684664922930561692e-01 3.215597142042341816e-01
3.705962325463332818e-01 2.942424057003321103e-01
3.727382827209774208e-01 2.733360984374099134e-01
3.748927139684648524e-01 2.641951060147182395e-01
3.770595978515288715e-01 2.651635215790592026e-01
3.792390063465359562e-01 2.697240308035472323e-01
3.814310118458763554e-01 2.805570120964714365e-01
3.836356871603694985e-01 2.958287258063916347e-01
3.858531055216822825e-01 3.130984812096062608e-01
3.880833405847607942e-01 3.413030207395213456e-01
3.903264664302779630e-01 3.695964766685576053e-01
3.925825575670940371e-01 3.766498666771010417e-01
3.948516889347303827e-01 3.697375831280324543e-01
3.971339359058604912e-01 3.637383034742873167e-01
3.994293742888124776e-01 3.662215194323513168e-01
4.017380803300868997e-01 3.739044117738030137e-01
4.040601307168905088e-01 3.773824604872512145e-01
4.063956025796829352e-01 3.739643336949498575e-01
4.087445734947380283e-01 3.683973939238878725e-01
4.111071214867221824e-01 3.653948546492178928e-01
4.134833250312844322e-01 3.673780769426587267e-01
4.158732630576643108e-01 3.759572208143820982e-01
4.182770149513134750e-01 3.909080623013869715e-01
4.206946605565314856e-01 4.034046823083020650e-01
4.231262801791195738e-01 3.966818293486654712e-01
4.255719545890473410e-01 3.783354123300058935e-01
4.280317650231349469e-01 3.649612261230691934e-01
4.305057931877529498e-01 3.591591089195492192e-01
4.329941212615355806e-01 3.530290319540533850e-01
4.354968318981098929e-01 3.427643424294251062e-01
4.380140082288422887e-01 3.303579274650966235e-01
4.405457338655994204e-01 3.172633768901785278e-01
4.430920929035247480e-01 3.078698103482442328e-01
4.456531699238333033e-01 2.997532894806438364e-01
4.482290499966203323e-01 2.906599768661764505e-01
4.508198186836865351e-01 2.815125412261572091e-01
4.534255620413813470e-01 2.734275921234620710e-01
4.560463666234608748e-01 2.670997083860084387e-01
4.586823194839622087e-01 2.623491242503556697e-01
4.613335081800964965e-01 2.611133151669185470e-01
4.640000207751556194e-01 2.659953409360547028e-01
4.666819458414390720e-01 2.748206157096931279e-01
4.693793724631949438e-01 2.831162580190013101e-01
4.720923902395786631e-01 2.903210636347438034e-01
4.748210892876304490e-01 2.996540639337984535e-01
4.775655602452679171e-01 3.142382863548618399e-01
4.803258942742961168e-01 3.318611300676299058e-01
4.831021830634371073e-01 3.499517513583830230e-01
4.858945188313745223e-01 3.717717068383614154e-01
4.887029943298164536e-01 3.961992323708268815e-01
4.915277028465775411e-01 4.129058505796076584e-01
4.943687382086768833e-01 4.288979159867555846e-01
4.972261947854541564e-01 4.565612252611507826e-01
5.001001674917054940e-01 4.880344089413665154e-01
5.029907517908354109e-01 5.098363234128275856e-01
5.058980436980275996e-01 5.114116900494302120e-01
5.088221397834349347e-01 4.818927341846810375e-01
5.117631371753864622e-01 4.422553498286404539e-01
5.147211335636141527e-01 4.099690321216793443e-01
5.176962272024980827e-01 3.855357076936190563e-01
5.206885169143288250e-01 3.675765280363493259e-01
5.236981020925914887e-01 3.596578139407067831e-01
5.267250827052667450e-01 3.625630606337297279e-01
5.297695592981502832e-01 3.758567066240712795e-01
5.328316329981945820e-01 4.030142233382484340e-01
5.359114055168668900e-01 4.423719720622704132e-01
5.390089791535270791e-01 4.788412264583211120e-01
5.421244567988269258e-01 4.900285847042643028e-01
5.452579419381275994e-01 4.771080009971919167e-01
5.484095386549359130e-01 4.570360903781962025e-01
5.515793516343632241e-01 4.341749109780747018e-01
5.547674861666017643e-01 4.124831755229159125e-01
5.579740481504216199e-01 3.969402023635029697e-01
5.611991440966896949e-01 3.858920176118363354e-01
5.644428811319066597e-01 3.766363359207130501e-01
5.677053670017649933e-01 3.728206626192976381e-01
5.709867100747291202e-01 3.786788358135679267e-01
5.742870193456336425e-01 3.790287025144576383e-01
5.776064044393048880e-01 3.699012408481539560e-01
5.809449756142023302e-01 3.678651841726266469e-01
5.843028437660793273e-01 3.767181647807737455e-01
5.876801204316687288e-01 3.874602967093785932e-01
5.910769177923870243e-01 3.978615824413523350e-01
5.944933486780595855e-01 4.103543365178708990e-01
5.979295265706701112e-01 4.141738757496828960e-01
6.013855656081297241e-01 4.041675592398920602e-01
6.048615805880666052e-01 3.921593351064103783e-01
6.083576869716416091e-01 3.845279885035796097e-01
6.118740008873820857e-01 3.837850855457052290e-01
6.154106391350390171e-01 3.986901801896840514e-01
6.189677191894675801e-01 4.107499500617866617e-01
6.225453592045292472e-01 3.897573036866743834e-01
6.261436780170150929e-01 3.440065947301899074e-01
6.297627951505950783e-01 3.051932978703516541e-01
6.334028308197864332e-01 2.935162551075095605e-01
6.370639059339481269e-01 3.051456180621273107e-01
6.407461421012968783e-01 3.194353854513185542e-01
6.444496616329448146e-01 3.124026137382235335e-01
6.481745875469649976e-01 2.920098308963124389e-01
6.519210435724759334e-01 2.759752402548022454e-01
6.556891541537508417e-01 2.697910402637545002e-01
6.594790444543533470e-01 2.713348351354517574e-01
6.632908403612935988e-01 2.699360126536259341e-01
6.671246684892090384e-01 2.695816357006068920e-01
6.709806561845721440e-01 2.660765254743826524e-01
6.748589315299192704e-01 2.472707070602639667e-01
6.787596233481042463e-01 2.323237315036557060e-01
6.826828612065795054e-01 2.307941117100791861e-01
6.866287754216984229e-01 2.385897603547642298e-01
6.905974970630435195e-01 2.500573985544587430e-01
6.945891579577818664e-01 2.533524598958026286e-01
6.986038906950429173e-01 2.460812891415856962e-01
7.026418286303216520e-01 2.427482128180089016e-01
7.067031058899108098e-01 2.469962260021074385e-01
7.107878573753529938e-01 2.519794102832871863e-01
7.148962187679240854e-01 2.581133531791795499e-01
7.190283265331394169e-01 2.639483307910704402e-01
7.231843179252852583e-01 2.647865933653935633e-01
7.273643309919801681e-01 2.558376088190649211e-01
7.315685045787596597e-01 2.435355739754438142e-01
7.357969783336865133e-01 2.398590741683049588e-01
7.400498927119919523e-01 2.532274614796468648e-01
7.443273889807401344e-01 2.779758592350276558e-01
7.486296092235191768e-01 3.010032736422016963e-01
7.529566963451627126e-01 3.149354424697101140e-01
7.573087940764960946e-01 3.178458437365951905e-01
7.616860469791092436e-01 3.135385529530825277e-01
7.660886004501606950e-01 3.070038419394123252e-01
7.705166007272060691e-01 3.164135165246657055e-01
7.749701948930545203e-01 3.379164657121253024e-01
7.794495308806568268e-01 3.507075407509126497e-01
7.839547574780165728e-01 3.541598165950503030e-01
7.884860243331343055e-01 3.517378112015987490e-01
7.930434819589780027e-01 3.322941142720458041e-01
7.976272817384808533e-01 3.028885590322627497e-01
8.022375759295721220e-01 2.861026892503522601e-01
8.068745176702336597e-01 2.955787289740800516e-01
8.115382609835852801e-01 3.218174428973389345e-01
8.162289607830032212e-01 3.395627077393317261e-01
8.209467728772645856e-01 3.345163799283413231e-01
8.256918539757219788e-01 3.083343663175654448e-01
8.304643616935105666e-01 2.902566314614675735e-01
8.352644545567829981e-01 2.803153914466857688e-01
8.400922920079733069e-01 2.747619824320117754e-01
8.449480344110958940e-01 2.735770747654628354e-01
8.498318430570707127e-01 2.724069864987673784e-01
8.547438801690798726e-01 2.620288963491730905e-01
8.596843089079587719e-01 2.440072174838254504e-01
8.646532933776126528e-01 2.234733281824395901e-01
8.696509986304700179e-01 2.008982276316643445e-01
8.746775906729644667e-01 1.878668205865568763e-01
8.797332364710471753e-01 1.871065209418979469e-01
8.848181039557355687e-01 1.953010047391625370e-01
8.899323620286901937e-01 2.007100856856978977e-01
8.950761805678236760e-01 1.938712548141640901e-01
9.002497304329459826e-01 1.876574160234092958e-01
9.054531834714387717e-01 1.824300338055127868e-01
9.106867125239620497e-01 1.764011153520606001e-01
9.159504914301977996e-01 1.775886003055406059e-01
9.212446950346235841e-01 1.948725307868759415e-01
9.265694991923183466e-01 2.276569091932619526e-01
9.319250807748065135e-01 2.585637340703800802e-01
9.373116176759319629e-01 2.724727073155090995e-01
9.427292888177655206e-01 2.717665306964021088e-01
9.481782741565508710e-01 2.613542914949714135e-01
9.536587546886805544e-01 2.430407348846827520e-01
9.591709124567069367e-01 2.264823106744371928e-01
9.647149305553922582e-01 2.196705413156794517e-01
9.702909931377862174e-01 2.154573215051499846e-01
9.758992854213467405e-01 2.046088764906395518e-01
9.815399936940907288e-01 1.990110092764050265e-01
9.872133053207802211e-01 2.023479515303783782e-01
9.929194087491489684e-01 1.998808436156334356e-01
9.986584935161608723e-01 1.949408288905487285e-01
1.004430750254303728e+00 1.951283265147824020e-01
1.010236370697924935e+00 2.134199761861571842e-01
1.016075547689597958e+00 2.359989426673290147e-01
1.021948475186527761e+00 2.363442991160893403e-01
1.027855348266994762e+00 2.351297526498333235e-01
1.033796363136834096e+00 2.274475046301143721e-01
1.039771717135951290e+00 2.084432351223050317e-01
1.045781608744880131e+00 2.041475421299820958e-01
1.051826237591374280e+00 1.969053658537394391e-01
1.057905804457035748e+00 1.888738954548635773e-01
1.064020511283988890e+00 1.907997731140886055e-01
1.070170561181583713e+00 1.992345889176733442e-01
1.076356158433145582e+00 2.141570802484366876e-01
1.082577508502760022e+00 2.182337038516206085e-01
1.088834818042095476e+00 2.121113587469179440e-01
1.095128294897270704e+00 2.257162121341834138e-01
1.101458148115757263e+00 2.358526816339920895e-01
1.107824587953321727e+00 2.362528054300371549e-01
1.114227825881013212e+00 2.456057797028075029e-01
1.120668074592185315e+00 2.565734242378788776e-01
1.127145548009560017e+00 2.754146803472994898e-01
1.133660461292336441e+00 2.872077010220387416e-01
1.140213030843336250e+00 2.720919131714468753e-01
1.146803474316190341e+00 2.569413319472858559e-01
1.153432010622570836e+00 2.579574273198512180e-01
1.160098859939462601e+00 2.524832698783069374e-01
1.166804243716473621e+00 2.320576266280250655e-01
1.173548384683194445e+00 2.149882552836994143e-01
1.180331506856595603e+00 2.075663132440162262e-01
1.187153835548465874e+00 2.142956094209804707e-01
1.194015597372901416e+00 2.290769942922689650e-01
1.200917020253827294e+00 2.346252487330808545e-01
1.207858333432573428e+00 2.371780514382831051e-01
1.214839767475487387e+00 2.443506409673874835e-01
1.221861554281590267e+00 2.348990854695046093e-01
1.228923927090283863e+00 2.186157866391483517e-01
1.236027120489096909e+00 2.148916070237851528e-01
1.243171370421473965e+00 2.153052615762182098e-01
1.250356914194617142e+00 2.061442951798108936e-01
1.257583990487367132e+00 1.853591204026479311e-01
1.264852839358128644e+00 1.594084182939336236e-01
1.272163702252848472e+00 1.454388788059249871e-01
1.279516822013033517e+00 1.413190856466459977e-01
1.286912442883815677e+00 1.419215264667783305e-01
1.294350810522067352e+00 1.462417036849461838e-01
1.301832172004561583e+00 1.512113572097379677e-01
1.309356775836174380e+00 1.527184257426678349e-01
1.316924871958146337e+00 1.484575261239140243e-01
1.324536711756377994e+00 1.378023776292321145e-01
1.332192548069784932e+00 1.337573257909535351e-01
1.339892635198694837e+00 1.414814547233019804e-01
1.347637228913291185e+00 1.539896725214068562e-01
1.355426586462114891e+00 1.601667849733942606e-01
1.363260966580605249e+00 1.561887425953228936e-01
1.371140629499693731e+00 1.512274652530570251e-01
1.379065836954451285e+00 1.429124932917659740e-01
1.387036852192779834e+00 1.434150642433201783e-01
1.395053939984155722e+00 1.523814454764333970e-01
1.403117366628427343e+00 1.654366924256530369e-01
1.411227399964658957e+00 1.777065111826360289e-01
1.419384309380025577e+00 1.670655377660748842e-01
1.427588365818764915e+00 1.447153055000334754e-01
1.435839841791175742e+00 1.305730877876447038e-01
1.444139011382666204e+00 1.282941218188662080e-01
1.452486150262864761e+00 1.331052721973985664e-01
1.460881535694769973e+00 1.402514445354597072e-01
1.469325446543965796e+00 1.460110365046174696e-01
1.477818163287882181e+00 1.562228916471592732e-01
1.486359968025109168e+00 1.581436147325221975e-01
1.494951144484772509e+00 1.456882313165037968e-01
1.503591978035954568e+00 1.470007146861395941e-01
1.512282755697172298e+00 1.742117101041360250e-01
1.521023766145914724e+00 2.014736069390206108e-01
1.529815299728230382e+00 2.007996464065517628e-01
1.538657648468367833e+00 2.033466502161591638e-01
1.547551106078482119e+00 2.101539093227876021e-01
1.556495967968387184e+00 2.154167292359859820e-01
1.565492531255366693e+00 2.173625808689266525e-01
1.574541094774047689e+00 2.082248100548987624e-01
1.583641959086324214e+00 1.974150243443540120e-01
1.592795426491339539e+00 1.978608949834251840e-01
1.602001801035530804e+00 1.995039154019677963e-01
1.611261388522727822e+00 1.907185885757606003e-01
1.620574496524306296e+00 1.997526235908138326e-01
1.629941434389411858e+00 2.252980473296209984e-01
1.639362513255227638e+00 2.307934673883464127e-01
1.648838046057315765e+00 2.278218555568489734e-01
1.658368347540009280e+00 2.226183132430646916e-01
1.667953734266863997e+00 2.136835037748567589e-01
1.677594524631179640e+00 1.920304276236636520e-01
1.687291038866571835e+00 1.755931358991772995e-01
1.697043599057607821e+00 1.724907267559292467e-01
1.706852529150509445e+00 1.692072632057750881e-01
1.716718154963911225e+00 1.671319029045493232e-01
1.726640804199680579e+00 1.594451446327010136e-01
1.736620806453807120e+00 1.516617381009384424e-01
1.746658493227349673e+00 1.399363712081392042e-01
1.756754197937443251e+00 1.225377514583722571e-01
1.766908255928380411e+00 1.193779976809083848e-01
1.777121004482747679e+00 1.331014062670020093e-01
1.787392782832625482e+00 1.462900278149033284e-01
1.797723932170862682e+00 1.510676734633320806e-01
1.808114795662403074e+00 1.474092146647105750e-01
1.818565718455690483e+00 1.525811852135895708e-01
1.829077047694130043e+00 1.549967473897135573e-01
1.839649132527616748e+00 1.548247134870661401e-01
1.850282324124138622e+00 1.601429450692820888e-01
1.860976975681438272e+00 1.614025940568313833e-01
1.871733442438742401e+00 1.682510897543565698e-01
1.882552081688566581e+00 1.803862452691923635e-01
1.893433252788581767e+00 1.912546642574184108e-01
1.904377317173546302e+00 1.858526708499434743e-01
1.915384638367318981e+00 1.703148522643926355e-01
1.926455581994929611e+00 1.522371174082947642e-01
1.937590515794722412e+00 1.404073703947880669e-01
1.948789809630575354e+00 1.387392214286677639e-01
1.960053835504184105e+00 1.445097668672824798e-01
1.971382967567415045e+00 1.333997272292707370e-01
1.982777582134739092e+00 1.235609343699979878e-01
1.994238057695728816e+00 1.234456007798336308e-01
2.005764774927627947e+00 1.259249508075010460e-01
2.017358116708002580e+00 1.231820731911340561e-01
2.029018468127450348e+00 1.271014822915240983e-01
2.040746216502401289e+00 1.314506539876662550e-01
2.052541751387976898e+00 1.320911097900314968e-01
2.064405464590929995e+00 1.425967756427126698e-01
2.076337750182662312e+00 1.425046376349277388e-01
2.088339004512313135e+00 1.284455374260652094e-01
2.100409626219920778e+00 1.181666728233161934e-01
2.112550016249669760e+00 1.047602705297413783e-01
2.124760577863207711e+00 1.010534876011627420e-01
2.137041716653034662e+00 1.072338216618139439e-01
2.149393840555982482e+00 1.103020817532256448e-01
2.161817359866763155e+00 1.077164186396525336e-01
2.174312687251592546e+00 1.085379288489238259e-01
2.186880237761905654e+00 1.091145967997456390e-01
2.199520428848138476e+00 1.144644001468668876e-01
2.212233680373592026e+00 1.256994382010344080e-01
2.225020414628386511e+00 1.304674190234717535e-01
2.237881056343477670e+00 1.201898430641882426e-01
2.250816032704775704e+00 1.121016723528293485e-01
2.263825773367328598e+00 1.184308447337485415e-01
2.276910710469592924e+00 1.291678220884912021e-01
2.290071278647793029e+00 1.339287153718681511e-01
2.303307915050354371e+00 1.262290706653646233e-01
2.316621059352423018e+00 1.321548976415749255e-01
2.330011153770474852e+00 1.479375584855752435e-01
2.343478643077001600e+00 1.662878414346313782e-01
2.357023974615280792e+00 1.812406158868345163e-01
2.370647598314243876e+00 1.767677344180020593e-01
2.384349966703414481e+00 1.936560513554216878e-01
2.398131534927939956e+00 2.223038842374769342e-01
2.411992760763713051e+00 2.124309423263678054e-01
2.425934104632577970e+00 2.168883600736139783e-01
2.439956029617617261e+00 2.095611333286467592e-01
2.454059001478542612e+00 2.044574608834405227e-01
2.468243488667162033e+00 2.047409624458557120e-01
2.482509962342935861e+00 1.849673727891287811e-01
2.496858896388636673e+00 1.678155282630096057e-01
2.511290767426078485e+00 1.644979156610190951e-01
2.525806054831960523e+00 1.627041239570102271e-01
2.540405240753779381e+00 1.548047395133505533e-01
2.555088810125852206e+00 1.520676607925784130e-01
2.569857250685421590e+00 1.547931417221608263e-01
2.584711052988855506e+00 1.521095417052079346e-01
2.599650710427946265e+00 1.528627538108064399e-01
2.614676719246288084e+00 1.552789603086632275e-01
2.629789578555775442e+00 1.483131980557753915e-01
2.644989790353173831e+00 1.468628298353285566e-01
2.660277859536794409e+00 1.436766588668214606e-01
2.675654293923265481e+00 1.329609441292599337e-01
2.691119604264405218e+00 1.193618896375893274e-01
2.706674304264172548e+00 1.168019993933266942e-01
2.722318910595750374e+00 1.286749159629284323e-01
2.738053942918694972e+00 1.195996443569784379e-01
2.753879923896200843e+00 1.206872594418803568e-01
2.769797379212459720e+00 1.315885388384772925e-01
2.785806837590128815e+00 1.204862310612586779e-01
2.801908830807877226e+00 1.163793243366349484e-01
2.818103893718070019e+00 1.124489617667879665e-01
2.834392564264522019e+00 1.179939945989360306e-01
2.850775383500368410e+00 1.256208309496374687e-01
2.867252895606037466e+00 1.389389611658239099e-01
2.883825647907329426e+00 1.444202061464285591e-01
2.900494190893583735e+00 1.387823909847628046e-01
2.917259078235983960e+00 1.381084304522939843e-01
2.934120866805935979e+00 1.466353842636636540e-01
2.951080116693567401e+00 1.523234565204848456e-01
2.968137391226336685e+00 1.556707079221824053e-01
2.985293256987731514e+00 1.545508767506423853e-01
3.002548283836107057e+00 1.578150106488136750e-01
3.019903044923603730e+00 1.622357020572923747e-01
3.037358116715186629e+00 1.735235744935464119e-01
3.054914079007794214e+00 1.614580057258489243e-01
3.072571514949601568e+00 1.435593923114588111e-01
3.090331011059376021e+00 1.352199361243228148e-01
3.108193157245980220e+00 1.211820985326414329e-01
3.126158546827951579e+00 1.079812348718176412e-01
3.144227776553216724e+00 1.033015261267686558e-01
3.162401446618910317e+00 1.094696180744973851e-01
3.180680160691316427e+00 1.187639590695863806e-01
3.199064525925907621e+00 1.168387257320941258e-01
3.217555152987530587e+00 1.063279053055508488e-01
3.236152656070678812e+00 1.022377509459789363e-01
3.254857652919894928e+00 9.317858738334799940e-02
3.273670764850296955e+00 8.546090166832713553e-02
3.292592616768199143e+00 8.662068078729837084e-02
3.311623837191892683e+00 9.293052351623469487e-02
3.330765058272506351e+00 9.440795324945751299e-02
3.350016915815009710e+00 8.669928803869531020e-02
3.369380049299332214e+00 8.366517699911998895e-02
3.388855101901607103e+00 8.364778031233541244e-02
3.408442720515521884e+00 9.093054885774205787e-02
3.428143555773827789e+00 1.050076900751219094e-01
3.447958262069935831e+00 1.058530401885054012e-01
3.467887497579658529e+00 1.035031988291231081e-01
3.487931924283071528e+00 1.099206432874306472e-01
3.508092207986506228e+00 1.012255215038101314e-01
3.528369018344649444e+00 9.759025828756805188e-02
3.548763028882812254e+00 9.819076614250205060e-02
3.569274917019284565e+00 9.868238362459931523e-02
3.589905364087840223e+00 9.979577157881169835e-02
3.610655055360374899e+00 1.175616547162528641e-01
3.631524680069651456e+00 1.152459624087069506e-01
3.652514931432215839e+00 1.077080424571266321e-01
3.673626506671410219e+00 1.105121306381059848e-01
3.694860107040534913e+00 1.112228175093422505e-01
3.716216437846141751e+00 1.226002506664501529e-01
3.737696208471465109e+00 1.323675238133863175e-01
3.759300132399972405e+00 1.264655367412881870e-01
3.781028927239082016e+00 1.238541007584046116e-01
3.802883314743989107e+00 1.234752395795406799e-01
3.824864020841640233e+00 1.248057639576937994e-01
3.846971775654848713e+00 1.370407893411076661e-01
3.869207313526548564e+00 1.344183998887671094e-01
3.891571373044171445e+00 1.232664793381258450e-01
3.914064697064205678e+00 1.295286422588378117e-01
3.936688032736852527e+00 1.337354188520396281e-01
3.959442131530850340e+00 1.418435635371141090e-01
3.982327749258438132e+00 1.510245039072370399e-01
4.005345646100446189e+00 1.392527458496789494e-01
4.028496586631570509e+00 1.289332889777659030e-01
4.051781339845751617e+00 1.234062971541351611e-01
4.075200679181723906e+00 1.061855102026104947e-01
4.098755382548707082e+00 1.015670120221738998e-01
4.122446232352245943e+00 1.079728586892917258e-01
4.146274015520188705e+00 1.008653456551962813e-01
4.170239523528843861e+00 9.178814108404800831e-02
4.194343552429258715e+00 9.600007225111192866e-02
4.218586902873665778e+00 1.100540178861123403e-01
4.242970380142073950e+00 1.149676154201538375e-01
4.267494794169023997e+00 1.109186976514786732e-01
4.292160959570472833e+00 1.060089660478337609e-01
4.316969695670882068e+00 1.016681705342174918e-01
4.341921826530410478e+00 9.677970154775369926e-02
4.367018180972294772e+00 1.020109496960467654e-01
4.392259592610382235e+00 1.017551539681403466e-01
4.417646899876805477e+00 1.002551729742708619e-01
4.443180946049855251e+00 1.091738743991597232e-01
4.468862579281975833e+00 1.194662697582967448e-01
4.494692652627942486e+00 1.180191231465137353e-01
4.520672024073195239e+00 1.227903255776148783e-01
4.546801556562344082e+00 1.110430517459017191e-01
4.573082118027814502e+00 1.094154950489454048e-01
4.599514581418703507e+00 1.176512154371067570e-01
4.626099824729760002e+00 1.173451626140449011e-01
4.652838731030551678e+00 1.214353169736168137e-01
4.679732188494796219e+00 1.173374307532517452e-01
4.706781090429870140e+00 1.147479017092820769e-01
4.733986335306464177e+00 1.100153585821466301e-01
4.761348826788450062e+00 1.077724746304028064e-01
4.788869473762884077e+00 1.130372275087994788e-01
4.816549190370198019e+00 1.159186342977102657e-01
4.844388896034566017e+00 1.212246237670037002e-01
4.872389515494448098e+00 1.136757503459664281e-01
4.900551978833287414e+00 1.061249439597308775e-01
4.928877221510434836e+00 1.028298826183870196e-01
4.957366184392200559e+00 9.908959495970476317e-02
4.986019813783113541e+00 9.332098248628835357e-02
5.014839061457356806e+00 9.052720345303318095e-02
5.043824884690362609e+00 9.601618029443095836e-02
5.072978246290641202e+00 8.924693617003547075e-02
5.102300114631742822e+00 8.522636855760182262e-02
5.131791463684423960e+00 7.713046598544978649e-02
5.161453273049005475e+00 7.730056692289889730e-02
5.191286527987911903e+00 7.112345447091150685e-02
5.221292219458380401e+00 7.431993458714279688e-02
5.251471344145405951e+00 8.815481083300422127e-02
5.281824904494829553e+00 1.014400806408198158e-01
5.312353908746639597e+00 1.043981617159292496e-01
5.343059370968462396e+00 1.064722333736894955e-01
5.373942311089249912e+00 9.644465424671755382e-02
5.405003754933139781e+00 9.141765608770997809e-02
5.436244734253559585e+00 1.008086453427132489e-01
5.467666286767478567e+00 9.996329522932975720e-02
5.499269456189878724e+00 9.916562492417065056e-02
5.531055292268432844e+00 1.007886713689976343e-01
5.563024850818350409e+00 9.862246170345245755e-02
5.595179193757479297e+00 1.068427183700275257e-01
5.627519389141558470e+00 9.863341517290941107e-02
5.660046511199702479e+00 9.073596369444798804e-02
5.692761640370078702e+00 9.701938923234108836e-02
5.725665863335805739e+00 1.093529958408674951e-01
5.758760273061025892e+00 1.039426262508666571e-01
5.792045968827241431e+00 1.010715286096800641e-01
5.825524056269808071e+00 1.089773562706673610e-01
5.859195647414667363e+00 1.084419249107423239e-01
5.893061860715279821e+00 1.133123528886887665e-01
5.927123821089786304e+00 1.164025199190143744e-01
5.961382659958350594e+00 1.093884335361694077e-01
5.995839515280771082e+00 1.053517578804167160e-01
6.030495531594262104e+00 9.539827575271239701e-02
6.065351860051475086e+00 9.454390513507025806e-02
6.100409658458743500e+00 8.913160257987111368e-02
6.135670091314512575e+00 9.003751893613420876e-02
6.171134329848062094e+00 9.936665330479232949e-02
6.206803552058381079e+00 9.607481357211229700e-02
6.242678942753306259e+00 9.827581661122661294e-02
6.278761693588877257e+00 1.133252393233440125e-01
6.315053003108923591e+00 1.410388056928946476e-01
6.351554076784851510e+00 1.373829241812041801e-01
6.388266127055725718e+00 1.315878945167445191e-01
6.425190373368511843e+00 1.397965533921298742e-01
6.462328042218596025e+00 1.315460136041149974e-01
6.499680367190518560e+00 1.296529963532608298e-01
6.537248588998957999e+00 1.157942802032872337e-01
6.575033955529916874e+00 9.928160283606778103e-02
6.613037721882214726e+00 1.022905853280653837e-01
6.651261150409145451e+00 1.077273721091094871e-01
6.689705510760421525e+00 9.733703984659267117e-02
6.728372079924347382e+00 8.321157449925567495e-02
6.767262142270216607e+00 7.673291947633574528e-02
6.806376989591010229e+00 7.122268001775683421e-02
6.845717921146279750e+00 7.704734848192351659e-02
6.885286243705309062e+00 8.621797970432223956e-02
6.925083271590525058e+00 9.441826239718169311e-02
6.965110326721157818e+00 1.019548937052964926e-01
7.005368738657123728e+00 1.013840246500695291e-01
7.045859844643230119e+00 9.883830948392766103e-02
7.086584989653569089e+00 1.041062839709881588e-01
7.127545526436194656e+00 1.164630861618939917e-01
7.168742815558059256e+00 1.197304416687290790e-01
7.210178225450215805e+00 1.099212876091634067e-01
7.251853132453240036e+00 1.135372211734226450e-01
7.293768920862992111e+00 1.209791371868214616e-01
7.335926982976571864e+00 1.181576523190575323e-01
7.378328719138569802e+00 1.179894843468067001e-01
7.420975537787583676e+00 1.072486410616674546e-01
7.463868855503007715e+00 9.626682144847531486e-02
7.507010097052058128e+00 1.011146981657751048e-01
7.550400695437144982e+00 1.005895759535742340e-01
7.594042091943437711e+00 9.864114703370253923e-02
7.637935736186750368e+00 9.417342013873221396e-02
7.682083086161699548e+00 8.621346945219290903e-02
7.726485608290103890e+00 9.334353374693500627e-02
7.771144777469737974e+00 1.072486410616674546e-01
7.816062077123293150e+00 1.106023356806926372e-01
7.861238999247660786e+00 9.135064662750276565e-02
7.906677044463489068e+00 7.996934753999827838e-02
7.952377722065040011e+00 8.796280295664120341e-02
7.998342550070284496e+00 2.342283465456995728e-01
