2.511886431509579437e-02 9.042681476699673260e-01
2.526405161860213050e-02 8.997654095071632163e-01
2.541007810627042562e-02 8.974949804098331096e-01
2.555694862859406516e-02 8.936357083847543681e-01
2.570466806410236227e-02 8.897200187125291482e-01
2.585324131952258450e-02 8.854170295166492455e-01
2.600267332994290678e-02 8.811292883335115622e-01
2.615296905897638788e-02 8.768949151949720910e-01
2.630413349892583852e-02 8.728053981774843706e-01
2.645617167094958117e-02 8.688973325116302604e-01
2.660908862522835469e-02 8.651951150177973338e-01
2.676288944113292337e-02 8.616423280488390013e-01
2.691757922739292791e-02 8.581124130989942200e-01
2.707316312226650673e-02 8.546312917899248074e-01
2.722964629371095457e-02 8.512858777942619026e-01
2.738703393955444973e-02 8.481036175349416784e-01
2.754533128766867636e-02 8.451119574349005292e-01
2.770454359614242176e-02 8.423246207056062085e-01
2.786467615345633933e-02 8.397522809559784251e-01
2.802573427865854422e-02 8.371753668025279094e-01
2.818772332154127064e-02 8.344139516948955171e-01
2.835064866281864979e-02 8.315732469210032063e-01
2.851451571430539678e-02 8.287432157560303825e-01
2.867932991909653145e-02 8.259772262445753688e-01
2.884509675174826843e-02 8.233164480210422020e-01
2.901182171845980567e-02 8.207852779058187886e-01
2.917951035725619563e-02 8.182785046109829485e-01
2.934816823817239240e-02 8.154774446702205415e-01
2.951780096343814899e-02 8.123897220899026772e-01
2.968841416766421215e-02 8.092349082535187366e-01
2.986001351802944001e-02 8.060770448145861966e-01
3.003260471446899879e-02 8.029893222342684433e-01
3.020619348986378766e-02 8.000113853456952695e-01
3.038078561023081769e-02 7.971264613348501005e-01
3.055638687491469066e-02 7.941866444781326972e-01
3.073300311678033025e-02 7.912102323908336565e-01
3.091064020240668481e-02 7.883329323863598193e-01
3.108930403228154019e-02 7.855943892978409782e-01
3.126900054099761295e-02 7.830403471635039026e-01
3.144973569744963920e-02 7.806875787973653891e-01
3.163151550503255638e-02 7.785162617828604859e-01
3.181434600184106232e-02 7.764638792677454049e-01
3.199823326087009728e-02 7.745395800596659441e-01
3.218318339021652985e-02 7.727967322032198716e-01
3.236920253328214730e-02 7.712627821213434709e-01
3.255629686897762443e-02 7.699636514356985595e-01
3.274447261192782455e-02 7.689252617679472879e-01
3.293373601267822470e-02 7.677709872033543492e-01
3.312409335790250653e-02 7.662568595380430114e-01
3.331555097061136145e-02 7.646054997580508106e-01
3.350811521036261426e-02 7.629160199462028391e-01
3.370179247347232510e-02 7.612951561916952992e-01
3.389658919322740410e-02 7.598039005454972905e-01
3.409251184009919750e-02 7.583919345655593114e-01
3.428956692195841288e-02 7.569845429894441757e-01
3.448776098429136294e-02 7.556838875025250202e-01
3.468710061041735404e-02 7.546028033990952455e-01
3.488759242170727526e-02 7.537992331275755742e-01
3.508924307780367929e-02 7.533051975147245782e-01
3.529205927684192501e-02 7.532594534764978089e-01
3.549604775567258980e-02 7.538297291530601241e-01
3.570121529008542238e-02 7.549657061023623550e-01
3.590756869503420462e-02 7.565713218441274535e-01
3.611511482486330638e-02 7.586191299554198020e-01
3.632386057353523962e-02 7.610786344107544066e-01
3.653381287485973905e-02 7.639559344152284659e-01
3.674497870272393912e-02 7.672403563599220488e-01
3.695736507132423021e-02 7.709105530269960704e-01
3.717097903539903075e-02 7.749649996151763975e-01
3.738582769046329413e-02 7.794021713231887860e-01
3.760191817304411876e-02 7.842327417599526118e-01
3.781925766091774610e-02 7.890465393826999740e-01
3.803785337334809891e-02 7.936590632372487741e-01
3.825771257132654091e-02 7.983524015593318479e-01
3.847884255781295476e-02 8.032531128547103494e-01
3.870125067797849233e-02 8.084908052316939209e-01
3.892494431944945599e-02 8.140380322673465008e-01
3.914993091255265789e-02 8.197590866482612482e-01
3.937621793056233360e-02 8.257302084381499263e-01
3.960381288994833243e-02 8.321176009759037040e-01
3.983272335062570252e-02 8.389990291265082556e-01
4.006295691620595512e-02 8.464278609345619042e-01
4.029452123424955012e-02 8.540884625362985538e-01
4.052742399651988042e-02 8.619000194641840418e-01
4.076167293923887297e-02 8.701583431654192902e-01
4.099727584334383890e-02 8.789915169470396972e-01
4.123424053474603751e-02 8.885321985199031714e-01
4.147257488459059338e-02 8.988688263579153181e-01
4.171228680951784978e-02 9.100684917171422139e-01
4.195338427192649156e-02 9.221769386358108500e-01
4.219587528023795858e-02 9.352322871457767750e-01
4.243976788916238585e-02 9.492650332725249829e-01
4.268507019996626434e-02 9.633785938668072424e-01
4.293179036074151744e-02 9.770164164635295467e-01
4.317993656667604152e-02 9.907152311112211729e-01
4.342951706032609216e-02 1.004737303629049672e+00
4.368054013188996804e-02 1.019354048643828170e+00
4.393301411948334623e-02 1.033426439603706282e+00
4.418694740941636612e-02 1.047117630245026687e+00
4.444234843647213579e-02 1.061862458566840806e+00
4.469922568418681352e-02 1.078542259705653983e+00
4.495758768513159753e-02 1.097123488033433292e+00
4.521744302119593689e-02 1.113095781381003180e+00
4.547880032387276866e-02 1.123927969633140567e+00
4.574166827454511502e-02 1.132582741665675741e+00
4.600605560477452616e-02 1.141397617832005329e+00
4.627197109659098723e-02 1.155222990985458109e+00
4.653942358278480296e-02 1.178991593248171155e+00
4.680842194719982141e-02 1.214081844972049851e+00
4.707897512502866311e-02 1.261407102120358337e+00
4.735109210310945588e-02 1.322492165967327216e+00
4.762478192022426976e-02 1.393250569098017921e+00
4.790005366739954334e-02 1.470513774464578205e+00
4.817691648820784933e-02 1.557721733741673331e+00
4.845537957907175564e-02 1.655446247407139637e+00
4.873545218956924774e-02 1.715752137802976751e+00
4.901714362274099679e-02 1.672478277640300437e+00
4.930046323539925834e-02 1.555083827537253827e+00
4.958542043843887359e-02 1.416336060389875806e+00
4.987202469714965836e-02 1.298279846533812787e+00
5.016028553153097091e-02 1.218551037506820922e+00
5.045021251660784106e-02 1.164412968265248427e+00
5.074181528274907677e-02 1.124473848489315086e+00
5.103510351598705003e-02 1.096254351307121455e+00
5.133008695833959217e-02 1.078510238878895189e+00
5.162677540813340182e-02 1.068830800390076607e+00
5.192517872032970105e-02 1.065791871450534112e+00
5.222530680685147364e-02 1.067987585285426810e+00
5.252716963691266006e-02 1.061487357453379854e+00
5.283077723734942721e-02 1.037067665046569998e+00
5.313613969295318679e-02 1.005081908717025962e+00
5.344326714680543849e-02 9.745675856171145401e-01
5.375216980061491706e-02 9.545667673030262534e-01
5.406285791505632127e-02 9.430895881118892543e-01
5.437534181011107609e-02 9.363957105180150675e-01
5.468963186541032917e-02 9.338630156015172989e-01
5.500573852057948770e-02 9.345354529634531948e-01
5.532367227558519784e-02 9.375088154482036362e-01
5.564344369108398941e-02 9.425376100506176469e-01
5.596506338877313413e-02 9.473117628402349943e-01
5.628854205174332881e-02 9.466667719012351601e-01
5.661389042483377931e-02 9.397563725264203027e-01
5.694111931498885282e-02 9.292093221125641289e-01
5.727023959161724881e-02 9.162271640637612569e-01
5.760126218695296035e-02 9.020160161879281491e-01
5.793419809641841417e-02 8.877484506649483409e-01
5.826905837898961604e-02 8.742143145548738614e-01
5.860585415756369709e-02 8.625465352044581202e-01
5.894459661932811845e-02 8.527679846328144464e-01
5.928529701613251268e-02 8.443251599773973215e-01
5.962796666486229469e-02 8.373949381860172902e-01
5.997261694781454155e-02 8.321831674306956472e-01
6.031925931307623168e-02 8.284611275202976577e-01
6.066790527490428103e-02 8.259421558152679754e-01
6.101856641410823012e-02 8.251187631271832412e-01
6.137125437843479747e-02 8.261022599490622786e-01
6.172598088295483398e-02 8.285221195712668685e-01
6.208275771045231733e-02 8.326665294346268231e-01
6.244159671181598315e-02 8.388556978067305270e-01
6.280250980643269088e-02 8.470667526684646509e-01
6.316550898258359303e-02 8.571350154822121592e-01
6.353060629784218483e-02 8.681700023038221303e-01
6.389781387947492119e-02 8.800405802237105668e-01
6.426714392484385308e-02 8.938293581465817095e-01
6.463860870181208085e-02 9.084964216034099316e-01
6.501222054915094251e-02 9.227563631200186300e-01
6.538799187695008841e-02 9.371626855589533234e-01
6.576593516702965159e-02 9.500045618905269551e-01
6.614606297335466623e-02 9.592143615868823359e-01
6.652838792245242827e-02 9.657023910087354501e-01
6.691292271383147972e-02 9.703469356900430443e-01
6.729968012040381253e-02 9.728674321963468596e-01
6.768867298890894613e-02 9.741025212284740720e-01
6.807991424034069705e-02 9.750844932490788652e-01
6.847341687037629410e-02 9.759536299753904798e-01
6.886919394980822728e-02 9.771993926164372901e-01
6.926725862497820629e-02 9.794667721112187975e-01
6.966762411821400547e-02 9.829326454075459907e-01
7.007030372826857090e-02 9.878074350812625637e-01
7.047531083076181979e-02 9.944662422458293571e-01
7.088265887862478520e-02 1.003227750367560844e+00
7.129236140254673060e-02 1.014980918589333703e+00
7.170443201142430445e-02 1.030637578073137828e+00
7.211888439281383123e-02 1.049837875718254931e+00
7.253573231338585059e-02 1.071171370346021057e+00
7.295498961938230720e-02 1.094253812035330453e+00
7.337667023707672431e-02 1.118002591881478658e+00
7.380078817323644513e-02 1.145041892877417533e+00
7.422735751558823258e-02 1.177835793882304083e+00
7.465639243328600627e-02 1.213664049422910507e+00
7.508790717738160481e-02 1.252744706081451609e+00
7.552191608129793510e-02 1.290460665599556078e+00
7.595843356130543844e-02 1.302081176110470917e+00
7.639747411700059665e-02 1.274046179882459162e+00
7.683905233178781047e-02 1.245126798915393351e+00
7.728318287336367887e-02 1.227651051511431834e+00
7.772988049420428980e-02 1.217660553562669890e+00
7.817916003205507836e-02 1.215406897279356579e+00
7.863103641042397396e-02 1.220963273122654513e+00
7.908552463907676799e-02 1.235415339599816198e+00
7.954263981453599253e-02 1.257413647583146998e+00
8.000239712058217212e-02 1.285308362093929402e+00
8.046481182875830918e-02 1.314422917624096687e+00
8.092989929887701994e-02 1.341704662022638272e+00
8.139767497953076525e-02 1.371575518984823994e+00
8.186815440860513438e-02 1.392494267665999486e+00
8.234135321379483508e-02 1.404207791054642218e+00
8.281728711312283386e-02 1.425315615093822208e+00
8.329597191546232737e-02 1.448305043905403267e+00
8.377742352106211376e-02 1.444093542785977347e+00
8.426165792207447602e-02 1.417061865796409581e+00
8.474869120308657633e-02 1.360340783196289927e+00
8.523853954165466762e-02 1.299336533816854988e+00
8.573121920884146929e-02 1.250838704488663078e+00
8.622674656975649887e-02 1.212192616193277672e+00
8.672513808409994251e-02 1.181814000406772758e+00
8.722641030670905127e-02 1.157191509430490317e+00
8.773057988810836760e-02 1.137090054232302583e+00
8.823766357506258873e-02 1.120777730200579025e+00
8.874767821113291322e-02 1.107996845919974715e+00
8.926064073723644077e-02 1.099579942886219408e+00
8.977656819220893036e-02 1.095889923802580324e+00
9.029547771337091688e-02 1.096318392960639265e+00
9.081738653709675591e-02 1.100241706639235595e+00
9.134231199938727674e-02 1.106882216188511903e+00
9.187027153644546085e-02 1.114378139252631517e+00
9.240128268525588107e-02 1.122516003653202477e+00
9.293536308416693037e-02 1.127726249607249764e+00
9.347253047347692245e-02 1.131272937371111231e+00
9.401280269602330097e-02 1.148573332628536559e+00
9.455619769777530437e-02 1.193590040647659167e+00
9.510273352842993355e-02 1.242118366001335739e+00
9.565242834201181932e-02 1.219621448001331210e+00
9.620530039747586526e-02 1.144342009092545354e+00
9.676136805931405405e-02 1.082615003909124907e+00
9.732064979816532069e-02 1.041074842795249200e+00
9.788316419142908953e-02 1.015308750863293197e+00
9.844892992388228070e-02 1.001433059267791137e+00
9.901796578830000806e-02 9.975737872427122843e-01
9.959029068607995472e-02 1.002986831766232489e+00
1.001659236278700377e-01 1.017804850549209439e+00
1.007448837341998471e-01 1.043314775867094646e+00
1.013271902361159299e-01 1.077984182439285510e+00
1.019128624758204177e-01 1.121810020663233542e+00
1.025019199073136378e-01 1.160105404665545681e+00
1.030943820970401520e-01 1.174189994035617746e+00
1.036902687245389171e-01 1.166416557139587917e+00
1.042895995830967204e-01 1.147916143279342771e+00
1.048923945804057928e-01 1.143744286993046755e+00
1.054986737392250712e-01 1.152771110536494392e+00
1.061084571980452224e-01 1.163964676690624422e+00
1.067217652117575799e-01 1.174456834258608140e+00
1.073386181523270227e-01 1.183678832365157252e+00
1.079590365094685589e-01 1.194750414417348860e+00
1.085830408913279893e-01 1.226670604292101174e+00
1.092106520251663743e-01 1.218206432418844631e+00
1.098418907580486492e-01 1.174693178456113873e+00
1.104767780575359459e-01 1.126407296505040012e+00
1.111153350123821049e-01 1.089484233649535838e+00
1.117575828332342536e-01 1.067908295619166781e+00
1.124035428533372433e-01 1.059649971917931532e+00
1.130532365292423180e-01 1.065314608651699801e+00
1.137066854415197809e-01 1.085240711703350902e+00
1.143639112954759340e-01 1.118691802057431017e+00
1.150249359218739331e-01 1.156060106885010930e+00
1.156897812776589568e-01 1.180897594840959908e+00
1.163584694466876512e-01 1.165882876693607129e+00
1.170310226404614878e-01 1.129065025126024802e+00
1.177074631988646730e-01 1.096107970384795349e+00
1.183878135909062629e-01 1.072316496102968530e+00
1.190720964154663303e-01 1.056290834710800430e+00
1.197603344020467531e-01 1.046400973646138155e+00
1.204525504115261381e-01 1.041968376341948499e+00
1.211487674369193246e-01 1.042756698600725951e+00
1.218490086041408849e-01 1.051525830728828659e+00
1.225532971727734816e-01 1.071688277977985493e+00
1.232616565368404721e-01 1.104200090747139429e+00
1.239741102255828148e-01 1.147765187953194044e+00
1.246906819042407494e-01 1.203255755925009440e+00
1.254113953748399735e-01 1.265620128041058612e+00
1.261362745769819826e-01 1.317216353558487985e+00
1.268653435886395453e-01 1.324639086161444768e+00
1.275986266269562852e-01 1.273908947767778299e+00
1.283361480490512463e-01 1.194570487866989605e+00
1.290779323528278288e-01 1.113028690124937103e+00
1.298240041777875831e-01 1.044885321179552573e+00
1.305743883058487209e-01 9.906832102844622678e-01
1.313291096621690413e-01 9.433503291297826721e-01
1.320881933159741561e-01 9.016759855037745908e-01
1.328516644813900749e-01 8.681608534961766654e-01
1.336195485182806453e-01 8.444608672908038294e-01
1.343918709330900185e-01 8.314909076521946885e-01
1.351686573796898327e-01 8.300819912748053087e-01
1.359499336602315311e-01 8.410514116416232255e-01
1.367357257260030934e-01 8.621363636616898862e-01
1.375260596782912625e-01 8.842276845227489135e-01
1.383209617692485738e-01 8.975651212684477853e-01
1.391204584027652402e-01 8.969384279447387698e-01
1.399245761353461737e-01 8.723601562054089653e-01
1.407333416769932510e-01 8.384287534499459404e-01
1.415467818920924381e-01 8.096771006230457646e-01
1.423649238003061035e-01 7.886485662501255822e-01
1.431877945774705507e-01 7.745883737004413128e-01
1.440154215564987683e-01 7.677572639918862629e-01
1.448478322282882313e-01 7.689710058061742792e-01
1.456850542426340045e-01 7.787968252173188555e-01
1.465271154091474515e-01 8.002187583189906972e-01
1.473740436981796631e-01 8.374239094102277070e-01
1.482258672417506584e-01 8.913896761078120567e-01
1.490826143344838317e-01 9.333933768090542094e-01
1.499443134345459228e-01 9.238206744094318301e-01
1.508109931645919832e-01 8.765030412674945648e-01
1.516826823127164214e-01 8.283330442132623705e-01
1.525594098334091819e-01 8.035900939363154194e-01
1.534412048485173929e-01 8.038584589605800579e-01
1.543280966482127869e-01 8.113864028514585769e-01
1.552201146919646169e-01 8.278054629723783364e-01
1.561172886095181789e-01 8.655854641440005048e-01
1.570196482018790252e-01 9.025542710377316702e-01
1.579272234423027277e-01 9.081030228746583832e-01
1.588400444772908315e-01 8.980347600609109859e-01
1.597581416275917487e-01 8.878277403312084815e-01
1.606815453892082024e-01 8.662868727301467064e-01
1.616102864344102497e-01 8.391499844526570939e-01
1.625443956127538836e-01 8.186734281410086300e-01
1.634839039521058524e-01 8.117203343305152696e-01
1.644288426596743347e-01 8.186093864874909309e-01
1.653792431230455828e-01 8.199618852177340544e-01
1.663351369112262834e-01 8.065024643700966500e-01
1.672965557756923849e-01 7.901489707039689447e-01
1.682635316514438095e-01 7.674568781408627194e-01
1.692360966580649384e-01 7.419713496433654187e-01
1.702142831007917856e-01 7.204015108180934490e-01
1.711981234715850009e-01 7.062467805894068196e-01
1.721876504502090899e-01 6.998853096733149703e-01
1.731828969053178791e-01 7.009526705652766587e-01
1.741838958955464201e-01 7.083784527707818190e-01
1.751906806706090836e-01 7.189742968254131394e-01
1.762032846724038426e-01 7.277525777611612012e-01
1.772217415361232173e-01 7.318115987531641498e-01
1.782460850913716033e-01 7.337785923969221136e-01
1.792763493632887617e-01 7.396079076683074183e-01
1.803125685736800821e-01 7.498957418655440854e-01
1.813547771421535060e-01 7.605053091316436031e-01
1.824030096872625850e-01 7.672052859306146555e-01
1.834573010276564775e-01 7.663117523839152456e-01
1.845176861832364401e-01 7.603878994335276920e-01
1.855842003763193415e-01 7.565484498250140133e-01
1.866568790328071992e-01 7.588691973643937327e-01
1.877357577833641822e-01 7.683488868862879961e-01
1.888208724646001924e-01 7.865992333375591006e-01
1.899122591202609955e-01 8.138626801208098671e-01
1.910099540024255971e-01 8.476888715883508230e-01
1.921139935727104175e-01 8.888341091722009590e-01
1.932244145034804905e-01 9.273887093911323820e-01
1.943412536790674328e-01 9.391159559912432009e-01
1.954645481969946030e-01 9.234150772704863286e-01
1.965943353692096995e-01 9.036749999742915707e-01
1.977306527233236300e-01 8.934649306420404669e-01
1.988735380038573475e-01 8.824345182242533392e-01
2.000230291734956534e-01 8.628896154911599448e-01
2.011791644143479663e-01 8.436893178460429521e-01
2.023419821292166965e-01 8.342370747470848613e-01
2.035115209428728922e-01 8.379087962154330160e-01
2.046878197033392410e-01 8.533382603093769836e-01
2.058709174831803157e-01 8.729029854590352189e-01
2.070608535808005912e-01 8.808319520850365070e-01
2.082576675217497619e-01 8.676576690756804267e-01
2.094613990600355524e-01 8.426189073515327754e-01
2.106720881794442723e-01 8.176152160566924065e-01
2.118897750948690872e-01 8.006472274770495279e-01
2.131145002536455058e-01 7.948880530642788989e-01
2.143463043368951104e-01 7.984271168217692560e-01
2.155852282608767823e-01 8.136461583398690856e-01
2.168313131783459469e-01 8.408806338989093243e-01
2.180846004799212312e-01 8.559426208857635610e-01
2.193451317954595303e-01 8.519979599893278133e-01
2.206129489954388734e-01 8.508314870145411435e-01
2.218880941923488948e-01 8.543995219962415844e-01
2.231706097420899648e-01 8.427546146649392833e-01
2.244605382453801201e-01 8.280235095545933621e-01
2.257579225491697927e-01 8.194282047717530437e-01
2.270628057480653939e-01 8.098387295581142009e-01
2.283752311857605299e-01 8.047489429047309795e-01
2.296952424564759343e-01 8.036953052242372664e-01
2.310228834064072811e-01 7.995143001302958963e-01
2.323581981351817149e-01 7.924986894675589699e-01
2.337012309973229007e-01 7.921037659375330664e-01
2.350520266037238737e-01 7.996362842322344289e-01
2.364106298231291869e-01 8.087469718457648282e-01
2.377770857836252472e-01 8.115907262222057383e-01
2.391514398741393099e-01 8.111683562692435512e-01
2.405337377459470793e-01 8.171394780591323403e-01
2.419240253141889951e-01 8.320886297516932872e-01
2.433223487593957901e-01 8.441147374015534055e-01
2.447287545290218747e-01 8.420257596558569091e-01
2.461432893389885190e-01 8.254282977858522496e-01
2.475660001752356676e-01 7.984362656294144989e-01
2.489969342952823017e-01 7.642898658942849366e-01
2.504361392297964617e-01 7.259716098728593581e-01
2.518836627841739007e-01 6.906556875603946377e-01
2.533395530401260642e-01 6.653577096196275908e-01
2.548038583572773130e-01 6.515796053056760462e-01
2.562766273747711931e-01 6.451418943258726557e-01
2.577579090128856998e-01 6.448049132442676967e-01
2.592477524746588102e-01 6.429964989330295699e-01
2.607462072475227322e-01 6.384968103727738375e-01
2.622533231049470337e-01 6.390259164149320048e-01
2.637691501080930423e-01 6.509254655590308580e-01
2.652937386074759596e-01 6.829889867535609005e-01
2.668271392446371348e-01 7.239024545437278135e-01
2.683694029538270520e-01 7.480354843109822127e-01
2.699205809636965880e-01 7.403032170493567543e-01
2.714807247989985406e-01 7.202703779085095626e-01
2.730498862822996475e-01 6.913189761146850687e-01
2.746281175357012105e-01 6.560365994302532755e-01
2.762154709825712651e-01 6.275731340441828010e-01
2.778119993492854656e-01 6.117411224138420422e-01
2.794177556669779627e-01 6.080907481633329725e-01
2.810327932733039380e-01 6.117334984074709325e-01
2.826571658142107979e-01 6.168278594646767754e-01
2.842909272457196934e-01 6.219115469129630203e-01
2.859341318357184192e-01 6.217727899970079131e-01
2.875868341657639160e-01 6.081425914066568295e-01
2.892490891328946545e-01 5.885427958276912008e-01
2.909209519514548425e-01 5.719209371372987460e-01
2.926024781549284581e-01 5.606130108876015150e-01
2.942937235977828858e-01 5.530499965674156027e-01
2.959947444573255426e-01 5.510509820968987338e-01
2.977055972355692748e-01 5.579019142220187355e-01
2.994263387611086902e-01 5.635436789366735644e-01
3.011570261910088142e-01 5.604727291703722747e-01
3.028977170127025720e-01 5.589204814732050552e-01
3.046484690459013711e-01 5.598063910135332444e-01
3.064093404445150659e-01 5.594084178809589636e-01
3.081803896985833569e-01 5.558312340916130578e-01
3.099616756362194026e-01 5.552655328188733641e-01
3.117532574255635347e-01 5.609652399819489155e-01
3.135551945767480198e-01 5.688499873709974564e-01
3.153675469438748658e-01 5.736393881733571343e-01
3.171903747270033436e-01 5.731209557401185650e-01
3.190237384741493876e-01 5.642039178884156181e-01
3.208676990832974307e-01 5.594572115217344432e-01
3.227223178044230090e-01 5.650883026274695631e-01
3.245876562415266342e-01 5.818717902529304542e-01
3.264637763546810456e-01 6.001953271653647226e-01
3.283507404620888970e-01 5.960082228663262649e-01
3.302486112421523790e-01 5.655472678110131657e-01
3.321574517355558864e-01 5.302267710947256019e-01
3.340773253473591775e-01 5.036250880644912442e-01
3.360082958491044103e-01 4.891272775491025682e-01
3.379504273809338932e-01 4.862179567178697703e-01
3.399037844537201591e-01 4.917743325611676486e-01
3.418684319512097503e-01 5.024769127049951711e-01
3.438444351321779946e-01 5.122447896677191359e-01
3.458318596325960503e-01 5.136262596221724541e-01
3.478307714678123830e-01 5.095672386301695056e-01
3.498412370347446232e-01 5.012037036410122992e-01
3.518633231140849693e-01 4.909311174565179070e-01
3.538970968725191901e-01 4.886057955133155661e-01
3.559426258649572294e-01 4.936437389233748751e-01
3.579999780367765227e-01 5.020591171558559385e-01
3.600692217260801353e-01 5.141523160617821331e-01
3.621504256659661136e-01 5.234398806231234103e-01
3.642436589868098817e-01 5.222124155973673076e-01
3.663489912185618480e-01 5.146539756810042388e-01
3.684664922930561692e-01 5.084541336999808259e-01
3.705962325463332818e-01 5.056286769388307345e-01
3.727382827209774208e-01 5.034344879052122801e-01
3.748927139684648524e-01 5.042487317856516604e-01
3.770595978515288715e-01 5.113527809222939702e-01
3.792390063465359562e-01 5.219318521629089380e-01
3.814310118458763554e-01 5.298653931927328475e-01
3.836356871603694985e-01 5.335904827056793254e-01
3.858531055216822825e-01 5.363625714222313157e-01
3.880833405847607942e-01 5.410559097443143894e-01
3.903264664302779630e-01 5.498555378979016472e-01
3.925825575670940371e-01 5.538444180312900311e-01
3.948516889347303827e-01 5.520756485531820301e-01
3.971339359058604912e-01 5.566957964141019399e-01
3.994293742888124776e-01 5.559623670011968333e-01
4.017380803300868997e-01 5.407250278678061850e-01
4.040601307168905088e-01 5.178316615365016196e-01
4.063956025796829352e-01 4.999853874229017170e-01
4.087445734947380283e-01 4.945921653159465747e-01
4.111071214867221824e-01 5.023656022119763476e-01
4.134833250312844322e-01 5.318949036887343773e-01
4.158732630576643108e-01 5.862998131532973778e-01
4.182770149513134750e-01 6.404866760356452415e-01
4.206946605565314856e-01 6.614389703448537716e-01
4.231262801791195738e-01 6.607253633485137279e-01
4.255719545890473410e-01 6.507806094379789963e-01
4.280317650231349469e-01 6.375666815954929012e-01
4.305057931877529498e-01 6.310359577379615059e-01
4.329941212615355806e-01 6.303040531263305324e-01
4.354968318981098929e-01 6.253103289532239151e-01
4.380140082288422887e-01 6.207831939700321211e-01
4.405457338655994204e-01 6.182657470662765720e-01
4.430920929035247480e-01 6.172670022316553151e-01
4.456531699238333033e-01 6.226465011271422600e-01
4.482290499966203323e-01 6.352993021007112828e-01
4.508198186836865351e-01 6.438015940058235964e-01
4.534255620413813470e-01 6.434951089497030763e-01
4.560463666234608748e-01 6.523298075325977274e-01
4.586823194839622087e-01 6.731921385666266300e-01
4.613335081800964965e-01 7.036561432244883285e-01
4.640000207751556194e-01 7.291935149653093751e-01
4.666819458414390720e-01 7.256041327657696272e-01
4.693793724631949438e-01 7.181859745666356876e-01
4.720923902395786631e-01 6.984840173022965892e-01
4.748210892876304490e-01 6.790595738698675943e-01
4.775655602452679171e-01 6.745141412713848705e-01
4.803258942742961168e-01 6.810448651289163768e-01
4.831021830634371073e-01 6.751835290307722781e-01
4.858945188313745223e-01 6.596305560336158669e-01
4.887029943298164536e-01 6.409685132383022843e-01
4.915277028465775411e-01 6.235857787120686613e-01
4.943687382086768833e-01 6.214403833192255755e-01
4.972261947854541564e-01 6.312235082946918707e-01
5.001001674917054940e-01 6.283202866685558829e-01
5.029907517908354109e-01 6.290659144916549428e-01
5.058980436980275996e-01 6.508233038736574994e-01
5.088221397834349347e-01 6.655254377597930038e-01
5.117631371753864622e-01 6.692703496893044335e-01
5.147211335636141527e-01 6.821991396935093155e-01
5.176962272024980827e-01 6.886200778592961314e-01
5.206885169143288250e-01 6.899527541729739699e-01
5.236981020925914887e-01 6.845488584570992296e-01
5.267250827052667450e-01 6.656748682846675980e-01
5.297695592981502832e-01 6.389359531397523773e-01
5.328316329981945820e-01 6.155012823560956914e-01
5.359114055168668900e-01 6.041674344847365319e-01
5.390089791535270791e-01 6.089019424412238646e-01
5.421244567988269258e-01 6.261901392884552386e-01
5.452579419381275994e-01 6.473543809747818178e-01
5.484095386549359130e-01 6.682563568419407352e-01
5.515793516343632241e-01 6.641714142282758582e-01
5.547674861666017643e-01 6.300555105186308458e-01
5.579740481504216199e-01 5.944087063296580320e-01
5.611991440966896949e-01 5.660260554111217202e-01
5.644428811319066597e-01 5.535714786032026602e-01
5.677053670017649933e-01 5.494606143678757437e-01
5.709867100747291202e-01 5.488552682620061463e-01
5.742870193456336425e-01 5.569107933937685884e-01
5.776064044393048880e-01 5.634277940398320084e-01
5.809449756142023302e-01 5.694538086755930317e-01
5.843028437660793273e-01 5.873717484490817986e-01
5.876801204316687288e-01 6.092465475292000443e-01
5.910769177923870243e-01 5.933276222262281463e-01
5.944933486780595855e-01 5.570343022969813651e-01
5.979295265706701112e-01 5.330827238813603541e-01
6.013855656081297241e-01 5.087163995191485988e-01
6.048615805880666052e-01 4.808491314313023124e-01
6.083576869716416091e-01 4.598251714622049735e-01
6.118740008873820857e-01 4.524878277306052521e-01
6.154106391350390171e-01 4.556273935542469178e-01
6.189677191894675801e-01 4.741003609915558359e-01
6.225453592045292472e-01 4.995325214444551465e-01
6.261436780170150929e-01 4.919588335153495806e-01
6.297627951505950783e-01 4.636691954745413846e-01
6.334028308197864332e-01 4.355228887535108617e-01
6.370639059339481269e-01 4.160008580395310740e-01
6.407461421012968783e-01 4.111718124040413813e-01
6.444496616329448146e-01 4.272386434306137404e-01
6.481745875469649976e-01 4.376179657043043347e-01
6.519210435724759334e-01 4.150082124100066272e-01
6.556891541537508417e-01 3.790381503508967742e-01
6.594790444543533470e-01 3.487251010191840250e-01
6.632908403612935988e-01 3.320742711045812090e-01
6.671246684892090384e-01 3.301682695117924005e-01
6.709806561845721440e-01 3.402212843127975783e-01
6.748589315299192704e-01 3.618170447597315320e-01
6.787596233481042463e-01 3.822981754752027284e-01
6.826828612065795054e-01 3.829187695938147673e-01
6.866287754216984229e-01 3.733231951750788924e-01
6.905974970630435195e-01 3.621768978604500422e-01
6.945891579577818664e-01 3.500593021341361633e-01
6.986038906950429173e-01 3.404759261255941305e-01
7.026418286303216520e-01 3.328412461455194093e-01
7.067031058899108098e-01 3.310511294495722123e-01
7.107878573753529938e-01 3.343751962273958100e-01
7.148962187679240854e-01 3.419885289896313352e-01
7.190283265331394169e-01 3.610546441226160641e-01
7.231843179252852583e-01 3.935557832828504021e-01
7.273643309919801681e-01 4.216090771261528092e-01
7.315685045787596597e-01 4.308249760276051110e-01
7.357969783336865133e-01 4.289692928768659153e-01
7.400498927119919523e-01 4.200065109869359770e-01
7.443273889807401344e-01 4.081710034963547673e-01
7.486296092235191768e-01 4.069206664514853355e-01
7.529566963451627126e-01 4.150112620125551155e-01
7.573087940764960946e-01 4.253143442225341686e-01
7.616860469791092436e-01 4.315828022608979575e-01
7.660886004501606950e-01 4.327538496395073042e-01
7.705166007272060691e-01 4.271227585337721289e-01
7.749701948930545203e-01 4.194987521626170612e-01
7.794495308806568268e-01 4.173731791863389828e-01
7.839547574780165728e-01 4.201818631334725551e-01
7.884860243331343055e-01 4.218774421504174477e-01
7.930434819589780027e-01 4.348092817571707069e-01
7.976272817384808533e-01 4.784079245912584710e-01
8.022375759295721220e-01 5.449487273974261692e-01
8.068745176702336597e-01 5.704632271191338866e-01
8.115382609835852801e-01 5.530743933878033980e-01
8.162289607830032212e-01 5.473426653979689416e-01
8.209467728772645856e-01 5.725491552622820057e-01
8.256918539757219788e-01 6.178891211515415982e-01
8.304643616935105666e-01 6.641134717798550247e-01
8.352644545567829981e-01 6.682304352202788067e-01
8.400922920079733069e-01 6.555273158046601711e-01
8.449480344110958940e-01 6.602084557165494028e-01
8.498318430570707127e-01 6.601718604859678763e-01
8.547438801690798726e-01 6.670990326747994192e-01
8.596843089079587719e-01 6.762234434997977939e-01
8.646532933776126528e-01 6.846571193475696759e-01
8.696509986304700179e-01 6.942343961510147876e-01
8.746775906729644667e-01 7.105390961763671243e-01
8.797332364710471753e-01 7.030035282791173845e-01
8.848181039557355687e-01 6.477264324856941702e-01
8.899323620286901937e-01 6.008540413158325322e-01
8.950761805678236760e-01 5.806656724450137697e-01
9.002497304329459826e-01 5.819937743548689868e-01
9.054531834714387717e-01 6.070935281299859598e-01
9.106867125239620497e-01 6.199811484997864719e-01
9.159504914301977996e-01 6.000108262111827351e-01
9.212446950346235841e-01 5.669134897527241534e-01
9.265694991923183466e-01 5.339411869987524817e-01
9.319250807748065135e-01 5.277550682291971551e-01
9.373116176759319629e-01 5.386787445577881916e-01
9.427292888177655206e-01 5.558190356814192157e-01
9.481782741565508710e-01 5.642847323559497807e-01
9.536587546886805544e-01 5.631518050091961491e-01
9.591709124567069367e-01 5.797324940651843450e-01
9.647149305553922582e-01 6.189717300562455060e-01
9.702909931377862174e-01 6.294166187847280991e-01
9.758992854213467405e-01 5.843922867592343806e-01
9.815399936940907288e-01 5.520344789187777712e-01
9.872133053207802211e-01 5.478062049853351656e-01
9.929194087491489684e-01 5.625327356918583543e-01
9.986584935161608723e-01 5.548370636608144224e-01
1.004430750254303728e+00 5.136201604170755886e-01
1.010236370697924935e+00 4.832857638675235323e-01
1.016075547689597958e+00 4.792328420806175049e-01
1.021948475186527761e+00 4.815779864403847976e-01
1.027855348266994762e+00 4.888085940827882614e-01
1.033796363136834096e+00 4.894917050536438108e-01
1.039771717135951290e+00 4.734660436614757661e-01
1.045781608744880131e+00 4.568487593749059883e-01
1.051826237591374280e+00 4.416464906708226779e-01
1.057905804457035748e+00 4.437430924228903395e-01
1.064020511283988890e+00 4.669459934128638579e-01
1.070170561181583713e+00 4.627726123252935420e-01
1.076356158433145582e+00 4.501548817810318015e-01
1.082577508502760022e+00 4.503180355173745375e-01
1.088834818042095476e+00 4.560085938728047350e-01
1.095128294897270704e+00 4.622084358538280924e-01
1.101458148115757263e+00 4.552766892611738170e-01
1.107824587953321727e+00 4.363371326339502976e-01
1.114227825881013212e+00 4.087092583461583439e-01
1.120668074592185315e+00 3.766625099656448206e-01
1.127145548009560017e+00 3.379813512409521881e-01
1.133660461292336441e+00 3.104434402283399175e-01
1.140213030843336250e+00 2.983914109568178152e-01
1.146803474316190341e+00 2.945245149253679640e-01
1.153432010622570836e+00 2.911120096736389273e-01
1.160098859939462601e+00 2.851439374862986820e-01
1.166804243716473621e+00 2.821309301684181703e-01
1.173548384683194445e+00 2.870453646752647581e-01
1.180331506856595603e+00 2.992971429137110673e-01
1.187153835548465874e+00 3.014105174797952480e-01
1.194015597372901416e+00 2.938627511723516661e-01
1.200917020253827294e+00 2.898753958402375819e-01
1.207858333432573428e+00 2.827362762742878788e-01
1.214839767475487387e+00 2.770640155341485000e-01
1.221861554281590267e+00 2.960615146097928529e-01
1.228923927090283863e+00 3.117318973050650643e-01
1.236027120489096909e+00 3.098075980969855481e-01
1.243171370421473965e+00 3.181802818937881083e-01
1.250356914194617142e+00 3.355081235741494972e-01
1.257583990487367132e+00 3.326094763518362973e-01
1.264852839358128644e+00 3.240568660046744265e-01
1.272163702252848472e+00 3.370832432904301013e-01
1.279516822013033517e+00 3.552055064346658630e-01
1.286912442883815677e+00 3.465278623830170268e-01
1.294350810522067352e+00 3.317769348561061538e-01
1.301832172004561583e+00 3.298175652187192441e-01
1.309356775836174380e+00 3.451326692170956778e-01
1.316924871958146337e+00 3.631283738555702301e-01
1.324536711756377994e+00 3.567653781382041922e-01
1.332192548069784932e+00 3.482036189833969675e-01
1.339892635198694837e+00 3.592142089846191988e-01
1.347637228913291185e+00 3.903064317674640460e-01
1.355426586462114891e+00 4.293108483622936622e-01
1.363260966580605249e+00 4.415428041841749640e-01
1.371140629499693731e+00 3.979441613500872554e-01
1.379065836954451285e+00 3.498168587315333977e-01
1.387036852192779834e+00 3.273839823850465680e-01
1.395053939984155722e+00 3.245585256238964766e-01
1.403117366628427343e+00 3.337896725380911089e-01
1.411227399964658957e+00 3.550515015059685364e-01
1.419384309380025577e+00 3.805980220544351034e-01
1.427588365818764915e+00 3.951918950501002170e-01
1.435839841791175742e+00 3.883973805721268047e-01
1.444139011382666204e+00 3.591242457094395713e-01
1.452486150262864761e+00 3.419992025985509887e-01
1.460881535694769973e+00 3.496811514181268343e-01
1.469325446543965796e+00 3.675304751342752807e-01
1.477818163287882181e+00 3.869747409832692275e-01
1.486359968025109168e+00 4.205401914329168211e-01
1.494951144484772509e+00 4.703630730684156269e-01
1.503591978035954568e+00 5.326222338965425074e-01
1.512282755697172298e+00 5.758396764120725653e-01
1.521023766145914724e+00 5.875501501981668095e-01
1.529815299728230382e+00 6.080297561123637617e-01
1.538657648468367833e+00 5.777136571781025243e-01
1.547551106078482119e+00 5.332245303998638386e-01
1.556495967968387184e+00 5.073029087379363755e-01
1.565492531255366693e+00 4.621642166168753452e-01
1.574541094774047689e+00 4.196192114632812942e-01
1.583641959086324214e+00 4.075366861662746421e-01
1.592795426491339539e+00 4.103301221006658839e-01
1.602001801035530804e+00 4.395102440856250570e-01
1.611261388522727822e+00 4.675879347493150928e-01
1.620574496524306296e+00 4.760536314238457689e-01
1.629941434389411858e+00 4.906475044195108826e-01
1.639362513255227638e+00 5.038080642173988766e-01
1.648838046057315765e+00 4.981053074517748924e-01
1.658368347540009280e+00 4.824105279361148857e-01
1.667953734266863997e+00 4.762975996277227786e-01
1.677594524631179640e+00 4.873661320773657879e-01
1.687291038866571835e+00 4.852359846972650326e-01
1.697043599057607821e+00 4.723758107504005266e-01
1.706852529150509445e+00 4.716210341196561684e-01
1.716718154963911225e+00 4.729704832473506926e-01
1.726640804199680579e+00 4.739631288768750284e-01
1.736620806453807120e+00 4.667752156701500121e-01
1.746658493227349673e+00 4.569798922844899303e-01
1.756754197937443251e+00 4.496181517325025245e-01
1.766908255928380411e+00 4.504430692218614474e-01
1.777121004482747679e+00 4.639253620886122365e-01
1.787392782832625482e+00 4.537381647754746838e-01
1.797723932170862682e+00 4.408642676171422026e-01
1.808114795662403074e+00 4.562510372754074450e-01
1.818565718455690483e+00 4.758950520913257654e-01
1.829077047694130043e+00 4.949718408332300923e-01
1.839649132527616748e+00 4.934378907513536916e-01
1.850282324124138622e+00 4.952615530753339823e-01
1.860976975681438272e+00 5.023152837699267348e-01
1.871733442438742401e+00 5.054350271770033931e-01
1.882552081688566581e+00 4.966948662731111575e-01
1.893433252788581767e+00 4.735041636933314813e-01
1.904377317173546302e+00 4.603329302865238892e-01
1.915384638367318981e+00 4.572757037316906858e-01
1.926455581994929611e+00 4.529757641383592159e-01
1.937590515794722412e+00 4.494809196178216615e-01
1.948789809630575354e+00 4.551455563515899305e-01
1.960053835504184105e+00 4.740698649660711750e-01
1.971382967567415045e+00 4.625637145507238701e-01
1.982777582134739092e+00 4.297576151356433671e-01
1.994238057695728816e+00 4.058578799633462686e-01
2.005764774927627947e+00 4.019635375089602447e-01
2.017358116708002580e+00 4.041455281323848570e-01
2.029018468127450348e+00 4.188141163904873232e-01
2.040746216502401289e+00 4.181858982655041190e-01
2.052541751387976898e+00 3.862550347818322072e-01
2.064405464590929995e+00 3.558779437966017589e-01
2.076337750182662312e+00 3.386461645965169187e-01
2.088339004512313135e+00 3.226570984349304005e-01
2.100409626219920778e+00 3.224161798336018792e-01
2.112550016249669760e+00 3.288843868388898750e-01
2.124760577863207711e+00 3.263654151338602483e-01
2.137041716653034662e+00 3.168720024004978986e-01
2.149393840555982482e+00 3.094355465860731402e-01
2.161817359866763155e+00 3.065795937994384435e-01
2.174312687251592546e+00 3.225259655253465141e-01
2.186880237761905654e+00 3.365983564852246257e-01
2.199520428848138476e+00 3.246301912837853409e-01
2.212233680373592026e+00 2.999390842501623577e-01
2.225020414628386511e+00 2.849731597435847807e-01
2.237881056343477670e+00 2.628193220302822430e-01
2.250816032704775704e+00 2.522554988024097167e-01
2.263825773367328598e+00 2.637707980254024309e-01
2.276910710469592924e+00 2.940914713634863453e-01
2.290071278647793029e+00 3.042695198689784331e-01
2.303307915050354371e+00 2.916487397221682598e-01
2.316621059352423018e+00 2.878519845493329732e-01
2.330011153770474852e+00 3.033348166878748198e-01
2.343478643077001600e+00 3.000564939482781024e-01
2.357023974615280792e+00 2.786665816733652767e-01
2.370647598314243876e+00 2.739671441461852819e-01
2.384349966703414481e+00 2.840506549726750651e-01
2.398131534927939956e+00 2.977586184280119341e-01
2.411992760763713051e+00 3.021027772582961513e-01
2.425934104632577970e+00 3.168948744196112832e-01
2.439956029617617261e+00 3.118752286248427930e-01
2.454059001478542612e+00 2.912141713590123970e-01
2.468243488667162033e+00 2.727656007420912188e-01
2.482509962342935861e+00 2.551907412553044430e-01
2.496858896388636673e+00 2.411945903591378448e-01
2.511290767426078485e+00 2.381907318489027425e-01
2.525806054831960523e+00 2.351045340698591501e-01
2.540405240753779381e+00 2.335949808083704060e-01
2.555088810125852206e+00 2.375518401149999126e-01
2.569857250685421590e+00 2.428002061009031376e-01
2.584711052988855506e+00 2.515357926009726408e-01
2.599650710427946265e+00 2.444469914770726338e-01
2.614676719246288084e+00 2.470803232776695724e-01
2.629789578555775442e+00 2.644935538293878841e-01
2.644989790353173831e+00 2.833812672132876020e-01
2.660277859536794409e+00 2.774345422437866082e-01
2.675654293923265481e+00 2.821065333480304860e-01
2.691119604264405218e+00 2.852003551334452158e-01
2.706674304264172548e+00 2.758182528931017452e-01
2.722318910595750374e+00 2.681927217206723779e-01
2.738053942918694972e+00 2.741440210939961042e-01
2.753879923896200843e+00 2.786909784937530166e-01
2.769797379212459720e+00 2.784287126745852436e-01
2.785806837590128815e+00 2.812450206280899812e-01
2.801908830807877226e+00 2.825975193583328826e-01
2.818103893718070019e+00 2.776937584604058928e-01
2.834392564264522019e+00 2.834331104566114590e-01
2.850775383500368410e+00 2.957214839256393502e-01
2.867252895606037466e+00 2.747493671998658127e-01
2.883825647907329426e+00 2.563694126402850104e-01
2.900494190893583735e+00 2.559607658987910761e-01
2.917259078235983960e+00 2.524460989616885698e-01
2.934120866805935979e+00 2.559485674885972339e-01
2.951080116693567401e+00 2.633286056558754029e-01
2.968137391226336685e+00 2.572842934048236163e-01
2.985293256987731514e+00 2.452414129409469790e-01
3.002548283836107057e+00 2.292660699908285193e-01
3.019903044923603730e+00 2.238286286469206854e-01
3.037358116715186629e+00 2.161939486668459642e-01
3.054914079007794214e+00 2.070436162201855501e-01
3.072571514949601568e+00 2.007568605665310535e-01
3.090331011059376021e+00 1.944289352784722980e-01
3.108193157245980220e+00 1.914814944153837017e-01
3.126158546827951579e+00 1.890524859855336748e-01
3.144227776553216724e+00 1.966322731197361340e-01
3.162401446618910317e+00 2.006699468938998865e-01
3.180680160691316427e+00 1.908822475146109143e-01
3.199064525925907621e+00 1.770385767458674542e-01
3.217555152987530587e+00 1.784047986875784420e-01
3.236152656070678812e+00 1.995370195471462271e-01
3.254857652919894928e+00 2.107336353038246346e-01
3.273670764850296955e+00 2.073470516737575542e-01
3.292592616768199143e+00 2.018211718559443091e-01
3.311623837191892683e+00 2.073318036610152515e-01
3.330765058272506351e+00 2.118055705996090554e-01
3.350016915815009710e+00 2.010267503920699639e-01
3.369380049299332214e+00 2.022923354496816983e-01
3.388855101901607103e+00 2.004747723307983009e-01
3.408442720515521884e+00 1.958912197004598343e-01
3.428143555773827789e+00 1.908517514891262812e-01
3.447958262069935831e+00 1.914936928255775717e-01
3.467887497579658529e+00 1.906001592788781895e-01
3.487931924283071528e+00 1.845802438482141150e-01
3.508092207986506228e+00 1.828938136389145763e-01
3.528369018344649444e+00 1.792205673692920387e-01
3.548763028882812254e+00 1.863520629288705488e-01
3.569274917019284565e+00 1.976645635823905123e-01
3.589905364087840223e+00 2.054944181255668467e-01
3.610655055360374899e+00 2.031523233683479868e-01
3.631524680069651456e+00 1.997123716936828053e-01
3.652514931432215839e+00 2.002247049218244257e-01
3.673626506671410219e+00 1.938800068197490956e-01
3.694860107040534913e+00 1.942291863115480355e-01
3.716216437846141751e+00 1.843210276315948304e-01
3.737696208471465109e+00 1.757028508296410718e-01
3.759300132399972405e+00 1.744555633873201006e-01
3.781028927239082016e+00 1.840938322417343953e-01
3.802883314743989107e+00 1.908639498993201511e-01
3.824864020841640233e+00 1.950449549932616322e-01
3.846971775654848713e+00 1.961641591285471775e-01
3.869207313526548564e+00 1.855332446446084638e-01
3.891571373044171445e+00 1.921219109505607758e-01
3.914064697064205678e+00 2.046313806043520700e-01
3.936688032736852527e+00 2.070359922138144126e-01
3.959442131530850340e+00 1.973275825007854700e-01
3.982327749258438132e+00 1.903302694533392792e-01
4.005345646100446189e+00 1.916141521262418324e-01
4.028496586631570509e+00 1.939669204923803181e-01
4.051781339845751617e+00 2.054319012733233640e-01
4.075200679181723906e+00 2.089572418193454961e-01
4.098755382548707082e+00 1.969631549962442552e-01
4.122446232352245943e+00 1.881071091955104357e-01
4.146274015520188705e+00 1.943176247854534466e-01
4.170239523528843861e+00 1.994867011050966144e-01
4.194343552429258715e+00 1.967923772535303817e-01
4.218586902873665778e+00 1.870839675405014391e-01
4.242970380142073950e+00 1.910850460840836373e-01
4.267494794169023997e+00 1.993022001509146268e-01
4.292160959570472833e+00 2.077892440432845267e-01
4.316969695670882068e+00 2.083137756816200170e-01
4.341921826530410478e+00 2.009017166875829985e-01
4.367018180972294772e+00 1.961184150903202694e-01
4.392259592610382235e+00 1.869330122143525730e-01
4.417646899876805477e+00 1.734995129883772358e-01
4.443180946049855251e+00 1.631079923044927993e-01
4.468862579281975833e+00 1.579663624077857764e-01
4.494692652627942486e+00 1.537960309227639211e-01
4.520672024073195239e+00 1.574784260000318681e-01
4.546801556562344082e+00 1.664564559027041368e-01
4.573082118027814502e+00 1.788195446341692696e-01
4.599514581418703507e+00 1.828328215879453378e-01
4.626099824729760002e+00 1.849385721476583810e-01
4.652838731030551678e+00 1.818721967851797960e-01
4.679732188494796219e+00 1.796566605337221456e-01
4.706781090429870140e+00 1.884105446490824398e-01
4.733986335306464177e+00 1.927928235112223998e-01
4.761348826788450062e+00 1.943801416376969016e-01
4.788869473762884077e+00 1.974571906090951123e-01
4.816549190370198019e+00 1.976660883836647564e-01
4.844388896034566017e+00 1.895922656366114678e-01
4.872389515494448098e+00 1.834717133218481400e-01
4.900551978833287414e+00 1.843438996507082983e-01
4.928877221510434836e+00 1.903302694533392792e-01
4.957366184392200559e+00 1.809405432066246433e-01
4.986019813783113541e+00 1.734583433539730046e-01
5.014839061457356806e+00 1.786197956672450071e-01
5.043824884690362609e+00 1.838681616531482321e-01
5.072978246290641202e+00 1.859510401937478075e-01
5.102300114631742822e+00 1.936878818591960261e-01
5.131791463684423960e+00 1.991634432349596306e-01
5.161453273049005475e+00 2.002201305180017488e-01
5.191286527987911903e+00 1.971003871109250349e-01
5.221292219458380401e+00 2.004198794849259835e-01
5.251471344145405951e+00 1.994592546821604417e-01
5.281824904494829553e+00 1.896990017258076422e-01
5.312353908746639597e+00 1.691111349211403547e-01
5.343059370968462396e+00 1.647928977125180938e-01
5.373942311089249912e+00 1.723665856416235764e-01
5.405003754933139781e+00 1.818371263558724860e-01
5.436244734253559585e+00 1.838803600633420465e-01
5.467666286767478567e+00 1.820887185661206054e-01
5.499269456189878724e+00 1.839748977423443788e-01
5.531055292268432844e+00 1.740682638636654178e-01
5.563024850818350409e+00 1.692270198179819107e-01
5.595179193757479297e+00 1.809679896295608159e-01
5.627519389141558470e+00 2.118009961957863785e-01
5.660046511199702479e+00 2.426736475951419281e-01
5.692761640370078702e+00 2.399076580836868589e-01
5.725665863335805739e+00 2.128881795043130742e-01
5.758760273061025892e+00 1.813735867685062342e-01
5.792045968827241431e+00 1.735406826227814669e-01
5.825524056269808071e+00 1.697683242703339201e-01
5.859195647414667363e+00 1.568746046954363760e-01
5.893061860715279821e+00 1.500459346689201334e-01
5.927123821089786304e+00 1.491126038089633232e-01
5.961382659958350594e+00 1.503226861001930870e-01
5.995839515280771082e+00 1.508138245906228692e-01
6.030495531594262104e+00 1.498804937306660867e-01
6.065351860051475086e+00 1.436390246748562305e-01
6.100409658458743500e+00 1.380905777981843718e-01
6.135670091314512575e+00 1.457926539945801347e-01
6.171134329848062094e+00 1.484429110893210613e-01
6.206803552058381079e+00 1.505129812992170857e-01
6.242678942753306259e+00 1.564903547743301537e-01
6.278761693588877257e+00 1.541253879979978259e-01
6.315053003108923591e+00 1.546438204312363673e-01
6.351554076784851510e+00 1.588293999290005254e-01
6.388266127055725718e+00 1.543449593814870957e-01
6.425190373368511843e+00 1.575729636790342003e-01
6.462328042218596025e+00 1.628518256904219752e-01
6.499680367190518560e+00 1.589971280691659383e-01
6.537248588998957999e+00 1.550829631982149071e-01
6.575033955529916874e+00 1.443381460590911491e-01
6.613037721882214726e+00 1.403847937953923708e-01
6.651261150409145451e+00 1.444136237221655683e-01
6.689705510760421525e+00 1.537457124807143083e-01
6.728372079924347382e+00 1.544394970604894279e-01
6.767262142270216607e+00 1.483591994993657681e-01
6.806376989591010229e+00 1.524552731623325663e-01
6.845717921146279750e+00 1.586418493722701328e-01
6.885286243705309062e+00 1.583109674957619839e-01
6.925083271590525058e+00 1.453353660924382174e-01
6.965110326721157818e+00 1.404508176905665540e-01
7.005368738657123728e+00 1.385789716463205479e-01
7.045859844643230119e+00 1.401614104087175183e-01
7.086584989653569089e+00 1.453007531035131750e-01
7.127545526436194656e+00 1.419922392986867066e-01
7.168742815558059256e+00 1.345309292234920240e-01
7.210178225450215805e+00 1.286982593893035154e-01
7.251853132453240036e+00 1.170426784490815469e-01
7.293768920862992111e+00 1.119219383298315079e-01
7.335926982976571864e+00 1.167105767315540360e-01
7.378328719138569802e+00 1.176562584818321155e-01
7.420975537787583676e+00 1.183293057642776924e-01
7.463868855503007715e+00 1.222879948324362698e-01
7.507010097052058128e+00 1.272788218831218676e-01
7.550400695437144982e+00 1.277893253497344173e-01
7.594042091943437711e+00 1.276412671460065706e-01
7.637935736186750368e+00 1.210899584712729626e-01
7.682083086161699548e+00 1.149715408782935461e-01
7.726485608290103890e+00 1.141670557260092700e-01
7.771144777469737974e+00 1.132660506530661498e-01
7.816062077123293150e+00 1.183219867181613816e-01
7.861238999247660786e+00 1.153307840585023752e-01
7.906677044463489068e+00 1.135097138966882635e-01
7.952377722065040011e+00 1.632802948484808891e-01
7.998342550070284496e+00 1.246996205277600689e-01
