2.511886431509579437e-02 1.246628985101021714e+00
2.526405161860213050e-02 1.249627010231391777e+00
2.541007810627042562e-02 1.251105765870020203e+00
2.555694862859406516e-02 1.254648195901597374e+00
2.570466806410236227e-02 1.258909746825932263e+00
2.585324131952258450e-02 1.264614603767421519e+00
2.600267332994290678e-02 1.271309517994362315e+00
2.615296905897638788e-02 1.279148948571748656e+00
2.630413349892583852e-02 1.288031610866797072e+00
2.645617167094958117e-02 1.297992954500982288e+00
2.660908862522835469e-02 1.309022851011025335e+00
2.676288944113292337e-02 1.321060529617257062e+00
2.691757922739292791e-02 1.333817329116246508e+00
2.707316312226650673e-02 1.347219818149225867e+00
2.722964629371095457e-02 1.361480694445039497e+00
2.738703393955444973e-02 1.376830380543267784e+00
2.754533128766867636e-02 1.393456253014558666e+00
2.770454359614242176e-02 1.411500110344808601e+00
2.786467615345633933e-02 1.431065769282619193e+00
2.802573427865854422e-02 1.454624574867890763e+00
2.818772332154127064e-02 1.484893487375020360e+00
2.835064866281864979e-02 1.521745901013029867e+00
2.851451571430539678e-02 1.565356531773469229e+00
2.867932991909653145e-02 1.616097600681815516e+00
2.884509675174826843e-02 1.674442613396327939e+00
2.901182171845980567e-02 1.740984085018785654e+00
2.917951035725619563e-02 1.815144693142327181e+00
2.934816823817239240e-02 1.893693457981181716e+00
2.951780096343814899e-02 1.975994818464637870e+00
2.968841416766421215e-02 2.064135238028020680e+00
2.986001351802944001e-02 2.158821176984989432e+00
3.003260471446899879e-02 2.261255390349839800e+00
3.020619348986378766e-02 2.372336779238518822e+00
3.038078561023081769e-02 2.474479799284118986e+00
3.055638687491469066e-02 2.480179591993969090e+00
3.073300311678033025e-02 2.372602651399573492e+00
3.091064020240668481e-02 2.216533160744609265e+00
3.108930403228154019e-02 2.043812476460158400e+00
3.126900054099761295e-02 1.878715992908430277e+00
3.144973569744963920e-02 1.730392244545527980e+00
3.163151550503255638e-02 1.609341915675204904e+00
3.181434600184106232e-02 1.520479843103245354e+00
3.199823326087009728e-02 1.452781194551244548e+00
3.218318339021652985e-02 1.396385911017800296e+00
3.236920253328214730e-02 1.348045287906405543e+00
3.255629686897762443e-02 1.305510806369282850e+00
3.274447261192782455e-02 1.267650610635084885e+00
3.293373601267822470e-02 1.235128115048538699e+00
3.312409335790250653e-02 1.207183684863773587e+00
3.331555097061136145e-02 1.182199298072084792e+00
3.350811521036261426e-02 1.159552054181858249e+00
3.370179247347232510e-02 1.138834282546143495e+00
3.389658919322740410e-02 1.119818092741179161e+00
3.409251184009919750e-02 1.102351557817791150e+00
3.428956692195841288e-02 1.086163741383285641e+00
3.448776098429136294e-02 1.071019156666442429e+00
3.468710061041735404e-02 1.056841840192674908e+00
3.488759242170727526e-02 1.043593810224689111e+00
3.508924307780367929e-02 1.031270002530845886e+00
3.529205927684192501e-02 1.019822306910573628e+00
3.549604775567258980e-02 1.009202613163300732e+00
3.570121529008542238e-02 9.994033249415681386e-01
3.590756869503420462e-02 9.904522955193912903e-01
3.611511482486330638e-02 9.823545891284090059e-01
3.632386057353523962e-02 9.751051415369825781e-01
3.653381287485973905e-02 9.686912921660139064e-01
3.674497870272393912e-02 9.630978483205856477e-01
3.695736507132423021e-02 9.583400026956152562e-01
3.717097903539903075e-02 9.544354801018395396e-01
3.738582769046329413e-02 9.513969411183565983e-01
3.760191817304411876e-02 9.492294499768053617e-01
3.781925766091774610e-02 9.473582163861438143e-01
3.803785337334809891e-02 9.454844506796625803e-01
3.825771257132654091e-02 9.439449242613645596e-01
3.847884255781295476e-02 9.428307933007541441e-01
3.870125067797849233e-02 9.422737278204490474e-01
3.892494431944945599e-02 9.414457259474499073e-01
3.914993091255265789e-02 9.385489854498627604e-01
3.937621793056233360e-02 9.336771946130116850e-01
3.960381288994833243e-02 9.279875303664397723e-01
3.983272335062570252e-02 9.219509662525869897e-01
4.006295691620595512e-02 9.159802371500428420e-01
4.029452123424955012e-02 9.091131390473713436e-01
4.052742399651988042e-02 9.015193237044835106e-01
4.076167293923887297e-02 8.942926651554331530e-01
4.099727584334383890e-02 8.877952559624185946e-01
4.123424053474603751e-02 8.823309500237884739e-01
4.147257488459059338e-02 8.780516742887165549e-01
4.171228680951784978e-02 8.750232637685119164e-01
4.195338427192649156e-02 8.733191498219418092e-01
4.219587528023795858e-02 8.730532776608870282e-01
4.243976788916238585e-02 8.743395924972281463e-01
4.268507019996626434e-02 8.757069350397955754e-01
4.293179036074151744e-02 8.759753393166698210e-01
4.317993656667604152e-02 8.764108632376357289e-01
4.342951706032609216e-02 8.783732529978017789e-01
4.368054013188996804e-02 8.831235022753136654e-01
4.393301411948334623e-02 8.873774568521897166e-01
4.418694740941636612e-02 8.870103000583522412e-01
4.444234843647213579e-02 8.832956861510443680e-01
4.469922568418681352e-02 8.767602952207362854e-01
4.495758768513159753e-02 8.686347355557388905e-01
4.521744302119593689e-02 8.589215392718716480e-01
4.547880032387276866e-02 8.489652598693256946e-01
4.574166827454511502e-02 8.403864514726253621e-01
4.600605560477452616e-02 8.340688225028004554e-01
4.627197109659098723e-02 8.300883364344375792e-01
4.653942358278480296e-02 8.265433742870408329e-01
4.680842194719982141e-02 8.220463365914860709e-01
4.707897512502866311e-02 8.166250766217885149e-01
4.735109210310945588e-02 8.107682927311250509e-01
4.762478192022426976e-02 8.045418199308045359e-01
4.790005366739954334e-02 7.984140996474471397e-01
4.817691648820784933e-02 7.931498308585628321e-01
4.845537957907175564e-02 7.889920966828304350e-01
4.873545218956924774e-02 7.861232094592585096e-01
4.901714362274099679e-02 7.843000860691686782e-01
4.930046323539925834e-02 7.832745791622431897e-01
4.958542043843887359e-02 7.829833858429927629e-01
4.987202469714965836e-02 7.833859922583041868e-01
5.016028553153097091e-02 7.844570772499820377e-01
5.045021251660784106e-02 7.863435035355610392e-01
5.074181528274907677e-02 7.892503724964264888e-01
5.103510351598705003e-02 7.930510783415997134e-01
5.133008695833959217e-02 7.961529202205718247e-01
5.162677540813340182e-02 7.977278962603439050e-01
5.192517872032970105e-02 7.985280448593277125e-01
5.222530680685147364e-02 7.985381733226061263e-01
5.252716963691266006e-02 7.963200398646634870e-01
5.283077723734942721e-02 7.920914064459829707e-01
5.313613969295318679e-02 7.877057818464892058e-01
5.344326714680543849e-02 7.840848562245054110e-01
5.375216980061491706e-02 7.826010363542378334e-01
5.406285791505632127e-02 7.836822498091938760e-01
5.437534181011107609e-02 7.871664411769210279e-01
5.468963186541032917e-02 7.930485462257801377e-01
5.500573852057948770e-02 7.990116789808654474e-01
5.532367227558519784e-02 8.031010460294697451e-01
5.564344369108398941e-02 8.057243180185432729e-01
5.596506338877313413e-02 8.056762078179715569e-01
5.628854205174332881e-02 8.010905460687317570e-01
5.661389042483377931e-02 7.933372074292110998e-01
5.694111931498885282e-02 7.850926383206938697e-01
5.727023959161724881e-02 7.784027883253922253e-01
5.760126218695296035e-02 7.737234382908283470e-01
5.793419809641841417e-02 7.704038344513732817e-01
5.826905837898961604e-02 7.681173338663023209e-01
5.860585415756369709e-02 7.668614044197960000e-01
5.894459661932811845e-02 7.664689264677627678e-01
5.928529701613251268e-02 7.667727803661109620e-01
5.962796666486229469e-02 7.677881588097582588e-01
5.997261694781454155e-02 7.695606398834566875e-01
6.031925931307623168e-02 7.720927557030258237e-01
6.066790527490428103e-02 7.753566529944504460e-01
6.101856641410823012e-02 7.795954148764091540e-01
6.137125437843479747e-02 7.849786931088131858e-01
6.172598088295483398e-02 7.914735701860080574e-01
6.208275771045231733e-02 7.990370001390610932e-01
6.244159671181598315e-02 8.070865963294714396e-01
6.280250980643269088e-02 8.153336975538082454e-01
6.316550898258359303e-02 8.241252036793523805e-01
6.353060629784218483e-02 8.342941808107420254e-01
6.389781387947492119e-02 8.464609973237718910e-01
6.426714392484385308e-02 8.607826443992548926e-01
6.463860870181208085e-02 8.768337265795037583e-01
6.501222054915094251e-02 8.940850316582283908e-01
6.538799187695008841e-02 9.129948725987707681e-01
6.576593516702965159e-02 9.291168540219676419e-01
6.614606297335466623e-02 9.357231441952235107e-01
6.652838792245242827e-02 9.353053450849947437e-01
6.691292271383147972e-02 9.335936347909659094e-01
6.729968012040381253e-02 9.332593955027828070e-01
6.768867298890894613e-02 9.349078029013223601e-01
6.807991424034069705e-02 9.383413519526581092e-01
6.847341687037629410e-02 9.418837819842352799e-01
6.886919394980822728e-02 9.453021383406536859e-01
6.926725862497820629e-02 9.497105519825235209e-01
6.966762411821400547e-02 9.558433364975200686e-01
7.007030372826857090e-02 9.661642405780839216e-01
7.047531083076181979e-02 9.819519827130975820e-01
7.088265887862478520e-02 9.970535214610080077e-01
7.129236140254673060e-02 1.003981390343349211e+00
7.170443201142430445e-02 1.002953351320604147e+00
7.211888439281383123e-02 9.908700946296200573e-01
7.253573231338585059e-02 9.736922209096630088e-01
7.295498961938230720e-02 9.611633118344348192e-01
7.337667023707672431e-02 9.592313074641035664e-01
7.380078817323644513e-02 9.680278778212867419e-01
7.422735751558823258e-02 9.836535645438481135e-01
7.465639243328600627e-02 9.943340290707908258e-01
7.508790717738160481e-02 9.916829038077018543e-01
7.552191608129793510e-02 9.841650519394009589e-01
7.595843356130543844e-02 9.795869865376199970e-01
7.639747411700059665e-02 9.815037982130337957e-01
7.683905233178781047e-02 9.910549390844487494e-01
7.728318287336367887e-02 1.003480031411074558e+00
7.772988049420428980e-02 1.016378629395959798e+00
7.817916003205507836e-02 1.020619923393738082e+00
7.863103641042397396e-02 1.007954280064253139e+00
7.908552463907676799e-02 9.886570254033166805e-01
7.954263981453599253e-02 9.723071535563586609e-01
8.000239712058217212e-02 9.617836802102293081e-01
8.046481182875830918e-02 9.575525146757292161e-01
8.092989929887701994e-02 9.579855064808755483e-01
8.139767497953076525e-02 9.611278622129608706e-01
8.186815440860513438e-02 9.618647079164555080e-01
8.234135321379483508e-02 9.582564428735693696e-01
8.281728711312283386e-02 9.531871470027920568e-01
8.329597191546232737e-02 9.478494468551402763e-01
8.377742352106211376e-02 9.437752725014534327e-01
8.426165792207447602e-02 9.423750124532317418e-01
8.474869120308657633e-02 9.440056950410342651e-01
8.523853954165466762e-02 9.487103662337937893e-01
8.573121920884146929e-02 9.567548981925649842e-01
8.622674656975649887e-02 9.680683916743999529e-01
8.672513808409994251e-02 9.816861105520428010e-01
8.722641030670905127e-02 9.974966417294325316e-01
8.773057988810836760e-02 1.014201009791130259e+00
8.823766357506258873e-02 1.030214110234085600e+00
8.874767821113291322e-02 1.045292859939619845e+00
8.926064073723644077e-02 1.052015627440576084e+00
8.977656819220893036e-02 1.048782115538986259e+00
9.029547771337091688e-02 1.036665941342347796e+00
9.081738653709675591e-02 1.014256716339160702e+00
9.134231199938727674e-02 9.885354838439772696e-01
9.187027153644546085e-02 9.649893388378038006e-01
9.240128268525588107e-02 9.480899978579993004e-01
9.293536308416693037e-02 9.321402003105332401e-01
9.347253047347692245e-02 9.013294150180157782e-01
9.401280269602330097e-02 8.659101789338824462e-01
9.455619769777530437e-02 8.345980347090903306e-01
9.510273352842993355e-02 8.096896113919885840e-01
9.565242834201181932e-02 7.920078466239371950e-01
9.620530039747586526e-02 7.803753065488365781e-01
9.676136805931405405e-02 7.725206832765330045e-01
9.732064979816532069e-02 7.665499541739889677e-01
9.788316419142908953e-02 7.607995191477473496e-01
9.844892992388228070e-02 7.551022585537168208e-01
9.901796578830000806e-02 7.507546156915165803e-01
9.959029068607995472e-02 7.497139160896736376e-01
1.001659236278700377e-01 7.494632366235363108e-01
1.007448837341998471e-01 7.477515263295074766e-01
1.013271902361159299e-01 7.447129873460245353e-01
1.019128624758204177e-01 7.347415152485612388e-01
1.025019199073136378e-01 7.203515010459498047e-01
1.030943820970401520e-01 6.947872597315796206e-01
1.036902687245389171e-01 6.719425108074267294e-01
1.042895995830967204e-01 6.603479524696195258e-01
1.048923945804057928e-01 6.588058939355019294e-01
1.054986737392250712e-01 6.620748554585658141e-01
1.061084571980452224e-01 6.659084788093934115e-01
1.067217652117575799e-01 6.694154592194967446e-01
1.073386181523270227e-01 6.723932274233100914e-01
1.079590365094685589e-01 6.711246373977058921e-01
1.085830408913279893e-01 6.670960411287712999e-01
1.092106520251663743e-01 6.620976445009417732e-01
1.098418907580486492e-01 6.583880948252730514e-01
1.104767780575359459e-01 6.563826590961742147e-01
1.111153350123821049e-01 6.565877604775592902e-01
1.117575828332342536e-01 6.593351061417919157e-01
1.124035428533372433e-01 6.649082930606636799e-01
1.130532365292423180e-01 6.735098904997400826e-01
1.137066854415197809e-01 6.852994217556540590e-01
1.143639112954759340e-01 7.013986141364746407e-01
1.150249359218739331e-01 7.239673624362945592e-01
1.156897812776589568e-01 7.524283442482517792e-01
1.163584694466876512e-01 7.808488122070958992e-01
1.170310226404614878e-01 7.992724869102810770e-01
1.177074631988646730e-01 7.997561210318188119e-01
1.183878135909062629e-01 7.982216588451599426e-01
1.190720964154663303e-01 7.977734743450961563e-01
1.197603344020467531e-01 7.940310071637729505e-01
1.204525504115261381e-01 7.846292611257127403e-01
1.211487674369193246e-01 7.716648281295186429e-01
1.218490086041408849e-01 7.572418964212527248e-01
1.225532971727734816e-01 7.441331328233432574e-01
1.232616565368404721e-01 7.318067930136805677e-01
1.239741102255828148e-01 7.184397536021750463e-01
1.246906819042407494e-01 7.041535561481658823e-01
1.254113953748399735e-01 6.894748807421234860e-01
1.261362745769819826e-01 6.758622260961197892e-01
1.268653435886395453e-01 6.641942363995451126e-01
1.275986266269562852e-01 6.552837208304812533e-01
1.283361480490512463e-01 6.497890295020162243e-01
1.290779323528278288e-01 6.484925862023968035e-01
1.298240041777875831e-01 6.530048165928690196e-01
1.305743883058487209e-01 6.614696797776886683e-01
1.313291096621690413e-01 6.675518219762938132e-01
1.320881933159741561e-01 6.742543325506933360e-01
1.328516644813900749e-01 6.911992516152500876e-01
1.336195485182806453e-01 7.241572711227621806e-01
1.343918709330900185e-01 7.494860256659123809e-01
1.351686573796898327e-01 7.365190605538988189e-01
1.359499336602315311e-01 7.141604778671031273e-01
1.367357257260030934e-01 7.006085940007691359e-01
1.375260596782912625e-01 6.952658296214782041e-01
1.383209617692485738e-01 6.937997345619476564e-01
1.391204584027652402e-01 6.976688075342493134e-01
1.399245761353461737e-01 7.082809049340635932e-01
1.407333416769932510e-01 7.238255639503986538e-01
1.415467818920924381e-01 7.416871089416394724e-01
1.423649238003061035e-01 7.617237414218901437e-01
1.431877945774705507e-01 7.865562012644048417e-01
1.440154215564987683e-01 8.194129361391341293e-01
1.448478322282882313e-01 8.626842633797513482e-01
1.456850542426340045e-01 9.185655274018230676e-01
1.465271154091474515e-01 9.867781954651964060e-01
1.473740436981796631e-01 1.053466529805189289e+00
1.482258672417506584e-01 1.092944747548091788e+00
1.490826143344838317e-01 1.099224394780623282e+00
1.499443134345459228e-01 1.078805412811617570e+00
1.508109931645919832e-01 1.038390312215474509e+00
1.516826823127164214e-01 9.892444762734566854e-01
1.525594098334091819e-01 9.430966654618089251e-01
1.534412048485173929e-01 9.078799986432410929e-01
1.543280966482127869e-01 8.867469600131169249e-01
1.552201146919646169e-01 8.727519558783582987e-01
1.561172886095181789e-01 8.549765028249828314e-01
1.570196482018790252e-01 8.374416007744664991e-01
1.579272234423027277e-01 8.261838138406620846e-01
1.588400444772908315e-01 8.227198793994914272e-01
1.597581416275917487e-01 8.268573566486674409e-01
1.606815453892082024e-01 8.403864514726253621e-01
1.616102864344102497e-01 8.647428735410610523e-01
1.625443956127538836e-01 9.018560951084860777e-01
1.634839039521058524e-01 9.424914897809318903e-01
1.644288426596743347e-01 9.649007147841188736e-01
1.653792431230455828e-01 9.643993558518442200e-01
1.663351369112262834e-01 9.454819185638431156e-01
1.672965557756923849e-01 9.181527925232332299e-01
1.682635316514438095e-01 8.895601406886584073e-01
1.692360966580649384e-01 8.630894019108824589e-01
1.702142831007917856e-01 8.394242474611890437e-01
1.711981234715850009e-01 8.187950998791592161e-01
1.721876504502090899e-01 8.029491190802955369e-01
1.731828969053178791e-01 7.947931740254633448e-01
1.741838958955464201e-01 7.959680757657433547e-01
1.751906806706090836e-01 8.066865220299795913e-01
1.762032846724038426e-01 8.255583812332284444e-01
1.772217415361232173e-01 8.515100362679927093e-01
1.782460850913716033e-01 8.834602736793162325e-01
1.792763493632887617e-01 9.166183303365742496e-01
1.803125685736800821e-01 9.456059922390018802e-01
1.813547771421535060e-01 9.646930812869142224e-01
1.824030096872625850e-01 9.804073920631604100e-01
1.834573010276564775e-01 1.001497384724351791e+00
1.845176861832364401e-01 1.008800006747989420e+00
1.855842003763193415e-01 9.798984367834270293e-01
1.866568790328071992e-01 9.357282084268626621e-01
1.877357577833641822e-01 8.956498792347221682e-01
1.888208724646001924e-01 8.674800907420153750e-01
1.899122591202609955e-01 8.529735992117036814e-01
1.910099540024255971e-01 8.501502900728841183e-01
1.921139935727104175e-01 8.488310577308885163e-01
1.932244145034804905e-01 8.467369979481047526e-01
1.943412536790674328e-01 8.466357133153220582e-01
1.954645481969946030e-01 8.319443773301817835e-01
1.965943353692096995e-01 8.048051599760396302e-01
1.977306527233236300e-01 7.810817668624964183e-01
1.988735380038573475e-01 7.662764856654754597e-01
2.000230291734956534e-01 7.629543497102008187e-01
2.011791644143479663e-01 7.709583678158588027e-01
2.023419821292166965e-01 7.765366189663696073e-01
2.035115209428728922e-01 7.726169036776766585e-01
2.046878197033392410e-01 7.705304402423516219e-01
2.058709174831803157e-01 7.803221321166255997e-01
2.070608535808005912e-01 8.000143968454147547e-01
2.082576675217497619e-01 8.061421171287722620e-01
2.094613990600355524e-01 7.910253856859443822e-01
2.106720881794442723e-01 7.722927928527718588e-01
2.118897750948690872e-01 7.590574234638838291e-01
2.131145002536455058e-01 7.507470193440578532e-01
2.143463043368951104e-01 7.448902354533943893e-01
2.155852282608767823e-01 7.413376769585389159e-01
2.168313131783459469e-01 7.405932349075855514e-01
2.180846004799212312e-01 7.431937178542831202e-01
2.193451317954595303e-01 7.510989834429779854e-01
2.206129489954388734e-01 7.577533838168057923e-01
2.218880941923488948e-01 7.433684338458333984e-01
2.231706097420899648e-01 7.144592675338123922e-01
2.244605382453801201e-01 6.958811337656334306e-01
2.257579225491697927e-01 6.856513858545740803e-01
2.270628057480653939e-01 6.649361463346789014e-01
2.283752311857605299e-01 6.428510321563967178e-01
2.296952424564759343e-01 6.247033580775446238e-01
2.310228834064072811e-01 6.107336751009816433e-01
2.323581981351817149e-01 6.006761110656529956e-01
2.337012309973229007e-01 5.938925727850271619e-01
2.350520266037238737e-01 5.871242271993187822e-01
2.364106298231291869e-01 5.804875516362281163e-01
2.377770857836252472e-01 5.769198004464551888e-01
2.391514398741393099e-01 5.769729748786661672e-01
2.405337377459470793e-01 5.781326839240287230e-01
2.419240253141889951e-01 5.799152934610054544e-01
2.433223487593957901e-01 5.822321794359112124e-01
2.447287545290218747e-01 5.817054993454408018e-01
2.461432893389885190e-01 5.818979401477281099e-01
2.475660001752356676e-01 5.823739779218071178e-01
2.489969342952823017e-01 5.766488640537612564e-01
2.504361392297964617e-01 5.706680064879389169e-01
2.518836627841739007e-01 5.698349403833007365e-01
2.533395530401260642e-01 5.619803171109971629e-01
2.548038583572773130e-01 5.452759490492994354e-01
2.562766273747711931e-01 5.311062289229905309e-01
2.577579090128856998e-01 5.203371403423628916e-01
2.592477524746588102e-01 5.127180038412793017e-01
2.607462072475227322e-01 5.087451141203753746e-01
2.622533231049470337e-01 5.086463616034120339e-01
2.637691501080930423e-01 5.120545894965522482e-01
2.652937386074759596e-01 5.141435850476967495e-01
2.668271392446371348e-01 5.015159234555054413e-01
2.683694029538270520e-01 4.834543413145185875e-01
2.699205809636965880e-01 4.729359322000283861e-01
2.714807247989985406e-01 4.653573095520578962e-01
2.730498862822996475e-01 4.545907530872498326e-01
2.746281175357012105e-01 4.434924894500782977e-01
2.762154709825712651e-01 4.368811350451832221e-01
2.778119993492854656e-01 4.366937584745351209e-01
2.794177556669779627e-01 4.431759749726321695e-01
2.810327932733039380e-01 4.561480043162848830e-01
2.826571658142107979e-01 4.722396003496468486e-01
2.842909272457196934e-01 4.904353846290707697e-01
2.859341318357184192e-01 5.123229937734264938e-01
2.875868341657639160e-01 5.302225205019608367e-01
2.892490891328946545e-01 5.408903244498056706e-01
2.909209519514548425e-01 5.436250095349404177e-01
2.926024781549284581e-01 5.395533672970731498e-01
2.942937235977828858e-01 5.398243036897670821e-01
2.959947444573255426e-01 5.495678853634691219e-01
2.977055972355692748e-01 5.664292446059800978e-01
2.994263387611086902e-01 5.852124797555441349e-01
3.011570261910088142e-01 5.975286911019284108e-01
3.028977170127025720e-01 6.057352784731521167e-01
3.046484690459013711e-01 6.182920408223955278e-01
3.064093404445150659e-01 6.262530129591209471e-01
3.081803896985833569e-01 6.241640174079763348e-01
3.099616756362194026e-01 6.223940684500975928e-01
3.117532574255635347e-01 6.216800117889790256e-01
3.135551945767480198e-01 6.184794173930436845e-01
3.153675469438748658e-01 6.154560711044780863e-01
3.171903747270033436e-01 6.088244597730264607e-01
3.190237384741493876e-01 5.991137956049787938e-01
3.208676990832974307e-01 5.927429922029427978e-01
3.227223178044230090e-01 5.964322849520550252e-01
3.245876562415266342e-01 6.094777456544753225e-01
3.264637763546810456e-01 6.307728396970517792e-01
3.283507404620888970e-01 6.596617490825162911e-01
3.302486112421523790e-01 6.821722587184860798e-01
3.321574517355558864e-01 6.726742922792822155e-01
3.340773253473591775e-01 6.483026775159290711e-01
3.360082958491044103e-01 6.341658748952745395e-01
3.379504273809338932e-01 6.300917005415878069e-01
3.399037844537201591e-01 6.381691500060133748e-01
3.418684319512097503e-01 6.508373254513177830e-01
3.438444351321779946e-01 6.492623494115458138e-01
3.458318596325960503e-01 6.391870605654801363e-01
3.478307714678123830e-01 6.156434476751262430e-01
3.498412370347446232e-01 5.755347330931508409e-01
3.518633231140849693e-01 5.322861948949096922e-01
3.538970968725191901e-01 4.978519518645888042e-01
3.559426258649572294e-01 4.749894781296989388e-01
3.579999780367765227e-01 4.615084935063127336e-01
3.600692217260801353e-01 4.549477814178091162e-01
3.621504256659661136e-01 4.509951486234616280e-01
3.642436589868098817e-01 4.478629213546546084e-01
3.663489912185618480e-01 4.500126876854688152e-01
3.684664922930561692e-01 4.598803430343297860e-01
3.705962325463332818e-01 4.741158981719475474e-01
3.727382827209774208e-01 4.835581580631209131e-01
3.748927139684648524e-01 4.819173470120401426e-01
3.770595978515288715e-01 4.736170713554924694e-01
3.792390063465359562e-01 4.614983650430345419e-01
3.814310118458763554e-01 4.482199496852138920e-01
3.836356871603694985e-01 4.404033081502038982e-01
3.858531055216822825e-01 4.415858062379426907e-01
3.880833405847607942e-01 4.415022464158969151e-01
3.903264664302779630e-01 4.328576030078878367e-01
3.925825575670940371e-01 4.229013236053419389e-01
3.948516889347303827e-01 4.156620044771937028e-01
3.971339359058604912e-01 4.109877186742690314e-01
3.994293742888124776e-01 4.077997848574315132e-01
4.017380803300868997e-01 4.040851709501235289e-01
4.040601307168905088e-01 3.956785464291539545e-01
4.063956025796829352e-01 3.908194161714007575e-01
4.087445734947380283e-01 3.894064955440811882e-01
4.111071214867221824e-01 3.902142404905237782e-01
4.134833250312844322e-01 3.945466906578065647e-01
4.158732630576643108e-01 4.027127641759170595e-01
4.182770149513134750e-01 4.100179183153740414e-01
4.206946605565314856e-01 4.136211191266209730e-01
4.231262801791195738e-01 4.121094459823381739e-01
4.255719545890473410e-01 4.068629020041909516e-01
4.280317650231349469e-01 4.011605771785211605e-01
4.305057931877529498e-01 3.918297303834088474e-01
4.329941212615355806e-01 3.793945095935047362e-01
4.354968318981098929e-01 3.658426257271706339e-01
4.380140082288422887e-01 3.552431889064541770e-01
4.405457338655994204e-01 3.520755120161731533e-01
4.430920929035247480e-01 3.588970320340925113e-01
4.456531699238333033e-01 3.759634926579885628e-01
4.482290499966203323e-01 3.993779676415444846e-01
4.508198186836865351e-01 4.218758166984163949e-01
4.534255620413813470e-01 4.368051715705961180e-01
4.560463666234608748e-01 4.473666266540190506e-01
4.586823194839622087e-01 4.614451906108235635e-01
4.613335081800964965e-01 4.838544156140105468e-01
4.640000207751556194e-01 5.033593037721517671e-01
4.666819458414390720e-01 5.049899863599542904e-01
4.693793724631949438e-01 4.951375237060106627e-01
4.720923902395786631e-01 4.883590496570240913e-01
4.748210892876304490e-01 4.817958054527008427e-01
4.775655602452679171e-01 4.732853641831288871e-01
4.803258942742961168e-01 4.658004298204824756e-01
4.831021830634371073e-01 4.636582598371269959e-01
4.858945188313745223e-01 4.670335702246126708e-01
4.887029943298164536e-01 4.685021973999627942e-01
4.915277028465775411e-01 4.667778265268361371e-01
4.943687382086768833e-01 4.671373869732150519e-01
4.972261947854541564e-01 4.618174116363001902e-01
5.001001674917054940e-01 4.510230018974769051e-01
5.029907517908354109e-01 4.436596090941697934e-01
5.058980436980275996e-01 4.358429675591598551e-01
5.088221397834349347e-01 4.205515201247817525e-01
5.117631371753864622e-01 4.045156306394502854e-01
5.147211335636141527e-01 3.952784721296619952e-01
5.176962272024980827e-01 3.946429110589502187e-01
5.206885169143288250e-01 4.029558472945957148e-01
5.236981020925914887e-01 4.061412489956137128e-01
5.267250827052667450e-01 4.008415305852554567e-01
5.297695592981502832e-01 3.948758657143505157e-01
5.328316329981945820e-01 3.901509375950344971e-01
5.359114055168668900e-01 3.888620906428738033e-01
5.390089791535270791e-01 3.916929961291520934e-01
5.421244567988269258e-01 3.952936648245794493e-01
5.452579419381275994e-01 3.973548071017087846e-01
5.484095386549359130e-01 3.982916899549492906e-01
5.515793516343632241e-01 4.046574291253461908e-01
5.547674861666017643e-01 4.162823728529881362e-01
5.579740481504216199e-01 4.282972624168437936e-01
5.611991440966896949e-01 4.391549750511563044e-01
5.644428811319066597e-01 4.466626984561788416e-01
5.677053670017649933e-01 4.429379560855926101e-01
5.709867100747291202e-01 4.349795160646868220e-01
5.742870193456336425e-01 4.380256513956284903e-01
5.776064044393048880e-01 4.555529570986860954e-01
5.809449756142023302e-01 4.766809314971711675e-01
5.843028437660793273e-01 4.949678719460995913e-01
5.876801204316687288e-01 5.074030927360037024e-01
5.910769177923870243e-01 5.117279465558277618e-01
5.944933486780595855e-01 5.057774743798402195e-01
5.979295265706701112e-01 4.956338184066462205e-01
6.013855656081297241e-01 4.860219067555617278e-01
6.048615805880666052e-01 4.746982848104485120e-01
6.083576869716416091e-01 4.663498989533289563e-01
6.118740008873820857e-01 4.799574893676936127e-01
6.154106391350390171e-01 4.665170185974205630e-01
6.189677191894675801e-01 4.251776957271345969e-01
6.225453592045292472e-01 4.109396084736972599e-01
6.261436780170150929e-01 4.074933988432636323e-01
6.297627951505950783e-01 3.888620906428738033e-01
6.334028308197864332e-01 3.616621025090619446e-01
6.370639059339481269e-01 3.410684045485060656e-01
6.407461421012968783e-01 3.310260332080948165e-01
6.444496616329448146e-01 3.345456741972959169e-01
6.481745875469649976e-01 3.459832413542897611e-01
6.519210435724759334e-01 3.575423500706229607e-01
6.556891541537508417e-01 3.646651918710709928e-01
6.594790444543533470e-01 3.594591617460368149e-01
6.632908403612935988e-01 3.461301040718247624e-01
6.671246684892090384e-01 3.357205759375759824e-01
6.709806561845721440e-01 3.289015880354763111e-01
6.748589315299192704e-01 3.222750409356638368e-01
6.787596233481042463e-01 3.126530008213010414e-01
6.826828612065795054e-01 2.972779935648771077e-01
6.866287754216984229e-01 2.849086077862818533e-01
6.905974970630435195e-01 2.759271929742700413e-01
6.945891579577818664e-01 2.674116874730589899e-01
6.986038906950429173e-01 2.605876353393201672e-01
7.026418286303216520e-01 2.619701705768048838e-01
7.067031058899108098e-01 2.713921735414217551e-01
7.107878573753529938e-01 2.789353465679182409e-01
7.148962187679240854e-01 2.815788754835484298e-01
7.190283265331394169e-01 2.863873634249102240e-01
7.231843179252852583e-01 2.975210766835557630e-01
7.273643309919801681e-01 3.117844850951888014e-01
7.315685045787596597e-01 3.345963165136873196e-01
7.357969783336865133e-01 3.555672997313590322e-01
7.400498927119919523e-01 3.501435076458419560e-01
7.443273889807401344e-01 3.367156974546666737e-01
7.486296092235191768e-01 3.288712026456414583e-01
7.529566963451627126e-01 3.309298128069511624e-01
7.573087940764960946e-01 3.396529518053669205e-01
7.616860469791092436e-01 3.529111102366309649e-01
7.660886004501606950e-01 3.731655046773646456e-01
7.705166007272060691e-01 3.980232856780750450e-01
7.749701948930545203e-01 4.037458674303012751e-01
7.794495308806568268e-01 3.855121014135837743e-01
7.839547574780165728e-01 3.734845512706303494e-01
7.884860243331343055e-01 3.796097394381681145e-01
7.930434819589780027e-01 3.940073499882383312e-01
7.976272817384808533e-01 4.016112937944045225e-01
8.022375759295721220e-01 3.992817472404008861e-01
8.068745176702336597e-01 3.910574350584402614e-01
8.115382609835852801e-01 3.890899810666350600e-01
8.162289607830032212e-01 4.002211622094610233e-01
8.209467728772645856e-01 4.162342626524163647e-01
8.256918539757219788e-01 4.359822339292361848e-01
8.304643616935105666e-01 4.434038653963933707e-01
8.352644545567829981e-01 4.328651993553465083e-01
8.400922920079733069e-01 4.218302386136641990e-01
8.449480344110958940e-01 4.140034686153759580e-01
8.498318430570707127e-01 3.993830318731836360e-01
8.547438801690798726e-01 3.822431398905200006e-01
8.596843089079587719e-01 3.723324385727263541e-01
8.646532933776126528e-01 3.738213226746330831e-01
8.696509986304700179e-01 3.764775121693610949e-01
8.746775906729644667e-01 3.781031305255245223e-01
8.797332364710471753e-01 3.924526308750228565e-01
8.848181039557355687e-01 4.040370607495517574e-01
8.899323620286901937e-01 3.966635394829663430e-01
8.950761805678236760e-01 3.858058268486538323e-01
9.002497304329459826e-01 3.839801713427444807e-01
9.054531834714387717e-01 3.940453317255318555e-01
9.106867125239620497e-01 4.185005063109307755e-01
9.159504914301977996e-01 4.415275675740926165e-01
9.212446950346235841e-01 4.557251409744167980e-01
9.265694991923183466e-01 4.727688125559367793e-01
9.319250807748065135e-01 4.806335642915186002e-01
9.373116176759319629e-01 4.662005041199744348e-01
9.427292888177655206e-01 4.525270786943009771e-01
9.481782741565508710e-01 4.372660166497577272e-01
9.536587546886805544e-01 4.277224721258015561e-01
9.591709124567069367e-01 4.413908333198359180e-01
9.647149305553922582e-01 4.598854072659689929e-01
9.702909931377862174e-01 4.639291962298208727e-01
9.758992854213467405e-01 4.497721366826097356e-01
9.815399936940907288e-01 4.317611968580143955e-01
9.872133053207802211e-01 4.191791133505752831e-01
9.929194087491489684e-01 4.107066538182969073e-01
9.986584935161608723e-01 4.014517704977716428e-01
1.004430750254303728e+00 3.911207379539294871e-01
1.010236370697924935e+00 3.909207008041835074e-01
1.016075547689597958e+00 3.899103865921754175e-01
1.021948475186527761e+00 3.747809945702497703e-01
1.027855348266994762e+00 3.574360012062010594e-01
1.033796363136834096e+00 3.418584246842116259e-01
1.039771717135951290e+00 3.363460085450095671e-01
1.045781608744880131e+00 3.341734531718192347e-01
1.051826237591374280e+00 3.334720570897986014e-01
1.057905804457035748e+00 3.246451013427805732e-01
1.064020511283988890e+00 3.197682462742903464e-01
1.070170561181583713e+00 3.289876799733416624e-01
1.076356158433145582e+00 3.353534191437385070e-01
1.082577508502760022e+00 3.159219623443648151e-01
1.088834818042095476e+00 3.013774890767595971e-01
1.095128294897270704e+00 3.047502673484257518e-01
1.101458148115757263e+00 3.191022998137436617e-01
1.107824587953321727e+00 3.324845319201666372e-01
1.114227825881013212e+00 3.359889802144503390e-01
1.120668074592185315e+00 3.330441295162914206e-01
1.127145548009560017e+00 3.318590993127330524e-01
1.133660461292336441e+00 3.347507755786810479e-01
1.140213030843336250e+00 3.367232938021254007e-01
1.146803474316190341e+00 3.389794089973615088e-01
1.153432010622570836e+00 3.359206130873219620e-01
1.160098859939462601e+00 3.261517102554241654e-01
1.166804243716473621e+00 3.096220581852767717e-01
1.173548384683194445e+00 2.926492858467047431e-01
1.180331506856595603e+00 2.849592501026732561e-01
1.187153835548465874e+00 2.828170801193177208e-01
1.194015597372901416e+00 2.838577797211606635e-01
1.200917020253827294e+00 2.973590212711033631e-01
1.207858333432573428e+00 3.152180341465246061e-01
1.214839767475487387e+00 3.243893576450040395e-01
1.221861554281590267e+00 3.291851850072680663e-01
1.228923927090283863e+00 3.334239468892268299e-01
1.236027120489096909e+00 3.250932858428442485e-01
1.243171370421473965e+00 2.865316940266257051e-01
1.250356914194617142e+00 2.660747303203264691e-01
1.257583990487367132e+00 2.601040012177824323e-01
1.264852839358128644e+00 2.594684401470706003e-01
1.272163702252848472e+00 2.601242581443389823e-01
1.279516822013033517e+00 2.711288334961864943e-01
1.286912442883815677e+00 2.899070044141113245e-01
1.294350810522067352e+00 2.984047851045854016e-01
1.301832172004561583e+00 2.917630453098555288e-01
1.309356775836174380e+00 2.907223457080125861e-01
1.316924871958146337e+00 2.853213426648716355e-01
1.324536711756377994e+00 2.726683599144845704e-01
1.332192548069784932e+00 2.699286105977107275e-01
1.339892635198694837e+00 2.737242522112449117e-01
1.347637228913291185e+00 2.802723037206507062e-01
1.355426586462114891e+00 2.847262954472728480e-01
1.363260966580605249e+00 2.789758604210313409e-01
1.371140629499693731e+00 2.720834411601640856e-01
1.379065836954451285e+00 2.612080037151145451e-01
1.387036852192779834e+00 2.476419400001908799e-01
1.395053939984155722e+00 2.423855207703472792e-01
1.403117366628427343e+00 2.446616396805580129e-01
1.411227399964658957e+00 2.589442921724197655e-01
1.419384309380025577e+00 2.793708704888840932e-01
1.427588365818764915e+00 2.895651687784694950e-01
1.435839841791175742e+00 2.933025717281536049e-01
1.444139011382666204e+00 2.949813645165278997e-01
1.452486150262864761e+00 3.031018599498861987e-01
1.460881535694769973e+00 3.224573532746728421e-01
1.469325446543965796e+00 3.404252471303355065e-01
1.477818163287882181e+00 3.572739457937486596e-01
1.486359968025109168e+00 3.912827933663818869e-01
1.494951144484772509e+00 4.286948046005161217e-01
1.503591978035954568e+00 4.556137278783558009e-01
1.512282755697172298e+00 4.751414050788730914e-01
1.521023766145914724e+00 4.799144433987609371e-01
1.529815299728230382e+00 4.818034018001595697e-01
1.538657648468367833e+00 4.877386812812296024e-01
1.547551106078482119e+00 5.025490267098895458e-01
1.556495967968387184e+00 5.068941374562703217e-01
1.565492531255366693e+00 4.896428323775456337e-01
1.574541094774047689e+00 4.658586684843326053e-01
1.583641959086324214e+00 4.355416457766311256e-01
1.592795426491339539e+00 4.171559528107394721e-01
1.602001801035530804e+00 4.139680189939019539e-01
1.611261388522727822e+00 4.069717829844323731e-01
1.620574496524306296e+00 4.091038245045096056e-01
1.629941434389411858e+00 4.210706038677934360e-01
1.639362513255227638e+00 4.380940185227568673e-01
1.648838046057315765e+00 4.352074064884480231e-01
1.658368347540009280e+00 4.177307431017817096e-01
1.667953734266863997e+00 4.014289814553955171e-01
1.677594524631179640e+00 3.809264396643440853e-01
1.687291038866571835e+00 3.675112900522667370e-01
1.697043599057607821e+00 3.696407994565243937e-01
1.706852529150509445e+00 3.747278201380387919e-01
1.716718154963911225e+00 3.828964257719688624e-01
1.726640804199680579e+00 3.956279041127626073e-01
1.736620806453807120e+00 4.123651896801147076e-01
1.746658493227349673e+00 4.215365131785941410e-01
1.756754197937443251e+00 4.220631932690645516e-01
1.766908255928380411e+00 4.076706469506334862e-01
1.777121004482747679e+00 3.908295446346790603e-01
1.787392782832625482e+00 3.879454647161897918e-01
1.797723932170862682e+00 3.938807441972598244e-01
1.808114795662403074e+00 3.868769118403315721e-01
1.818565718455690483e+00 3.859374968712714349e-01
1.829077047694130043e+00 4.057462389277609049e-01
1.839649132527616748e+00 4.364962534406087169e-01
1.850282324124138622e+00 4.717306450699134124e-01
1.860976975681438272e+00 4.787218168477438973e-01
1.871733442438742401e+00 4.530486945531322363e-01
1.882552081688566581e+00 4.432924523003323181e-01
1.893433252788581767e+00 4.440976651309552770e-01
1.904377317173546302e+00 4.489973092418215739e-01
1.915384638367318981e+00 4.474273974336887005e-01
1.926455581994929611e+00 4.214605497040070925e-01
1.937590515794722412e+00 3.994134172630184887e-01
1.948789809630575354e+00 3.944251490984672648e-01
1.960053835504184105e+00 3.908346088663181561e-01
1.971382967567415045e+00 3.930780634824564412e-01
1.982777582134739092e+00 3.814227343649796431e-01
1.994238057695728816e+00 3.550431517567082529e-01
2.005764774927627947e+00 3.449577344473642726e-01
2.017358116708002580e+00 3.731022017818753644e-01
2.029018468127450348e+00 4.040066753597169047e-01
2.040746216502401289e+00 4.071718201341783527e-01
2.052541751387976898e+00 3.870389672527840275e-01
2.064405464590929995e+00 3.631003442945772708e-01
2.076337750182662312e+00 3.641942183286310808e-01
2.088339004512313135e+00 3.565674854800888194e-01
2.100409626219920778e+00 3.290560471004700394e-01
2.112550016249669760e+00 3.132480480388998290e-01
2.124760577863207711e+00 3.031474380346384501e-01
2.137041716653034662e+00 3.080166967556698943e-01
2.149393840555982482e+00 3.220547468593612517e-01
2.161817359866763155e+00 3.276178053149547131e-01
2.174312687251592546e+00 3.371259002174368802e-01
2.186880237761905654e+00 3.369841017315410303e-01
2.199520428848138476e+00 3.305651881289332072e-01
2.212233680373592026e+00 3.100044076740317567e-01
2.225020414628386511e+00 2.886181574619506307e-01
2.237881056343477670e+00 2.835741827493689082e-01
2.250816032704775704e+00 2.820979592265600577e-01
2.263825773367328598e+00 2.777882981016533415e-01
2.276910710469592924e+00 2.819004541926336538e-01
2.290071278647793029e+00 2.904210239254838566e-01
2.303307915050354371e+00 3.078293201850217931e-01
2.316621059352423018e+00 3.320616685782985522e-01
2.330011153770474852e+00 3.517235479172530210e-01
2.343478643077001600e+00 3.647993940095081711e-01
2.357023974615280792e+00 3.600871264692899754e-01
2.370647598314243876e+00 3.294130754310292675e-01
2.384349966703414481e+00 3.246526976902392447e-01
2.398131534927939956e+00 3.318312460387177754e-01
2.411992760763713051e+00 3.449729271422816712e-01
2.425934104632577970e+00 3.446969265179486430e-01
2.439956029617617261e+00 3.520780441319927290e-01
2.454059001478542612e+00 3.433245197437421736e-01
2.468243488667162033e+00 3.104019498577040292e-01
2.482509962342935861e+00 2.870229244956220560e-01
2.496858896388636673e+00 2.783681526243347304e-01
2.511290767426078485e+00 2.814092237236372473e-01
2.525806054831960523e+00 2.844072488540071442e-01
2.540405240753779381e+00 2.833260353990511016e-01
2.555088810125852206e+00 2.791733654549576893e-01
2.569857250685421590e+00 2.746307496746506205e-01
2.584711052988855506e+00 2.595292109267402503e-01
2.599650710427946265e+00 2.537053445417311592e-01
2.614676719246288084e+00 2.592329533758506166e-01
2.629789578555775442e+00 2.664570798090814541e-01
2.644989790353173831e+00 2.951915301295521821e-01
2.660277859536794409e+00 3.113287042476663435e-01
2.675654293923265481e+00 3.088295059337515802e-01
2.691119604264405218e+00 3.089231942190757141e-01
2.706674304264172548e+00 3.173146260451278344e-01
2.722318910595750374e+00 3.144811884430299687e-01
2.738053942918694972e+00 3.071127314080837056e-01
2.753879923896200843e+00 3.011420023055396689e-01
2.769797379212459720e+00 2.973488928078250604e-01
2.785806837590128815e+00 3.208621203083442119e-01
2.801908830807877226e+00 3.277646680324897144e-01
2.818103893718070019e+00 3.240829716308361585e-01
2.834392564264522019e+00 3.581044797825673198e-01
2.850775383500368410e+00 3.758444832144687830e-01
2.867252895606037466e+00 3.829445359725407450e-01
2.883825647907329426e+00 3.947036818386198131e-01
2.900494190893583735e+00 3.596060244635718162e-01
2.917259078235983960e+00 3.344367932170544955e-01
2.934120866805935979e+00 3.295346169903685674e-01
2.951080116693567401e+00 3.333100016773462015e-01
2.968137391226336685e+00 3.043274040065576669e-01
2.985293256987731514e+00 2.783200424237629034e-01
3.002548283836107057e+00 2.534293439173981866e-01
3.019903044923603730e+00 2.510658670114123137e-01
3.037358116715186629e+00 2.534622614230525595e-01
3.054914079007794214e+00 2.499593323982605975e-01
3.072571514949601568e+00 2.443874115372986489e-01
3.090331011059376021e+00 2.367730860562722583e-01
3.108193157245980220e+00 2.426040423655760891e-01
3.126158546827951579e+00 2.463579040680873855e-01
3.144227776553216724e+00 2.448168583802975973e-01
3.162401446618910317e+00 2.472702253978781295e-01
3.180680160691316427e+00 2.478356468603879204e-01
3.199064525925907621e+00 2.531437212529507597e-01
3.217555152987530587e+00 2.684827724647367853e-01
3.236152656070678812e+00 2.874204666792944396e-01
3.254857652919894928e+00 3.045856798201537208e-01
3.273670764850296955e+00 2.979236830988672979e-01
3.292592616768199143e+00 2.742610607649935139e-01
3.311623837191892683e+00 2.660316843513937934e-01
3.330765058272506351e+00 2.673230634193741184e-01
3.350016915815009710e+00 2.727038095359585190e-01
3.369380049299332214e+00 2.861468124220511444e-01
3.388855101901607103e+00 2.824676481362171643e-01
3.408442720515521884e+00 2.828575939724308208e-01
3.428143555773827789e+00 2.900462707841876542e-01
3.447958262069935831e+00 2.855391046253545340e-01
3.467887497579658529e+00 2.842502576731938402e-01
3.487931924283071528e+00 2.933937278976580521e-01
3.508092207986506228e+00 2.900412065525485583e-01
3.528369018344649444e+00 2.767957087003822814e-01
3.548763028882812254e+00 2.801887438986049861e-01
3.569274917019284565e+00 2.837995410573105337e-01
3.589905364087840223e+00 2.869925391057872588e-01
3.610655055360374899e+00 2.909021259312020158e-01
3.631524680069651456e+00 2.965082303557280974e-01
3.652514931432215839e+00 2.946597858074426202e-01
3.673626506671410219e+00 2.832905857775771530e-01
3.694860107040534913e+00 2.830399063114397706e-01
3.716216437846141751e+00 2.756891740872305374e-01
3.737696208471465109e+00 2.679814135324620761e-01
3.759300132399972405e+00 2.686017819082565095e-01
3.781028927239082016e+00 2.663304740181029473e-01
3.802883314743989107e+00 2.806445247461273884e-01
3.824864020841640233e+00 2.860733810632836716e-01
3.846971775654848713e+00 2.640566340121298650e-01
3.869207313526548564e+00 2.640338449697537393e-01
3.891571373044171445e+00 2.876483571030556408e-01
3.914064697064205678e+00 2.963461749432756975e-01
3.936688032736852527e+00 2.880965416031193715e-01
3.959442131530850340e+00 2.810775165512737206e-01
3.982327749258438132e+00 2.906792997390799105e-01
4.005345646100446189e+00 2.886561391992442105e-01
4.028496586631570509e+00 2.988706944153861622e-01
4.051781339845751617e+00 3.013344431078269214e-01
4.075200679181723906e+00 2.890663419620143615e-01
4.098755382548707082e+00 2.788998969464442368e-01
4.122446232352245943e+00 2.847136348681749696e-01
4.146274015520188705e+00 2.899981605836158827e-01
4.170239523528843861e+00 2.747345664232530016e-01
4.194343552429258715e+00 2.690373058292224173e-01
4.218586902873665778e+00 2.838729724160780621e-01
4.242970380142073950e+00 2.949965572114453538e-01
4.267494794169023997e+00 2.812952785117566745e-01
4.292160959570472833e+00 2.807255524523535883e-01
4.316969695670882068e+00 2.839615964697629891e-01
4.341921826530410478e+00 2.804799372178554129e-01
4.367018180972294772e+00 2.764462767172817248e-01
4.392259592610382235e+00 2.571667468670821854e-01
4.417646899876805477e+00 2.532093030526775812e-01
4.443180946049855251e+00 2.574123621015804719e-01
4.468862579281975833e+00 2.376213448558279207e-01
4.494692652627942486e+00 2.201003694423191714e-01
4.520672024073195239e+00 2.290048079334160713e-01
4.546801556562344082e+00 2.521141629607139278e-01
4.573082118027814502e+00 2.689284248489809404e-01
4.599514581418703507e+00 2.628538789978345225e-01
4.626099824729760002e+00 2.560247626324564929e-01
4.652838731030551678e+00 2.546878054797240276e-01
4.679732188494796219e+00 2.653758663541254115e-01
4.706781090429870140e+00 2.755853573386282118e-01
4.733986335306464177e+00 2.857011600378069893e-01
4.761348826788450062e+00 2.890638098461948413e-01
4.788869473762884077e+00 2.831386588284030004e-01
4.816549190370198019e+00 2.821865832802449847e-01
4.844388896034566017e+00 2.893043608490538654e-01
4.872389515494448098e+00 2.810142136557844394e-01
4.900551978833287414e+00 2.770615808614370623e-01
4.928877221510434836e+00 2.742965103864675180e-01
4.957366184392200559e+00 2.615852889722303787e-01
4.986019813783113541e+00 2.514532807318063945e-01
5.014839061457356806e+00 2.464156363087735557e-01
5.043824884690362609e+00 2.438232561326986458e-01
5.072978246290641202e+00 2.506632605961008342e-01
5.102300114631742822e+00 2.653480130801101344e-01
5.131791463684423960e+00 2.976324897796168156e-01
5.161453273049005475e+00 3.112502086572597193e-01
5.191286527987911903e+00 3.088396343970298830e-01
5.221292219458380401e+00 3.167373036382660767e-01
5.251471344145405951e+00 3.148230240786717982e-01
5.281824904494829553e+00 3.048161023597344976e-01
5.312353908746639597e+00 2.896132789790413775e-01
5.343059370968462396e+00 2.826626210543239925e-01
5.373942311089249912e+00 2.863949597723689511e-01
5.405003754933139781e+00 2.922694684737693893e-01
5.436244734253559585e+00 2.887295705580116834e-01
5.467666286767478567e+00 2.776110499942835430e-01
5.499269456189878724e+00 2.824195379356453928e-01
5.531055292268432844e+00 3.048945979501411774e-01
5.563024850818350409e+00 3.169854509885838278e-01
5.595179193757479297e+00 3.353179695222645029e-01
5.627519389141558470e+00 4.411426859695180558e-01
5.660046511199702479e+00 5.309289808156205659e-01
5.692761640370078702e+00 5.156147443388664486e-01
5.725665863335805739e+00 4.781875404098147597e-01
5.758760273061025892e+00 4.050321822666423932e-01
5.792045968827241431e+00 3.565928066382845207e-01
5.825524056269808071e+00 3.399644020511739528e-01
5.859195647414667363e+00 3.180286827062464017e-01
5.893061860715279821e+00 3.042666332268880169e-01
5.927123821089786304e+00 2.787454378814505640e-01
5.961382659958350594e+00 2.723138636997448625e-01
5.995839515280771082e+00 2.831665121024182774e-01
6.030495531594262104e+00 2.904691341260557391e-01
6.065351860051475086e+00 3.093055437078306436e-01
6.100409658458743500e+00 3.077052465098629175e-01
6.135670091314512575e+00 3.078065311426457229e-01
6.171134329848062094e+00 3.352799877849709786e-01
6.206803552058381079e+00 3.759457678472515330e-01
6.242678942753306259e+00 4.049764757186118391e-01
6.278761693588877257e+00 4.015353303198173629e-01
6.315053003108923591e+00 3.995805369071100399e-01
6.351554076784851510e+00 3.881936120665075429e-01
6.388266127055725718e+00 3.764623194744436963e-01
6.425190373368511843e+00 3.799389144947121211e-01
6.462328042218596025e+00 3.953215180985946708e-01
6.499680367190518560e+00 3.899711573718451230e-01
6.537248588998957999e+00 3.597655477602046403e-01
6.575033955529916874e+00 3.572891384886660582e-01
6.613037721882214726e+00 3.482722740551802976e-01
6.651261150409145451e+00 3.087383497642471331e-01
6.689705510760421525e+00 3.004608631500755855e-01
6.728372079924347382e+00 2.935380584993734776e-01
6.767262142270216607e+00 2.840375599443500376e-01
6.806376989591010229e+00 3.156231726776556612e-01
6.845717921146279750e+00 3.285420275890975073e-01
6.885286243705309062e+00 3.214445069468451766e-01
6.925083271590525058e+00 3.242273022325516396e-01
6.965110326721157818e+00 3.127669460331816698e-01
7.005368738657123728e+00 3.210419005315336416e-01
7.045859844643230119e+00 3.151142173979222250e-01
7.086584989653569089e+00 3.105007023746672590e-01
7.127545526436194656e+00 3.141317564599294676e-01
7.168742815558059256e+00 3.074646955070038379e-01
7.210178225450215805e+00 2.918111555104273003e-01
7.251853132453240036e+00 2.753524026832278593e-01
7.293768920862992111e+00 2.671432831961846888e-01
7.335926982976571864e+00 2.709338605780796660e-01
7.378328719138569802e+00 2.762664964940923507e-01
7.420975537787583676e+00 2.965943222935934487e-01
7.463868855503007715e+00 3.191428136668568172e-01
7.507010097052058128e+00 3.177830674717481152e-01
7.550400695437144982e+00 3.193884289013549926e-01
7.594042091943437711e+00 3.152762728103746803e-01
7.637935736186750368e+00 3.078470449957587673e-01
7.682083086161699548e+00 3.142305089768926418e-01
7.726485608290103890e+00 3.165803124574527727e-01
7.771144777469737974e+00 3.149015196690784779e-01
7.816062077123293150e+00 3.416305342604503692e-01
7.861238999247660786e+00 3.313045659482474203e-01
7.906677044463489068e+00 3.334442038157833244e-01
7.952377722065040011e+00 6.073836858716915588e-01
7.998342550070284496e+00 4.841278841225239993e-01
