2.511886431509579437e-02 1.196011219891567334e+00
2.526405161860213050e-02 1.214094630850063306e+00
2.541007810627042562e-02 1.222871168428540045e+00
2.555694862859406516e-02 1.238718850027590079e+00
2.570466806410236227e-02 1.250687801156531442e+00
2.585324131952258450e-02 1.262022429071862684e+00
2.600267332994290678e-02 1.272140404266006719e+00
2.615296905897638788e-02 1.281915221000329064e+00
2.630413349892583852e-02 1.291419670463276548e+00
2.645617167094958117e-02 1.300944917408637158e+00
2.660908862522835469e-02 1.310584550507272183e+00
2.676288944113292337e-02 1.316605421665966169e+00
2.691757922739292791e-02 1.311707614557598545e+00
2.707316312226650673e-02 1.297596522740071645e+00
2.722964629371095457e-02 1.279835472758984016e+00
2.738703393955444973e-02 1.260868168797915967e+00
2.754533128766867636e-02 1.242493593085631343e+00
2.770454359614242176e-02 1.225502049953841599e+00
2.786467615345633933e-02 1.210257495344781553e+00
2.802573427865854422e-02 1.198018176944465329e+00
2.818772332154127064e-02 1.189044063283061003e+00
2.835064866281864979e-02 1.182347273945929533e+00
2.851451571430539678e-02 1.177314283201874145e+00
2.867932991909653145e-02 1.173633128814693283e+00
2.884509675174826843e-02 1.171137430925079048e+00
2.901182171845980567e-02 1.169712803379757693e+00
2.917951035725619563e-02 1.169764797085791397e+00
2.934816823817239240e-02 1.172530862246780492e+00
2.951780096343814899e-02 1.178062992568758682e+00
2.968841416766421215e-02 1.185654073649668350e+00
2.986001351802944001e-02 1.195210516818649316e+00
3.003260471446899879e-02 1.206555543475187120e+00
3.020619348986378766e-02 1.219668356136868415e+00
3.038078561023081769e-02 1.236295943326422897e+00
3.055638687491469066e-02 1.263935797453900056e+00
3.073300311678033025e-02 1.306227477941654058e+00
3.091064020240668481e-02 1.361465591231781236e+00
3.108930403228154019e-02 1.432551386120958892e+00
3.126900054099761295e-02 1.521398230991223954e+00
3.144973569744963920e-02 1.631749672676998220e+00
3.163151550503255638e-02 1.748797903699903733e+00
3.181434600184106232e-02 1.820070875930802412e+00
3.199823326087009728e-02 1.822847339832998070e+00
3.218318339021652985e-02 1.777716802995808365e+00
3.236920253328214730e-02 1.703875341686848399e+00
3.255629686897762443e-02 1.620727006997868980e+00
3.274447261192782455e-02 1.539221673419552072e+00
3.293373601267822470e-02 1.465598585675933485e+00
3.312409335790250653e-02 1.401750314666637021e+00
3.331555097061136145e-02 1.347489683049941878e+00
3.350811521036261426e-02 1.302119975164997223e+00
3.370179247347232510e-02 1.264736500526818075e+00
3.389658919322740410e-02 1.234403372426798873e+00
3.409251184009919750e-02 1.212191661209232496e+00
3.428956692195841288e-02 1.197934987014811492e+00
3.448776098429136294e-02 1.189054462024267567e+00
3.468710061041735404e-02 1.183803097714871244e+00
3.488759242170727526e-02 1.181484178425771248e+00
3.508924307780367929e-02 1.181660957026285708e+00
3.529205927684192501e-02 1.184271041069173913e+00
3.549604775567258980e-02 1.189241639365988812e+00
3.570121529008542238e-02 1.196354378351389025e+00
3.590756869503420462e-02 1.205588460542961649e+00
3.611511482486330638e-02 1.217058272093980431e+00
3.632386057353523962e-02 1.230930192863752604e+00
3.653381287485973905e-02 1.249907895566026994e+00
3.674497870272393912e-02 1.277974098082979904e+00
3.695736507132423021e-02 1.316366250618211442e+00
3.717097903539903075e-02 1.366186619739634844e+00
3.738582769046329413e-02 1.429504554947388151e+00
3.760191817304411876e-02 1.508638975530571358e+00
3.781925766091774610e-02 1.590300290226989155e+00
3.803785337334809891e-02 1.657736126952606082e+00
3.825771257132654091e-02 1.713816538280478419e+00
3.847884255781295476e-02 1.757865606032168460e+00
3.870125067797849233e-02 1.793273319841069968e+00
3.892494431944945599e-02 1.806781284668606657e+00
3.914993091255265789e-02 1.770084126950071335e+00
3.937621793056233360e-02 1.696419444241626051e+00
3.960381288994833243e-02 1.615205275417097575e+00
3.983272335062570252e-02 1.539024097336624264e+00
4.006295691620595512e-02 1.474843066608712672e+00
4.029452123424955012e-02 1.433008930734054776e+00
4.052742399651988042e-02 1.407677597154470828e+00
4.076167293923887297e-02 1.390072528291483867e+00
4.099727584334383890e-02 1.378269957021850400e+00
4.123424053474603751e-02 1.370782863353007697e+00
4.147257488459059338e-02 1.365510701561197804e+00
4.171228680951784978e-02 1.360342527181454875e+00
4.195338427192649156e-02 1.355694289862048540e+00
4.219587528023795858e-02 1.351857154356766566e+00
4.243976788916238585e-02 1.349351057725945768e+00
4.268507019996626434e-02 1.344245275793443328e+00
4.293179036074151744e-02 1.333638559762583053e+00
4.317993656667604152e-02 1.319860227663671504e+00
4.342951706032609216e-02 1.304168527182722359e+00
4.368054013188996804e-02 1.287811307264542515e+00
4.393301411948334623e-02 1.270102250989488590e+00
4.418694740941636612e-02 1.251301326887728438e+00
4.444234843647213579e-02 1.232791567539756272e+00
4.469922568418681352e-02 1.215082511264702347e+00
4.495758768513159753e-02 1.198642101416868888e+00
4.521744302119593689e-02 1.183917483868144993e+00
4.547880032387276866e-02 1.170711082535603520e+00
4.574166827454511502e-02 1.158638143994594749e+00
4.600605560477452616e-02 1.147573883350638591e+00
4.627197109659098723e-02 1.137206338367532821e+00
4.653942358278480296e-02 1.127098761914595570e+00
4.680842194719982141e-02 1.117199160285792470e+00
4.707897512502866311e-02 1.107611520893191370e+00
4.735109210310945588e-02 1.098315046254378258e+00
4.762478192022426976e-02 1.088342653437128549e+00
4.790005366739954334e-02 1.077434373911273058e+00
4.817691648820784933e-02 1.066338917043696544e+00
4.845537957907175564e-02 1.055243460176120252e+00
4.873545218956924774e-02 1.043888034778375662e+00
4.901714362274099679e-02 1.032060506529845822e+00
4.930046323539925834e-02 1.020200742183574816e+00
4.958542043843887359e-02 1.008612384982799703e+00
4.987202469714965836e-02 9.972528000885724220e-01
5.016028553153097091e-02 9.858578594742422041e-01
5.045021251660784106e-02 9.745991423697202283e-01
5.074181528274907677e-02 9.638094084936216221e-01
5.103510351598705003e-02 9.534293850210678878e-01
5.133008695833959217e-02 9.429037791716200489e-01
5.162677540813340182e-02 9.323885720633788843e-01
5.192517872032970105e-02 9.225700806159884415e-01
5.222530680685147364e-02 9.133651148997947722e-01
5.252716963691266006e-02 9.033022530340462097e-01
5.283077723734942721e-02 8.930761309313520746e-01
5.313613969295318679e-02 8.847041043858170362e-01
5.344326714680543849e-02 8.785293318572634513e-01
5.375216980061491706e-02 8.755625709909845567e-01
5.406285791505632127e-02 8.759785206392535217e-01
5.437534181011107609e-02 8.799331619201712362e-01
5.468963186541032917e-02 8.884278936119455183e-01
5.500573852057948770e-02 9.017746779507782584e-01
5.532367227558519784e-02 9.201939682502516815e-01
5.564344369108398941e-02 9.442077813189434510e-01
5.596506338877313413e-02 9.740209723586263912e-01
5.628854205174332881e-02 1.009094886574791738e+00
5.661389042483377931e-02 1.049763323560175765e+00
5.694111931498885282e-02 1.097077596050778148e+00
5.727023959161724881e-02 1.144059108822765181e+00
5.760126218695296035e-02 1.182170495345415073e+00
5.793419809641841417e-02 1.214458586792298789e+00
5.826905837898961604e-02 1.245613215447649358e+00
5.860585415756369709e-02 1.276549470537658548e+00
5.894459661932811845e-02 1.314130521258765505e+00
5.928529701613251268e-02 1.367663240990989904e+00
5.962796666486229469e-02 1.437761155465528518e+00
5.997261694781454155e-02 1.494860643431660030e+00
6.031925931307623168e-02 1.508108639729028644e+00
6.066790527490428103e-02 1.490846729325863596e+00
6.101856641410823012e-02 1.472524147319612897e+00
6.137125437843479747e-02 1.447369592340542965e+00
6.172598088295483398e-02 1.418211521996883828e+00
6.208275771045231733e-02 1.383739694896588102e+00
6.244159671181598315e-02 1.342560679717953898e+00
6.280250980643269088e-02 1.298854770426085325e+00
6.316550898258359303e-02 1.258070907413306738e+00
6.353060629784218483e-02 1.223848650101972080e+00
6.389781387947492119e-02 1.196988701564999369e+00
6.426714392484385308e-02 1.177106308377739552e+00
6.463860870181208085e-02 1.158492561617700645e+00
6.501222054915094251e-02 1.135958489422725703e+00
6.538799187695008841e-02 1.112987670097068449e+00
6.576593516702965159e-02 1.089684091052795845e+00
6.614606297335466623e-02 1.067721949624190980e+00
6.652838792245242827e-02 1.053558864100630599e+00
6.691292271383147972e-02 1.048317898532440839e+00
6.729968012040381253e-02 1.032783219043713174e+00
6.768867298890894613e-02 9.925889646573559100e-01
6.807991424034069705e-02 9.425855776906942873e-01
6.847341687037629410e-02 8.997209265624498409e-01
6.886919394980822728e-02 8.643184121241518358e-01
6.926725862497820629e-02 8.336878800256204425e-01
6.966762411821400547e-02 8.076473522957375861e-01
7.007030372826857090e-02 7.850155319334196635e-01
7.047531083076181979e-02 7.650333108305753527e-01
7.088265887862478520e-02 7.470497277876637643e-01
7.129236140254673060e-02 7.307133053518974908e-01
7.170443201142430445e-02 7.160801967257929279e-01
7.211888439281383123e-02 7.030318562595935239e-01
7.253573231338585059e-02 6.916452346382286898e-01
7.295498961938230720e-02 6.819816844348184359e-01
7.337667023707672431e-02 6.739580157197088139e-01
7.380078817323644513e-02 6.676012652200373765e-01
7.422735751558823258e-02 6.631516438576793293e-01
7.465639243328600627e-02 6.609169543723539819e-01
7.508790717738160481e-02 6.608358441909415459e-01
7.552191608129793510e-02 6.624715661827594859e-01
7.595843356130543844e-02 6.654820017621065897e-01
7.639747411700059665e-02 6.699087458938097761e-01
7.683905233178781047e-02 6.751653095738096022e-01
7.728318287336367887e-02 6.808523811397680925e-01
7.772988049420428980e-02 6.871706562969746024e-01
7.817916003205507836e-02 6.926591119058844725e-01
7.863103641042397396e-02 6.969069976888319085e-01
7.908552463907676799e-02 6.999839852119020822e-01
7.954263981453599253e-02 7.004893640345490891e-01
8.000239712058217212e-02 6.991500061671227506e-01
8.046481182875830918e-02 6.963423460413067367e-01
8.092989929887701994e-02 6.923169933201832604e-01
8.139767497953076525e-02 6.881512575927688502e-01
8.186815440860513438e-02 6.838357799919776436e-01
8.234135321379483508e-02 6.796502866562705858e-01
8.281728711312283386e-02 6.757476390813863532e-01
8.329597191546232737e-02 6.718741079818809636e-01
8.377742352106211376e-02 6.684123670341619583e-01
8.426165792207447602e-02 6.651617205329394267e-01
8.474869120308657633e-02 6.623145451905380066e-01
8.523853954165466762e-02 6.606257896185656620e-01
8.573121920884146929e-02 6.605072439688089991e-01
8.622674656975649887e-02 6.622823090927971723e-01
8.672513808409994251e-02 6.664033302330225617e-01
8.722641030670905127e-02 6.731354752902567462e-01
8.773057988810836760e-02 6.816915595551507057e-01
8.823766357506258873e-02 6.906323972446936077e-01
8.874767821113291322e-02 7.009084333051800453e-01
8.926064073723644077e-02 7.147834736973143199e-01
8.977656819220893036e-02 7.329271973548094898e-01
9.029547771337091688e-02 7.546345696238495604e-01
9.081738653709675591e-02 7.798702347843317062e-01
9.134231199938727674e-02 8.044185431510493256e-01
9.187027153644546085e-02 8.203015804702022962e-01
9.240128268525588107e-02 8.265158682153416203e-01
9.293536308416693037e-02 8.219217043502101694e-01
9.347253047347692245e-02 8.109031981675635103e-01
9.401280269602330097e-02 8.012958011666695413e-01
9.455619769777530437e-02 7.956939992786064009e-01
9.510273352842993355e-02 7.957886278235875022e-01
9.565242834201181932e-02 8.012458872088772388e-01
9.620530039747586526e-02 8.118588424844616069e-01
9.676136805931405405e-02 8.274434359309815745e-01
9.732064979816532069e-02 8.483397063858969522e-01
9.788316419142908953e-02 8.749500851339082619e-01
9.844892992388228070e-02 9.077851503682657919e-01
9.901796578830000806e-02 9.466265285236278304e-01
9.959029068607995472e-02 9.910676288188118299e-01
1.001659236278700377e-01 1.035239401716741670e+00
1.007448837341998471e-01 1.074730701197524230e+00
1.013271902361159299e-01 1.100727554214338877e+00
1.019128624758204177e-01 1.108204249141974573e+00
1.025019199073136378e-01 1.102027396865179476e+00
1.030943820970401520e-01 1.084567910379086841e+00
1.036902687245389171e-01 1.063801624189255612e+00
1.042895995830967204e-01 1.043326502753212370e+00
1.048923945804057928e-01 1.025749510491483774e+00
1.054986737392250712e-01 1.011873430225228798e+00
1.061084571980452224e-01 1.002174524301715719e+00
1.067217652117575799e-01 9.973235115287780728e-01
1.073386181523270227e-01 9.966101578819966944e-01
1.079590365094685589e-01 9.982749963491934775e-01
1.085830408913279893e-01 9.965269679523429680e-01
1.092106520251663743e-01 9.850727545131345853e-01
1.098418907580486492e-01 9.684056521069944745e-01
1.104767780575359459e-01 9.504574247841856005e-01
1.111153350123821049e-01 9.354239646216221393e-01
1.117575828332342536e-01 9.249711499606214637e-01
1.124035428533372433e-01 9.206764698422437165e-01
1.130532365292423180e-01 9.239052789869319771e-01
1.137066854415197809e-01 9.271413672504651426e-01
1.143639112954759340e-01 9.196969084205700584e-01
1.150249359218739331e-01 9.069158156033833018e-01
1.156897812776589568e-01 8.955666294503628055e-01
1.163584694466876512e-01 8.875554392247013702e-01
1.170310226404614878e-01 8.828770455557954921e-01
1.177074631988646730e-01 8.807920979438468301e-01
1.183878135909062629e-01 8.808648891322938823e-01
1.190720964154663303e-01 8.828739259334333900e-01
1.197603344020467531e-01 8.869751894653661317e-01
1.204525504115261381e-01 8.934338476288633535e-01
1.211487674369193246e-01 9.025764208978167558e-01
1.218490086041408849e-01 9.145183352996206771e-01
1.225532971727734816e-01 9.292065572541208240e-01
1.232616565368404721e-01 9.449772881682411141e-01
1.239741102255828148e-01 9.601958459242843080e-01
1.246906819042407494e-01 9.749516596966282256e-01
1.254113953748399735e-01 9.885875290410077731e-01
1.261362745769819826e-01 1.000321468618677212e+00
1.268653435886395453e-01 1.007994699755120127e+00
1.275986266269562852e-01 1.011879669469953003e+00
1.283361480490512463e-01 1.015970534260678848e+00
1.290779323528278288e-01 1.024454867211246345e+00
1.298240041777875831e-01 1.041485925559621828e+00
1.305743883058487209e-01 1.068699431297623459e+00
1.313291096621690413e-01 1.099760471282113405e+00
1.320881933159741561e-01 1.099760471282113405e+00
1.328516644813900749e-01 1.057219221005398113e+00
1.336195485182806453e-01 1.005724654549691843e+00
1.343918709330900185e-01 9.721169628436747701e-01
1.351686573796898327e-01 9.674552071606996595e-01
1.359499336602315311e-01 9.937765009031639396e-01
1.367357257260030934e-01 1.038090736555625782e+00
1.375260596782912625e-01 1.077299190275585516e+00
1.383209617692485738e-01 1.130707125113329159e+00
1.391204584027652402e-01 1.159594828185613657e+00
1.399245761353461737e-01 1.119476484610065325e+00
1.407333416769932510e-01 1.037482410195032623e+00
1.415467818920924381e-01 9.485097405561658812e-01
1.423649238003061035e-01 8.733653169740032141e-01
1.431877945774705507e-01 8.140145015366158088e-01
1.440154215564987683e-01 7.694818923188125881e-01
1.448478322282882313e-01 7.361664052407045356e-01
1.456850542426340045e-01 7.114631556300067272e-01
1.465271154091474515e-01 6.944560143864066948e-01
1.473740436981796631e-01 6.839928009841992340e-01
1.482258672417506584e-01 6.788610221986800530e-01
1.490826143344838317e-01 6.785241029835821225e-01
1.499443134345459228e-01 6.822749289368481573e-01
1.508109931645919832e-01 6.902070887293385582e-01
1.516826823127164214e-01 7.038918321573897074e-01
1.525594098334091819e-01 7.254702600354663300e-01
1.534412048485173929e-01 7.553260859140967787e-01
1.543280966482127869e-01 7.928593024256529453e-01
1.552201146919646169e-01 8.413247155678398315e-01
1.561172886095181789e-01 8.949811803204241745e-01
1.570196482018790252e-01 9.239863891683445241e-01
1.579272234423027277e-01 9.147013531448590085e-01
1.588400444772908315e-01 8.909828643264381398e-01
1.597581416275917487e-01 8.704557491843614159e-01
1.606815453892082024e-01 8.512045595883500626e-01
1.616102864344102497e-01 8.375270952791434853e-01
1.625443956127538836e-01 8.257733980931813988e-01
1.634839039521058524e-01 8.155046411515396443e-01
1.644288426596743347e-01 8.111850040542657458e-01
1.653792431230455828e-01 8.150730933914605014e-01
1.663351369112262834e-01 8.260229678821428001e-01
1.672965557756923849e-01 8.439254407436419525e-01
1.682635316514438095e-01 8.716006505912220481e-01
1.692360966580649384e-01 8.959149872807882220e-01
1.702142831007917856e-01 8.841966458149288499e-01
1.711981234715850009e-01 8.348192630689120763e-01
1.721876504502090899e-01 7.804723219002011048e-01
1.731828969053178791e-01 7.360520190874305646e-01
1.741838958955464201e-01 7.038731144232176495e-01
1.751906806706090836e-01 6.832877663303832394e-01
1.762032846724038426e-01 6.740172885445872009e-01
1.772217415361232173e-01 6.772128217174140374e-01
1.782460850913716033e-01 6.942958737718231133e-01
1.792763493632887617e-01 7.199474885805742241e-01
1.803125685736800821e-01 7.438573142371989189e-01
1.813547771421535060e-01 7.603715551476001311e-01
1.824030096872625850e-01 7.492469818046448848e-01
1.834573010276564775e-01 7.129543351190512634e-01
1.845176861832364401e-01 6.758100315286267312e-01
1.855842003763193415e-01 6.423104867311595356e-01
1.866568790328071992e-01 6.148359725888693506e-01
1.877357577833641822e-01 5.950554870654355399e-01
1.888208724646001924e-01 5.798483679247197209e-01
1.899122591202609955e-01 5.643053694430266720e-01
1.910099540024255971e-01 5.482725902504969051e-01
1.921139935727104175e-01 5.362256485625049862e-01
1.932244145034804905e-01 5.314443073556525121e-01
1.943412536790674328e-01 5.336176442678581822e-01
1.954645481969946030e-01 5.399525574109954595e-01
1.965943353692096995e-01 5.469155545230190985e-01
1.977306527233236300e-01 5.514951601504611833e-01
1.988735380038573475e-01 5.524487247191178785e-01
2.000230291734956534e-01 5.505467949524077698e-01
2.011791644143479663e-01 5.479221526718301982e-01
2.023419821292166965e-01 5.466119112797827029e-01
2.035115209428728922e-01 5.461803635197035600e-01
2.046878197033392410e-01 5.418607264224296616e-01
2.058709174831803157e-01 5.284900249788216930e-01
2.070608535808005912e-01 5.138444378632690546e-01
2.082576675217497619e-01 5.055659999885946387e-01
2.094613990600355524e-01 5.054266568564245166e-01
2.106720881794442723e-01 5.140732101698169965e-01
2.118897750948690872e-01 5.322273325685189516e-01
2.131145002536455058e-01 5.614893903242452744e-01
2.143463043368951104e-01 6.048490215339298315e-01
2.155852282608767823e-01 6.623717382671748810e-01
2.168313131783459469e-01 7.191311873958463607e-01
2.180846004799212312e-01 7.542165402273391939e-01
2.193451317954595303e-01 7.781450836181358355e-01
2.206129489954388734e-01 8.118453241208928306e-01
2.218880941923488948e-01 8.560784495919422366e-01
2.231706097420899648e-01 9.008096747667940773e-01
2.244605382453801201e-01 9.427010037180889590e-01
2.257579225491697927e-01 9.775243082711723153e-01
2.270628057480653939e-01 9.869954817622581533e-01
2.283752311857605299e-01 9.677536510333326625e-01
2.296952424564759343e-01 9.364908754694323267e-01
2.310228834064072811e-01 9.054256759884595773e-01
2.323581981351817149e-01 8.834666541822168151e-01
2.337012309973229007e-01 8.685870953895128421e-01
2.350520266037238737e-01 8.475358836906171645e-01
2.364106298231291869e-01 8.113867396336762461e-01
2.377770857836252472e-01 7.606575205307850585e-01
2.391514398741393099e-01 7.047455688104619087e-01
2.405337377459470793e-01 6.513906675528724488e-01
2.419240253141889951e-01 6.024853876576410361e-01
2.433223487593957901e-01 5.573382128345204523e-01
2.447287545290218747e-01 5.161955932501097744e-01
2.461432893389885190e-01 4.803511323105259523e-01
2.475660001752356676e-01 4.514696684829657691e-01
2.489969342952823017e-01 4.308115292016843068e-01
2.504361392297964617e-01 4.187063545629347572e-01
2.518836627841739007e-01 4.139603690761851085e-01
2.533395530401260642e-01 4.149856849591683217e-01
2.548038583572773130e-01 4.209025687057952325e-01
2.562766273747711931e-01 4.316403088758603568e-01
2.577579090128856998e-01 4.482585371983288103e-01
2.592477524746588102e-01 4.737167354206348602e-01
2.607462072475227322e-01 5.131248449717636939e-01
2.622533231049470337e-01 5.743526331969651677e-01
2.637691501080930423e-01 6.581280119807101370e-01
2.652937386074759596e-01 7.407397716234225271e-01
2.668271392446371348e-01 8.033349943173084817e-01
2.683694029538270520e-01 8.338220237871871721e-01
2.699205809636965880e-01 8.389018088666726491e-01
2.714807247989985406e-01 8.336161287112939799e-01
2.730498862822996475e-01 8.448946034241087144e-01
2.746281175357012105e-01 8.723088048674000339e-01
2.762154709825712651e-01 8.861588882806380463e-01
2.778119993492854656e-01 8.753005227125749688e-01
2.794177556669779627e-01 8.636279357080253183e-01
2.810327932733039380e-01 8.593946081627672484e-01
2.826571658142107979e-01 8.550188178629769542e-01
2.842909272457196934e-01 8.401288603290664181e-01
2.859341318357184192e-01 8.184370861718363033e-01
2.875868341657639160e-01 7.991609395969287988e-01
2.892490891328946545e-01 7.800584520001734301e-01
2.909209519514548425e-01 7.638166581093883689e-01
2.926024781549284581e-01 7.486802504088784227e-01
2.942937235977828858e-01 7.249867185693535943e-01
2.959947444573255426e-01 7.006962989845627598e-01
2.977055972355692748e-01 6.949790710691050588e-01
2.994263387611086902e-01 7.204060730677909197e-01
3.011570261910088142e-01 7.587899066100571854e-01
3.028977170127025720e-01 7.614665425966683499e-01
3.046484690459013711e-01 7.315867996132624507e-01
3.064093404445150659e-01 7.035642718093778614e-01
3.081803896985833569e-01 6.942896345270990199e-01
3.099616756362194026e-01 7.051480000951620974e-01
3.117532574255635347e-01 7.197332745117157593e-01
3.135551945767480198e-01 7.240081970218007479e-01
3.153675469438748658e-01 7.274408214941409101e-01
3.171903747270033436e-01 7.256356000206533041e-01
3.190237384741493876e-01 7.154552323792687796e-01
3.208676990832974307e-01 7.047226915798070479e-01
3.227223178044230090e-01 6.953523858784265155e-01
3.245876562415266342e-01 6.835279772522585562e-01
3.264637763546810456e-01 6.684196461530066413e-01
3.283507404620888970e-01 6.588268073898020383e-01
3.302486112421523790e-01 6.647686481153252114e-01
3.321574517355558864e-01 6.935388454119735258e-01
3.340773253473591775e-01 7.471953101645578688e-01
3.360082958491044103e-01 8.166859381526236916e-01
3.379504273809338932e-01 8.690914343380389262e-01
3.399037844537201591e-01 8.525688744346723302e-01
3.418684319512097503e-01 7.962586509261315726e-01
3.438444351321779946e-01 7.513870427449890199e-01
3.458318596325960503e-01 7.196781611833200643e-01
3.478307714678123830e-01 6.959815097214333557e-01
3.498412370347446232e-01 6.746807282335762768e-01
3.518633231140849693e-01 6.512804408960811697e-01
3.538970968725191901e-01 6.425413387859488790e-01
3.559426258649572294e-01 6.504963758090941406e-01
3.579999780367765227e-01 6.674244866195229164e-01
3.600692217260801353e-01 6.882198892847332106e-01
3.621504256659661136e-01 7.160801967257929279e-01
3.642436589868098817e-01 7.517728360437586632e-01
3.663489912185618480e-01 8.051214980566239188e-01
3.684664922930561692e-01 8.898546009055084971e-01
3.705962325463332818e-01 9.464695075314063510e-01
3.727382827209774208e-01 9.116077276358580672e-01
3.748927139684648524e-01 8.644473565151153949e-01
3.770595978515288715e-01 8.501740443347634013e-01
3.792390063465359562e-01 8.776568774700190811e-01
3.814310118458763554e-01 9.216695496274859289e-01
3.836356871603694985e-01 9.654420108630774600e-01
3.858531055216822825e-01 1.000679185316188491e+00
3.880833405847607942e-01 1.039732697792167926e+00
3.903264664302779630e-01 1.092450156213784940e+00
3.925825575670940371e-01 1.125341374650658643e+00
3.948516889347303827e-01 1.093136473133428987e+00
3.971339359058604912e-01 1.035884123671558799e+00
3.994293742888124776e-01 9.869362089373796554e-01
4.017380803300868997e-01 9.476237678053528457e-01
4.040601307168905088e-01 9.339691807268012402e-01
4.063956025796829352e-01 9.341158029778160454e-01
4.087445734947380283e-01 9.025743411495754653e-01
4.111071214867221824e-01 8.483001911693114350e-01
4.134833250312844322e-01 7.972964452985628059e-01
4.158732630576643108e-01 7.594533462990462613e-01
4.182770149513134750e-01 7.358388448926926895e-01
4.206946605565314856e-01 7.345254838782832030e-01
4.231262801791195738e-01 7.564585088315092243e-01
4.255719545890473410e-01 7.730008263431686899e-01
4.280317650231349469e-01 7.819343849138667979e-01
4.305057931877529498e-01 7.932305374867330006e-01
4.329941212615355806e-01 8.060937803594527828e-01
4.354968318981098929e-01 7.872554207893484035e-01
4.380140082288422887e-01 7.644041869875684014e-01
4.405457338655994204e-01 7.644686591830500699e-01
4.430920929035247480e-01 7.661948502233666414e-01
4.456531699238333033e-01 7.659889551474734493e-01
4.482290499966203323e-01 7.524799504458159483e-01
4.508198186836865351e-01 7.239572431898877447e-01
4.534255620413813470e-01 7.181037917646219126e-01
4.560463666234608748e-01 7.417203729192167749e-01
4.586823194839622087e-01 7.946000517036587718e-01
4.613335081800964965e-01 8.426443158269733003e-01
4.640000207751556194e-01 8.316414077561367080e-01
4.666819458414390720e-01 7.709501945772022635e-01
4.693793724631949438e-01 7.293094752889895949e-01
4.720923902395786631e-01 7.217121549633557231e-01
4.748210892876304490e-01 7.106312563334686860e-01
4.775655602452679171e-01 6.881647759563376265e-01
4.803258942742961168e-01 6.888968473372910628e-01
4.831021830634371073e-01 7.134181189768711295e-01
4.858945188313745223e-01 7.471953101645578688e-01
4.887029943298164536e-01 7.718580046845494591e-01
4.915277028465775411e-01 7.676735512229629910e-01
4.943687382086768833e-01 7.413345796204472427e-01
4.972261947854541564e-01 7.135460234937138768e-01
5.001001674917054940e-01 6.948095715874353928e-01
5.029907517908354109e-01 6.778429854345415784e-01
5.058980436980275996e-01 6.551570916179485504e-01
5.088221397834349347e-01 6.362708978382932701e-01
5.117631371753864622e-01 6.268995522627918149e-01
5.147211335636141527e-01 6.081423028740998715e-01
5.176962272024980827e-01 5.732628451185002305e-01
5.206885169143288250e-01 5.439342354190508377e-01
5.236981020925914887e-01 5.221478327168396216e-01
5.267250827052667450e-01 5.101622436019674911e-01
5.297695592981502832e-01 5.145900276077912672e-01
5.328316329981945820e-01 5.329396463411796292e-01
5.359114055168668900e-01 5.354686202026552877e-01
5.390089791535270791e-01 5.185176321615716510e-01
5.421244567988269258e-01 5.181963110582837873e-01
5.452579419381275994e-01 5.355143746639648983e-01
5.484095386549359130e-01 5.348332571149244652e-01
5.515793516343632241e-01 5.157806834759613990e-01
5.547674861666017643e-01 4.994161844389370941e-01
5.579740481504216199e-01 4.871987033951549195e-01
5.611991440966896949e-01 4.828322719624507653e-01
5.644428811319066597e-01 4.924375892151033329e-01
5.677053670017649933e-01 5.047756956568835163e-01
5.709867100747291202e-01 5.067888919545056048e-01
5.742870193456336425e-01 5.026065182411604271e-01
5.776064044393048880e-01 4.980705873267867179e-01
5.809449756142023302e-01 4.946649995815839973e-01
5.843028437660793273e-01 4.904535093928600875e-01
5.876801204316687288e-01 4.891869427138809123e-01
5.910769177923870243e-01 4.879817286080213590e-01
5.944933486780595855e-01 4.837172048391431556e-01
5.979295265706701112e-01 4.832461418624784399e-01
6.013855656081297241e-01 4.968965694445474091e-01
6.048615805880666052e-01 5.142926236092789649e-01
6.083576869716416091e-01 5.279492904360719718e-01
6.118740008873820857e-01 5.461387685548767523e-01
6.154106391350390171e-01 5.580661247189911967e-01
6.189677191894675801e-01 5.558241561148210552e-01
6.225453592045292472e-01 5.418076928422754790e-01
6.261436780170150929e-01 5.360582288290767217e-01
6.297627951505950783e-01 5.474625283104929130e-01
6.334028308197864332e-01 5.909209475616413743e-01
6.370639059339481269e-01 6.465843693671238235e-01
6.407461421012968783e-01 6.674515233466605801e-01
6.444496616329448146e-01 6.593165881006388673e-01
6.481745875469649976e-01 6.420162023550092245e-01
6.519210435724759334e-01 6.248478806227049098e-01
6.556891541537508417e-01 6.270035396748591117e-01
6.594790444543533470e-01 6.499057273085521169e-01
6.632908403612935988e-01 6.852905638867986537e-01
6.671246684892090384e-01 7.224275883583783919e-01
6.709806561845721440e-01 7.652048900604863091e-01
6.748589315299192704e-01 8.057142263054073439e-01
6.787596233481042463e-01 8.097229410406001637e-01
6.826828612065795054e-01 7.667428638849610456e-01
6.866287754216984229e-01 7.130479237899117750e-01
6.905974970630435195e-01 6.799601691442309637e-01
6.945891579577818664e-01 6.587228199777348525e-01
6.986038906950429173e-01 6.356875284565959294e-01
7.026418286303216520e-01 6.126927920261631133e-01
7.067031058899108098e-01 6.050455577427370502e-01
7.107878573753529938e-01 6.201590882125922466e-01
7.148962187679240854e-01 6.440023619254938714e-01
7.190283265331394169e-01 6.646532220879306507e-01
7.231843179252852583e-01 6.828343812137699365e-01
7.273643309919801681e-01 6.928722861006223477e-01
7.315685045787596597e-01 7.015957900989445717e-01
7.357969783336865133e-01 7.146129343415239532e-01
7.400498927119919523e-01 7.022841867668297988e-01
7.443273889807401344e-01 6.542659194965322333e-01
7.486296092235191768e-01 6.051859407490277620e-01
7.529566963451627126e-01 5.888796746627610323e-01
7.573087940764960946e-01 5.994219184981397497e-01
7.616860469791092436e-01 6.124900165726320234e-01
7.660886004501606950e-01 5.823981392686089498e-01
7.705166007272060691e-01 5.378176958412547171e-01
7.749701948930545203e-01 5.159075481186834455e-01
7.794495308806568268e-01 5.195419081704341080e-01
7.839547574780165728e-01 5.538421560408192112e-01
7.884860243331343055e-01 5.881871184983931133e-01
7.930434819589780027e-01 6.002091032074887700e-01
7.976272817384808533e-01 6.183289097602084894e-01
8.022375759295721220e-01 6.011356310490081345e-01
8.068745176702336597e-01 5.574172432676914868e-01
8.115382609835852801e-01 5.321722192401232565e-01
8.162289607830032212e-01 5.117969257196647304e-01
8.209467728772645856e-01 4.865415029508898259e-01
8.256918539757219788e-01 4.654123006929437034e-01
8.304643616935105666e-01 4.609865964353611623e-01
8.352644545567829981e-01 4.748990722958396082e-01
8.400922920079733069e-01 5.108901554864383465e-01
8.449480344110958940e-01 5.373518322351933385e-01
8.498318430570707127e-01 5.399931125017017886e-01
8.547438801690798726e-01 5.330717103545050684e-01
8.596843089079587719e-01 4.984698989891250265e-01
8.646532933776126528e-01 4.382726260175100474e-01
8.696509986304700179e-01 3.936245907723121551e-01
8.746775906729644667e-01 3.829388443082807347e-01
8.797332364710471753e-01 4.104320761847430887e-01
8.848181039557355687e-01 4.458616273501785354e-01
8.899323620286901937e-01 4.552953653729202022e-01
8.950761805678236760e-01 4.445961005453200054e-01
9.002497304329459826e-01 4.251140588945191978e-01
9.054531834714387717e-01 4.204762203163194823e-01
9.106867125239620497e-01 4.214360241297003262e-01
9.159504914301977996e-01 4.067363635598726934e-01
9.212446950346235841e-01 4.002933035081854274e-01
9.265694991923183466e-01 4.013082206499618554e-01
9.319250807748065135e-01 3.716499708542592151e-01
9.373116176759319629e-01 3.249076291300267982e-01
9.427292888177655206e-01 3.023621183197245932e-01
9.481782741565508710e-01 2.881511985866130887e-01
9.536587546886805544e-01 2.529691374618977528e-01
9.591709124567069367e-01 2.251961794469744815e-01
9.647149305553922582e-01 2.125429911466305277e-01
9.702909931377862174e-01 2.123422954413407004e-01
9.758992854213467405e-01 2.146248191362170599e-01
9.815399936940907288e-01 2.169302200617481691e-01
9.872133053207802211e-01 2.245223410167786759e-01
9.929194087491489684e-01 2.217541961075482349e-01
9.986584935161608723e-01 2.082732680071489317e-01
1.004430750254303728e+00 2.021900044012143183e-01
1.010236370697924935e+00 1.952020503102945836e-01
1.016075547689597958e+00 1.910196765969494892e-01
1.021948475186527761e+00 1.989695142494913582e-01
1.027855348266994762e+00 2.066011504211074101e-01
1.033796363136834096e+00 2.194643932938272202e-01
1.039771717135951290e+00 2.461912379433538189e-01
1.045781608744880131e+00 2.748231319819526841e-01
1.051826237591374280e+00 2.780571404972443927e-01
1.057905804457035748e+00 2.651980571210072468e-01
1.064020511283988890e+00 2.672351705234048413e-01
1.070170561181583713e+00 2.811008520484530315e-01
1.076356158433145582e+00 2.755000900345105364e-01
1.082577508502760022e+00 2.481555601573043612e-01
1.088834818042095476e+00 2.286069665627805392e-01
1.095128294897270704e+00 2.192522589732099902e-01
1.101458148115757263e+00 2.269878825568933389e-01
1.107824587953321727e+00 2.586166938112705038e-01
1.114227825881013212e+00 2.852010757062649615e-01
1.120668074592185315e+00 2.759846713747439173e-01
1.127145548009560017e+00 2.690435116192544940e-01
1.133660461292336441e+00 2.812609926630365575e-01
1.140213030843336250e+00 2.953533667463913992e-01
1.146803474316190341e+00 3.141106161350833426e-01
1.153432010622570836e+00 3.377989486040047784e-01
1.160098859939462601e+00 3.560321014358777680e-01
1.166804243716473621e+00 3.641129632276243755e-01
1.173548384683194445e+00 3.634235266856184476e-01
1.180331506856595603e+00 3.609507060266590184e-01
1.187153835548465874e+00 3.525443636351419108e-01
1.194015597372901416e+00 3.431335028430550493e-01
1.200917020253827294e+00 3.353084500849939364e-01
1.207858333432573428e+00 3.228361998816469680e-01
1.214839767475487387e+00 3.095538877382961740e-01
1.221861554281590267e+00 3.077320282788777450e-01
1.228923927090283863e+00 3.182971493449111566e-01
1.236027120489096909e+00 3.244740016217063094e-01
1.243171370421473965e+00 3.166364703741970654e-01
1.250356914194617142e+00 2.910441283903242304e-01
1.257583990487367132e+00 2.741056188386885584e-01
1.264852839358128644e+00 2.718948464581386615e-01
1.272163702252848472e+00 2.783503849992740586e-01
1.279516822013033517e+00 2.945308263169393870e-01
1.286912442883815677e+00 3.245686301666875218e-01
1.294350810522067352e+00 3.592858675594622908e-01
1.301832172004561583e+00 3.852754414574320330e-01
1.309356775836174380e+00 3.903365088027455077e-01
1.316924871958146337e+00 3.905975172070342838e-01
1.324536711756377994e+00 4.017803235007472162e-01
1.332192548069784932e+00 3.876089189842213401e-01
1.339892635198694837e+00 3.566040322022476783e-01
1.347637228913291185e+00 3.303607290188337875e-01
1.355426586462114891e+00 3.053527962907789384e-01
1.363260966580605249e+00 2.818682791495093487e-01
1.371140629499693731e+00 2.664292680798835966e-01
1.379065836954451285e+00 2.544530378320974950e-01
1.387036852192779834e+00 2.496384206533834305e-01
1.395053939984155722e+00 2.517670429784001906e-01
1.403117366628427343e+00 2.600454808530746065e-01
1.411227399964658957e+00 2.685547707825383656e-01
1.419384309380025577e+00 2.782463975872067619e-01
1.427588365818764915e+00 2.764858907009081213e-01
1.435839841791175742e+00 2.620004441999390643e-01
1.444139011382666204e+00 2.429790667845962426e-01
1.452486150262864761e+00 2.176487730791329123e-01
1.460881535694769973e+00 2.065325187291430220e-01
1.469325446543965796e+00 2.119970572332774139e-01
1.477818163287882181e+00 2.087016961448660279e-01
1.486359968025109168e+00 2.031362898510263859e-01
1.494951144484772509e+00 1.981407345753153082e-01
1.503591978035954568e+00 2.090323761152398929e-01
1.512282755697172298e+00 2.066354662670895903e-01
1.521023766145914724e+00 1.888837751530880182e-01
1.529815299728230382e+00 1.849093762638774063e-01
1.538657648468367833e+00 2.070909311319442114e-01
1.547551106078482119e+00 2.395079669697912084e-01
1.556495967968387184e+00 2.592229404236226498e-01
1.565492531255366693e+00 2.492921425711994987e-01
1.574541094774047689e+00 2.330108334638288925e-01
1.583641959086324214e+00 2.400154255406794224e-01
1.592795426491339539e+00 2.428511622677535231e-01
1.602001801035530804e+00 2.350042721531582779e-01
1.611261388522727822e+00 2.384587339820325447e-01
1.620574496524306296e+00 2.391336122863490787e-01
1.629941434389411858e+00 2.384878504574113600e-01
1.639362513255227638e+00 2.400071065477140386e-01
1.648838046057315765e+00 2.379439962922995921e-01
1.658368347540009280e+00 2.485184762254190605e-01
1.667953734266863997e+00 2.548201133966949139e-01
1.677594524631179640e+00 2.535379486059056164e-01
1.687291038866571835e+00 2.700324319080140700e-01
1.697043599057607821e+00 2.858967514929949827e-01
1.706852529150509445e+00 2.841944775574539173e-01
1.716718154963911225e+00 2.586697273914247974e-01
1.726640804199680579e+00 2.546048594537156928e-01
1.736620806453807120e+00 2.573875626006355000e-01
1.746658493227349673e+00 2.396337917383925820e-01
1.756754197937443251e+00 2.239722476069428703e-01
1.766908255928380411e+00 2.142348663409648080e-01
1.777121004482747679e+00 2.083377402026306280e-01
1.787392782832625482e+00 2.263171637490595245e-01
1.797723932170862682e+00 2.513594123230965538e-01
1.808114795662403074e+00 2.686878746699844500e-01
1.818565718455690483e+00 2.673693142849716264e-01
1.829077047694130043e+00 2.392521579361057416e-01
1.839649132527616748e+00 2.109862995879836778e-01
1.850282324124138622e+00 1.923496755972896877e-01
1.860976975681438272e+00 1.894661046606646304e-01
1.871733442438742401e+00 1.968273735609058495e-01
1.882552081688566581e+00 1.950491888145557129e-01
1.893433252788581767e+00 1.841024339462354886e-01
1.904377317173546302e+00 1.785963004772741503e-01
1.915384638367318981e+00 1.820965167674580554e-01
1.926455581994929611e+00 1.890553543829989747e-01
1.937590515794722412e+00 1.916498403140770579e-01
1.948789809630575354e+00 1.959195634535586539e-01
1.960053835504184105e+00 2.093869731903892639e-01
1.971382967567415045e+00 2.228533430530991455e-01
1.982777582134739092e+00 2.299983181362404705e-01
1.994238057695728816e+00 2.312815228011504132e-01
2.005764774927627947e+00 2.194435958114137608e-01
2.017358116708002580e+00 2.173160133605176736e-01
2.029018468127450348e+00 2.213788015499854045e-01
2.040746216502401289e+00 2.259105729678765606e-01
2.052541751387976898e+00 2.469857017715477165e-01
2.064405464590929995e+00 2.666902764841723728e-01
2.076337750182662312e+00 2.706532367580555820e-01
2.088339004512313135e+00 2.511327197647899023e-01
2.100409626219920778e+00 2.316777148411266474e-01
2.112550016249669760e+00 2.096157454969372058e-01
2.124760577863207711e+00 1.921032254306903053e-01
2.137041716653034662e+00 1.875256995514896219e-01
2.149393840555982482e+00 1.930328728945715777e-01
2.161817359866763155e+00 1.934883377594261711e-01
2.174312687251592546e+00 1.781803508290051297e-01
2.186880237761905654e+00 1.668249254312605678e-01
2.199520428848138476e+00 1.517706677862836473e-01
2.212233680373592026e+00 1.505228188414765578e-01
2.225020414628386511e+00 1.630002684154268078e-01
2.237881056343477670e+00 1.732128721545522221e-01
2.250816032704775704e+00 1.720752498665364394e-01
2.263825773367328598e+00 1.683753777451833800e-01
2.276910710469592924e+00 1.734821995518064097e-01
2.290071278647793029e+00 1.817949532724630335e-01
2.303307915050354371e+00 1.980429864079720770e-01
2.316621059352423018e+00 2.067696100286563754e-01
2.330011153770474852e+00 2.004274177666743040e-01
2.343478643077001600e+00 1.929725601955726011e-01
2.357023974615280792e+00 1.962637617875012952e-01
2.370647598314243876e+00 2.033141083256613801e-01
2.384349966703414481e+00 2.029917473482528989e-01
2.398131534927939956e+00 2.022222404989551803e-01
2.411992760763713051e+00 1.970883819651946534e-01
2.425934104632577970e+00 1.879593270598100829e-01
2.439956029617617261e+00 1.830344832243047393e-01
2.454059001478542612e+00 1.871035106584965635e-01
2.468243488667162033e+00 1.884262305399920512e-01
2.482509962342935861e+00 1.837072817803798996e-01
2.496858896388636673e+00 1.784891934428448901e-01
2.511290767426078485e+00 1.656789841502793736e-01
2.525806054831960523e+00 1.600855012551815615e-01
2.540405240753779381e+00 1.583052367605901345e-01
2.555088810125852206e+00 1.543225188784141666e-01
2.569857250685421590e+00 1.548216584563369969e-01
2.584711052988855506e+00 1.578081769309086502e-01
2.599650710427946265e+00 1.660200628618599961e-01
2.614676719246288084e+00 1.765175921100496925e-01
2.629789578555775442e+00 1.840483604919605221e-01
2.644989790353173831e+00 1.753019792629834372e-01
2.660277859536794409e+00 1.621288539023032216e-01
2.675654293923265481e+00 1.464953863721116245e-01
2.691119604264405218e+00 1.470766760055676192e-01
2.706674304264172548e+00 1.484680275790275228e-01
2.722318910595750374e+00 1.505768922957515243e-01
2.738053942918694972e+00 1.578986459794071429e-01
2.753879923896200843e+00 1.645808770788491360e-01
2.769797379212459720e+00 1.653670219140776221e-01
2.785806837590128815e+00 1.559228851501292534e-01
2.801908830807877226e+00 1.582615620475218698e-01
2.818103893718070019e+00 1.569430016625090463e-01
2.834392564264522019e+00 1.401729517184223672e-01
2.850775383500368410e+00 1.390041332067863955e-01
2.867252895606037466e+00 1.535623708962024769e-01
2.883825647907329426e+00 1.557502660460975963e-01
2.900494190893583735e+00 1.620519032173734497e-01
2.917259078235983960e+00 1.664900859644039832e-01
2.934120866805935979e+00 1.663642611958026096e-01
2.951080116693567401e+00 1.688069255052625228e-01
2.968137391226336685e+00 1.687861280228490635e-01
2.985293256987731514e+00 1.753633318361031423e-01
3.002548283836107057e+00 1.747664440908370531e-01
3.019903044923603730e+00 1.629753114365306843e-01
3.037358116715186629e+00 1.504396289118227203e-01
3.054914079007794214e+00 1.476610852613856051e-01
3.072571514949601568e+00 1.433393684158703607e-01
3.090331011059376021e+00 1.527783058092153645e-01
3.108193157245980220e+00 1.725026381301328349e-01
3.126158546827951579e+00 1.666065518659193279e-01
3.144227776553216724e+00 1.589114833729422527e-01
3.162401446618910317e+00 1.469310936286734592e-01
3.180680160691316427e+00 1.547852628621134430e-01
3.199064525925907621e+00 1.624168990337295226e-01
3.217555152987530587e+00 1.514431074382718012e-01
3.236152656070678812e+00 1.551315409442974025e-01
3.254857652919894928e+00 1.596997079564120570e-01
3.273670764850296955e+00 1.562150897780382464e-01
3.292592616768199143e+00 1.598161738579274016e-01
3.311623837191892683e+00 1.654210953683525887e-01
3.330765058272506351e+00 1.652027218030113487e-01
3.350016915815009710e+00 1.687289349462120502e-01
3.369380049299332214e+00 1.843010499032839422e-01
3.388855101901607103e+00 1.929392842237110661e-01
3.408442720515521884e+00 1.861977802993907416e-01
3.428143555773827789e+00 1.801893876301445541e-01
3.447958262069935831e+00 1.813561263935391799e-01
3.467887497579658529e+00 1.703958531616502070e-01
3.487931924283071528e+00 1.687528520509875285e-01
3.508092207986506228e+00 1.966911500510977184e-01
3.528369018344649444e+00 1.900037195810523605e-01
3.548763028882812254e+00 1.548122995892509401e-01
3.569274917019284565e+00 1.454783894820938783e-01
3.589905364087840223e+00 1.524653036988929400e-01
3.610655055360374899e+00 1.495578156574923767e-01
3.631524680069651456e+00 1.685313588632842696e-01
3.652514931432215839e+00 2.021764860376455697e-01
3.673626506671410219e+00 2.030603790402172593e-01
3.694860107040534913e+00 2.080236982181875027e-01
3.716216437846141751e+00 2.366025586766320188e-01
3.737696208471465109e+00 2.432650321677812255e-01
3.759300132399972405e+00 2.481867563809245225e-01
3.781028927239082016e+00 2.315321324642324874e-01
3.802883314743989107e+00 2.214983870738627958e-01
3.824864020841640233e+00 2.174491172479637580e-01
3.846971775654848713e+00 1.919212474595726192e-01
3.869207313526548564e+00 1.835336228022275973e-01
3.891571373044171445e+00 1.976436747456337961e-01
3.914064697064205678e+00 1.950408698215903569e-01
3.936688032736852527e+00 1.873790773004747889e-01
3.959442131530850340e+00 1.996922267633587933e-01
3.982327749258438132e+00 2.090469343529293145e-01
4.005345646100446189e+00 2.238620209501515357e-01
4.028496586631570509e+00 2.219184962186145083e-01
4.051781339845751617e+00 2.133031391288421896e-01
4.075200679181723906e+00 2.025258837421915759e-01
4.098755382548707082e+00 1.804524757826747317e-01
4.122446232352245943e+00 1.667198981450726258e-01
4.146274015520188705e+00 1.839776490517547880e-01
4.170239523528843861e+00 2.069734253563081938e-01
4.194343552429258715e+00 2.071450045862191502e-01
4.218586902873665778e+00 2.049404714503932912e-01
4.242970380142073950e+00 2.041678449787335814e-01
4.267494794169023997e+00 2.094951200989391693e-01
4.292160959570472833e+00 2.214297553818983799e-01
4.316969695670882068e+00 2.339040853334866665e-01
4.341921826530410478e+00 2.401703667846596391e-01
4.367018180972294772e+00 2.407994906276665070e-01
4.392259592610382235e+00 2.819005152472502385e-01
4.417646899876805477e+00 2.952951337956337130e-01
4.443180946049855251e+00 2.716806323892800856e-01
4.468862579281975833e+00 2.508259568991915156e-01
4.494692652627942486e+00 2.297809844450199035e-01
4.520672024073195239e+00 2.116674171370242219e-01
4.546801556562344082e+00 2.059585082145317658e-01
4.573082118027814502e+00 2.027047420909472430e-01
4.599514581418703507e+00 2.114126479774594281e-01
4.626099824729760002e+00 2.012198018466268279e-01
4.652838731030551678e+00 1.892581298365301201e-01
4.679732188494796219e+00 1.589322808553557120e-01
4.706781090429870140e+00 1.533783131768434449e-01
4.733986335306464177e+00 1.605908800778284573e-01
4.761348826788450062e+00 1.557305084378048099e-01
4.788869473762884077e+00 1.577551433507543566e-01
4.816549190370198019e+00 1.589302011071143383e-01
4.844388896034566017e+00 1.620508633432527767e-01
4.872389515494448098e+00 1.699715845204158027e-01
4.900551978833287414e+00 1.684668866678025734e-01
4.928877221510434836e+00 1.648855601962062323e-01
4.957366184392200559e+00 1.698592781153831499e-01
4.986019813783113541e+00 1.664120954053535384e-01
5.014839061457356806e+00 1.486406466830591799e-01
5.043824884690362609e+00 1.493789573087367095e-01
5.072978246290641202e+00 1.759456613436797823e-01
5.102300114631742822e+00 1.942755224687753302e-01
5.131791463684423960e+00 1.987137052158058914e-01
5.161453273049005475e+00 1.995019297992756957e-01
5.191286527987911903e+00 2.002911942568662007e-01
5.221292219458380401e+00 1.857131989591573051e-01
5.251471344145405951e+00 1.600522252833200543e-01
5.281824904494829553e+00 1.494330307630116761e-01
5.312353908746639597e+00 1.409414186935993851e-01
5.343059370968462396e+00 1.311270867426916065e-01
5.373942311089249912e+00 1.317853270610773453e-01
5.405003754933139781e+00 1.414790336139871429e-01
5.436244734253559585e+00 1.515200581232015453e-01
5.467666286767478567e+00 1.443178899634232626e-01
5.499269456189878724e+00 1.373299358725035280e-01
5.531055292268432844e+00 1.452766539026833781e-01
5.563024850818350409e+00 1.545731285414962408e-01
5.595179193757479297e+00 1.677566526433832139e-01
5.627519389141558470e+00 1.575284507924477051e-01
5.660046511199702479e+00 1.380183325403887828e-01
5.692761640370078702e+00 1.320785715631070112e-01
5.725665863335805739e+00 1.581721328731440224e-01
5.758760273061025892e+00 1.938626924428683007e-01
5.792045968827241431e+00 2.270045205428240787e-01
5.825524056269808071e+00 2.272852865554056967e-01
5.859195647414667363e+00 2.238952969220130429e-01
5.893061860715279821e+00 2.180033701542822278e-01
5.927123821089786304e+00 2.077054967372616856e-01
5.961382659958350594e+00 2.154515190621517085e-01
5.995839515280771082e+00 2.079457076591370579e-01
6.030495531594262104e+00 1.886882788184015558e-01
6.065351860051475086e+00 1.730620904070547250e-01
6.100409658458743500e+00 1.661937218400122984e-01
6.135670091314512575e+00 1.776167390556006032e-01
6.171134329848062094e+00 1.719608637132624407e-01
6.206803552058381079e+00 1.747622845943543612e-01
6.242678942753306259e+00 1.931534982925696142e-01
6.278761693588877257e+00 2.016846255785674502e-01
6.315053003108923591e+00 2.015899970335862657e-01
6.351554076784851510e+00 1.980024313172658312e-01
6.388266127055725718e+00 2.122081516797739431e-01
6.425190373368511843e+00 2.168699073627491369e-01
6.462328042218596025e+00 1.899413271338120102e-01
6.499680367190518560e+00 1.799231798552523853e-01
6.537248588998957999e+00 1.779692563825086005e-01
6.575033955529916874e+00 1.792233445720397556e-01
6.613037721882214726e+00 1.802465807067815395e-01
6.651261150409145451e+00 1.811003173598537408e-01
6.689705510760421525e+00 1.821745073265085002e-01
6.728372079924347382e+00 1.796673708215669463e-01
6.767262142270216607e+00 1.608404498667898586e-01
6.806376989591010229e+00 1.271308504969468900e-01
6.845717921146279750e+00 1.240621819668420861e-01
6.885286243705309062e+00 1.464891471273876145e-01
6.925083271590525058e+00 1.440922372792373118e-01
6.965110326721157818e+00 1.363774111779674503e-01
7.005368738657123728e+00 1.492926477567208809e-01
7.045859844643230119e+00 1.616952263939827328e-01
7.086584989653569089e+00 1.812427801143859096e-01
7.127545526436194656e+00 1.812729364638853979e-01
7.168742815558059256e+00 1.620186272455119147e-01
7.210178225450215805e+00 1.550545902593676584e-01
7.251853132453240036e+00 1.577291464977375324e-01
7.293768920862992111e+00 1.546895944430115577e-01
7.335926982976571864e+00 1.510177989229166962e-01
7.378328719138569802e+00 1.698447198776937561e-01
7.420975537787583676e+00 1.819384559011158475e-01
7.463868855503007715e+00 1.782936971081584554e-01
7.507010097052058128e+00 1.892310931093926507e-01
7.550400695437144982e+00 2.034888071779343832e-01
7.594042091943437711e+00 1.924848592329771457e-01
7.637935736186750368e+00 1.919753209138475580e-01
7.682083086161699548e+00 1.899392473855706642e-01
7.726485608290103890e+00 1.886976376854875848e-01
7.771144777469737974e+00 1.875527362786270913e-01
7.816062077123293150e+00 1.818095115101524550e-01
7.861238999247660786e+00 1.732867032171199750e-01
7.906677044463489068e+00 1.655302821510232225e-01
7.952377722065040011e+00 1.996256748196357511e-01
7.998342550070284496e+00 1.557939407591658609e-01
