2.511886431509579437e-02 8.097415968158022670e-01
2.526405161860213050e-02 8.026101977132079623e-01
2.541007810627042562e-02 7.989585075834300110e-01
2.555694862859406516e-02 7.939788125799683849e-01
2.570466806410236227e-02 7.902172096807033030e-01
2.585324131952258450e-02 7.870168084515245521e-01
2.600267332994290678e-02 7.844073499947638028e-01
2.615296905897638788e-02 7.822918524549915542e-01
2.630413349892583852e-02 7.806457470954988320e-01
2.645617167094958117e-02 7.794483444537939620e-01
2.660908862522835469e-02 7.786763688845738107e-01
2.676288944113292337e-02 7.781694770535282357e-01
2.691757922739292791e-02 7.776677575881054683e-01
2.707316312226650673e-02 7.772306926929691828e-01
2.722964629371095457e-02 7.770380220735154664e-01
2.738703393955444973e-02 7.771337108375394598e-01
2.754533128766867636e-02 7.775694826412700156e-01
2.770454359614242176e-02 7.783530960331416226e-01
2.786467615345633933e-02 7.794961888358058477e-01
2.802573427865854422e-02 7.805772132509952721e-01
2.818772332154127064e-02 7.813026375296090453e-01
2.835064866281864979e-02 7.819401315926333140e-01
2.851451571430539678e-02 7.826940038821731394e-01
2.867932991909653145e-02 7.836948566302072150e-01
2.884509675174826843e-02 7.850332062351365048e-01
2.901182171845980567e-02 7.867724141758418721e-01
2.917951035725619563e-02 7.887909298601843977e-01
2.934816823817239240e-02 7.907525495226750412e-01
2.951780096343814899e-02 7.927839961210749742e-01
2.968841416766421215e-02 7.952188872380622220e-01
2.986001351802944001e-02 7.981671356431239150e-01
3.003260471446899879e-02 8.017283093745010136e-01
3.020619348986378766e-02 8.059489597227997848e-01
3.038078561023081769e-02 8.107721906661681244e-01
3.055638687491469066e-02 8.160454174187301568e-01
3.073300311678033025e-02 8.220194997131970993e-01
3.091064020240668481e-02 8.290254689494357399e-01
3.108930403228154019e-02 8.371434967946009831e-01
3.126900054099761295e-02 8.464097898080535920e-01
3.144973569744963920e-02 8.568217618069817743e-01
3.163151550503255638e-02 8.686716514490804286e-01
3.181434600184106232e-02 8.824973847591326415e-01
3.199823326087009728e-02 8.982847377316753867e-01
3.218318339021652985e-02 9.158035400964890105e-01
3.236920253328214730e-02 9.350874122301225944e-01
3.255629686897762443e-02 9.561389403153872646e-01
3.274447261192782455e-02 9.790318305624097217e-01
3.293373601267822470e-02 1.004135907113228310e+00
3.312409335790250653e-02 1.032264524462046751e+00
3.331555097061136145e-02 1.064039659575020336e+00
3.350811521036261426e-02 1.100625094717305075e+00
3.370179247347232510e-02 1.143051423739266381e+00
3.389658919322740410e-02 1.192594927858359410e+00
3.409251184009919750e-02 1.239206993760665121e+00
3.428956692195841288e-02 1.262544707451258130e+00
3.448776098429136294e-02 1.261726180591431934e+00
3.468710061041735404e-02 1.247722000667389031e+00
3.488759242170727526e-02 1.229962683301109694e+00
3.508924307780367929e-02 1.215674023267806936e+00
3.529205927684192501e-02 1.203697410667946777e+00
3.549604775567258980e-02 1.181039863056766892e+00
3.570121529008542238e-02 1.143987621917014197e+00
3.590756869503420462e-02 1.100420786275199792e+00
3.611511482486330638e-02 1.057131965285617259e+00
3.632386057353523962e-02 1.018555169378510206e+00
3.653381287485973905e-02 9.884933803781272843e-01
3.674497870272393912e-02 9.671302172640818817e-01
3.695736507132423021e-02 9.514333806899402113e-01
3.717097903539903075e-02 9.394645266385144300e-01
3.738582769046329413e-02 9.303986627929499154e-01
3.760191817304411876e-02 9.237146733167378443e-01
3.781925766091774610e-02 9.196375561144749522e-01
3.803785337334809891e-02 9.178880034425238588e-01
3.825771257132654091e-02 9.179630027440561779e-01
3.847884255781295476e-02 9.197668652550479162e-01
3.870125067797849233e-02 9.232232985825609139e-01
3.892494431944945599e-02 9.284370431304592719e-01
3.914993091255265789e-02 9.356473208088030846e-01
3.937621793056233360e-02 9.448347352465061855e-01
3.960381288994833243e-02 9.558622187545612325e-01
3.983272335062570252e-02 9.686883924079849884e-01
4.006295691620595512e-02 9.831891194318277405e-01
4.029452123424955012e-02 9.978023454079687493e-01
4.052742399651988042e-02 1.012048333424882873e+00
4.076167293923887297e-02 1.027116727575840383e+00
4.099727584334383890e-02 1.043496316412207081e+00
4.123424053474603751e-02 1.061679767759565296e+00
4.147257488459059338e-02 1.079710634321047635e+00
4.171228680951784978e-02 1.096297117782330632e+00
4.195338427192649156e-02 1.112769809199909643e+00
4.219587528023795858e-02 1.129766202636808936e+00
4.243976788916238585e-02 1.147981981269310392e+00
4.268507019996626434e-02 1.163783558247316163e+00
4.293179036074151744e-02 1.175398105253572023e+00
4.317993656667604152e-02 1.185724733219722271e+00
4.342951706032609216e-02 1.196170325595199424e+00
4.368054013188996804e-02 1.207905130102188140e+00
4.393301411948334623e-02 1.214033090273936910e+00
4.418694740941636612e-02 1.210963291276736742e+00
4.444234843647213579e-02 1.203605601178139972e+00
4.469922568418681352e-02 1.193845347247699085e+00
4.495758768513159753e-02 1.183585960034647000e+00
4.521744302119593689e-02 1.172888214835052567e+00
4.547880032387276866e-02 1.162570638508742427e+00
4.574166827454511502e-02 1.153690979825602980e+00
4.600605560477452616e-02 1.146582856368311809e+00
4.627197109659098723e-02 1.141757039242132121e+00
4.653942358278480296e-02 1.139275596834538495e+00
4.680842194719982141e-02 1.138797153014418750e+00
4.707897512502866311e-02 1.140114813156856366e+00
4.735109210310945588e-02 1.143144526320479137e+00
4.762478192022426976e-02 1.148077670033334385e+00
4.790005366739954334e-02 1.155075880721138537e+00
4.817691648820784933e-02 1.164171485669034833e+00
4.845537957907175564e-02 1.175540345308202284e+00
4.873545218956924774e-02 1.190297104430379393e+00
4.901714362274099679e-02 1.210036144738829256e+00
4.930046323539925834e-02 1.235363926102839072e+00
4.958542043843887359e-02 1.266965786967444885e+00
4.987202469714965836e-02 1.312487776814721396e+00
5.016028553153097091e-02 1.390551704978568281e+00
5.045021251660784106e-02 1.517300524568104159e+00
5.074181528274907677e-02 1.708096161483387165e+00
5.103510351598705003e-02 1.988283207276701381e+00
5.133008695833959217e-02 2.282008920087995829e+00
5.162677540813340182e-02 2.386865702178543103e+00
5.192517872032970105e-02 2.244185996470428712e+00
5.222530680685147364e-02 2.024114770129445962e+00
5.252716963691266006e-02 1.897042677688477896e+00
5.283077723734942721e-02 1.808750396505315994e+00
5.313613969295318679e-02 1.737294165424743131e+00
5.344326714680543849e-02 1.695087661941755419e+00
5.375216980061491706e-02 1.694660941777864860e+00
5.406285791505632127e-02 1.726755470468053444e+00
5.437534181011107609e-02 1.782035128062959384e+00
5.468963186541032917e-02 1.849702601324746842e+00
5.500573852057948770e-02 1.869771379941657541e+00
5.532367227558519784e-02 1.813004667230163625e+00
5.564344369108398941e-02 1.724259804054997014e+00
5.596506338877313413e-02 1.648368269452774371e+00
5.628854205174332881e-02 1.609472079968452318e+00
5.661389042483377931e-02 1.599980789050402974e+00
5.694111931498885282e-02 1.611916022725279785e+00
5.727023959161724881e-02 1.646363977773894538e+00
5.760126218695296035e-02 1.705018603937752619e+00
5.793419809641841417e-02 1.781427375102266675e+00
5.826905837898961604e-02 1.857616320727807135e+00
5.860585415756369709e-02 1.921973479990928935e+00
5.894459661932811845e-02 1.984791860481233350e+00
5.928529701613251268e-02 2.062260966598445044e+00
5.962796666486229469e-02 2.112691531421868163e+00
5.997261694781454155e-02 2.086441775885573779e+00
6.031925931307623168e-02 1.999584826162770668e+00
6.066790527490428103e-02 1.885534164177491645e+00
6.101856641410823012e-02 1.778091199275486423e+00
6.137125437843479747e-02 1.684083454079003506e+00
6.172598088295483398e-02 1.600588542011095461e+00
6.208275771045231733e-02 1.525434069510138269e+00
6.244159671181598315e-02 1.456990741404913470e+00
6.280250980643269088e-02 1.395206834039191879e+00
6.316550898258359303e-02 1.339539249022567491e+00
6.353060629784218483e-02 1.290960391092148329e+00
6.389781387947492119e-02 1.249576293743204225e+00
6.426714392484385308e-02 1.214437827883930066e+00
6.463860870181208085e-02 1.186402313116324159e+00
6.501222054915094251e-02 1.164964150700746659e+00
6.538799187695008841e-02 1.148653095708883409e+00
6.576593516702965159e-02 1.137286822252527640e+00
6.614606297335466623e-02 1.130079130756995287e+00
6.652838792245242827e-02 1.126066668125018877e+00
6.691292271383147972e-02 1.122114980789111760e+00
6.729968012040381253e-02 1.112046971104107218e+00
6.768867298890894613e-02 1.096665648832963358e+00
6.807991424034069705e-02 1.080939071156489684e+00
6.847341687037629410e-02 1.067825831210994281e+00
6.886919394980822728e-02 1.059385823605802468e+00
6.926725862497820629e-02 1.056072923424325127e+00
6.966762411821400547e-02 1.057556099266696137e+00
7.007030372826857090e-02 1.062759499083348880e+00
7.047531083076181979e-02 1.070362876549034059e+00
7.088265887862478520e-02 1.076847729948763988e+00
7.129236140254673060e-02 1.081230016722778853e+00
7.170443201142430445e-02 1.084257143703589943e+00
7.211888439281383123e-02 1.083553701978873463e+00
7.253573231338585059e-02 1.079806323085071629e+00
7.295498961938230720e-02 1.074436114477079762e+00
7.337667023707672431e-02 1.066253432061627926e+00
7.380078817323644513e-02 1.056241025307069981e+00
7.422735751558823258e-02 1.045953190083091622e+00
7.465639243328600627e-02 1.035559321363843654e+00
7.508790717738160481e-02 1.025792601976374119e+00
7.552191608129793510e-02 1.017629315932008449e+00
7.595843356130543844e-02 1.011604803072717829e+00
7.639747411700059665e-02 1.007717770307097194e+00
7.683905233178781047e-02 1.007263895223686312e+00
7.728318287336367887e-02 1.011840145708560623e+00
7.772988049420428980e-02 1.021125835093098955e+00
7.817916003205507836e-02 1.029611100897491305e+00
7.863103641042397396e-02 1.024270633391831442e+00
7.908552463907676799e-02 1.010389297151332855e+00
7.954263981453599253e-02 1.000427320961598365e+00
8.000239712058217212e-02 9.951592665746591404e-01
8.046481182875830918e-02 9.924916190046406683e-01
8.092989929887701994e-02 9.912502512551411016e-01
8.139767497953076525e-02 9.912761130832555834e-01
8.186815440860513438e-02 9.915437830042413969e-01
8.234135321379483508e-02 9.927140307264260555e-01
8.281728711312283386e-02 9.961808087851848903e-01
8.329597191546232737e-02 1.002526008313096018e+00
8.377742352106211376e-02 1.010218609085776542e+00
8.426165792207447602e-02 1.016915529476046132e+00
8.474869120308657633e-02 1.023097799486835324e+00
8.523853954165466762e-02 1.026755955073642035e+00
8.573121920884146929e-02 1.026009841332536476e+00
8.622674656975649887e-02 1.023784431023277319e+00
8.672513808409994251e-02 1.025363295629672100e+00
8.722641030670905127e-02 1.033935198558248336e+00
8.773057988810836760e-02 1.050263063738385627e+00
8.823766357506258873e-02 1.076255494084940034e+00
8.874767821113291322e-02 1.110849568462402459e+00
8.926064073723644077e-02 1.143639780328873146e+00
8.977656819220893036e-02 1.169502901534854589e+00
9.029547771337091688e-02 1.197935395364019273e+00
9.081738653709675591e-02 1.239624662284715351e+00
9.134231199938727674e-02 1.289570317830990076e+00
9.187027153644546085e-02 1.319832535999260648e+00
9.240128268525588107e-02 1.319948914225776537e+00
9.293536308416693037e-02 1.301535292608198446e+00
9.347253047347692245e-02 1.284302263444050629e+00
9.401280269602330097e-02 1.272218324257515354e+00
9.455619769777530437e-02 1.239235441771591173e+00
9.510273352842993355e-02 1.188446690628781388e+00
9.565242834201181932e-02 1.130929984901964724e+00
9.620530039747586526e-02 1.083249825498527219e+00
9.676136805931405405e-02 1.052537611521062733e+00
9.732064979816532069e-02 1.035463632599819661e+00
9.788316419142908953e-02 1.026410699668312443e+00
9.844892992388228070e-02 1.026130098833269333e+00
9.901796578830000806e-02 1.030849882464179412e+00
9.959029068607995472e-02 1.032876156696956427e+00
1.001659236278700377e-01 1.008727674694971377e+00
1.007448837341998471e-01 9.476653123336464812e-01
1.013271902361159299e-01 8.946084788651885722e-01
1.019128624758204177e-01 8.580708881049158299e-01
1.025019199073136378e-01 8.363430732144550017e-01
1.030943820970401520e-01 8.280453056638932274e-01
1.036902687245389171e-01 8.335538750522979434e-01
1.042895995830967204e-01 8.558894429034513696e-01
1.048923945804057928e-01 8.944041704230832890e-01
1.054986737392250712e-01 9.501868405748176150e-01
1.061084571980452224e-01 1.006696228096571444e+00
1.067217652117575799e-01 1.040399362495486590e+00
1.073386181523270227e-01 1.056659986922526162e+00
1.079590365094685589e-01 1.060664691006068194e+00
1.085830408913279893e-01 1.062138815208599096e+00
1.092106520251663743e-01 1.050074272393149322e+00
1.098418907580486492e-01 1.035480442788094146e+00
1.104767780575359459e-01 1.025832687809951738e+00
1.111153350123821049e-01 1.024167186079373071e+00
1.117575828332342536e-01 1.029878770818477118e+00
1.124035428533372433e-01 1.039985573245653550e+00
1.130532365292423180e-01 1.045570435026996092e+00
1.137066854415197809e-01 1.042455377830595387e+00
1.143639112954759340e-01 1.041810125219136518e+00
1.150249359218739331e-01 1.048252306602477590e+00
1.156897812776589568e-01 1.060499175306134800e+00
1.163584694466876512e-01 1.075087832545567057e+00
1.170310226404614878e-01 1.081065794114251188e+00
1.177074631988646730e-01 1.066757737709862264e+00
1.183878135909062629e-01 1.036697241800885072e+00
1.190720964154663303e-01 1.000150599400772222e+00
1.197603344020467531e-01 9.668289269665470975e-01
1.204525504115261381e-01 9.396985761829513839e-01
1.211487674369193246e-01 9.189224765671069051e-01
1.218490086041408849e-01 9.044631284682476124e-01
1.225532971727734816e-01 8.958951048138886764e-01
1.232616565368404721e-01 8.946498577901718097e-01
1.239741102255828148e-01 9.029398667922990951e-01
1.246906819042407494e-01 9.236810529401888736e-01
1.254113953748399735e-01 9.525764734926044364e-01
1.261362745769819826e-01 9.603091600988624688e-01
1.268653435886395453e-01 9.398097820438440220e-01
1.275986266269562852e-01 9.101100586370651779e-01
1.283361480490512463e-01 8.856253728695906435e-01
1.290779323528278288e-01 8.686858754545434547e-01
1.298240041777875831e-01 8.568890025600797156e-01
1.305743883058487209e-01 8.482485657869999196e-01
1.313291096621690413e-01 8.408029454728135343e-01
1.320881933159741561e-01 8.324806091855430079e-01
1.328516644813900749e-01 8.198923643507732839e-01
1.336195485182806453e-01 8.022080462860263772e-01
1.343918709330900185e-01 7.815302216170173510e-01
1.351686573796898327e-01 7.616528205281544173e-01
1.359499336602315311e-01 7.454995226877902947e-01
1.367357257260030934e-01 7.326901592226409132e-01
1.375260596782912625e-01 7.215294872997957132e-01
1.383209617692485738e-01 7.111989800594284983e-01
1.391204584027652402e-01 7.006189061777554627e-01
1.399245761353461737e-01 6.911211498026774702e-01
1.407333416769932510e-01 6.852686181003490029e-01
1.415467818920924381e-01 6.850384478301292379e-01
1.423649238003061035e-01 6.927633758879531145e-01
1.431877945774705507e-01 7.104037288449052134e-01
1.440154215564987683e-01 7.350603957693417900e-01
1.448478322282882313e-01 7.563162322967117435e-01
1.456850542426340045e-01 7.574826007446789911e-01
1.465271154091474515e-01 7.488848359879882732e-01
1.473740436981796631e-01 7.465003754358243704e-01
1.482258672417506584e-01 7.484994947490811734e-01
1.490826143344838317e-01 7.485822525990477594e-01
1.499443134345459228e-01 7.377073538768685879e-01
1.508109931645919832e-01 7.135446478694205119e-01
1.516826823127164214e-01 6.892306501675020680e-01
1.525594098334091819e-01 6.727372692874312721e-01
1.534412048485173929e-01 6.649502728421325948e-01
1.543280966482127869e-01 6.659601772300067779e-01
1.552201146919646169e-01 6.743497542703751346e-01
1.561172886095181789e-01 6.828673473599107258e-01
1.570196482018790252e-01 6.831298449152736207e-01
1.579272234423027277e-01 6.750790578232060968e-01
1.588400444772908315e-01 6.559464773840429919e-01
1.597581416275917487e-01 6.229299745215698403e-01
1.606815453892082024e-01 5.867725526345813902e-01
1.616102864344102497e-01 5.542176834039533873e-01
1.625443956127538836e-01 5.282071497777187652e-01
1.634839039521058524e-01 5.089193983698682144e-01
1.644288426596743347e-01 4.949682351934602820e-01
1.653792431230455828e-01 4.875833901753431898e-01
1.663351369112262834e-01 4.892579435457619641e-01
1.672965557756923849e-01 5.033642776908573424e-01
1.682635316514438095e-01 5.297756696528678200e-01
1.692360966580649384e-01 5.574762737463899720e-01
1.702142831007917856e-01 5.714584711165353603e-01
1.711981234715850009e-01 5.763696322754933155e-01
1.721876504502090899e-01 5.813027759883486745e-01
1.731828969053178791e-01 5.849001562790860920e-01
1.741838958955464201e-01 5.869846196251209403e-01
1.751906806706090836e-01 5.897815763357122654e-01
1.762032846724038426e-01 5.960039321800792989e-01
1.772217415361232173e-01 6.067947799608860437e-01
1.782460850913716033e-01 6.208674937294323959e-01
1.792763493632887617e-01 6.348846045675324845e-01
1.803125685736800821e-01 6.446202897612645089e-01
1.813547771421535060e-01 6.458267440428094863e-01
1.824030096872625850e-01 6.360367490100368171e-01
1.834573010276564775e-01 6.163119327070498699e-01
1.845176861832364401e-01 5.910384611820806988e-01
1.855842003763193415e-01 5.649322387918221944e-01
1.866568790328071992e-01 5.410591852592573359e-01
1.877357577833641822e-01 5.210485957556042491e-01
1.888208724646001924e-01 5.060733041858591630e-01
1.899122591202609955e-01 4.961721032921938002e-01
1.910099540024255971e-01 4.887562240803391966e-01
1.921139935727104175e-01 4.797330322511637046e-01
1.932244145034804905e-01 4.684146031768195995e-01
1.943412536790674328e-01 4.584345237074047841e-01
1.954645481969946030e-01 4.531134525728308104e-01
1.965943353692096995e-01 4.538867212334566359e-01
1.977306527233236300e-01 4.590629661305890008e-01
1.988735380038573475e-01 4.640310233113990046e-01
2.000230291734956534e-01 4.698822619223217423e-01
2.011791644143479663e-01 4.839265276799421533e-01
2.023419821292166965e-01 5.068582106691364997e-01
2.035115209428728922e-01 5.255472607561346710e-01
2.046878197033392410e-01 5.296127401357461073e-01
2.058709174831803157e-01 5.255317436592659153e-01
2.070608535808005912e-01 5.238972761224247598e-01
2.082576675217497619e-01 5.300898908644599006e-01
2.094613990600355524e-01 5.446307037218801606e-01
2.106720881794442723e-01 5.681649673061440753e-01
2.118897750948690872e-01 5.913423376624269423e-01
2.131145002536455058e-01 5.891298582672249706e-01
2.143463043368951104e-01 5.641434530343276688e-01
2.155852282608767823e-01 5.333226193787818925e-01
2.168313131783459469e-01 5.026310948638090803e-01
2.180846004799212312e-01 4.725201683900084881e-01
2.193451317954595303e-01 4.460609320459860139e-01
2.206129489954388734e-01 4.252951771613873722e-01
2.218880941923488948e-01 4.102060935479381332e-01
2.231706097420899648e-01 3.997747251779239508e-01
2.244605382453801201e-01 3.935342660538768134e-01
2.257579225491697927e-01 3.914226477883217536e-01
2.270628057480653939e-01 3.927609973932510434e-01
2.283752311857605299e-01 3.967333741916498346e-01
2.296952424564759343e-01 4.029130580196277345e-01
2.310228834064072811e-01 4.114306511091633256e-01
2.323581981351817149e-01 4.241882909180835215e-01
2.337012309973229007e-01 4.458876577976183531e-01
2.350520266037238737e-01 4.774740015653554659e-01
2.364106298231291869e-01 4.992147473698736460e-01
2.377770857836252472e-01 4.986263907802670481e-01
2.391514398741393099e-01 4.922579156070527873e-01
2.405337377459470793e-01 4.904863803812042899e-01
2.419240253141889951e-01 4.934966971737408947e-01
2.433223487593957901e-01 5.004030983717383529e-01
2.447287545290218747e-01 5.139844374061078858e-01
2.461432893389885190e-01 5.373855125755817586e-01
2.475660001752356676e-01 5.602654719085470303e-01
2.489969342952823017e-01 5.680201410687025776e-01
2.504361392297964617e-01 5.678494530031462650e-01
2.518836627841739007e-01 5.670852359823606026e-01
2.533395530401260642e-01 5.702054655443841158e-01
2.548038583572773130e-01 5.797290837475767011e-01
2.562766273747711931e-01 5.978724492613574082e-01
2.577579090128856998e-01 6.133042020973247244e-01
2.592477524746588102e-01 6.080917506408318740e-01
2.607462072475227322e-01 5.942181729487677755e-01
2.622533231049470337e-01 5.836355128842833917e-01
2.637691501080930423e-01 5.748864564331224170e-01
2.652937386074759596e-01 5.725886330051424000e-01
2.668271392446371348e-01 5.779084110483105885e-01
2.683694029538270520e-01 5.765429065238609763e-01
2.699205809636965880e-01 5.669326511964846160e-01
2.714807247989985406e-01 5.620020936664407163e-01
2.730498862822996475e-01 5.702274480982815197e-01
2.746281175357012105e-01 5.955293676341768538e-01
2.762154709825712651e-01 6.333445327033095928e-01
2.778119993492854656e-01 6.647951018734451489e-01
2.794177556669779627e-01 6.812445176457210261e-01
2.810327932733039380e-01 6.837337186017489188e-01
2.826571658142107979e-01 6.837013913166057888e-01
2.842909272457196934e-01 6.908689969785604124e-01
2.859341318357184192e-01 7.045486109597652868e-01
2.875868341657639160e-01 7.156575592263813013e-01
2.892490891328946545e-01 7.133248223304465840e-01
2.909209519514548425e-01 7.024550959738903311e-01
2.926024781549284581e-01 6.955137813079381726e-01
2.942937235977828858e-01 7.033382774040031205e-01
2.959947444573255426e-01 7.300768214916629750e-01
2.977055972355692748e-01 7.584330229278896107e-01
2.994263387611086902e-01 7.713613508023661192e-01
3.011570261910088142e-01 7.726647869393407086e-01
3.028977170127025720e-01 7.704290318988356034e-01
3.046484690459013711e-01 7.724242719378751065e-01
3.064093404445150659e-01 7.602575749013730233e-01
3.081803896985833569e-01 7.193170079045938525e-01
3.099616756362194026e-01 6.790850549981539697e-01
3.117532574255635347e-01 6.528146099993678009e-01
3.135551945767480198e-01 6.506784229971038780e-01
3.153675469438748658e-01 6.724282204414622210e-01
3.171903747270033436e-01 7.001611518201275031e-01
3.190237384741493876e-01 7.211984558999292583e-01
3.208676990832974307e-01 7.213368166803421078e-01
3.227223178044230090e-01 7.019469110514390264e-01
3.245876562415266342e-01 6.697385903175462341e-01
3.264637763546810456e-01 6.385207776004419022e-01
3.283507404620888970e-01 6.184623437147768188e-01
3.302486112421523790e-01 6.119800764978584606e-01
3.321574517355558864e-01 6.064068525391673736e-01
3.340773253473591775e-01 5.877061646295176356e-01
3.360082958491044103e-01 5.722757048849559380e-01
3.379504273809338932e-01 5.556711181439925040e-01
3.399037844537201591e-01 5.257463968326169246e-01
3.418684319512097503e-01 5.046483174567459873e-01
3.438444351321779946e-01 5.036616887141749377e-01
3.458318596325960503e-01 5.137956460608714693e-01
3.478307714678123830e-01 5.148533948307576491e-01
3.498412370347446232e-01 5.135654757906517043e-01
3.518633231140849693e-01 5.229028888314193324e-01
3.538970968725191901e-01 5.290217973633279946e-01
3.559426258649572294e-01 5.160650214779255451e-01
3.579999780367765227e-01 4.937462638150466043e-01
3.600692217260801353e-01 4.707318229758855610e-01
3.621504256659661136e-01 4.581681468778247002e-01
3.642436589868098817e-01 4.631051698648971371e-01
3.663489912185618480e-01 4.720326729300487467e-01
3.684664922930561692e-01 4.754477273325784514e-01
3.705962325463332818e-01 4.736917092035988208e-01
3.727382827209774208e-01 4.689059779109965298e-01
3.748927139684648524e-01 4.673361649444418009e-01
3.770595978515288715e-01 4.793076051786789304e-01
3.792390063465359562e-01 5.045228875903903232e-01
3.814310118458763554e-01 5.330316738124929454e-01
3.836356871603694985e-01 5.671563560096757328e-01
3.858531055216822825e-01 6.189032878841302932e-01
3.880833405847607942e-01 6.362087301669988593e-01
3.903264664302779630e-01 6.054021205169161091e-01
3.925825575670940371e-01 5.860833349153279359e-01
3.948516889347303827e-01 5.844682637495726141e-01
3.971339359058604912e-01 5.776653098640335271e-01
3.994293742888124776e-01 5.578991146360633424e-01
4.017380803300868997e-01 5.328790890266169589e-01
4.040601307168905088e-01 5.053452937244338194e-01
4.063956025796829352e-01 4.803058717439015468e-01
4.087445734947380283e-01 4.597302012959450512e-01
4.111071214867221824e-01 4.400338330038841561e-01
4.134833250312844322e-01 4.226559776022948967e-01
4.158732630576643108e-01 4.122763328885098999e-01
4.182770149513134750e-01 4.101453182518688401e-01
4.206946605565314856e-01 4.130121018983696213e-01
4.231262801791195738e-01 4.165422414360092085e-01
4.255719545890473410e-01 4.184650683563279072e-01
4.280317650231349469e-01 4.228589929529943392e-01
4.305057931877529498e-01 4.387640172434584263e-01
4.329941212615355806e-01 4.629060337884149390e-01
4.354968318981098929e-01 4.722809464799486712e-01
4.380140082288422887e-01 4.743266170838115747e-01
4.405457338655994204e-01 4.659047127583000325e-01
4.430920929035247480e-01 4.529712125182006610e-01
4.456531699238333033e-01 4.454363688970189861e-01
4.482290499966203323e-01 4.436156961977528734e-01
4.508198186836865351e-01 4.425786368903583679e-01
4.534255620413813470e-01 4.390872900948906699e-01
4.560463666234608748e-01 4.355455127345995159e-01
4.586823194839622087e-01 4.394157353119457765e-01
4.613335081800964965e-01 4.526143192902195023e-01
4.640000207751556194e-01 4.528884546682340195e-01
4.666819458414390720e-01 4.358248204782369517e-01
4.693793724631949438e-01 4.140426957487354787e-01
4.720923902395786631e-01 3.952838187258279068e-01
4.748210892876304490e-01 3.776382934032528338e-01
4.775655602452679171e-01 3.589712258701520109e-01
4.803258942742961168e-01 3.416205253880831294e-01
4.831021830634371073e-01 3.294913280023471502e-01
4.858945188313745223e-01 3.246357697738355141e-01
4.887029943298164536e-01 3.230219916994859775e-01
4.915277028465775411e-01 3.198228835617129562e-01
4.943687382086768833e-01 3.176310936290026588e-01
4.972261947854541564e-01 3.220961382529841655e-01
5.001001674917054940e-01 3.396731297310555675e-01
5.029907517908354109e-01 3.625181755960661389e-01
5.058980436980275996e-01 3.887162074761313924e-01
5.088221397834349347e-01 4.220495177330080838e-01
5.117631371753864622e-01 4.530229361744298466e-01
5.147211335636141527e-01 4.751606610405066933e-01
5.176962272024980827e-01 4.924609309577521188e-01
5.206885169143288250e-01 5.053194318963192266e-01
5.236981020925914887e-01 5.011957634034501785e-01
5.267250827052667450e-01 4.716822451590962362e-01
5.297695592981502832e-01 4.439803479741683545e-01
5.328316329981945820e-01 4.231486454278776121e-01
5.359114055168668900e-01 4.138086462042985247e-01
5.390089791535270791e-01 4.260257738056241750e-01
5.421244567988269258e-01 4.633249954038710650e-01
5.452579419381275994e-01 5.148598602877861863e-01
5.484095386549359130e-01 5.585947978123453339e-01
5.515793516343632241e-01 5.663391222412551551e-01
5.547674861666017643e-01 5.470849912099534640e-01
5.579740481504216199e-01 5.224050486402137539e-01
5.611991440966896949e-01 5.007755086965882674e-01
5.644428811319066597e-01 4.873803748246437473e-01
5.677053670017649933e-01 4.718089681168576854e-01
5.709867100747291202e-01 4.613724273812205845e-01
5.742870193456336425e-01 4.710253547249860229e-01
5.776064044393048880e-01 4.966557194779363527e-01
5.809449756142023302e-01 5.115379084664689602e-01
5.843028437660793273e-01 4.939609169883975581e-01
5.876801204316687288e-01 4.752110916053300937e-01
5.910769177923870243e-01 4.715400051044660867e-01
5.944933486780595855e-01 4.520350143404530119e-01
5.979295265706701112e-01 4.160262979651234150e-01
6.013855656081297241e-01 3.953756282156346558e-01
6.048615805880666052e-01 3.859645089647405491e-01
6.083576869716416091e-01 3.819287706874609500e-01
6.118740008873820857e-01 3.824589381638097696e-01
6.154106391350390171e-01 3.860912319225018874e-01
6.189677191894675801e-01 3.991553343945798971e-01
6.225453592045292472e-01 4.218322783768456707e-01
6.261436780170150929e-01 4.448337883019494177e-01
6.297627951505950783e-01 4.588030547580375096e-01
6.334028308197864332e-01 4.707757880836803133e-01
6.370639059339481269e-01 4.833886016551589559e-01
6.407461421012968783e-01 4.987931995716060607e-01
6.444496616329448146e-01 5.161788135216296425e-01
6.481745875469649976e-01 5.221813438270226371e-01
6.519210435724759334e-01 5.245399425510719471e-01
6.556891541537508417e-01 5.331338280335454760e-01
6.594790444543533470e-01 5.483522207875676235e-01
6.632908403612935988e-01 5.654430098970849583e-01
6.671246684892090384e-01 5.937319705802137637e-01
6.709806561845721440e-01 5.905018282487032311e-01
6.748589315299192704e-01 5.399070408167528923e-01
6.787596233481042463e-01 4.988901814270356727e-01
6.826828612065795054e-01 4.708650113906756585e-01
6.866287754216984229e-01 4.734524872935389483e-01
6.905974970630435195e-01 4.938678144071850795e-01
6.945891579577818664e-01 5.062814919021815241e-01
6.986038906950429173e-01 4.968225282692753653e-01
7.026418286303216520e-01 4.811231055123221245e-01
7.067031058899108098e-01 4.662693645347155691e-01
7.107878573753529938e-01 4.490751281127398076e-01
7.148962187679240854e-01 4.237447605659185879e-01
7.190283265331394169e-01 3.940799506270943886e-01
7.231843179252852583e-01 3.832709995666074287e-01
7.273643309919801681e-01 3.945984802807916414e-01
7.315685045787596597e-01 4.222499469008960671e-01
7.357969783336865133e-01 4.543005104832898433e-01
7.400498927119919523e-01 4.679633142762202325e-01
7.443273889807401344e-01 4.567664357940146580e-01
7.486296092235191768e-01 4.456742977156730734e-01
7.529566963451627126e-01 4.513393311641709649e-01
7.573087940764960946e-01 4.578616842146669419e-01
7.616860469791092436e-01 4.535298280054754771e-01
7.660886004501606950e-01 4.370829984160110038e-01
7.705166007272060691e-01 4.175663698293464177e-01
7.749701948930545203e-01 3.958463134873199674e-01
7.794495308806568268e-01 3.822701468185733531e-01
7.839547574780165728e-01 3.780029451796683704e-01
7.884860243331343055e-01 3.745245292982579133e-01
7.930434819589780027e-01 3.685465677295737263e-01
7.976272817384808533e-01 3.565324554789475742e-01
8.022375759295721220e-01 3.382908150183315255e-01
8.068745176702336597e-01 3.259715331959533446e-01
8.115382609835852801e-01 3.233297474540494654e-01
8.162289607830032212e-01 3.250663692119431514e-01
8.209467728772645856e-01 3.390563251305229175e-01
8.256918539757219788e-01 3.552393640732187663e-01
8.304643616935105666e-01 3.686151015740773418e-01
8.352644545567829981e-01 3.768637316512212787e-01
8.400922920079733069e-01 3.794447420970559759e-01
8.449480344110958940e-01 3.822817846412249199e-01
8.498318430570707127e-01 3.928502207002462776e-01
8.547438801690798726e-01 3.717224002220436696e-01
8.596843089079587719e-01 3.280663412732339745e-01
8.646532933776126528e-01 3.052885361613213444e-01
8.696509986304700179e-01 3.000928948931030349e-01
8.746775906729644667e-01 2.976774001472016762e-01
8.797332364710471753e-01 2.948157888663238690e-01
8.848181039557355687e-01 3.014661579659870805e-01
8.899323620286901937e-01 3.209090803425251326e-01
8.950761805678236760e-01 3.383877968737611930e-01
9.002497304329459826e-01 3.367365191486454967e-01
9.054531834714387717e-01 3.156565430524547744e-01
9.106867125239620497e-01 2.853038084857829060e-01
9.159504914301977996e-01 2.675975078671385954e-01
9.212446950346235841e-01 2.701849837700018853e-01
9.265694991923183466e-01 2.952735432239518842e-01
9.319250807748065135e-01 3.119751118203449303e-01
9.373116176759319629e-01 3.087501418544573162e-01
9.427292888177655206e-01 3.004394433898384120e-01
9.481782741565508710e-01 3.004032368304779821e-01
9.536587546886805544e-01 2.885145544462074940e-01
9.591709124567069367e-01 2.688130137885236803e-01
9.647149305553922582e-01 2.590501736752713335e-01
9.702909931377862174e-01 2.679130221701364611e-01
9.758992854213467405e-01 2.757737248255617279e-01
9.815399936940907288e-01 2.642328840294322356e-01
9.872133053207802211e-01 2.527657494434293883e-01
9.929194087491489684e-01 2.535403111954609434e-01
9.986584935161608723e-01 2.574221715954587708e-01
1.004430750254303728e+00 2.555316719602832576e-01
1.010236370697924935e+00 2.656294227476193592e-01
1.016075547689597958e+00 2.799788580769917434e-01
1.021948475186527761e+00 2.695048176905885384e-01
1.027855348266994762e+00 2.551127103448271316e-01
1.033796363136834096e+00 2.546575421700106312e-01
1.039771717135951290e+00 2.606781757550838408e-01
1.045781608744880131e+00 2.536928959813369300e-01
1.051826237591374280e+00 2.420964522547611464e-01
1.057905804457035748e+00 2.447653929161853759e-01
1.064020511283988890e+00 2.675625943991839506e-01
1.070170561181583713e+00 2.867921566937767786e-01
1.076356158433145582e+00 2.912597875005696890e-01
1.082577508502760022e+00 2.998407420689859215e-01
1.088834818042095476e+00 2.914343548403430795e-01
1.095128294897270704e+00 2.644436579285660560e-01
1.101458148115757263e+00 2.528704898472933782e-01
1.107824587953321727e+00 2.603936956458234864e-01
1.114227825881013212e+00 2.530967808432959543e-01
1.120668074592185315e+00 2.421339519055272782e-01
1.127145548009560017e+00 2.481326029367031116e-01
1.133660461292336441e+00 2.595066349414935636e-01
1.140213030843336250e+00 2.785629229877187307e-01
1.146803474316190341e+00 2.913231489794504414e-01
1.153432010622570836e+00 2.952644915841117768e-01
1.160098859939462601e+00 2.870869815342829146e-01
1.166804243716473621e+00 2.617074765140439685e-01
1.173548384683194445e+00 2.511610230089199591e-01
1.180331506856595603e+00 2.614656684211726922e-01
1.187153835548465874e+00 2.638126293225703800e-01
1.194015597372901416e+00 2.531860041502912440e-01
1.200917020253827294e+00 2.453563356886034330e-01
1.207858333432573428e+00 2.496390544243771714e-01
1.214839767475487387e+00 2.524140285810711481e-01
1.221861554281590267e+00 2.308413846592977658e-01
1.228923927090283863e+00 2.239944656659638156e-01
1.236027120489096909e+00 2.262871167283209695e-01
1.243171370421473965e+00 2.317556002831480111e-01
1.250356914194617142e+00 2.485580300091878858e-01
1.257583990487367132e+00 2.595803411516200976e-01
1.264852839358128644e+00 2.532661758174464262e-01
1.272163702252848472e+00 2.348047098178564773e-01
1.279516822013033517e+00 2.080118558911559778e-01
1.286912442883815677e+00 1.943425866411969682e-01
1.294350810522067352e+00 1.940180206983590228e-01
1.301832172004561583e+00 2.013524351516527144e-01
1.309356775836174380e+00 2.053571392351947744e-01
1.316924871958146337e+00 2.052653297453880255e-01
1.324536711756377994e+00 2.134337881553768079e-01
1.332192548069784932e+00 2.264526324282542524e-01
1.339892635198694837e+00 2.251918683076686856e-01
1.347637228913291185e+00 2.081592683114090736e-01
1.355426586462114891e+00 1.917240765445961392e-01
1.363260966580605249e+00 1.889335852910334346e-01
1.371140629499693731e+00 1.983718594614478359e-01
1.379065836954451285e+00 2.051748133469870061e-01
1.387036852192779834e+00 2.091937414359920921e-01
1.395053939984155722e+00 2.051476584274667114e-01
1.403117366628427343e+00 1.955529201969590791e-01
1.411227399964658957e+00 1.941460367475261461e-01
1.419384309380025577e+00 2.138863701473818490e-01
1.427588365818764915e+00 2.277883958503720829e-01
1.435839841791175742e+00 2.139665418145370590e-01
1.444139011382666204e+00 2.004938224582487882e-01
1.452486150262864761e+00 2.018851888108129933e-01
1.460881535694769973e+00 2.015657952335979386e-01
1.469325446543965796e+00 2.002002907091483541e-01
1.477818163287882181e+00 2.021787205599134274e-01
1.486359968025109168e+00 1.957701595531215477e-01
1.494951144484772509e+00 1.912895978322712576e-01
1.503591978035954568e+00 1.775530878292143344e-01
1.512282755697172298e+00 1.561071668652023736e-01
1.521023766145914724e+00 1.522550475675363280e-01
1.529815299728230382e+00 1.518839303340921432e-01
1.538657648468367833e+00 1.417383351647440726e-01
1.547551106078482119e+00 1.292647875376624345e-01
1.556495967968387184e+00 1.377388034468249312e-01
1.565492531255366693e+00 1.487119771158394166e-01
1.574541094774047689e+00 1.502546351628738786e-01
1.583641959086324214e+00 1.531912457452839493e-01
1.592795426491339539e+00 1.620954731651323977e-01
1.602001801035530804e+00 1.691350627779199256e-01
1.611261388522727822e+00 1.711458199138281844e-01
1.620574496524306296e+00 1.704540160117632985e-01
1.629941434389411858e+00 1.615640125973778762e-01
1.639362513255227638e+00 1.583144738947814267e-01
1.648838046057315765e+00 1.605166085587375613e-01
1.658368347540009280e+00 1.527813357696679031e-01
1.667953734266863997e+00 1.497658466115083797e-01
1.677594524631179640e+00 1.601829909760595361e-01
1.687291038866571835e+00 1.567343161969808329e-01
1.697043599057607821e+00 1.543550280104398487e-01
1.706852529150509445e+00 1.543071836284278797e-01
1.716718154963911225e+00 1.484262039151733603e-01
1.726640804199680579e+00 1.529921096688016957e-01
1.736620806453807120e+00 1.673505966380141874e-01
1.746658493227349673e+00 1.774276579628586425e-01
1.756754197937443251e+00 1.956938671601835267e-01
1.766908255928380411e+00 2.075140156999503993e-01
1.777121004482747679e+00 2.137906813833579389e-01
1.787392782832625482e+00 2.191117525179319125e-01
1.797723932170862682e+00 2.283159771439094432e-01
1.808114795662403074e+00 2.278258955011382147e-01
1.818565718455690483e+00 2.349107433131262523e-01
1.829077047694130043e+00 2.748336473735968899e-01
1.839649132527616748e+00 2.624510040723380122e-01
1.850282324124138622e+00 1.886064331653840298e-01
1.860976975681438272e+00 1.593980844927821439e-01
1.871733442438742401e+00 1.463158787410240025e-01
1.882552081688566581e+00 1.381137999544862771e-01
1.893433252788581767e+00 1.433236652281675572e-01
1.904377317173546302e+00 1.588653308336218650e-01
1.915384638367318981e+00 1.838814771688510319e-01
1.926455581994929611e+00 2.133406855741643293e-01
1.937590515794722412e+00 2.061795453692382984e-01
1.948789809630575354e+00 1.901141777444637915e-01
1.960053835504184105e+00 1.738664842314815717e-01
1.971382967567415045e+00 1.664221570087009161e-01
1.982777582134739092e+00 1.629747753210279704e-01
1.994238057695728816e+00 1.630588262624003415e-01
2.005764774927627947e+00 1.658156971394141033e-01
2.017358116708002580e+00 1.814401205948350804e-01
2.029018468127450348e+00 2.074183269359264614e-01
2.040746216502401289e+00 2.390602736341099210e-01
2.052541751387976898e+00 2.776474142724627558e-01
2.064405464590929995e+00 2.960325878791146836e-01
2.076337750182662312e+00 3.250017146416567804e-01
2.088339004512313135e+00 3.391882204539072854e-01
2.100409626219920778e+00 3.322895778043442050e-01
2.112550016249669760e+00 3.675030429651505726e-01
2.124760577863207711e+00 3.763335641748725147e-01
2.137041716653034662e+00 3.736878991587513910e-01
2.149393840555982482e+00 4.353528421151459105e-01
2.161817359866763155e+00 5.210330786587354934e-01
2.174312687251592546e+00 4.882816595344366961e-01
2.186880237761905654e+00 3.793826737095810087e-01
2.199520428848138476e+00 3.141966428553869539e-01
2.212233680373592026e+00 3.156242157673115889e-01
2.225020414628386511e+00 3.491967479342481528e-01
2.237881056343477670e+00 3.739025523321024003e-01
2.250816032704775704e+00 4.012191082781230711e-01
2.263825773367328598e+00 4.021630650043050426e-01
2.276910710469592924e+00 3.518488784073978692e-01
2.290071278647793029e+00 3.083596282499271868e-01
2.303307915050354371e+00 3.119156296156814223e-01
2.316621059352423018e+00 3.283818555762317848e-01
2.330011153770474852e+00 3.323193189066759867e-01
2.343478643077001600e+00 3.340701646700327543e-01
2.357023974615280792e+00 3.483381352408441711e-01
2.370647598314243876e+00 3.782576841865969430e-01
2.384349966703414481e+00 3.587384694171208421e-01
2.398131534927939956e+00 3.095893581767752978e-01
2.411992760763713051e+00 2.814827233818543717e-01
2.425934104632577970e+00 3.016058118378057706e-01
2.439956029617617261e+00 3.366666922127361516e-01
2.454059001478542612e+00 3.262650649450538065e-01
2.468243488667162033e+00 2.856581155309526054e-01
2.482509962342935861e+00 2.370055513904068822e-01
2.496858896388636673e+00 1.958361072148137039e-01
2.511290767426078485e+00 2.264371153313854967e-01
2.525806054831960523e+00 2.734707290319587925e-01
2.540405240753779381e+00 2.730711637875885556e-01
2.555088810125852206e+00 2.761319111449486163e-01
2.569857250685421590e+00 2.592066377353645090e-01
2.584711052988855506e+00 2.312254328067991915e-01
2.599650710427946265e+00 2.235328320341186392e-01
2.614676719246288084e+00 2.224246526994090589e-01
2.629789578555775442e+00 2.271974530779540258e-01
2.644989790353173831e+00 2.129087930446509069e-01
2.660277859536794409e+00 2.157057497552422598e-01
2.675654293923265481e+00 2.216992284207952302e-01
2.691119604264405218e+00 1.836125141564594609e-01
2.706674304264172548e+00 1.727983907303495825e-01
2.722318910595750374e+00 1.810134004309446043e-01
2.738053942918694972e+00 1.820245979102244893e-01
2.753879923896200843e+00 1.804444402124239233e-01
2.769797379212459720e+00 1.569179351765943309e-01
2.785806837590128815e+00 1.572942247756614065e-01
2.801908830807877226e+00 1.627381395937796127e-01
2.818103893718070019e+00 1.795134144002991927e-01
2.834392564264522019e+00 1.986369431996222734e-01
2.850775383500368410e+00 2.001123604935587941e-01
2.867252895606037466e+00 2.335232562347792640e-01
2.883825647907329426e+00 2.671682015204366878e-01
2.900494190893583735e+00 2.660328672662067295e-01
2.917259078235983960e+00 2.394714767011316969e-01
2.934120866805935979e+00 2.137092166247970271e-01
2.951080116693567401e+00 1.913736487736436565e-01
2.968137391226336685e+00 1.712841806942411726e-01
2.985293256987731514e+00 1.285433718424063565e-01
3.002548283836107057e+00 1.154156492731665401e-01
3.019903044923603730e+00 1.123745569051735615e-01
3.037358116715186629e+00 1.017766383621015597e-01
3.054914079007794214e+00 1.049218245882556910e-01
3.072571514949601568e+00 1.097347108003782490e-01
3.090331011059376021e+00 1.106305645262671417e-01
3.108193157245980220e+00 1.097270815610844469e-01
3.126158546827951579e+00 1.039527818888025396e-01
3.144227776553216724e+00 1.095940224554349529e-01
3.162401446618910317e+00 1.242050501761862713e-01
3.180680160691316427e+00 1.397961118733394292e-01
3.199064525925907621e+00 1.470400099282321016e-01
3.217555152987530587e+00 1.458451934693386909e-01
3.236152656070678812e+00 1.253812461188371641e-01
3.254857652919894928e+00 1.157362066326467070e-01
3.273670764850296955e+00 1.226392457929892793e-01
3.292592616768199143e+00 1.241504817188645166e-01
3.311623837191892683e+00 1.282036767301213964e-01
3.330765058272506351e+00 1.437594370318981685e-01
3.350016915815009710e+00 1.779384290681215175e-01
3.369380049299332214e+00 1.841801812835743846e-01
3.388855101901607103e+00 1.529067656360236227e-01
3.408442720515521884e+00 1.453499394609445716e-01
3.428143555773827789e+00 1.471421641492846599e-01
3.447958262069935831e+00 1.368181223659460377e-01
3.467887497579658529e+00 1.249202590326948525e-01
3.487931924283071528e+00 1.275197606856314503e-01
3.508092207986506228e+00 1.320931663694130398e-01
3.528369018344649444e+00 1.369538969635475389e-01
3.548763028882812254e+00 1.321668725795395738e-01
3.569274917019284565e+00 1.295987930477622008e-01
3.589905364087840223e+00 1.585407648907839473e-01
3.610655055360374899e+00 1.846107807216820773e-01
3.631524680069651456e+00 1.694066119731229558e-01
3.652514931432215839e+00 1.531537460945178175e-01
3.673626506671410219e+00 1.434296987234373044e-01
3.694860107040534913e+00 1.515891054935859794e-01
3.716216437846141751e+00 1.680488659971077492e-01
3.737696208471465109e+00 1.587799868008437920e-01
3.759300132399972405e+00 1.483020671402233981e-01
3.781028927239082016e+00 1.318966164757422732e-01
3.802883314743989107e+00 1.248067256072718650e-01
3.824864020841640233e+00 1.328780728526904042e-01
3.846971775654848713e+00 1.348371063323695329e-01
3.869207313526548564e+00 1.244965129790375352e-01
3.891571373044171445e+00 1.323091126341697510e-01
3.914064697064205678e+00 1.324888523395660322e-01
3.936688032736852527e+00 1.391327559822005677e-01
3.959442131530850340e+00 1.395555968718738549e-01
3.982327749258438132e+00 1.386090539628803964e-01
4.005345646100446189e+00 1.665126734071019354e-01
4.028496586631570509e+00 1.999817582615802114e-01
4.051781339845751617e+00 2.313288801192575350e-01
4.075200679181723906e+00 1.840612168742473409e-01
4.098755382548707082e+00 1.108229765274395956e-01
4.122446232352245943e+00 8.604708657539483774e-02
4.146274015520188705e+00 8.273030711970050244e-02
4.170239523528843861e+00 8.424839643002608736e-02
4.194343552429258715e+00 1.097283746524901765e-01
4.218586902873665778e+00 1.631816699459445741e-01
4.242970380142073950e+00 2.005662355769696203e-01
4.267494794169023997e+00 1.853413773659188246e-01
4.292160959570472833e+00 1.666381032734576273e-01
4.316969695670882068e+00 1.774974848987680154e-01
4.341921826530410478e+00 1.874090305236791876e-01
4.367018180972294772e+00 1.712246984895776369e-01
4.392259592610382235e+00 1.599592861628684470e-01
4.417646899876805477e+00 1.640739030158974432e-01
4.443180946049855251e+00 1.672083565833840380e-01
4.468862579281975833e+00 1.483395667909895299e-01
4.494692652627942486e+00 1.530477125992480703e-01
4.520672024073195239e+00 1.985024616934264463e-01
4.546801556562344082e+00 2.102101112808949235e-01
4.573082118027814502e+00 1.910271002769083348e-01
4.599514581418703507e+00 1.889762573074224850e-01
4.626099824729760002e+00 1.762147382242850446e-01
4.652838731030551678e+00 1.624096943767245060e-01
4.679732188494796219e+00 1.671993049435439305e-01
4.706781090429870140e+00 1.507460098970508089e-01
4.733986335306464177e+00 1.378642333131806230e-01
4.761348826788450062e+00 1.319043750241766233e-01
4.788869473762884077e+00 1.386711223503553914e-01
4.816549190370198019e+00 1.458361418294985834e-01
4.844388896034566017e+00 1.450602869860613264e-01
4.872389515494448098e+00 1.549330398688006094e-01
4.900551978833287414e+00 1.648601025905805373e-01
4.928877221510434836e+00 1.937606955086189908e-01
4.957366184392200559e+00 2.277263274628971157e-01
4.986019813783113541e+00 2.126475885806936861e-01
5.014839061457356806e+00 1.954908518094841119e-01
5.043824884690362609e+00 1.861288700320076761e-01
5.072978246290641202e+00 1.742595840188231326e-01
5.102300114631742822e+00 1.902383145194137815e-01
5.131791463684423960e+00 2.250599729842843455e-01
5.161453273049005475e+00 2.409624110919369733e-01
5.191286527987911903e+00 2.132204280734315283e-01
5.221292219458380401e+00 2.109458802907545893e-01
5.251471344145405951e+00 2.274625368161284356e-01
5.281824904494829553e+00 2.071920359399239409e-01
5.312353908746639597e+00 1.896486648384014539e-01
5.343059370968462396e+00 1.817491694408042702e-01
5.373942311089249912e+00 1.591653280397509751e-01
5.405003754933139781e+00 9.244814765203349105e-02
5.436244734253559585e+00 8.464809098353687222e-02
5.467666286767478567e+00 9.186082553555147134e-02
5.499269456189878724e+00 9.415140765165945502e-02
5.531055292268432844e+00 1.029046019953187840e-01
5.563024850818350409e+00 1.077565395678943411e-01
5.595179193757479297e+00 1.123033075687179111e-01
5.627519389141558470e+00 1.347065041003909225e-01
5.660046511199702479e+00 1.537938263403535455e-01
5.692761640370078702e+00 1.410051523376958382e-01
5.725665863335805739e+00 1.483809457159728507e-01
5.758760273061025892e+00 1.450357182493524910e-01
5.792045968827241431e+00 1.330500540096523077e-01
5.825524056269808071e+00 1.457120050545486212e-01
5.859195647414667363e+00 1.517960001185025831e-01
5.893061860715279821e+00 1.552912261881875255e-01
5.927123821089786304e+00 1.789547989130243766e-01
5.961382659958350594e+00 1.329336757831367510e-01
5.995839515280771082e+00 9.120057306378635820e-02
6.030495531594262104e+00 1.129810167744603605e-01
6.065351860051475086e+00 1.418624719396940348e-01
6.100409658458743500e+00 1.522550475675363280e-01
6.135670091314512575e+00 1.811996055933695338e-01
6.171134329848062094e+00 1.974227303696429181e-01
6.206803552058381079e+00 2.239414489183289281e-01
6.242678942753306259e+00 2.395296658143894752e-01
6.278761693588877257e+00 2.555678785196436875e-01
6.315053003108923591e+00 2.687703417721346022e-01
6.351554076784851510e+00 2.690845629837266828e-01
6.388266127055725718e+00 2.388313964552959690e-01
6.425190373368511843e+00 1.785591129428713564e-01
6.462328042218596025e+00 1.429564272689405890e-01
6.499680367190518560e+00 1.586493845688651816e-01
6.537248588998957999e+00 1.811569335769804834e-01
6.575033955529916874e+00 1.727712358108292601e-01
6.613037721882214726e+00 1.751802650997020261e-01
6.651261150409145451e+00 1.799181520102923204e-01
6.689705510760421525e+00 1.792224688340101901e-01
6.728372079924347382e+00 2.288086449694921032e-01
6.767262142270216607e+00 6.179541587923254031e-01
6.806376989591010229e+00 8.120213169641021800e-01
6.845717921146279750e+00 4.662370372495722726e-01
6.885286243705309062e+00 3.380153865489112786e-01
6.925083271590525058e+00 2.753185566507452275e-01
6.965110326721157818e+00 2.284271830048021090e-01
7.005368738657123728e+00 1.703984130813169517e-01
7.045859844643230119e+00 1.385159513816679178e-01
7.086584989653569089e+00 1.238513896767194367e-01
7.127545526436194656e+00 1.249405605677647996e-01
7.168742815558059256e+00 1.291030218028057786e-01
7.210178225450215805e+00 1.116362017125024225e-01
7.251853132453240036e+00 9.926286866936478992e-02
7.293768920862992111e+00 1.039114029638192188e-01
7.335926982976571864e+00 1.083470944128906710e-01
7.378328719138569802e+00 1.146479409055853604e-01
7.420975537787583676e+00 1.233466961010634966e-01
7.463868855503007715e+00 1.212957238224370571e-01
7.507010097052058128e+00 1.072263720915455354e-01
7.550400695437144982e+00 1.103085847662406832e-01
7.594042091943437711e+00 1.245219868797303869e-01
7.637935736186750368e+00 1.207343928432101920e-01
7.682083086161699548e+00 1.100159581811242654e-01
7.726485608290103890e+00 1.109271996947413380e-01
7.771144777469737974e+00 1.058534969460832864e-01
7.816062077123293150e+00 1.039408854478698352e-01
7.861238999247660786e+00 9.301956474422505561e-02
7.906677044463489068e+00 9.438959508859469383e-02
7.952377722065040011e+00 2.076122906467857965e-01
7.998342550070284496e+00 9.966217529545383369e-02
