2.511886431509579437e-02 9.767876224005911379e-01
2.526405161860213050e-02 9.723540335160646420e-01
2.541007810627042562e-02 9.697307087192139630e-01
2.555694862859406516e-02 9.679771039144077216e-01
2.570466806410236227e-02 9.652418770338900833e-01
2.585324131952258450e-02 9.621256164760760843e-01
2.600267332994290678e-02 9.587543891453499389e-01
2.615296905897638788e-02 9.558293536672199942e-01
2.630413349892583852e-02 9.540247555078312791e-01
2.645617167094958117e-02 9.538661095157970893e-01
2.660908862522835469e-02 9.557075362090508008e-01
2.676288944113292337e-02 9.580815601612765464e-01
2.691757922739292791e-02 9.558619327548698585e-01
2.707316312226650673e-02 9.477426575196926661e-01
2.722964629371095457e-02 9.371459551410531441e-01
2.738703393955444973e-02 9.268212173201866300e-01
2.754533128766867636e-02 9.184724719893885281e-01
2.770454359614242176e-02 9.125090824673898204e-01
2.786467615345633933e-02 9.088304785270975295e-01
2.802573427865854422e-02 9.070513770450000512e-01
2.818772332154127064e-02 9.062184855868206101e-01
2.835064866281864979e-02 9.060315099533517991e-01
2.851451571430539678e-02 9.065938533358300910e-01
2.867932991909653145e-02 9.080981572960112880e-01
2.884509675174826843e-02 9.107299809852923422e-01
2.901182171845980567e-02 9.145757298100491983e-01
2.917951035725619563e-02 9.187798485989546737e-01
2.934816823817239240e-02 9.201722504754688003e-01
2.951780096343814899e-02 9.179951175312142109e-01
2.968841416766421215e-02 9.142414400411201791e-01
2.986001351802944001e-02 9.100401542163580881e-01
3.003260471446899879e-02 9.064621205031588858e-01
3.020619348986378766e-02 9.040810141405746236e-01
3.038078561023081769e-02 9.030427327819938732e-01
3.055638687491469066e-02 9.025243003437394274e-01
3.073300311678033025e-02 9.021446831485147033e-01
3.091064020240668481e-02 9.024435608656504737e-01
3.108930403228154019e-02 9.037084793557086382e-01
3.126900054099761295e-02 9.062623965310443452e-01
3.144973569744963920e-02 9.103092858099874896e-01
3.163151550503255638e-02 9.149992579494976574e-01
3.181434600184106232e-02 9.182231711447633726e-01
3.199823326087009728e-02 9.195461653997626383e-01
3.218318339021652985e-02 9.196651498937882252e-01
3.236920253328214730e-02 9.194243479415934450e-01
3.255629686897762443e-02 9.197813014236704277e-01
3.274447261192782455e-02 9.214102558061640913e-01
3.293373601267822470e-02 9.229740520133580262e-01
3.312409335790250653e-02 9.234060790452367495e-01
3.331555097061136145e-02 9.237517006707397504e-01
3.350811521036261426e-02 9.238225247743264701e-01
3.370179247347232510e-02 9.233125912285022885e-01
3.389658919322740410e-02 9.228111565751085932e-01
3.409251184009919750e-02 9.217063005591564773e-01
3.428956692195841288e-02 9.188860847543346422e-01
3.448776098429136294e-02 9.153618773598614089e-01
3.468710061041735404e-02 9.125048330211745773e-01
3.488759242170727526e-02 9.110968498418713368e-01
3.508924307780367929e-02 9.116676921167800041e-01
3.529205927684192501e-02 9.135912747701943060e-01
3.549604775567258980e-02 9.151706522801773547e-01
3.570121529008542238e-02 9.164058246467291502e-01
3.590756869503420462e-02 9.184101467782321837e-01
3.611511482486330638e-02 9.220009288300768935e-01
3.632386057353523962e-02 9.279289063002822413e-01
3.653381287485973905e-02 9.344433073481853702e-01
3.674497870272393912e-02 9.379547664040130961e-01
3.695736507132423021e-02 9.390270433323154586e-01
3.717097903539903075e-02 9.405384297028552831e-01
3.738582769046329413e-02 9.450895865993353961e-01
3.760191817304411876e-02 9.545927648185965619e-01
3.781925766091774610e-02 9.666399448386912008e-01
3.803785337334809891e-02 9.758980716595423432e-01
3.825771257132654091e-02 9.831617917233924642e-01
3.847884255781295476e-02 9.916989291697312359e-01
3.870125067797849233e-02 1.005165424225702875e+00
3.892494431944945599e-02 1.022701472273765511e+00
3.914993091255265789e-02 1.035755771046862783e+00
3.937621793056233360e-02 1.041253137967261155e+00
3.960381288994833243e-02 1.043095981142586615e+00
3.983272335062570252e-02 1.044260329405551690e+00
4.006295691620595512e-02 1.048009757449430479e+00
4.029452123424955012e-02 1.047916269632696240e+00
4.052742399651988042e-02 1.038609982421406119e+00
4.076167293923887297e-02 1.025538685863447874e+00
4.099727584334383890e-02 1.012140181946919348e+00
4.123424053474603751e-02 1.001461323608119347e+00
4.147257488459059338e-02 9.923731746358762651e-01
4.171228680951784978e-02 9.814081869185862228e-01
4.195338427192649156e-02 9.699148513885392786e-01
4.219587528023795858e-02 9.602402788385985266e-01
4.243976788916238585e-02 9.550191259221882945e-01
4.268507019996626434e-02 9.523150616472487728e-01
4.293179036074151744e-02 9.458190748662783642e-01
4.317993656667604152e-02 9.347945949019752510e-01
4.342951706032609216e-02 9.221921539097610587e-01
4.368054013188996804e-02 9.123858485271489904e-01
4.393301411948334623e-02 9.066151005669061957e-01
4.418694740941636612e-02 9.022806654274011517e-01
4.444234843647213579e-02 8.995383561365247749e-01
4.469922568418681352e-02 8.988541952958774006e-01
4.495758768513159753e-02 9.001885214074505370e-01
4.521744302119593689e-02 8.981572861165845190e-01
4.547880032387276866e-02 8.899799351164662253e-01
4.574166827454511502e-02 8.791438472677037819e-01
4.600605560477452616e-02 8.681193673034007796e-01
4.627197109659098723e-02 8.600241722634429653e-01
4.653942358278480296e-02 8.561656751000406018e-01
4.680842194719982141e-02 8.569008292952703387e-01
4.707897512502866311e-02 8.632140898889871794e-01
4.735109210310945588e-02 8.766678366063133110e-01
4.762478192022426976e-02 8.915833928216686521e-01
4.790005366739954334e-02 8.943271185946166657e-01
4.817691648820784933e-02 8.816255238573811326e-01
4.845537957907175564e-02 8.643302777615132770e-01
4.873545218956924774e-02 8.549871620163581598e-01
4.901714362274099679e-02 8.508623662234697793e-01
4.930046323539925834e-02 8.492815722314149829e-01
4.958542043843887359e-02 8.501130472075225653e-01
4.987202469714965836e-02 8.534913569486074492e-01
5.016028553153097091e-02 8.579476095462814644e-01
5.045021251660784106e-02 8.627877287853952248e-01
5.074181528274907677e-02 8.697029942595989604e-01
5.103510351598705003e-02 8.805192513593571579e-01
5.133008695833959217e-02 8.911159537379965689e-01
5.162677540813340182e-02 8.918865199850196657e-01
5.192517872032970105e-02 8.763817072278231590e-01
5.222530680685147364e-02 8.585651957295573622e-01
5.252716963691266006e-02 8.514374579445935787e-01
5.283077723734942721e-02 8.494416347055208094e-01
5.313613969295318679e-02 8.504345886378061881e-01
5.344326714680543849e-02 8.538766400721189420e-01
5.375216980061491706e-02 8.573130255781448161e-01
5.406285791505632127e-02 8.597692054905309300e-01
5.437534181011107609e-02 8.630285307375901160e-01
5.468963186541032917e-02 8.682709308850762309e-01
5.500573852057948770e-02 8.742357368891466862e-01
5.532367227558519784e-02 8.797840971641274210e-01
5.564344369108398941e-02 8.862290905905154670e-01
5.596506338877313413e-02 8.930791978894193628e-01
5.628854205174332881e-02 8.979745599293309510e-01
5.661389042483377931e-02 9.016928253676316229e-01
5.694111931498885282e-02 9.069394749613330919e-01
5.727023959161724881e-02 9.118121732880969388e-01
5.760126218695296035e-02 9.131365840251678412e-01
5.793419809641841417e-02 9.132711498219825419e-01
5.826905837898961604e-02 9.154822783359587435e-01
5.860585415756369709e-02 9.199966066985738600e-01
5.894459661932811845e-02 9.256087086667825758e-01
5.928529701613251268e-02 9.335055962166975974e-01
5.962796666486229469e-02 9.402268036470738943e-01
5.997261694781454155e-02 9.404336100295469514e-01
6.031925931307623168e-02 9.354065151569641579e-01
6.066790527490428103e-02 9.302547698620688976e-01
6.101856641410823012e-02 9.284260915074608045e-01
6.137125437843479747e-02 9.294941189895479239e-01
6.172598088295483398e-02 9.339461221410068070e-01
6.208275771045231733e-02 9.408628040972821793e-01
6.244159671181598315e-02 9.443855950096837759e-01
6.280250980643269088e-02 9.425158386749954431e-01
6.316550898258359303e-02 9.403089596072344847e-01
6.353060629784218483e-02 9.412735838980850200e-01
6.389781387947492119e-02 9.445258267347855785e-01
6.426714392484385308e-02 9.518518720097919328e-01
6.463860870181208085e-02 9.605150763605149189e-01
6.501222054915094251e-02 9.649826608147628049e-01
6.538799187695008841e-02 9.674544220299380326e-01
6.576593516702965159e-02 9.685281154403121429e-01
6.614606297335466623e-02 9.638863036912409532e-01
6.652838792245242827e-02 9.534567461970661073e-01
6.691292271383147972e-02 9.427948856431269675e-01
6.729968012040381253e-02 9.348030937944057372e-01
6.768867298890894613e-02 9.304544938341833271e-01
6.807991424034069705e-02 9.316131761688615232e-01
6.847341687037629410e-02 9.334418545234696163e-01
6.886919394980822728e-02 9.313553764318059924e-01
6.926725862497820629e-02 9.280280600453036932e-01
6.966762411821400547e-02 9.224881986627533337e-01
7.007030372826857090e-02 9.155559354036888475e-01
7.047531083076181979e-02 9.106336602044144968e-01
7.088265887862478520e-02 9.070088825828480639e-01
7.129236140254673060e-02 9.042283282760348317e-01
7.170443201142430445e-02 9.044153039095037538e-01
7.211888439281383123e-02 9.058516167302417266e-01
7.253573231338585059e-02 9.084395294752991568e-01
7.295498961938230720e-02 9.144170838180150085e-01
7.337667023707672431e-02 9.235293129854775795e-01
7.380078817323644513e-02 9.361360034239071259e-01
7.422735751558823258e-02 9.518745357229396742e-01
7.465639243328600627e-02 9.637234082529915202e-01
7.508790717738160481e-02 9.682150729024590063e-01
7.552191608129793510e-02 9.696117242251883761e-01
7.595843356130543844e-02 9.685493626713882476e-01
7.639747411700059665e-02 9.661710892729473699e-01
7.683905233178781047e-02 9.637956488386499876e-01
7.728318287336367887e-02 9.622446009701016711e-01
7.772988049420428980e-02 9.640251189342708971e-01
7.817916003205507836e-02 9.654699306474392451e-01
7.863103641042397396e-02 9.621652779740845762e-01
7.908552463907676799e-02 9.582430391174541207e-01
7.954263981453599253e-02 9.545276066432967221e-01
8.000239712058217212e-02 9.508178400974263145e-01
8.046481182875830918e-02 9.503900625117627232e-01
8.092989929887701994e-02 9.542853882090303053e-01
8.139767497953076525e-02 9.631893945119480716e-01
8.186815440860513438e-02 9.707647406315795813e-01
8.234135321379483508e-02 9.690862093765751917e-01
8.281728711312283386e-02 9.660832673844997887e-01
8.329597191546232737e-02 9.684034650179995651e-01
8.377742352106211376e-02 9.791800606197490486e-01
8.426165792207447602e-02 9.964200639148194094e-01
8.474869120308657633e-02 1.015290438074455182e+00
8.523853954165466762e-02 1.033503564552806342e+00
8.573121920884146929e-02 1.043168221728244971e+00
8.622674656975649887e-02 1.045317025031064828e+00
8.672513808409994251e-02 1.045297194282060582e+00
8.722641030670905127e-02 1.044581870835835202e+00
8.773057988810836760e-02 1.047380839409580933e+00
8.823766357506258873e-02 1.052154383991323217e+00
8.874767821113291322e-02 1.058749524517315077e+00
8.926064073723644077e-02 1.068171963258487178e+00
8.977656819220893036e-02 1.081101611609271984e+00
9.029547771337091688e-02 1.100157544920304709e+00
9.081738653709675591e-02 1.123222122494343944e+00
9.134231199938727674e-02 1.151513518913080070e+00
9.187027153644546085e-02 1.178916781072839148e+00
9.240128268525588107e-02 1.201312779109019679e+00
9.293536308416693037e-02 1.222771066013712993e+00
9.347253047347692245e-02 1.243913477416409341e+00
9.401280269602330097e-02 1.263602578213506966e+00
9.455619769777530437e-02 1.275297054197739977e+00
9.510273352842993355e-02 1.287150176174007177e+00
9.565242834201181932e-02 1.298831903819594569e+00
9.620530039747586526e-02 1.316658330692362489e+00
9.676136805931405405e-02 1.342521876840147232e+00
9.732064979816532069e-02 1.372667448290782799e+00
9.788316419142908953e-02 1.405361270988467082e+00
9.844892992388228070e-02 1.435618744522769497e+00
9.901796578830000806e-02 1.454868735877629771e+00
9.959029068607995472e-02 1.461738673925537801e+00
1.001659236278700377e-01 1.468948567670662175e+00
1.007448837341998471e-01 1.473481310300209790e+00
1.013271902361159299e-01 1.481569422929809088e+00
1.019128624758204177e-01 1.496357495758708245e+00
1.025019199073136378e-01 1.521174261655481752e+00
1.030943820970401520e-01 1.559093486715791510e+00
1.036902687245389171e-01 1.603613518230380119e+00
1.042895995830967204e-01 1.635427705561517842e+00
1.048923945804057928e-01 1.647057023370451123e+00
1.054986737392250712e-01 1.637892384366334442e+00
1.061084571980452224e-01 1.625838121935881064e+00
1.067217652117575799e-01 1.611588312294240488e+00
1.073386181523270227e-01 1.598556677234290957e+00
1.079590365094685589e-01 1.587338139226160516e+00
1.085830408913279893e-01 1.580765662413316397e+00
1.092106520251663743e-01 1.578145170580609102e+00
1.098418907580486492e-01 1.579405839624452135e+00
1.104767780575359459e-01 1.580963969903358857e+00
1.111153350123821049e-01 1.584264373130498393e+00
1.117575828332342536e-01 1.585567536636493413e+00
1.124035428533372433e-01 1.591601750262078729e+00
1.130532365292423180e-01 1.606559800939586280e+00
1.137066854415197809e-01 1.626758835282507976e+00
1.143639112954759340e-01 1.646249628589562919e+00
1.150249359218739331e-01 1.669593253131733235e+00
1.156897812776589568e-01 1.698092872415014387e+00
1.163584694466876512e-01 1.710869540702051994e+00
1.170310226404614878e-01 1.705161117952965322e+00
1.177074631988646730e-01 1.684168853649872455e+00
1.183878135909062629e-01 1.662553337235217032e+00
1.190720964154663303e-01 1.646986199266864404e+00
1.197603344020467531e-01 1.637254967434054187e+00
1.204525504115261381e-01 1.632495587673029158e+00
1.211487674369193246e-01 1.631546544684967515e+00
1.218490086041408849e-01 1.625838121935881064e+00
1.225532971727734816e-01 1.604265099983377407e+00
1.232616565368404721e-01 1.574745613608448336e+00
1.239741102255828148e-01 1.544220424962588156e+00
1.246906819042407494e-01 1.517363924882518145e+00
1.254113953748399735e-01 1.493609520539544988e+00
1.261362745769819826e-01 1.473764606714556669e+00
1.268653435886395453e-01 1.454358802331805700e+00
1.275986266269562852e-01 1.434159767988883782e+00
1.283361480490512463e-01 1.418167685399011058e+00
1.290779323528278288e-01 1.405653066295244225e+00
1.298240041777875831e-01 1.392760246478324415e+00
1.305743883058487209e-01 1.381248496681345195e+00
1.313291096621690413e-01 1.365906579362398121e+00
1.320881933159741561e-01 1.346604178170883515e+00
1.328516644813900749e-01 1.329028468624812387e+00
1.336195485182806453e-01 1.315459986859675690e+00
1.343918709330900185e-01 1.305418545453156165e+00
1.351686573796898327e-01 1.296270904233900012e+00
1.359499336602315311e-01 1.285932001592316354e+00
1.367357257260030934e-01 1.271461220747485354e+00
1.375260596782912625e-01 1.254219800970343135e+00
1.383209617692485738e-01 1.241428967862588495e+00
1.391204584027652402e-01 1.234947145902335341e+00
1.399245761353461737e-01 1.230683534866416906e+00
1.407333416769932510e-01 1.220037255615266769e+00
1.415467818920924381e-01 1.200232003288287164e+00
1.423649238003061035e-01 1.174317463785920168e+00
1.431877945774705507e-01 1.144751233502623533e+00
1.440154215564987683e-01 1.117026429912580721e+00
1.448478322282882313e-01 1.098556920179245777e+00
1.456850542426340045e-01 1.090070776087489479e+00
1.465271154091474515e-01 1.080709246075401753e+00
1.473740436981796631e-01 1.056442075222461030e+00
1.482258672417506584e-01 1.026423987158281648e+00
1.490826143344838317e-01 1.003773022349188748e+00
1.499443134345459228e-01 9.912116593370547957e-01
1.508109931645919832e-01 9.860825777553072768e-01
1.516826823127164214e-01 9.875812157872014829e-01
1.525594098334091819e-01 9.944199912295313970e-01
1.534412048485173929e-01 1.001601555333220928e+00
1.543280966482127869e-01 1.003264505285436314e+00
1.552201146919646169e-01 9.876633717473619622e-01
1.561172886095181789e-01 9.595943630138880076e-01
1.570196482018790252e-01 9.352889471450103187e-01
1.579272234423027277e-01 9.170304932403636755e-01
1.588400444772908315e-01 9.014817695389434338e-01
1.597581416275917487e-01 8.845859713873044372e-01
1.606815453892082024e-01 8.676278480245092073e-01
1.616102864344102497e-01 8.538752235900471943e-01
1.625443956127538836e-01 8.451142819763746150e-01
1.634839039521058524e-01 8.387599434025774237e-01
1.644288426596743347e-01 8.310217018446964810e-01
1.653792431230455828e-01 8.205255696931501586e-01
1.663351369112262834e-01 8.096059094021554881e-01
1.672965557756923849e-01 8.050363382387427658e-01
1.682635316514438095e-01 8.088962518842169880e-01
1.692360966580649384e-01 8.168016383265623848e-01
1.702142831007917856e-01 8.231715582031485789e-01
1.711981234715850009e-01 8.261943309442282279e-01
1.721876504502090899e-01 8.270612179721292812e-01
1.731828969053178791e-01 8.276122294980337024e-01
1.741838958955464201e-01 8.301080709084284193e-01
1.751906806706090836e-01 8.340968844224303513e-01
1.762032846724038426e-01 8.383590789762768170e-01
1.772217415361232173e-01 8.426835987412797380e-01
1.782460850913716033e-01 8.465647596178298429e-01
1.792763493632887617e-01 8.464769377293823727e-01
1.803125685736800821e-01 8.449754667333446712e-01
1.813547771421535060e-01 8.400191959643487083e-01
1.824030096872625850e-01 8.224434864182775806e-01
1.834573010276564775e-01 7.981678166729062607e-01
1.845176861832364401e-01 7.771684699594549883e-01
1.855842003763193415e-01 7.625078805170117935e-01
1.866568790328071992e-01 7.496915507319656946e-01
1.877357577833641822e-01 7.315931593014248779e-01
1.888208724646001924e-01 7.112241471098950107e-01
1.899122591202609955e-01 6.935676980857351515e-01
1.910099540024255971e-01 6.792697280536555970e-01
1.921139935727104175e-01 6.685837873044970792e-01
1.932244145034804905e-01 6.631274983641790577e-01
1.943412536790674328e-01 6.611373410533932793e-01
1.954645481969946030e-01 6.584290273322385145e-01
1.965943353692096995e-01 6.517588132564448022e-01
1.977306527233236300e-01 6.405643554435337395e-01
1.988735380038573475e-01 6.273216645548957970e-01
2.000230291734956534e-01 6.128466342638496656e-01
2.011791644143479663e-01 5.985429983034832313e-01
2.023419821292166965e-01 5.875624292834040752e-01
2.035115209428728922e-01 5.795125616697417437e-01
2.046878197033392410e-01 5.710632461118505532e-01
2.058709174831803157e-01 5.600812606096995383e-01
2.070608535808005912e-01 5.476502139481650433e-01
2.082576675217497619e-01 5.346568239041523674e-01
2.094613990600355524e-01 5.238462327326811607e-01
2.106720881794442723e-01 5.174593150712341050e-01
2.118897750948690872e-01 5.144039632425045916e-01
2.131145002536455058e-01 5.132169512663918853e-01
2.143463043368951104e-01 5.103103300551944388e-01
2.155852282608767823e-01 5.050990925132862186e-01
2.168313131783459469e-01 4.990181349793337828e-01
2.180846004799212312e-01 4.929045983577313161e-01
2.193451317954595303e-01 4.874596412739871654e-01
2.206129489954388734e-01 4.816194856922293988e-01
2.218880941923488948e-01 4.765300656084903719e-01
2.231706097420899648e-01 4.742792755965055673e-01
2.244605382453801201e-01 4.745214940307720397e-01
2.257579225491697927e-01 4.763954998116756712e-01
2.270628057480653939e-01 4.799565357400140675e-01
2.283752311857605299e-01 4.857230342540417301e-01
2.296952424564759343e-01 4.946270405569594408e-01
2.310228834064072811e-01 5.038667531108780295e-01
2.323581981351817149e-01 5.098244767045897463e-01
2.337012309973229007e-01 5.154847390632374404e-01
2.350520266037238737e-01 5.226294746330619745e-01
2.364106298231291869e-01 5.300093462267941868e-01
2.377770857836252472e-01 5.352432474818500374e-01
2.391514398741393099e-01 5.394785288763336295e-01
2.405337377459470793e-01 5.431769635656302775e-01
2.419240253141889951e-01 5.464745338286260967e-01
2.433223487593957901e-01 5.495652977091489699e-01
2.447287545290218747e-01 5.504590978964128967e-01
2.461432893389885190e-01 5.513415662271029527e-01
2.475660001752356676e-01 5.541816127809289227e-01
2.489969342952823017e-01 5.557836540040597129e-01
2.504361392297964617e-01 5.542765170797351315e-01
2.518836627841739007e-01 5.518996601633660015e-01
2.533395530401260642e-01 5.521192148844846770e-01
2.548038583572773130e-01 5.510596862948279329e-01
2.562766273747711931e-01 5.522396158605821226e-01
2.577579090128856998e-01 5.599891892750369360e-01
2.592477524746588102e-01 5.711680657851588849e-01
2.607462072475227322e-01 5.811103534466574017e-01
2.622533231049470337e-01 5.879505453710590634e-01
2.637691501080930423e-01 5.918982809049807559e-01
2.652937386074759596e-01 5.952440115584156644e-01
2.668271392446371348e-01 5.994084688493126478e-01
2.683694029538270520e-01 6.076099000446504306e-01
2.699205809636965880e-01 6.193426210448201852e-01
2.714807247989985406e-01 6.299152432282402181e-01
2.730498862822996475e-01 6.417825300252246734e-01
2.746281175357012105e-01 6.586117535194920825e-01
2.762154709825712651e-01 6.767384745914675204e-01
2.778119993492854656e-01 6.908452195438629095e-01
2.794177556669779627e-01 7.010198102651258312e-01
2.810327932733039380e-01 7.104549973449435507e-01
2.826571658142107979e-01 7.209879580303550917e-01
2.842909272457196934e-01 7.293508681818704487e-01
2.859341318357184192e-01 7.339657667715787648e-01
2.875868341657639160e-01 7.377619387238248949e-01
2.892490891328946545e-01 7.422266902139293965e-01
2.909209519514548425e-01 7.485130376482832526e-01
2.926024781549284581e-01 7.557285973216945063e-01
2.942937235977828858e-01 7.626608605807589925e-01
2.959947444573255426e-01 7.724685824454426974e-01
2.977055972355692748e-01 7.863826858360823957e-01
2.994263387611086902e-01 7.978434422784793645e-01
3.011570261910088142e-01 8.016608614618013773e-01
3.028977170127025720e-01 8.011480949518339223e-01
3.046484690459013711e-01 8.021807103821277929e-01
3.064093404445150659e-01 8.063904950993201481e-01
3.081803896985833569e-01 8.109558168165176273e-01
3.099616756362194026e-01 8.104614645734826706e-01
3.117532574255635347e-01 8.035306177964899321e-01
3.135551945767480198e-01 7.943843930593057490e-01
3.153675469438748658e-01 7.870951763181642802e-01
3.171903747270033436e-01 7.830822826089429700e-01
3.190237384741493876e-01 7.793795984734311899e-01
3.208676990832974307e-01 7.754346959036529929e-01
3.227223178044230090e-01 7.761117743339416286e-01
3.245876562415266342e-01 7.808102453658821718e-01
3.264637763546810456e-01 7.835950491189105360e-01
3.283507404620888970e-01 7.826828346647141110e-01
3.302486112421523790e-01 7.809901385889923553e-01
3.321574517355558864e-01 7.756882461944932805e-01
3.340773253473591775e-01 7.640376811544840052e-01
3.360082958491044103e-01 7.503162193256002199e-01
3.379504273809338932e-01 7.383908567636746634e-01
3.399037844537201591e-01 7.316880636002310867e-01
3.418684319512097503e-01 7.315634131779183980e-01
3.438444351321779946e-01 7.287814423890335291e-01
3.458318596325960503e-01 7.142313385481855459e-01
3.478307714678123830e-01 6.957094189781963811e-01
3.498412370347446232e-01 6.825163049620691647e-01
3.518633231140849693e-01 6.780218073484582941e-01
3.538970968725191901e-01 6.751463487428389643e-01
3.559426258649572294e-01 6.698175431889770159e-01
3.579999780367765227e-01 6.655751793841346853e-01
3.600692217260801353e-01 6.631416631848963128e-01
3.621504256659661136e-01 6.620467225434460978e-01
3.642436589868098817e-01 6.586769116947918112e-01
3.663489912185618480e-01 6.518423856986770293e-01
3.684664922930561692e-01 6.456948535073530060e-01
3.705962325463332818e-01 6.431366868858019448e-01
3.727382827209774208e-01 6.459087423001846906e-01
3.748927139684648524e-01 6.487034614277151778e-01
3.770595978515288715e-01 6.476241020890541877e-01
3.792390063465359562e-01 6.455135438021710748e-01
3.814310118458763554e-01 6.469201104994026785e-01
3.836356871603694985e-01 6.481779465791019934e-01
3.858531055216822825e-01 6.497445757504395347e-01
3.880833405847607942e-01 6.571329462366022334e-01
3.903264664302779630e-01 6.660100393801569041e-01
3.925825575670940371e-01 6.735188108424170483e-01
3.948516889347303827e-01 6.760996411771157399e-01
3.971339359058604912e-01 6.704308799260376706e-01
3.994293742888124776e-01 6.679152077666387077e-01
4.017380803300868997e-01 6.678344682885498651e-01
4.040601307168905088e-01 6.644462431729630802e-01
4.063956025796829352e-01 6.551782009776098148e-01
4.087445734947380283e-01 6.431296044754433172e-01
4.111071214867221824e-01 6.322453562362420065e-01
4.134833250312844322e-01 6.248569857500793079e-01
4.158732630576643108e-01 6.224248860329126831e-01
4.182770149513134750e-01 6.226940176265420845e-01
4.206946605565314856e-01 6.249037296584465384e-01
4.231262801791195738e-01 6.304039295429882950e-01
4.255719545890473410e-01 6.336235932920388780e-01
4.280317650231349469e-01 6.353063739932583998e-01
4.305057931877529498e-01 6.370656447263515210e-01
4.329941212615355806e-01 6.375684958618170750e-01
4.354968318981098929e-01 6.374693421167957341e-01
4.380140082288422887e-01 6.382044963120254710e-01
4.405457338655994204e-01 6.388688264036684883e-01
4.430920929035247480e-01 6.382030798299537233e-01
4.456531699238333033e-01 6.336547558976169947e-01
4.482290499966203323e-01 6.280681506066995157e-01
4.508198186836865351e-01 6.236742232201817338e-01
4.534255620413813470e-01 6.210806445468373127e-01
4.560463666234608748e-01 6.205480472878655007e-01
4.586823194839622087e-01 6.187406161643334013e-01
4.613335081800964965e-01 6.170691673196876392e-01
4.640000207751556194e-01 6.204446440966290277e-01
4.666819458414390720e-01 6.269916242321819100e-01
4.693793724631949438e-01 6.341292773916478165e-01
4.720923902395786631e-01 6.375359167741672106e-01
4.748210892876304490e-01 6.334238693199243375e-01
4.775655602452679171e-01 6.236118980090253894e-01
4.803258942742961168e-01 6.143056107977352687e-01
4.831021830634371073e-01 6.008150355465440295e-01
4.858945188313745223e-01 5.868414399088915934e-01
4.887029943298164536e-01 5.769515620840472980e-01
4.915277028465775411e-01 5.702685996696079673e-01
4.943687382086768833e-01 5.619156048925946223e-01
4.972261947854541564e-01 5.553771236494721153e-01
5.001001674917054940e-01 5.527750460836974300e-01
5.029907517908354109e-01 5.513543145657485711e-01
5.058980436980275996e-01 5.448866574262127838e-01
5.088221397834349347e-01 5.370804247288886168e-01
5.117631371753864622e-01 5.327644038563161821e-01
5.147211335636141527e-01 5.345350064459832851e-01
5.176962272024980827e-01 5.405323915377034938e-01
5.206885169143288250e-01 5.453385152070957531e-01
5.236981020925914887e-01 5.432449547050735017e-01
5.267250827052667450e-01 5.383807552707400301e-01
5.297695592981502832e-01 5.355378757527706757e-01
5.328316329981945820e-01 5.318394410634740277e-01
5.359114055168668900e-01 5.245289770912567873e-01
5.390089791535270791e-01 5.183502822943545363e-01
5.421244567988269258e-01 5.159875901987027724e-01
5.452579419381275994e-01 5.135200784297427878e-01
5.484095386549359130e-01 5.108910877046051180e-01
5.515793516343632241e-01 5.079830500113360348e-01
5.547674861666017643e-01 5.043186108917611099e-01
5.579740481504216199e-01 5.064773295690832011e-01
5.611991440966896949e-01 5.114930925850919019e-01
5.644428811319066597e-01 5.119194536886838565e-01
5.677053670017649933e-01 5.096516658918381903e-01
5.709867100747291202e-01 5.099037997006068412e-01
5.742870193456336425e-01 5.136914727604225961e-01
5.776064044393048880e-01 5.118047186408734017e-01
5.809449756142023302e-01 5.114151860711465547e-01
5.843028437660793273e-01 5.156108059676217659e-01
5.876801204316687288e-01 5.177185312903613834e-01
5.910769177923870243e-01 5.112211280273191161e-01
5.944933486780595855e-01 5.009813791307565767e-01
5.979295265706701112e-01 4.891424219752067426e-01
6.013855656081297241e-01 4.778502268993460866e-01
6.048615805880666052e-01 4.730341878554517043e-01
6.083576869716416091e-01 4.725554169152057504e-01
6.118740008873820857e-01 4.733741435526677699e-01
6.154106391350390171e-01 4.726899827120204511e-01
6.189677191894675801e-01 4.700652414330979689e-01
6.225453592045292472e-01 4.688258196203310413e-01
6.261436780170150929e-01 4.659347797119226531e-01
6.297627951505950783e-01 4.630579046242316310e-01
6.334028308197864332e-01 4.620167903015073851e-01
6.370639059339481269e-01 4.609119342855551582e-01
6.407461421012968783e-01 4.625734677556986862e-01
6.444496616329448146e-01 4.647364358792360206e-01
6.481745875469649976e-01 4.673158497318629645e-01
6.519210435724759334e-01 4.706516650107956945e-01
6.556891541537508417e-01 4.759847200108728860e-01
6.594790444543533470e-01 4.845855991504396387e-01
6.632908403612935988e-01 4.957460613936289784e-01
6.671246684892090384e-01 5.009884615411152042e-01
6.709806561845721440e-01 4.939825412143206140e-01
6.748589315299192704e-01 4.792142991344255920e-01
6.787596233481042463e-01 4.675764824330619351e-01
6.826828612065795054e-01 4.636259139349968583e-01
6.866287754216984229e-01 4.592277371022638888e-01
6.905974970630435195e-01 4.569061229866923646e-01
6.945891579577818664e-01 4.648809170505528443e-01
6.986038906950429173e-01 4.782312605766424474e-01
7.026418286303216520e-01 4.875389642700042603e-01
7.067031058899108098e-01 4.879809066763851622e-01
7.107878573753529938e-01 4.889101189154423932e-01
7.148962187679240854e-01 4.926567139951779084e-01
7.190283265331394169e-01 4.974770024852875339e-01
7.231843179252852583e-01 4.977787131665667997e-01
7.273643309919801681e-01 4.929867543178919065e-01
7.315685045787596597e-01 4.905815677600880997e-01
7.357969783336865133e-01 4.892373262740128959e-01
7.400498927119919523e-01 4.859794175090255686e-01
7.443273889807401344e-01 4.845615189552200941e-01
7.486296092235191768e-01 4.871267679871297829e-01
7.529566963451627126e-01 4.875786257680128077e-01
7.573087940764960946e-01 4.825345331105692637e-01
7.616860469791092436e-01 4.783842406403897018e-01
7.660886004501606950e-01 4.698386043016206104e-01
7.705166007272060691e-01 4.585860707237684464e-01
7.749701948930545203e-01 4.483137427395560426e-01
7.794495308806568268e-01 4.398021019705086188e-01
7.839547574780165728e-01 4.374181626437808612e-01
7.884860243331343055e-01 4.387652370939995605e-01
7.930434819589780027e-01 4.382808002254666713e-01
7.976272817384808533e-01 4.369677213449695841e-01
8.022375759295721220e-01 4.336602357074714753e-01
8.068745176702336597e-01 4.277025121137598140e-01
8.115382609835852801e-01 4.214274965359797176e-01
8.162289607830032212e-01 4.166511189900938827e-01
8.209467728772645856e-01 4.120857972728962926e-01
8.256918539757219788e-01 4.048050794241853101e-01
8.304643616935105666e-01 3.979988830695051494e-01
8.352644545567829981e-01 3.971050828822412226e-01
8.400922920079733069e-01 4.014635982169656447e-01
8.449480344110958940e-01 4.054453293206090048e-01
8.498318430570707127e-01 4.088463027748414635e-01
8.547438801690798726e-01 4.183948084203979456e-01
8.596843089079587719e-01 4.269489436515974679e-01
8.646532933776126528e-01 4.229289675320173636e-01
8.696509986304700179e-01 4.187602607949052480e-01
8.746775906729644667e-01 4.156850782171714886e-01
8.797332364710471753e-01 4.089638707867953027e-01
8.848181039557355687e-01 4.093590692848090296e-01
8.899323620286901937e-01 4.112840684202950792e-01
8.950761805678236760e-01 4.123223497788758296e-01
9.002497304329459826e-01 4.135461902888536989e-01
9.054531834714387717e-01 4.150745744442543295e-01
9.106867125239620497e-01 4.202872284682341308e-01
9.159504914301977996e-01 4.261897092611482418e-01
9.212446950346235841e-01 4.250494411934026551e-01
9.265694991923183466e-01 4.195605731654347692e-01
9.319250807748065135e-01 4.164273148227599086e-01
9.373116176759319629e-01 4.148153582251270510e-01
9.427292888177655206e-01 4.188183365598463492e-01
9.481782741565508710e-01 4.261344664603506360e-01
9.536587546886805544e-01 4.285212387512218335e-01
9.591709124567069367e-01 4.283484279384703330e-01
9.647149305553922582e-01 4.247746436714863183e-01
9.702909931377862174e-01 4.215960579025160304e-01
9.758992854213467405e-01 4.271585829982140203e-01
9.815399936940907288e-01 4.347608422772085701e-01
9.872133053207802211e-01 4.266500659344616420e-01
9.929194087491489684e-01 4.101381344242625571e-01
9.986584935161608723e-01 4.005202211571911031e-01
1.004430750254303728e+00 4.020443558663764905e-01
1.010236370697924935e+00 4.131311610418357261e-01
1.016075547689597958e+00 4.258540030101473639e-01
1.021948475186527761e+00 4.351886198628721059e-01
1.027855348266994762e+00 4.395995450342506938e-01
1.033796363136834096e+00 4.378969335840268151e-01
1.039771717135951290e+00 4.340327704923374608e-01
1.045781608744880131e+00 4.339534474963203659e-01
1.051826237591374280e+00 4.400259061378424819e-01
1.057905804457035748e+00 4.313301226994696314e-01
1.064020511283988890e+00 4.165958761892962214e-01
1.070170561181583713e+00 4.102117914919926611e-01
1.076356158433145582e+00 4.075842172489267945e-01
1.082577508502760022e+00 4.015712508544174164e-01
1.088834818042095476e+00 3.953132330614981815e-01
1.095128294897270704e+00 3.879829383402765286e-01
1.101458148115757263e+00 3.932253384877627544e-01
1.107824587953321727e+00 4.119923094561618870e-01
1.114227825881013212e+00 4.231386068786339716e-01
1.120668074592185315e+00 4.167743529303347128e-01
1.127145548009560017e+00 4.138790635757110814e-01
1.133660461292336441e+00 4.146949572490296609e-01
1.140213030843336250e+00 4.092315858983529564e-01
1.146803474316190341e+00 4.127203812410329964e-01
1.153432010622570836e+00 4.228029006276330937e-01
1.160098859939462601e+00 4.268285426755001333e-01
1.166804243716473621e+00 4.273682223448306838e-01
1.173548384683194445e+00 4.257038559105436049e-01
1.180331506856595603e+00 4.287733725599903734e-01
1.187153835548465874e+00 4.286643034404669650e-01
1.194015597372901416e+00 4.310014988588274365e-01
1.200917020253827294e+00 4.307125365161937336e-01
1.207858333432573428e+00 4.192999404642357986e-01
1.214839767475487387e+00 4.076422930138678402e-01
1.221861554281590267e+00 3.968642809300464980e-01
1.228923927090283863e+00 3.823510056230635668e-01
1.236027120489096909e+00 3.746977529894866543e-01
1.243171370421473965e+00 3.781284725672255931e-01
1.250356914194617142e+00 3.817093392445682354e-01
1.257583990487367132e+00 3.831541509577365279e-01
1.264852839358128644e+00 3.838184810493796006e-01
1.272163702252848472e+00 3.836159241131217312e-01
1.279516822013033517e+00 3.853327003840628651e-01
1.286912442883815677e+00 3.825266493999585626e-01
1.294350810522067352e+00 3.867633472765138469e-01
1.301832172004561583e+00 3.885721948821177496e-01
1.309356775836174380e+00 3.886954288223585796e-01
1.316924871958146337e+00 3.974677022926050851e-01
1.324536711756377994e+00 4.064510315915398353e-01
1.332192548069784932e+00 4.167304419861109221e-01
1.339892635198694837e+00 4.271529170699271405e-01
1.347637228913291185e+00 4.317267376795551059e-01
1.355426586462114891e+00 4.228468115718567732e-01
1.363260966580605249e+00 4.065898468345697792e-01
1.371140629499693731e+00 3.881769963841040783e-01
1.379065836954451285e+00 3.662371055750215931e-01
1.387036852192779834e+00 3.529788333835946479e-01
1.395053939984155722e+00 3.487293871683936897e-01
1.403117366628427343e+00 3.525708865469353581e-01
1.411227399964658957e+00 3.673079660212522635e-01
1.419384309380025577e+00 3.825960570214734791e-01
1.427588365818764915e+00 3.969081918742702886e-01
1.435839841791175742e+00 4.021364272010391483e-01
1.444139011382666204e+00 4.039013638624193159e-01
1.452486150262864761e+00 4.003729070217307839e-01
1.460881535694769973e+00 3.921403132208147735e-01
1.469325446543965796e+00 3.924831018821743900e-01
1.477818163287882181e+00 3.971631586471823239e-01
1.486359968025109168e+00 3.983714178543710793e-01
1.494951144484772509e+00 4.011208095556061393e-01
1.503591978035954568e+00 4.173621929901041860e-01
1.512282755697172298e+00 4.231187761296296701e-01
1.521023766145914724e+00 4.095517108465647760e-01
1.529815299728230382e+00 3.963840935077287964e-01
1.538657648468367833e+00 3.905694346032622111e-01
1.547551106078482119e+00 3.830691620334324976e-01
1.556495967968387184e+00 3.854785980374514365e-01
1.565492531255366693e+00 4.056832983086602340e-01
1.574541094774047689e+00 4.194628359024851760e-01
1.583641959086324214e+00 4.147516165318990700e-01
1.592795426491339539e+00 4.130900830617554864e-01
1.602001801035530804e+00 4.134328717231149919e-01
1.611261388522727822e+00 4.132175664482114485e-01
1.620574496524306296e+00 4.130688358306794927e-01
1.629941434389411858e+00 4.103208606115161805e-01
1.639362513255227638e+00 4.262973618986000135e-01
1.648838046057315765e+00 4.519328544328355401e-01
1.658368347540009280e+00 4.487825983052998735e-01
1.667953734266863997e+00 4.283625927591876437e-01
1.677594524631179640e+00 4.182616591056549926e-01
1.687291038866571835e+00 4.181299262729837873e-01
1.697043599057607821e+00 4.243114540340294227e-01
1.706852529150509445e+00 4.265990725798792793e-01
1.716718154963911225e+00 4.321545152652186417e-01
1.726640804199680579e+00 4.530575411977920686e-01
1.736620806453807120e+00 4.707224891143823586e-01
1.746658493227349673e+00 4.653795187398030997e-01
1.756754197937443251e+00 4.591144185365251262e-01
1.766908255928380411e+00 4.610748297238044802e-01
1.777121004482747679e+00 4.579840658432817180e-01
1.787392782832625482e+00 4.482457516001128739e-01
1.797723932170862682e+00 4.471309802096584685e-01
1.808114795662403074e+00 4.586243157397053016e-01
1.818565718455690483e+00 4.679433512896409852e-01
1.829077047694130043e+00 4.573438159468580788e-01
1.839649132527616748e+00 4.451677360582356746e-01
1.850282324124138622e+00 4.451436558630161300e-01
1.860976975681438272e+00 4.441252052534396810e-01
1.871733442438742401e+00 4.373629198429832554e-01
1.882552081688566581e+00 4.320907735719906051e-01
1.893433252788581767e+00 4.427398857872841820e-01
1.904377317173546302e+00 4.497245588830027785e-01
1.915384638367318981e+00 4.497047281339984770e-01
1.926455581994929611e+00 4.458433980064525626e-01
1.937590515794722412e+00 4.395598835362421464e-01
1.948789809630575354e+00 4.417610966757162250e-01
1.960053835504184105e+00 4.362311506676680994e-01
1.971382967567415045e+00 4.251825905081456081e-01
1.982777582134739092e+00 4.274432958946325356e-01
1.994238057695728816e+00 4.423149411657640862e-01
2.005764774927627947e+00 4.593722182735807125e-01
2.017358116708002580e+00 4.660537642059482955e-01
2.029018468127450348e+00 4.629162564170582472e-01
2.040746216502401289e+00 4.587659639468786854e-01
2.052541751387976898e+00 4.618383135604689493e-01
2.064405464590929995e+00 4.706757452060151836e-01
2.076337750182662312e+00 4.720964767239639870e-01
2.088339004512313135e+00 4.559797437117785734e-01
2.100409626219920778e+00 4.376334679186844046e-01
2.112550016249669760e+00 4.294022905998401418e-01
2.124760577863207711e+00 4.339449486038899906e-01
2.137041716653034662e+00 4.355073283290121777e-01
2.149393840555982482e+00 4.363529681258371817e-01
2.161817359866763155e+00 4.416576934844796409e-01
2.174312687251592546e+00 4.508832412176809190e-01
2.186880237761905654e+00 4.586512288990682862e-01
2.199520428848138476e+00 4.604430787198113273e-01
2.212233680373592026e+00 4.614176183851640967e-01
2.225020414628386511e+00 4.618581443094732508e-01
2.237881056343477670e+00 4.630494057318012557e-01
2.250816032704775704e+00 4.716786145128026297e-01
2.263825773367328598e+00 4.643525692377961644e-01
2.276910710469592924e+00 4.514172549587244787e-01
2.290071278647793029e+00 4.621952670425458765e-01
2.303307915050354371e+00 4.811676279113463184e-01
2.316621059352423018e+00 4.891112593696285704e-01
2.330011153770474852e+00 4.934867724892138541e-01
2.343478643077001600e+00 4.975549089992328811e-01
2.357023974615280792e+00 4.755951874411461500e-01
2.370647598314243876e+00 4.454028720821434084e-01
2.384349966703414481e+00 4.477924773371581568e-01
2.398131534927939956e+00 4.647024403095143530e-01
2.411992760763713051e+00 4.562332940026188610e-01
2.425934104632577970e+00 4.608694398234031708e-01
2.439956029617617261e+00 4.694009113414548962e-01
2.454059001478542612e+00 4.872471689632271175e-01
2.468243488667162033e+00 4.993538412303346608e-01
2.482509962342935861e+00 4.853363346484584340e-01
2.496858896388636673e+00 4.799296225806511385e-01
2.511290767426078485e+00 4.879624924094526084e-01
2.525806054831960523e+00 4.810883049153292235e-01
2.540405240753779381e+00 4.578197539229605928e-01
2.555088810125852206e+00 4.492018769985330895e-01
2.569857250685421590e+00 4.502854857834093227e-01
2.584711052988855506e+00 4.414438046916479008e-01
2.599650710427946265e+00 4.441776150900938469e-01
2.614676719246288084e+00 4.569443680026291643e-01
2.629789578555775442e+00 4.580293932695771453e-01
2.644989790353173831e+00 4.643214066322180478e-01
2.660277859536794409e+00 4.767666181144698534e-01
2.675654293923265481e+00 5.009785461666130812e-01
2.691119604264405218e+00 4.936114229115264318e-01
2.706674304264172548e+00 4.808800820507844187e-01
2.722318910595750374e+00 4.798531325487775390e-01
2.738053942918694972e+00 4.626414588951419105e-01
2.753879923896200843e+00 4.451691525403074223e-01
2.769797379212459720e+00 4.377439535202796161e-01
2.785806837590128815e+00 4.296331771775327435e-01
2.801908830807877226e+00 4.248199710977818011e-01
2.818103893718070019e+00 4.298555648627949699e-01
2.834392564264522019e+00 4.258794996874386007e-01
2.850775383500368410e+00 4.169910746873098928e-01
2.867252895606037466e+00 4.195889028068694460e-01
2.883825647907329426e+00 4.141071171892602432e-01
2.900494190893583735e+00 4.223708735957543148e-01
2.917259078235983960e+00 4.183664787789632689e-01
2.934120866805935979e+00 4.132841411055829250e-01
2.951080116693567401e+00 4.308201891536455053e-01
2.968137391226336685e+00 4.418885800621722426e-01
2.985293256987731514e+00 4.482060901021042709e-01
3.002548283836107057e+00 4.546581659388510555e-01
3.019903044923603730e+00 4.582730281859153654e-01
3.037358116715186629e+00 4.656585657079346241e-01
3.054914079007794214e+00 4.613751239230120538e-01
3.072571514949601568e+00 4.491197210383724991e-01
3.090331011059376021e+00 4.422696137394686033e-01
3.108193157245980220e+00 4.367864116397876528e-01
3.126158546827951579e+00 4.104965043884111764e-01
3.144227776553216724e+00 3.994578596033908080e-01
3.162401446618910317e+00 4.091324321533316710e-01
3.180680160691316427e+00 4.172361260857198606e-01
3.199064525925907621e+00 4.075771348385681114e-01
3.217555152987530587e+00 3.917904421490965849e-01
3.236152656070678812e+00 3.933372405714297693e-01
3.254857652919894928e+00 4.003757399858742794e-01
3.273670764850296955e+00 4.103236935756596759e-01
3.292592616768199143e+00 4.122586080856477930e-01
3.311623837191892683e+00 3.990612446233054444e-01
3.330765058272506351e+00 4.158975505279315366e-01
3.350016915815009710e+00 4.389777094047596639e-01
3.369380049299332214e+00 4.383317935800490894e-01
3.388855101901607103e+00 4.222929670818089676e-01
3.408442720515521884e+00 4.167318584681826699e-01
3.428143555773827789e+00 4.171837162490656947e-01
3.447958262069935831e+00 4.182914052291614171e-01
3.467887497579658529e+00 4.190789692610453199e-01
3.487931924283071528e+00 4.310779888907010360e-01
3.508092207986506228e+00 4.291289095599955528e-01
3.528369018344649444e+00 4.377099579505580040e-01
3.548763028882812254e+00 4.565534189508306806e-01
3.569274917019284565e+00 4.534541561778774876e-01
3.589905364087840223e+00 4.324746402134304613e-01
3.610655055360374899e+00 4.164358137151903394e-01
3.631524680069651456e+00 4.222462231734417371e-01
3.652514931432215839e+00 4.243256188547467334e-01
3.673626506671410219e+00 4.287110473488341400e-01
3.694860107040534913e+00 4.349747310700403102e-01
3.716216437846141751e+00 4.434608751617966083e-01
3.737696208471465109e+00 4.489284959586885004e-01
3.759300132399972405e+00 4.413559828032004306e-01
3.781028927239082016e+00 4.313060425042501422e-01
3.802883314743989107e+00 4.332027119983015151e-01
3.824864020841640233e+00 4.385768449784589462e-01
3.846971775654848713e+00 4.539456754567690600e-01
3.869207313526548564e+00 4.728642100068436438e-01
3.891571373044171445e+00 4.691261138195386149e-01
3.914064697064205678e+00 4.438461582853081011e-01
3.936688032736852527e+00 4.364762020660780117e-01
3.959442131530850340e+00 4.342424098389540688e-01
3.982327749258438132e+00 4.658398754131164998e-01
4.005345646100446189e+00 4.815189154651362546e-01
4.028496586631570509e+00 4.554414805245198261e-01
4.051781339845751617e+00 4.311998063488701738e-01
4.075200679181723906e+00 4.375739756716715556e-01
4.098755382548707082e+00 4.637803104808157495e-01
4.122446232352245943e+00 4.712409215526368600e-01
4.146274015520188705e+00 4.910419244334015554e-01
4.170239523528843861e+00 5.229085216011934989e-01
4.194343552429258715e+00 5.178006872505218627e-01
4.218586902873665778e+00 5.409332559640041005e-01
4.242970380142073950e+00 5.553218808486745095e-01
4.267494794169023997e+00 5.339896608483657436e-01
4.292160959570472833e+00 5.896772370165023203e-01
4.316969695670882068e+00 6.110873635307564333e-01
4.341921826530410478e+00 5.381413698006171087e-01
4.367018180972294772e+00 5.065538196009568006e-01
4.392259592610382235e+00 4.801789234252762384e-01
4.417646899876805477e+00 4.371022871417842848e-01
4.443180946049855251e+00 4.527572469985844950e-01
4.468862579281975833e+00 4.800854356085417773e-01
4.494692652627942486e+00 4.722466238235678015e-01
4.520672024073195239e+00 4.917940764134921539e-01
4.546801556562344082e+00 4.676898009988006422e-01
4.573082118027814502e+00 4.447753705243654432e-01
4.599514581418703507e+00 4.796420767200891833e-01
4.626099824729760002e+00 5.445948621194356409e-01
4.652838731030551678e+00 5.682515291994592044e-01
4.679732188494796219e+00 5.435041709242006691e-01
4.706781090429870140e+00 5.087734470073633775e-01
4.733986335306464177e+00 5.373212266810833970e-01
4.761348826788450062e+00 5.525129969004266561e-01
4.788869473762884077e+00 5.395578518723507244e-01
4.816549190370198019e+00 5.409474207847214666e-01
4.844388896034566017e+00 5.200273970672872892e-01
4.872389515494448098e+00 5.210161015533573137e-01
4.900551978833287414e+00 5.003921225889153002e-01
4.928877221510434836e+00 4.938876369155144608e-01
4.957366184392200559e+00 4.632434637756286944e-01
4.986019813783113541e+00 4.561511380424583817e-01
5.014839061457356806e+00 4.405245078270927372e-01
5.043824884690362609e+00 4.237193645280447618e-01
5.072978246290641202e+00 4.431209194645805427e-01
5.102300114631742822e+00 4.366645941816185150e-01
5.131791463684423960e+00 4.170689812012552400e-01
5.161453273049005475e+00 4.141255314561927969e-01
5.191286527987911903e+00 4.256741097870371804e-01
5.221292219458380401e+00 4.166412036155917042e-01
5.251471344145405951e+00 3.998360603165437288e-01
5.281824904494829553e+00 4.046648476990837295e-01
5.312353908746639597e+00 4.047016762329487816e-01
5.343059370968462396e+00 4.132232323764984394e-01
5.373942311089249912e+00 4.321106043209949066e-01
5.405003754933139781e+00 4.483406558989189716e-01
5.436244734253559585e+00 4.696785418275146728e-01
5.467666286767478567e+00 4.490248167395663459e-01
5.499269456189878724e+00 4.383459584007664001e-01
5.531055292268432844e+00 4.668880721461994288e-01
5.563024850818350409e+00 4.567828890464515346e-01
5.595179193757479297e+00 4.198084575279881769e-01
5.627519389141558470e+00 4.058546926393399867e-01
5.660046511199702479e+00 4.098151765119072976e-01
5.692761640370078702e+00 4.350129760859771100e-01
5.725665863335805739e+00 4.531326147475939203e-01
5.758760273061025892e+00 4.558267636480313745e-01
5.792045968827241431e+00 4.336984807234082751e-01
5.825524056269808071e+00 4.160760272689700279e-01
5.859195647414667363e+00 4.118223316075538820e-01
5.893061860715279821e+00 4.107755513565427008e-01
5.927123821089786304e+00 4.248298864722839241e-01
5.961382659958350594e+00 4.206597632531000608e-01
5.995839515280771082e+00 4.094001472648893247e-01
6.030495531594262104e+00 4.005358024599801614e-01
6.065351860051475086e+00 3.951899991212573515e-01
6.100409658458743500e+00 3.852675422087631363e-01
6.135670091314512575e+00 3.809288576230429602e-01
6.171134329848062094e+00 3.896373894000614291e-01
6.206803552058381079e+00 3.978444865236862027e-01
6.242678942753306259e+00 4.061521538744040649e-01
6.278761693588877257e+00 4.115333692649201791e-01
6.315053003108923591e+00 4.242675430898056876e-01
6.351554076784851510e+00 4.198778651495031489e-01
6.388266127055725718e+00 4.164740587311271391e-01
6.425190373368511843e+00 4.348812432533059047e-01
6.462328042218596025e+00 4.528110733173104085e-01
6.499680367190518560e+00 4.586866409508615905e-01
6.537248588998957999e+00 4.602391053014816547e-01
6.575033955529916874e+00 4.503463945124939194e-01
6.613037721882214726e+00 4.271954115320791279e-01
6.651261150409145451e+00 4.247774766356297582e-01
6.689705510760421525e+00 4.246910712292540357e-01
6.728372079924347382e+00 4.219912564005297573e-01
6.767262142270216607e+00 4.318414727273655052e-01
6.806376989591010229e+00 4.286515551018213466e-01
6.845717921146279750e+00 4.172828699940870356e-01
6.885286243705309062e+00 4.240366565121131415e-01
6.925083271590525058e+00 4.175831641932946092e-01
6.965110326721157818e+00 4.077442797230326765e-01
7.005368738657123728e+00 4.090984365836100034e-01
7.045859844643230119e+00 3.982283531651260033e-01
7.086584989653569089e+00 3.997850669619613106e-01
7.127545526436194656e+00 4.005117222647606723e-01
7.168742815558059256e+00 4.165604641375028616e-01
7.210178225450215805e+00 4.218864367272213700e-01
7.251853132453240036e+00 4.201838252769976023e-01
7.293768920862992111e+00 4.235479701973649536e-01
7.335926982976571864e+00 4.122826882808672821e-01
7.378328719138569802e+00 4.114129682888227890e-01
7.420975537787583676e+00 4.131623236474138983e-01
7.463868855503007715e+00 4.121622873047698921e-01
7.507010097052058128e+00 4.077017852608806892e-01
7.550400695437144982e+00 3.951333398383879980e-01
7.594042091943437711e+00 3.863398191370655543e-01
7.637935736186750368e+00 3.993516234480107840e-01
7.682083086161699548e+00 3.933032450017081016e-01
7.726485608290103890e+00 3.825110680971694488e-01
7.771144777469737974e+00 3.894730774797403594e-01
7.816062077123293150e+00 4.012837049938555167e-01
7.861238999247660786e+00 4.068929739979207372e-01
7.906677044463489068e+00 4.095205482409866593e-01
7.952377722065040011e+00 6.556739697027165192e-01
7.998342550070284496e+00 5.751880419047388227e-01
