2.511886431509579437e-02 6.430945732572600493e-01
2.526405161860213050e-02 6.444473014977876169e-01
2.541007810627042562e-02 6.452419110936220559e-01
2.555694862859406516e-02 6.472899227305047853e-01
2.570466806410236227e-02 6.504778207518880917e-01
2.585324131952258450e-02 6.549806084616162094e-01
2.600267332994290678e-02 6.603442232334983952e-01
2.615296905897638788e-02 6.665355563343747791e-01
2.630413349892583852e-02 6.734316324696518752e-01
2.645617167094958117e-02 6.810088025442155857e-01
2.660908862522835469e-02 6.892434174629518129e-01
2.676288944113292337e-02 6.987408940607819918e-01
2.691757922739292791e-02 7.107404449216859765e-01
2.707316312226650673e-02 7.255022100919190642e-01
2.722964629371095457e-02 7.427187513349976511e-01
2.738703393955444973e-02 7.625981806879260638e-01
2.754533128766867636e-02 7.852918523594346611e-01
2.770454359614242176e-02 8.111213940430753722e-01
2.786467615345633933e-02 8.404557316226286545e-01
2.802573427865854422e-02 8.701921038191217095e-01
2.818772332154127064e-02 8.957615054565072343e-01
2.835064866281864979e-02 9.172774521913326096e-01
2.851451571430539678e-02 9.355865816286834669e-01
2.867932991909653145e-02 9.515875593828964085e-01
2.884509675174826843e-02 9.661081037829654106e-01
2.901182171845980567e-02 9.797630913018577914e-01
2.917951035725619563e-02 9.908214081772197535e-01
2.934816823817239240e-02 9.939383589132606556e-01
2.951780096343814899e-02 9.905565383119415701e-01
2.968841416766421215e-02 9.854909021384973267e-01
2.986001351802944001e-02 9.806097289069433121e-01
3.003260471446899879e-02 9.772089890295329040e-01
3.020619348986378766e-02 9.757900433226858183e-01
3.038078561023081769e-02 9.771002031920079656e-01
3.055638687491469066e-02 9.827901754764650777e-01
3.073300311678033025e-02 9.920937294943594775e-01
3.091064020240668481e-02 1.003520972253501675e+00
3.108930403228154019e-02 1.016717167327179983e+00
3.126900054099761295e-02 1.031379606297933904e+00
3.144973569744963920e-02 1.047385313871169732e+00
3.163151550503255638e-02 1.064819426789298085e+00
3.181434600184106232e-02 1.083899516727369283e+00
3.199823326087009728e-02 1.104786397532159237e+00
3.218318339021652985e-02 1.127673991783603391e+00
3.236920253328214730e-02 1.152917035908413990e+00
3.255629686897762443e-02 1.180794589228937541e+00
3.274447261192782455e-02 1.211609360162634541e+00
3.293373601267822470e-02 1.250058058999169219e+00
3.312409335790250653e-02 1.301064427341301011e+00
3.331555097061136145e-02 1.364992661253787487e+00
3.350811521036261426e-02 1.444879304549281374e+00
3.370179247347232510e-02 1.543368326061541174e+00
3.389658919322740410e-02 1.664399665036579323e+00
3.409251184009919750e-02 1.775853120490399339e+00
3.428956692195841288e-02 1.804705016529624340e+00
3.448776098429136294e-02 1.744480230912008656e+00
3.468710061041735404e-02 1.637212665293388048e+00
3.488759242170727526e-02 1.518182039765004543e+00
3.508924307780367929e-02 1.408975248347025921e+00
3.529205927684192501e-02 1.324737171550534054e+00
3.549604775567258980e-02 1.268636788120820924e+00
3.570121529008542238e-02 1.229795514305392024e+00
3.590756869503420462e-02 1.200243605050788975e+00
3.611511482486330638e-02 1.177327631885207726e+00
3.632386057353523962e-02 1.159340130141408798e+00
3.653381287485973905e-02 1.146451373304214094e+00
3.674497870272393912e-02 1.138453249336618844e+00
3.695736507132423021e-02 1.133974110722004935e+00
3.717097903539903075e-02 1.132115291846035099e+00
3.738582769046329413e-02 1.132503137005906435e+00
3.760191817304411876e-02 1.134910614888523961e+00
3.781925766091774610e-02 1.139782328482032314e+00
3.803785337334809891e-02 1.147250712719071197e+00
3.825771257132654091e-02 1.156984680268042576e+00
3.847884255781295476e-02 1.168965311852855127e+00
3.870125067797849233e-02 1.183183147835463522e+00
3.892494431944945599e-02 1.200026033375739098e+00
3.914993091255265789e-02 1.220340606078767154e+00
3.937621793056233360e-02 1.244500521647351254e+00
3.960381288994833243e-02 1.272543618633673379e+00
3.983272335062570252e-02 1.304824633464445771e+00
4.006295691620595512e-02 1.341575327271786744e+00
4.029452123424955012e-02 1.380733498961745020e+00
4.052742399651988042e-02 1.420903851922587391e+00
4.076167293923887297e-02 1.463406005661682219e+00
4.099727584334383890e-02 1.508637264976945946e+00
4.123424053474603751e-02 1.557463186749556305e+00
4.147257488459059338e-02 1.605059355576231805e+00
4.171228680951784978e-02 1.650318993805632850e+00
4.195338427192649156e-02 1.698714502047165897e+00
4.219587528023795858e-02 1.754053384614204347e+00
4.243976788916238585e-02 1.819452592242788880e+00
4.268507019996626434e-02 1.876432722010747289e+00
4.293179036074151744e-02 1.905880575246848174e+00
4.317993656667604152e-02 1.915136831074514046e+00
4.342951706032609216e-02 1.908278593491419706e+00
4.368054013188996804e-02 1.891331651932642188e+00
4.393301411948334623e-02 1.851913340196428726e+00
4.418694740941636612e-02 1.790392584166559331e+00
4.444234843647213579e-02 1.722060888743824014e+00
4.469922568418681352e-02 1.652707552412159053e+00
4.495758768513159753e-02 1.587904301980450184e+00
4.521744302119593689e-02 1.533293811542926433e+00
4.547880032387276866e-02 1.487892278742840801e+00
4.574166827454511502e-02 1.448204367322326380e+00
4.600605560477452616e-02 1.413284113476818149e+00
4.627197109659098723e-02 1.383188275034590520e+00
4.653942358278480296e-02 1.357774957424958240e+00
4.680842194719982141e-02 1.335672513131302752e+00
4.707897512502866311e-02 1.315925518711013265e+00
4.735109210310945588e-02 1.298122479909104454e+00
4.762478192022426976e-02 1.281955958489092939e+00
4.790005366739954334e-02 1.267028649653060945e+00
4.817691648820784933e-02 1.253175009735210121e+00
4.845537957907175564e-02 1.240328821269220727e+00
4.873545218956924774e-02 1.228386028236590599e+00
4.901714362274099679e-02 1.217256764075886233e+00
4.930046323539925834e-02 1.207007246253427146e+00
4.958542043843887359e-02 1.197675313321395540e+00
4.987202469714965836e-02 1.189412319488522440e+00
5.016028553153097091e-02 1.182468945163017038e+00
5.045021251660784106e-02 1.176769513240514486e+00
5.074181528274907677e-02 1.172139020417169997e+00
5.103510351598705003e-02 1.168629494702234650e+00
5.133008695833959217e-02 1.166661889988739986e+00
5.162677540813340182e-02 1.166354451752256605e+00
5.192517872032970105e-02 1.167470689041642862e+00
5.222530680685147364e-02 1.170043710590058961e+00
5.252716963691266006e-02 1.174234330244280811e+00
5.283077723734942721e-02 1.180212821489130315e+00
5.313613969295318679e-02 1.187946075591447048e+00
5.344326714680543849e-02 1.197273278704455768e+00
5.375216980061491706e-02 1.206293043580980662e+00
5.406285791505632127e-02 1.214172922073005090e+00
5.437534181011107609e-02 1.221877797261184950e+00
5.468963186541032917e-02 1.228442786064864345e+00
5.500573852057948770e-02 1.230084033265784305e+00
5.532367227558519784e-02 1.226782619587853285e+00
5.564344369108398941e-02 1.221854148166070742e+00
5.596506338877313413e-02 1.216296610814252777e+00
5.628854205174332881e-02 1.210635017443932870e+00
5.661389042483377931e-02 1.205522083080260431e+00
5.694111931498885282e-02 1.201681470033727495e+00
5.727023959161724881e-02 1.198952364457558151e+00
5.760126218695296035e-02 1.196942191372857955e+00
5.793419809641841417e-02 1.195755006798129072e+00
5.826905837898961604e-02 1.195518515846987873e+00
5.860585415756369709e-02 1.195371891457280400e+00
5.894459661932811845e-02 1.195182698696367618e+00
5.928529701613251268e-02 1.195707708607900877e+00
5.962796666486229469e-02 1.197159763047907832e+00
5.997261694781454155e-02 1.199997654461602004e+00
6.031925931307623168e-02 1.204949774978498533e+00
6.066790527490428103e-02 1.212673569442769939e+00
6.101856641410823012e-02 1.222691326133110712e+00
6.137125437843479747e-02 1.235012504687566626e+00
6.172598088295483398e-02 1.250767531852592596e+00
6.208275771045231733e-02 1.263145468235322477e+00
6.244159671181598315e-02 1.258879171476735559e+00
6.280250980643269088e-02 1.238470002393250891e+00
6.316550898258359303e-02 1.210147846084582035e+00
6.353060629784218483e-02 1.180160793479879011e+00
6.389781387947492119e-02 1.153546101838449633e+00
6.426714392484385308e-02 1.132536245739066416e+00
6.463860870181208085e-02 1.119103559714246687e+00
6.501222054915094251e-02 1.112344648330631625e+00
6.538799187695008841e-02 1.111223681222222259e+00
6.576593516702965159e-02 1.108437817817778948e+00
6.614606297335466623e-02 1.092909821965848627e+00
6.652838792245242827e-02 1.066366077609761431e+00
6.691292271383147972e-02 1.036554028308902975e+00
6.729968012040381253e-02 1.009352839108643485e+00
6.768867298890894613e-02 9.866213288849522423e-01
6.807991424034069705e-02 9.688750479113173997e-01
6.847341687037629410e-02 9.570173916210981124e-01
6.886919394980822728e-02 9.499983401912276415e-01
6.926725862497820629e-02 9.465976003138173445e-01
6.966762411821400547e-02 9.460536711261925413e-01
7.007030372826857090e-02 9.480165460206644301e-01
7.047531083076181979e-02 9.524578460830960269e-01
7.088265887862478520e-02 9.575329418945858206e-01
7.129236140254673060e-02 9.628208795621029381e-01
7.170443201142430445e-02 9.686716656933359593e-01
7.211888439281383123e-02 9.710176559286565201e-01
7.253573231338585059e-02 9.696696575071518387e-01
7.295498961938230720e-02 9.678675964594559700e-01
7.337667023707672431e-02 9.667891977222521360e-01
7.380078817323644513e-02 9.678155684502048883e-01
7.422735751558823258e-02 9.709845471954967611e-01
7.465639243328600627e-02 9.744467747202038010e-01
7.508790717738160481e-02 9.781502230150748156e-01
7.552191608129793510e-02 9.806664867352170578e-01
7.595843356130543844e-02 9.809739249717007725e-01
7.639747411700059665e-02 9.831638311792680884e-01
7.683905233178781047e-02 9.823077339361370175e-01
7.728318287336367887e-02 9.646182107907760317e-01
7.772988049420428980e-02 9.332027528411803718e-01
7.817916003205507836e-02 9.028562339907428846e-01
7.863103641042397396e-02 8.726563395300128700e-01
7.908552463907676799e-02 8.392496277718084485e-01
7.954263981453599253e-02 7.990698151729204168e-01
8.000239712058217212e-02 7.565440123387116023e-01
8.046481182875830918e-02 7.205642790320910818e-01
8.092989929887701994e-02 6.918258986494135732e-01
8.139767497953076525e-02 6.677794987373774083e-01
8.186815440860513438e-02 6.477156064425588777e-01
8.234135321379483508e-02 6.305274441136172747e-01
8.281728711312283386e-02 6.153920232405810653e-01
8.329597191546232737e-02 6.018883899304191543e-01
8.377742352106211376e-02 5.896050499281457746e-01
8.426165792207447602e-02 5.782960526445740657e-01
8.474869120308657633e-02 5.677580158617226980e-01
8.523853954165466762e-02 5.578868835610893973e-01
8.573121920884146929e-02 5.485596804480808997e-01
8.622674656975649887e-02 5.397527574275829965e-01
8.672513808409994251e-02 5.313336795669566515e-01
8.722641030670905127e-02 5.232598784949964443e-01
8.773057988810836760e-02 5.155124349356110525e-01
8.823766357506258873e-02 5.080345910605266191e-01
8.874767821113291322e-02 5.009540519833594052e-01
8.926064073723644077e-02 4.943370351704288734e-01
8.977656819220893036e-02 4.883301650114427184e-01
9.029547771337091688e-02 4.831320939053593833e-01
9.081738653709675591e-02 4.789036356989548326e-01
9.134231199938727674e-02 4.756495202112520637e-01
9.187027153644546085e-02 4.732183932335207177e-01
9.240128268525588107e-02 4.714343054981115499e-01
9.293536308416693037e-02 4.700962396965546741e-01
9.347253047347692245e-02 4.691275727606803447e-01
9.401280269602330097e-02 4.690107462308166220e-01
9.455619769777530437e-02 4.700380629225739959e-01
9.510273352842993355e-02 4.725699350454914960e-01
9.565242834201181932e-02 4.768934626142548039e-01
9.620530039747586526e-02 4.831793920955875787e-01
9.676136805931405405e-02 4.918917187356290355e-01
9.732064979816532069e-02 5.030872003626528643e-01
9.788316419142908953e-02 5.170259770229146401e-01
9.844892992388228070e-02 5.336229119740033555e-01
9.901796578830000806e-02 5.515678453465968634e-01
9.959029068607995472e-02 5.701276551921573565e-01
1.001659236278700377e-01 5.868664847139307694e-01
1.007448837341998471e-01 6.016140604270954206e-01
1.013271902361159299e-01 6.161109557320503249e-01
1.019128624758204177e-01 6.326511328548650726e-01
1.025019199073136378e-01 6.472710034544134627e-01
1.030943820970401520e-01 6.498251057267382391e-01
1.036902687245389171e-01 6.425601037076810185e-01
1.042895995830967204e-01 6.291416071399299481e-01
1.048923945804057928e-01 6.156710825629276851e-01
1.054986737392250712e-01 6.040451874048268222e-01
1.061084571980452224e-01 5.948456894054344746e-01
1.067217652117575799e-01 5.880442096506139915e-01
1.073386181523270227e-01 5.837353445208214309e-01
1.079590365094685589e-01 5.819285536541027870e-01
1.085830408913279893e-01 5.829360051059642167e-01
1.092106520251663743e-01 5.870083792846154669e-01
1.098418907580486492e-01 5.948598788625030220e-01
1.104767780575359459e-01 6.073182221686208582e-01
1.111153350123821049e-01 6.253151835504654477e-01
1.117575828332342536e-01 6.498203759077154640e-01
1.124035428533372433e-01 6.752431531553934052e-01
1.130532365292423180e-01 6.967543700711960053e-01
1.137066854415197809e-01 7.178304436368988517e-01
1.143639112954759340e-01 7.447478436957890580e-01
1.150249359218739331e-01 7.822978769179871339e-01
1.156897812776589568e-01 8.279027919360543164e-01
1.163584694466876512e-01 8.718002422868817991e-01
1.170310226404614878e-01 9.088347252355921668e-01
1.177074631988646730e-01 9.409028982103374572e-01
1.183878135909062629e-01 9.685250413036284867e-01
1.190720964154663303e-01 9.901119353237961551e-01
1.197603344020467531e-01 1.002896636142488918e+00
1.204525504115261381e-01 1.000441860069643418e+00
1.211487674369193246e-01 9.782164404813943337e-01
1.218490086041408849e-01 9.340683097223571041e-01
1.225532971727734816e-01 8.762415423493133959e-01
1.232616565368404721e-01 8.208317124969325418e-01
1.239741102255828148e-01 7.752031483837514836e-01
1.246906819042407494e-01 7.402970839953119109e-01
1.254113953748399735e-01 7.158581091043813016e-01
1.261362745769819826e-01 7.003159237953823224e-01
1.268653435886395453e-01 6.936516087922236506e-01
1.275986266269562852e-01 6.959644902943844524e-01
1.283361480490512463e-01 7.084654019717077089e-01
1.290779323528278288e-01 7.341010210754126408e-01
1.298240041777875831e-01 7.757518073903989508e-01
1.305743883058487209e-01 8.251784161789077476e-01
1.313291096621690413e-01 8.620142467286594501e-01
1.320881933159741561e-01 8.601270489385526297e-01
1.328516644813900749e-01 8.129896725570908700e-01
1.336195485182806453e-01 7.401741087007185360e-01
1.343918709330900185e-01 6.674200324916428340e-01
1.351686573796898327e-01 6.124453459893619556e-01
1.359499336602315311e-01 5.759169536760936348e-01
1.367357257260030934e-01 5.547793924630941564e-01
1.375260596782912625e-01 5.451684002087161529e-01
1.383209617692485738e-01 5.433237707898149749e-01
1.391204584027652402e-01 5.470745172749141849e-01
1.399245761353461737e-01 5.550821008805548740e-01
1.407333416769932510e-01 5.669823255419794705e-01
1.415467818920924381e-01 5.823968057373622997e-01
1.423649238003061035e-01 6.008762086595349494e-01
1.431877945774705507e-01 6.210630762489468548e-01
1.440154215564987683e-01 6.357538941338375382e-01
1.448478322282882313e-01 6.387998975845361471e-01
1.456850542426340045e-01 6.325092382841803751e-01
1.465271154091474515e-01 6.223637764802234518e-01
1.473740436981796631e-01 6.140676739141904816e-01
1.482258672417506584e-01 6.096547527658958687e-01
1.490826143344838317e-01 6.101088153920869450e-01
1.499443134345459228e-01 6.151271533753029930e-01
1.508109931645919832e-01 6.239435360338465575e-01
1.516826823127164214e-01 6.361086305605493374e-01
1.525594098334091819e-01 6.513481074520875991e-01
1.534412048485173929e-01 6.695295317758223064e-01
1.543280966482127869e-01 6.902177601816535946e-01
1.552201146919646169e-01 7.095248814328202203e-01
1.561172886095181789e-01 7.252562595027322034e-01
1.570196482018790252e-01 7.418957628250262282e-01
1.579272234423027277e-01 7.635394146734679754e-01
1.588400444772908315e-01 7.944487819876215884e-01
1.597581416275917487e-01 8.411652044760522529e-01
1.606815453892082024e-01 9.007230856114494255e-01
1.616102864344102497e-01 9.204511607556473685e-01
1.625443956127538836e-01 9.008649801821341230e-01
1.634839039521058524e-01 8.630784560087947366e-01
1.644288426596743347e-01 8.210729332670966274e-01
1.653792431230455828e-01 7.970643719072431077e-01
1.663351369112262834e-01 8.028584002102021611e-01
1.672965557756923849e-01 8.060557578696311287e-01
1.682635316514438095e-01 7.595710965133188886e-01
1.692360966580649384e-01 6.966550438717167282e-01
1.702142831007917856e-01 6.435722849785652233e-01
1.711981234715850009e-01 6.054026454643772759e-01
1.721876504502090899e-01 5.789251185746097095e-01
1.731828969053178791e-01 5.621389908626079901e-01
1.741838958955464201e-01 5.554794056784720935e-01
1.751906806706090836e-01 5.594761027527581643e-01
1.762032846724038426e-01 5.627112989643696661e-01
1.772217415361232173e-01 5.603558490910034440e-01
1.782460850913716033e-01 5.591071768689779287e-01
1.792763493632887617e-01 5.579814799415458992e-01
1.803125685736800821e-01 5.619214191875581133e-01
1.813547771421535060e-01 5.816589539698018285e-01
1.824030096872625850e-01 6.225340499650450221e-01
1.834573010276564775e-01 6.562292806836417247e-01
1.845176861832364401e-01 6.407864215741221336e-01
1.855842003763193415e-01 6.075972814909674780e-01
1.866568790328071992e-01 5.863462046214201751e-01
1.877357577833641822e-01 5.769433244040464981e-01
1.888208724646001924e-01 5.754203226786972492e-01
1.899122591202609955e-01 5.788589011082900804e-01
1.910099540024255971e-01 5.862468784219408979e-01
1.921139935727104175e-01 5.980666961599775400e-01
1.932244145034804905e-01 6.154724301639691308e-01
1.943412536790674328e-01 6.391073358210196398e-01
1.954645481969946030e-01 6.676376041666928218e-01
1.965943353692096995e-01 6.997672647887347441e-01
1.977306527233236300e-01 7.413802125515385200e-01
1.988735380038573475e-01 7.996184741795678841e-01
2.000230291734956534e-01 8.415908881881062342e-01
2.011791644143479663e-01 8.062213015354299239e-01
2.023419821292166965e-01 7.138668552957725399e-01
2.035115209428728922e-01 6.234137963032903018e-01
2.046878197033392410e-01 5.577922871806330063e-01
2.058709174831803157e-01 5.156354102302044273e-01
2.070608535808005912e-01 4.919532063829256674e-01
2.082576675217497619e-01 4.795610805431273493e-01
2.094613990600355524e-01 4.682563400966762157e-01
2.106720881794442723e-01 4.529113882409289138e-01
2.118897750948690872e-01 4.367477047123309308e-01
2.131145002536455058e-01 4.239261113052602004e-01
2.143463043368951104e-01 4.167642193409004103e-01
2.155852282608767823e-01 4.170593600479245988e-01
2.168313131783459469e-01 4.268973836153981405e-01
2.180846004799212312e-01 4.433831678194504189e-01
2.193451317954595303e-01 4.528238865890067411e-01
2.206129489954388734e-01 4.498318030751684016e-01
2.218880941923488948e-01 4.391149791332542573e-01
2.231706097420899648e-01 4.239719905497816299e-01
2.244605382453801201e-01 4.072653237973634099e-01
2.257579225491697927e-01 3.916800971352566441e-01
2.270628057480653939e-01 3.789105317374370507e-01
2.283752311857605299e-01 3.697644806930026617e-01
2.296952424564759343e-01 3.654400071604348432e-01
2.310228834064072811e-01 3.669464545192042126e-01
2.323581981351817149e-01 3.699371190873357307e-01
2.337012309973229007e-01 3.797860212385616996e-01
2.350520266037238737e-01 4.094329998555235606e-01
2.364106298231291869e-01 4.641574789314971139e-01
2.377770857836252472e-01 5.234632607129777737e-01
2.391514398741393099e-01 5.437494545018690673e-01
2.405337377459470793e-01 5.274504981492182942e-01
2.419240253141889951e-01 5.304397437716429353e-01
2.433223487593957901e-01 5.454474595310627727e-01
2.447287545290218747e-01 5.315323319659152057e-01
2.461432893389885190e-01 4.980877816555281390e-01
2.475660001752356676e-01 4.569847083833848411e-01
2.489969342952823017e-01 4.157577138528434912e-01
2.504361392297964617e-01 3.802244754619775180e-01
2.518836627841739007e-01 3.531401127915815286e-01
2.533395530401260642e-01 3.348555784131493351e-01
2.548038583572773130e-01 3.246878864597850245e-01
2.562766273747711931e-01 3.199594863826680791e-01
2.577579090128856998e-01 3.163009713685138724e-01
2.592477524746588102e-01 3.139001152325285315e-01
2.607462072475227322e-01 3.158185298281858677e-01
2.622533231049470337e-01 3.231369788022011025e-01
2.637691501080930423e-01 3.373557607486140086e-01
2.652937386074759596e-01 3.570280240283427164e-01
2.668271392446371348e-01 3.646785062977602188e-01
2.683694029538270520e-01 3.586333246046891077e-01
2.699205809636965880e-01 3.574783027993155837e-01
2.714807247989985406e-01 3.680281641297240003e-01
2.730498862822996475e-01 3.814428768422569171e-01
2.746281175357012105e-01 3.870647397327852679e-01
2.762154709825712651e-01 3.921294299424249452e-01
2.778119993492854656e-01 4.044993256328160425e-01
2.794177556669779627e-01 4.244459184158685394e-01
2.810327932733039380e-01 4.480888647652577772e-01
2.826571658142107979e-01 4.766049436538624673e-01
2.842909272457196934e-01 5.130623886817883283e-01
2.859341318357184192e-01 5.573666034685788029e-01
2.875868341657639160e-01 6.033735531035858690e-01
2.892490891328946545e-01 6.467554531809256435e-01
2.909209519514548425e-01 6.806256872033669136e-01
2.926024781549284581e-01 6.836054731877457824e-01
2.942937235977828858e-01 6.660578446130696051e-01
2.959947444573255426e-01 6.441587825373954468e-01
2.977055972355692748e-01 6.286875445137387608e-01
2.994263387611086902e-01 6.253482922836250957e-01
3.011570261910088142e-01 6.192326362871140022e-01
3.028977170127025720e-01 5.976646615430375453e-01
3.046484690459013711e-01 5.720101231632412908e-01
3.064093404445150659e-01 5.530246296056264832e-01
3.081803896985833569e-01 5.449366390765978396e-01
3.099616756362194026e-01 5.500022752500420831e-01
3.117532574255635347e-01 5.720006635251956295e-01
3.135551945767480198e-01 5.970545148890933351e-01
3.153675469438748658e-01 5.944956827977455616e-01
3.171903747270033436e-01 5.782724035494599679e-01
3.190237384741493876e-01 5.665661014679710394e-01
3.208676990832974307e-01 5.649910717333707089e-01
3.227223178044230090e-01 5.724405366943182694e-01
3.245876562415266342e-01 5.850549640281893504e-01
3.264637763546810456e-01 5.981565627214111558e-01
3.283507404620888970e-01 6.083587823536420469e-01
3.302486112421523790e-01 6.151602621084627520e-01
3.321574517355558864e-01 6.164893412538762218e-01
3.340773253473591775e-01 6.165792078153098377e-01
3.360082958491044103e-01 6.209684798684903528e-01
3.379504273809338932e-01 6.197812952937615805e-01
3.399037844537201591e-01 6.102932783339770628e-01
3.418684319512097503e-01 5.703925250574355399e-01
3.438444351321779946e-01 5.123292667332506323e-01
3.458318596325960503e-01 4.834300725037972701e-01
3.478307714678123830e-01 4.870389244182117827e-01
3.498412370347446232e-01 4.871618997128051576e-01
3.518633231140849693e-01 4.727274380189515068e-01
3.538970968725191901e-01 4.580200657674809439e-01
3.559426258649572294e-01 4.480770402177007838e-01
3.579999780367765227e-01 4.347692214150837842e-01
3.600692217260801353e-01 4.201238097928121640e-01
3.621504256659661136e-01 4.016737317485810643e-01
3.642436589868098817e-01 3.793106744267679131e-01
3.663489912185618480e-01 3.601681508775954610e-01
3.684664922930561692e-01 3.467170185585868314e-01
3.705962325463332818e-01 3.383111841912244122e-01
3.727382827209774208e-01 3.370057541409250401e-01
3.748927139684648524e-01 3.377478627456060867e-01
3.770595978515288715e-01 3.312107798741613096e-01
3.792390063465359562e-01 3.203435476873213728e-01
3.814310118458763554e-01 3.096385482929642774e-01
3.836356871603694985e-01 3.040138475110222283e-01
3.858531055216822825e-01 3.085417032615714317e-01
3.880833405847607942e-01 3.257487848666044128e-01
3.903264664302779630e-01 3.503263434549037103e-01
3.925825575670940371e-01 3.708461903035224494e-01
3.948516889347303827e-01 3.805995501104874057e-01
3.971339359058604912e-01 3.864233762732903754e-01
3.994293742888124776e-01 3.890243037539411475e-01
4.017380803300868997e-01 3.940360199905252325e-01
4.040601307168905088e-01 3.969661428751645738e-01
4.063956025796829352e-01 3.912274534547724447e-01
4.087445734947380283e-01 3.763332533519003764e-01
4.111071214867221824e-01 3.580482459915658167e-01
4.134833250312844322e-01 3.373444091829592151e-01
4.158732630576643108e-01 3.101143680866603747e-01
4.182770149513134750e-01 2.905050113999351757e-01
4.206946605565314856e-01 2.822046519967816858e-01
4.231262801791195738e-01 2.751818167116929503e-01
4.255719545890473410e-01 2.715843163629331758e-01
4.280317650231349469e-01 2.726281874212703737e-01
4.305057931877529498e-01 2.794722355472963882e-01
4.329941212615355806e-01 2.914207043627538574e-01
4.354968318981098929e-01 3.014848132795183711e-01
4.380140082288422887e-01 3.009862903545127422e-01
4.405457338655994204e-01 2.926807281504341107e-01
4.430920929035247480e-01 2.896106026227192043e-01
4.456531699238333033e-01 2.972714904939869340e-01
4.482290499966203323e-01 3.052421815112495440e-01
4.508198186836865351e-01 3.045241949835849060e-01
4.534255620413813470e-01 3.006547300410127854e-01
4.560463666234608748e-01 2.953701032468117327e-01
4.586823194839622087e-01 2.898447286643489607e-01
4.613335081800964965e-01 2.861436452789893892e-01
4.640000207751556194e-01 2.870281214362574440e-01
4.666819458414390720e-01 2.960431564937595628e-01
4.693793724631949438e-01 3.168718605245686715e-01
4.720923902395786631e-01 3.535440393361307110e-01
4.748210892876304490e-01 3.993911210881663232e-01
4.775655602452679171e-01 4.283366675440433702e-01
4.803258942742961168e-01 4.375754230413250734e-01
4.831021830634371073e-01 4.350468617917235270e-01
4.858945188313745223e-01 4.275969238488737667e-01
4.887029943298164536e-01 4.235420500006069067e-01
4.915277028465775411e-01 4.273665816624622193e-01
4.943687382086768833e-01 4.360316101122754251e-01
4.972261947854541564e-01 4.403598675000615081e-01
5.001001674917054940e-01 4.415640794232724708e-01
5.029907517908354109e-01 4.511291924331289338e-01
5.058980436980275996e-01 4.358026868715706992e-01
5.088221397834349347e-01 3.933658046349911008e-01
5.117631371753864622e-01 3.629970556351463373e-01
5.147211335636141527e-01 3.479945426766515304e-01
5.176962272024980827e-01 3.418268586708892998e-01
5.206885169143288250e-01 3.428593781635717597e-01
5.236981020925914887e-01 3.487915171819974125e-01
5.267250827052667450e-01 3.577370238998640040e-01
5.297695592981502832e-01 3.659162999360331958e-01
5.328316329981945820e-01 3.646666817502031699e-01
5.359114055168668900e-01 3.558966513180832902e-01
5.390089791535270791e-01 3.436019597501551170e-01
5.421244567988269258e-01 3.366046654877895561e-01
5.452579419381275994e-01 3.399746615415515372e-01
5.484095386549359130e-01 3.482977240760145587e-01
5.515793516343632241e-01 3.578949998552263256e-01
5.547674861666017643e-01 3.655218330295297302e-01
5.579740481504216199e-01 3.768043433265735875e-01
5.611991440966896949e-01 3.996943024875292960e-01
5.644428811319066597e-01 4.409917713215107393e-01
5.677053670017649933e-01 4.860976904326698711e-01
5.709867100747291202e-01 5.094393473103052683e-01
5.742870193456336425e-01 5.063649649454697865e-01
5.776064044393048880e-01 4.940816249431964069e-01
5.809449756142023302e-01 4.875402852346311100e-01
5.843028437660793273e-01 4.842057628235403310e-01
5.876801204316687288e-01 4.803225814058020293e-01
5.910769177923870243e-01 4.733886667183422881e-01
5.944933486780595855e-01 4.595023910492339048e-01
5.979295265706701112e-01 4.280628110226218919e-01
6.013855656081297241e-01 3.817200442369942937e-01
6.048615805880666052e-01 3.596540195498145187e-01
6.083576869716416091e-01 3.661386014301059033e-01
6.118740008873820857e-01 3.671432149905536901e-01
6.154106391350390171e-01 3.581092606569602488e-01
6.189677191894675801e-01 3.579758797605165910e-01
6.225453592045292472e-01 3.690691972966475554e-01
6.261436780170150929e-01 3.847140196784418764e-01
6.297627951505950783e-01 3.876971165361368099e-01
6.334028308197864332e-01 3.750183636635553430e-01
6.370639059339481269e-01 3.685645256069122744e-01
6.407461421012968783e-01 3.732735334260355864e-01
6.444496616329448146e-01 3.670911869813026640e-01
6.481745875469649976e-01 3.469568203830440400e-01
6.519210435724759334e-01 3.299138634981030327e-01
6.556891541537508417e-01 3.264904204893831485e-01
6.594790444543533470e-01 3.452990188155442564e-01
6.632908403612935988e-01 3.733695487521989653e-01
6.671246684892090384e-01 3.891827526912057245e-01
6.709806561845721440e-01 4.035547807739581216e-01
6.748589315299192704e-01 4.279275381985691018e-01
6.787596233481042463e-01 4.554054218116639352e-01
6.826828612065795054e-01 4.506046555034978196e-01
6.866287754216984229e-01 4.250461324498648885e-01
6.905974970630435195e-01 4.044548653340015454e-01
6.945891579577818664e-01 3.928393757777508544e-01
6.986038906950429173e-01 3.920792938607829958e-01
7.026418286303216520e-01 3.927168734650597348e-01
7.067031058899108098e-01 3.748845097852094299e-01
7.107878573753529938e-01 3.603966011363978206e-01
7.148962187679240854e-01 3.511441291639499362e-01
7.190283265331394169e-01 3.466763421149905433e-01
7.231843179252852583e-01 3.346195604439104465e-01
7.273643309919801681e-01 3.195749520961124746e-01
7.315685045787596597e-01 3.094223955636212220e-01
7.357969783336865133e-01 3.137279498200977179e-01
7.400498927119919523e-01 3.344327325925088856e-01
7.443273889807401344e-01 3.698217115031787738e-01
7.486296092235191768e-01 4.126852234156171417e-01
7.529566963451627126e-01 4.371317660169842245e-01
7.573087940764960946e-01 4.164563081225145513e-01
7.616860469791092436e-01 3.783670755317145584e-01
7.660886004501606950e-01 3.618756155448348277e-01
7.705166007272060691e-01 3.585931211429951304e-01
7.749701948930545203e-01 3.625628582488511498e-01
7.794495308806568268e-01 3.738813151704684645e-01
7.839547574780165728e-01 3.688833154090505606e-01
7.884860243331343055e-01 3.405138609101534541e-01
7.930434819589780027e-01 3.128387438438068879e-01
7.976272817384808533e-01 2.946213728954987232e-01
8.022375759295721220e-01 2.953734141201276864e-01
8.068745176702336597e-01 3.063891626242843391e-01
8.115382609835852801e-01 3.160753590011252112e-01
8.162289607830032212e-01 3.288472893084562476e-01
8.209467728772645856e-01 3.389459259040873418e-01
8.256918539757219788e-01 3.221782444862746897e-01
8.304643616935105666e-01 2.899062163116457036e-01
8.352644545567829981e-01 2.768320505687561495e-01
8.400922920079733069e-01 2.694450192189099536e-01
8.449480344110958940e-01 2.664718549811629367e-01
8.498318430570707127e-01 2.690737284256182749e-01
8.547438801690798726e-01 2.746530229449412608e-01
8.596843089079587719e-01 2.872589366045712467e-01
8.646532933776126528e-01 3.145405327282188579e-01
8.696509986304700179e-01 3.258684492878818340e-01
8.746775906729644667e-01 3.168274002257541744e-01
8.797332364710471753e-01 3.078199328786885292e-01
8.848181039557355687e-01 2.817851170494572455e-01
8.899323620286901937e-01 2.637678174458145675e-01
8.950761805678236760e-01 2.532936332197712748e-01
9.002497304329459826e-01 2.368977155771526122e-01
9.054531834714387717e-01 2.199848287153392534e-01
9.106867125239620497e-01 2.177164075119929765e-01
9.159504914301977996e-01 2.207047071706130514e-01
9.212446950346235841e-01 2.157625192736644659e-01
9.265694991923183466e-01 2.100649792787709358e-01
9.319250807748065135e-01 2.142522880596768042e-01
9.373116176759319629e-01 2.314158553296997711e-01
9.427292888177655206e-01 2.510025088851153829e-01
9.481782741565508710e-01 2.593440177137674718e-01
9.536587546886805544e-01 2.522516540890431536e-01
9.591709124567069367e-01 2.359465489716627007e-01
9.647149305553922582e-01 2.134827465046633954e-01
9.702909931377862174e-01 1.927254627410988908e-01
9.758992854213467405e-01 1.778194380906696903e-01
9.815399936940907288e-01 1.737773347537644730e-01
9.872133053207802211e-01 1.770328691871740912e-01
9.929194087491489684e-01 1.831735932245062148e-01
9.986584935161608723e-01 1.906363016787176179e-01
1.004430750254303728e+00 2.056350307819941325e-01
1.010236370697924935e+00 2.218521612655501019e-01
1.016075547689597958e+00 2.318344443132197286e-01
1.021948475186527761e+00 2.379609788934833881e-01
1.027855348266994762e+00 2.318585663902360816e-01
1.033796363136834096e+00 2.232152951079278969e-01
1.039771717135951290e+00 2.123149541879281732e-01
1.045781608744880131e+00 2.084596787024245168e-01
1.051826237591374280e+00 2.052013063776012280e-01
1.057905804457035748e+00 1.887235628658876507e-01
1.064020511283988890e+00 1.777924781222396111e-01
1.070170561181583713e+00 1.821878989401497506e-01
1.076356158433145582e+00 1.903037954014130950e-01
1.082577508502760022e+00 1.874204977250997217e-01
1.088834818042095476e+00 1.834048813747223006e-01
1.095128294897270704e+00 1.743936301724384186e-01
1.101458148115757263e+00 1.760041335497098958e-01
1.107824587953321727e+00 1.944121162046378581e-01
1.114227825881013212e+00 2.027905176216679151e-01
1.120668074592185315e+00 2.065284935954055656e-01
1.127145548009560017e+00 2.079053439129495418e-01
1.133660461292336441e+00 2.131001041457169509e-01
1.140213030843336250e+00 2.209355223389268541e-01
1.146803474316190341e+00 2.147692572788714727e-01
1.153432010622570836e+00 2.047415679685827272e-01
1.160098859939462601e+00 2.000566822264757405e-01
1.166804243716473621e+00 1.946382015539288024e-01
1.173548384683194445e+00 1.812863954343995332e-01
1.180331506856595603e+00 1.726724490300328430e-01
1.187153835548465874e+00 1.635680203929993082e-01
1.194015597372901416e+00 1.571799268207735023e-01
1.200917020253827294e+00 1.593192239647966968e-01
1.207858333432573428e+00 1.677548561920029213e-01
1.214839767475487387e+00 1.704499070712079400e-01
1.221861554281590267e+00 1.632709877583659874e-01
1.228923927090283863e+00 1.612877746420959546e-01
1.236027120489096909e+00 1.645404711840919021e-01
1.243171370421473965e+00 1.611345285057564636e-01
1.250356914194617142e+00 1.635055867818980546e-01
1.257583990487367132e+00 1.704995701709475786e-01
1.264852839358128644e+00 1.823605373344828195e-01
1.272163702252848472e+00 1.820847888854521812e-01
1.279516822013033517e+00 1.793386559608006747e-01
1.286912442883815677e+00 1.785019509756631539e-01
1.294350810522067352e+00 1.716375646278389955e-01
1.301832172004561583e+00 1.548528558615441808e-01
1.309356775836174380e+00 1.414821304659236167e-01
1.316924871958146337e+00 1.435514262884090009e-01
1.324536711756377994e+00 1.675306627703210816e-01
1.332192548069784932e+00 1.892783706372648811e-01
1.339892635198694837e+00 1.836139393755311100e-01
1.347637228913291185e+00 1.728029920350627746e-01
1.355426586462114891e+00 1.769236103677468697e-01
1.363260966580605249e+00 1.859149963301348907e-01
1.371140629499693731e+00 1.921474788565098180e-01
1.379065836954451285e+00 1.920547744036624482e-01
1.387036852192779834e+00 1.936525072695723382e-01
1.395053939984155722e+00 1.991580166121392215e-01
1.403117366628427343e+00 1.940148114067206664e-01
1.411227399964658957e+00 1.778421412219792497e-01
1.419384309380025577e+00 1.626542193577897588e-01
1.427588365818764915e+00 1.519515848729440788e-01
1.435839841791175742e+00 1.462422203304934720e-01
1.444139011382666204e+00 1.509327818554278278e-01
1.452486150262864761e+00 1.549096136898180931e-01
1.460881535694769973e+00 1.523886201506529925e-01
1.469325446543965796e+00 1.530068074969360703e-01
1.477818163287882181e+00 1.520452352895959869e-01
1.486359968025109168e+00 1.516895528990796493e-01
1.494951144484772509e+00 1.522628069646458637e-01
1.503591978035954568e+00 1.490531517757576474e-01
1.512282755697172298e+00 1.539631769033510400e-01
1.521023766145914724e+00 1.708339683758612337e-01
1.529815299728230382e+00 1.732887444487067607e-01
1.538657648468367833e+00 1.650252776339313221e-01
1.547551106078482119e+00 1.682084458362917423e-01
1.556495967968387184e+00 1.724903509976541127e-01
1.565492531255366693e+00 1.616008886614068996e-01
1.574541094774047689e+00 1.500615491914236987e-01
1.583641959086324214e+00 1.492910616726056960e-01
1.592795426491339539e+00 1.424427567094591063e-01
1.602001801035530804e+00 1.406416416255678314e-01
1.611261388522727822e+00 1.444434701561135848e-01
1.620574496524306296e+00 1.543098726377240271e-01
1.629941434389411858e+00 1.647873677370833012e-01
1.639362513255227638e+00 1.692745470440362165e-01
1.648838046057315765e+00 1.623231320261920851e-01
1.658368347540009280e+00 1.465491855850747371e-01
1.667953734266863997e+00 1.354653276869894618e-01
1.677594524631179640e+00 1.313352497162597055e-01
1.687291038866571835e+00 1.329779158628864311e-01
1.697043599057607821e+00 1.345519996336821678e-01
1.706852529150509445e+00 1.306475340303411281e-01
1.716718154963911225e+00 1.239836920090846839e-01
1.726640804199680579e+00 1.213893862750658331e-01
1.736620806453807120e+00 1.255691273455352419e-01
1.746658493227349673e+00 1.331978524474477232e-01
1.756754197937443251e+00 1.354014751301813313e-01
1.766908255928380411e+00 1.271167241298031825e-01
1.777121004482747679e+00 1.257947397129239031e-01
1.787392782832625482e+00 1.331065669403072305e-01
1.797723932170862682e+00 1.423495792747094812e-01
1.808114795662403074e+00 1.306796967996963488e-01
1.818565718455690483e+00 1.111299358326587466e-01
1.829077047694130043e+00 1.051112411261154594e-01
1.839649132527616748e+00 1.009958255943564920e-01
1.850282324124138622e+00 9.821516499083837726e-02
1.860976975681438272e+00 1.025651795461294258e-01
1.871733442438742401e+00 1.082896795094530629e-01
1.882552081688566581e+00 1.094636205909179233e-01
1.893433252788581767e+00 1.085290083520079607e-01
1.904377317173546302e+00 1.128279408618524937e-01
1.915384638367318981e+00 1.175643816313082374e-01
1.926455581994929611e+00 1.218756116706121301e-01
1.937590515794722412e+00 1.330791339899748404e-01
1.948789809630575354e+00 1.459991076327203374e-01
1.960053835504184105e+00 1.437155510085010024e-01
1.971382967567415045e+00 1.388674865101066080e-01
1.982777582134739092e+00 1.441464375214802640e-01
1.994238057695728816e+00 1.402632561037419068e-01
2.005764774927627947e+00 1.246189067038499243e-01
2.017358116708002580e+00 1.124727314532384115e-01
2.029018468127450348e+00 1.043729163766526774e-01
2.040746216502401289e+00 1.034955349479188547e-01
2.052541751387976898e+00 1.138883662867695851e-01
2.064405464590929995e+00 1.191592766058044289e-01
2.076337750182662312e+00 1.244103216849433979e-01
2.088339004512313135e+00 1.322949299959906566e-01
2.100409626219920778e+00 1.268050290561990867e-01
2.112550016249669760e+00 1.202982170265003981e-01
2.124760577863207711e+00 1.167295685737798489e-01
2.137041716653034662e+00 1.150419691464363015e-01
2.149393840555982482e+00 1.228868469776918521e-01
2.161817359866763155e+00 1.285134396872430196e-01
2.174312687251592546e+00 1.203842997327157910e-01
2.186880237761905654e+00 1.146195963076981489e-01
2.199520428848138476e+00 1.127688181240671939e-01
2.212233680373592026e+00 1.100931595028557808e-01
2.225020414628386511e+00 1.047456261156512053e-01
2.237881056343477670e+00 1.065249840320375146e-01
2.250816032704775704e+00 1.019422623808235312e-01
2.263825773367328598e+00 1.104095843954826933e-01
2.276910710469592924e+00 1.220203441327105398e-01
2.290071278647793029e+00 1.202788247685068201e-01
2.303307915050354371e+00 1.187936615953401470e-01
2.316621059352423018e+00 1.139101234542745783e-01
2.330011153770474852e+00 1.032434355940023557e-01
2.343478643077001600e+00 9.993256227802570224e-02
2.357023974615280792e+00 9.819340782333338402e-02
2.370647598314243876e+00 1.067695156755174846e-01
2.384349966703414481e+00 1.223400798986534338e-01
2.398131534927939956e+00 1.252385129958398513e-01
2.411992760763713051e+00 1.185008857978273461e-01
2.425934104632577970e+00 1.091807774133530667e-01
2.439956029617617261e+00 1.067737725126380322e-01
2.454059001478542612e+00 9.721007844848832125e-02
2.468243488667162033e+00 8.838518211570367544e-02
2.482509962342935861e+00 8.820734092044550667e-02
2.496858896388636673e+00 8.662237856589725948e-02
2.511290767426078485e+00 7.714287528035380925e-02
2.525806054831960523e+00 6.978847968176508931e-02
2.540405240753779381e+00 6.745431399400154959e-02
2.555088810125852206e+00 6.977050636947836060e-02
2.569857250685421590e+00 7.513128324994684804e-02
2.584711052988855506e+00 7.433147085318735081e-02
2.599650710427946265e+00 7.420613064908251899e-02
2.614676719246288084e+00 7.379842024931509981e-02
2.629789578555775442e+00 7.141790233512788910e-02
2.644989790353173831e+00 7.004247096329072053e-02
2.660277859536794409e+00 6.729822996624836018e-02
2.675654293923265481e+00 6.990814410304252435e-02
2.691119604264405218e+00 6.922279332663536233e-02
2.706674304264172548e+00 7.241116432992088237e-02
2.722318910595750374e+00 6.470155932271809407e-02
2.738053942918694972e+00 5.856414615870193796e-02
2.753879923896200843e+00 5.994761822287789782e-02
2.769797379212459720e+00 6.015998709700268871e-02
2.785806837590128815e+00 5.907260170365549734e-02
2.801908830807877226e+00 6.572603812306172799e-02
2.818103893718070019e+00 7.211791555050581226e-02
2.834392564264522019e+00 6.759857347419767626e-02
2.850775383500368410e+00 6.804033857092940674e-02
2.867252895606037466e+00 7.349854972326808067e-02
2.883825647907329426e+00 6.810608305534666951e-02
2.900494190893583735e+00 5.910287254540157187e-02
2.917259078235983960e+00 5.502907942104344474e-02
2.934120866805935979e+00 5.190739886597973973e-02
2.951080116693567401e+00 4.797218943899034249e-02
2.968137391226336685e+00 4.544126327987732528e-02
2.985293256987731514e+00 4.315680799004365659e-02
3.002548283836107057e+00 4.562903709508342454e-02
3.019903044923603730e+00 5.025669202701423671e-02
3.037358116715186629e+00 5.224558092611163856e-02
3.054914079007794214e+00 5.699810308024497868e-02
3.072571514949601568e+00 6.007390439078730271e-02
3.090331011059376021e+00 6.202921157482265552e-02
3.108193157245980220e+00 6.432837660181731088e-02
3.126158546827951579e+00 6.503359261812033387e-02
3.144227776553216724e+00 6.097162404131925562e-02
3.162401446618910317e+00 5.819001747399658170e-02
3.180680160691316427e+00 6.141528106566012529e-02
3.199064525925907621e+00 6.301301393157000830e-02
3.217555152987530587e+00 6.486521106090779865e-02
3.236152656070678812e+00 6.762458747882320320e-02
3.254857652919894928e+00 7.405383047654758022e-02
3.273670764850296955e+00 8.194364158851996649e-02
3.292592616768199143e+00 8.524742017596238786e-02
3.311623837191892683e+00 8.829673449997688106e-02
3.330765058272506351e+00 8.277230588131868905e-02
3.350016915815009710e+00 7.980434444449675813e-02
3.369380049299332214e+00 7.666752846856002279e-02
3.388855101901607103e+00 8.136376577632176144e-02
3.408442720515521884e+00 9.382352802814648840e-02
3.428143555773827789e+00 1.017209068505553760e-01
3.447958262069935831e+00 9.338318187712159324e-02
3.467887497579658529e+00 9.185923418796776430e-02
3.487931924283071528e+00 1.061943696823421240e-01
3.508092207986506228e+00 1.028773476016357907e-01
3.528369018344649444e+00 1.127919942372790363e-01
3.548763028882812254e+00 1.241780875709227600e-01
3.569274917019284565e+00 1.417190943989670715e-01
3.589905364087840223e+00 1.362897351426676507e-01
3.610655055360374899e+00 1.397193269161171592e-01
3.631524680069651456e+00 1.298136669366173057e-01
3.652514931432215839e+00 1.283970861392815799e-01
3.673626506671410219e+00 1.277576146073957919e-01
3.694860107040534913e+00 1.175804630159858338e-01
3.716216437846141751e+00 1.131519334649159353e-01
3.737696208471465109e+00 9.902254509803441740e-02
3.759300132399972405e+00 8.530370502233398933e-02
3.781028927239082016e+00 8.486525079891821255e-02
3.802883314743989107e+00 7.838066891862680019e-02
3.824864020841640233e+00 6.354559155353996236e-02
3.846971775654848713e+00 5.853671320836956876e-02
3.869207313526548564e+00 6.358957887045223190e-02
3.891571373044171445e+00 7.173148933634110325e-02
3.914064697064205678e+00 7.667273126948512263e-02
3.936688032736852527e+00 7.518000038588193434e-02
3.959442131530850340e+00 7.232129776848723879e-02
3.982327749258438132e+00 6.417607642928237210e-02
4.005345646100446189e+00 6.479710166697913443e-02
4.028496586631570509e+00 7.065072568962586785e-02
4.051781339845751617e+00 7.356665911719673101e-02
4.075200679181723906e+00 8.376367594850255005e-02
4.098755382548707082e+00 9.147375393760762141e-02
4.122446232352245943e+00 8.299271544778227816e-02
4.146274015520188705e+00 7.697402074123900484e-02
4.170239523528843861e+00 7.724456638934451558e-02
4.194343552429258715e+00 7.935406567352393248e-02
4.218586902873665778e+00 7.708942832539590617e-02
4.242970380142073950e+00 6.776742801331249455e-02
4.267494794169023997e+00 6.120622306485130892e-02
4.292160959570472833e+00 6.581306679308170093e-02
4.316969695670882068e+00 6.804506838995223739e-02
4.341921826530410478e+00 6.242935426415354566e-02
4.367018180972294772e+00 5.982558889208905439e-02
4.392259592610382235e+00 6.290753896736103745e-02
4.417646899876805477e+00 7.445302720207391811e-02
4.443180946049855251e+00 8.166552822997792671e-02
4.468862579281975833e+00 9.132381867458411184e-02
4.494692652627942486e+00 9.505138904647153497e-02
4.520672024073195239e+00 8.581736336821264854e-02
4.546801556562344082e+00 8.450956840840187501e-02
4.573082118027814502e+00 8.115328882980610281e-02
4.599514581418703507e+00 7.578257932938968489e-02
4.626099824729760002e+00 7.275123831766192040e-02
4.652838731030551678e+00 7.286002415518685882e-02
4.679732188494796219e+00 8.166269033856422832e-02
4.706781090429870140e+00 8.150518736510418971e-02
4.733986335306464177e+00 8.158464832468763361e-02
4.761348826788450062e+00 8.676758400989795228e-02
4.788869473762884077e+00 9.903673455510286772e-02
4.816549190370198019e+00 1.017672590769790331e-01
4.844388896034566017e+00 9.017541861584249530e-02
4.872389515494448098e+00 8.782138768818309460e-02
4.900551978833287414e+00 8.601365085765984297e-02
4.928877221510434836e+00 9.192592463618957932e-02
4.957366184392200559e+00 9.817259661963297079e-02
4.986019813783113541e+00 9.834239712255234134e-02
5.014839061457356806e+00 1.004547342981454428e-01
5.043824884690362609e+00 1.050402938407731246e-01
5.072978246290641202e+00 1.011031924861745951e-01
5.102300114631742822e+00 1.002910825599557521e-01
5.131791463684423960e+00 1.007593346432153064e-01
5.161453273049005475e+00 9.605269173360334034e-02
5.191286527987911903e+00 9.211369845139569246e-02
5.221292219458380401e+00 8.658501299561695286e-02
5.251471344145405951e+00 7.772606196586798188e-02
5.281824904494829553e+00 7.588805429359865573e-02
5.312353908746639597e+00 8.256040998909618123e-02
5.343059370968462396e+00 9.062853527822900546e-02
5.373942311089249912e+00 9.479881671065275295e-02
5.405003754933139781e+00 8.781240103203973024e-02
5.436244734253559585e+00 7.828276166485434451e-02
5.467666286767478567e+00 8.367522833277574179e-02
5.499269456189878724e+00 9.162368920063113098e-02
5.531055292268432844e+00 8.675339455282947421e-02
5.563024850818350409e+00 8.153025540592515052e-02
5.595179193757479297e+00 7.934034919835775135e-02
5.627519389141558470e+00 7.345692731586722646e-02
5.660046511199702479e+00 7.237285279583600961e-02
5.692761640370078702e+00 7.332354641942359641e-02
5.725665863335805739e+00 7.190128983926047379e-02
5.758760273061025892e+00 7.699341299923258275e-02
5.792045968827241431e+00 7.575703830666644101e-02
5.825524056269808071e+00 7.151628257080262785e-02
5.859195647414667363e+00 7.219075476345729325e-02
5.893061860715279821e+00 7.090708188066291440e-02
5.927123821089786304e+00 7.313198874899923263e-02
5.961382659958350594e+00 7.875290567572303113e-02
5.995839515280771082e+00 7.869662082935142966e-02
6.030495531594262104e+00 6.682288315445457372e-02
6.065351860051475086e+00 5.941929743802848440e-02
6.100409658458743500e+00 6.465473411439214002e-02
6.135670091314512575e+00 6.724431002938817403e-02
6.171134329848062094e+00 7.201007567678542609e-02
6.206803552058381079e+00 7.320861181716897814e-02
6.242678942753306259e+00 7.029882715432776707e-02
6.278761693588877257e+00 7.145479492350591266e-02
6.315053003108923591e+00 6.789986294595154459e-02
6.351554076784851510e+00 6.481838585258184460e-02
6.388266127055725718e+00 7.134127926695814359e-02
6.425190373368511843e+00 7.183649131864779103e-02
6.462328042218596025e+00 6.613138361331773185e-02
6.499680367190518560e+00 6.583671588819581255e-02
6.537248588998957999e+00 6.900191077826949015e-02
6.575033955529916874e+00 6.790364680116980911e-02
6.613037721882214726e+00 6.769648072797013194e-02
6.651261150409145451e+00 6.269658903894309576e-02
6.689705510760421525e+00 6.228367583825056980e-02
6.728372079924347382e+00 6.589205477076284789e-02
6.767262142270216607e+00 6.585090534526427675e-02
6.806376989591010229e+00 6.289051161887887487e-02
6.845717921146279750e+00 6.772438666020477727e-02
6.885286243705309062e+00 6.796087761134597671e-02
6.925083271590525058e+00 5.887158439518549308e-02
6.965110326721157818e+00 5.195800792952394442e-02
7.005368738657123728e+00 5.287559281995176524e-02
7.045859844643230119e+00 5.636336136738202829e-02
7.086584989653569089e+00 5.911800796627460913e-02
7.127545526436194656e+00 6.589252775266513096e-02
7.168742815558059256e+00 6.845892755444932254e-02
7.210178225450215805e+00 6.851048258179810724e-02
7.251853132453240036e+00 7.092316326534052473e-02
7.293768920862992111e+00 7.237096086822687735e-02
7.335926982976571864e+00 8.233668954931661066e-02
7.378328719138569802e+00 8.713792883938505096e-02
7.420975537787583676e+00 8.371212092115377923e-02
7.463868855503007715e+00 8.780719823111461653e-02
7.507010097052058128e+00 9.015886424926260190e-02
7.550400695437144982e+00 9.216288856923304795e-02
7.594042091943437711e+00 9.196092529695847062e-02
7.637935736186750368e+00 9.231944557888852043e-02
7.682083086161699548e+00 9.229721542948124413e-02
7.726485608290103890e+00 8.561681904164492041e-02
7.771144777469737974e+00 8.279831988594421599e-02
7.816062077123293150e+00 8.922567095605947463e-02
7.861238999247660786e+00 1.042726442133688064e-01
7.906677044463489068e+00 1.075102053344916958e-01
7.952377722065040011e+00 1.283081655416525024e-01
7.998342550070284496e+00 9.161943236351059727e-02
