2.511886431509579437e-02 8.414932510271485588e-01
2.526405161860213050e-02 8.399616373620941712e-01
2.541007810627042562e-02 8.391760677725983442e-01
2.555694862859406516e-02 8.380644126931232618e-01
2.570466806410236227e-02 8.371207410478801458e-01
2.585324131952258450e-02 8.362956459444474966e-01
2.600267332994290678e-02 8.356879411676678693e-01
2.615296905897638788e-02 8.353124487852673363e-01
2.630413349892583852e-02 8.351494060402777642e-01
2.645617167094958117e-02 8.352136350004252252e-01
2.660908862522835469e-02 8.354903135979833140e-01
2.676288944113292337e-02 8.360239080361313579e-01
2.691757922739292791e-02 8.369033507212272349e-01
2.707316312226650673e-02 8.381187602747864895e-01
2.722964629371095457e-02 8.396404925613567549e-01
2.738703393955444973e-02 8.414932510271485588e-01
2.754533128766867636e-02 8.437165611860985015e-01
2.770454359614242176e-02 8.463054823489649658e-01
2.786467615345633933e-02 8.492155483125684023e-01
2.802573427865854422e-02 8.521947839255615831e-01
2.818772332154127064e-02 8.549319257656911031e-01
2.835064866281864979e-02 8.575900165779470896e-01
2.851451571430539678e-02 8.604358535814030651e-01
2.867932991909653145e-02 8.636818864134703233e-01
2.884509675174826843e-02 8.674615136836854035e-01
2.901182171845980567e-02 8.719723629617329719e-01
2.917951035725619563e-02 8.772193749368550897e-01
2.934816823817239240e-02 8.827035399955985850e-01
2.951780096343814899e-02 8.880394843770788027e-01
2.968841416766421215e-02 8.933161404876536205e-01
2.986001351802944001e-02 8.986866696938284882e-01
3.003260471446899879e-02 9.043190554298353723e-01
3.020619348986378766e-02 9.103318742374848505e-01
3.038078561023081769e-02 9.168189992123768617e-01
3.055638687491469066e-02 9.239187696532907834e-01
3.073300311678033025e-02 9.316509483171949713e-01
3.091064020240668481e-02 9.399710690009102088e-01
3.108930403228154019e-02 9.488890130829211733e-01
3.126900054099761295e-02 9.583998398739852487e-01
3.144973569744963920e-02 9.685233121310713456e-01
3.163151550503255638e-02 9.788987595395048924e-01
3.181434600184106232e-02 9.888641297408434783e-01
3.199823326087009728e-02 9.983206089502443259e-01
3.218318339021652985e-02 1.007574519900718668e+00
3.236920253328214730e-02 1.016897600500582755e+00
3.255629686897762443e-02 1.026527003833457519e+00
3.274447261192782455e-02 1.036620831955090916e+00
3.293373601267822470e-02 1.045607945686491291e+00
3.312409335790250653e-02 1.052767004398310391e+00
3.331555097061136145e-02 1.059259070062444685e+00
3.350811521036261426e-02 1.065123668192830664e+00
3.370179247347232510e-02 1.070573248426879509e+00
3.389658919322740410e-02 1.076289625880002099e+00
3.409251184009919750e-02 1.081487230962703272e+00
3.428956692195841288e-02 1.084812314822644286e+00
3.448776098429136294e-02 1.087173964280373273e+00
3.468710061041735404e-02 1.090009919905345237e+00
3.488759242170727526e-02 1.094313260235224128e+00
3.508924307780367929e-02 1.101511844460980161e+00
3.529205927684192501e-02 1.110750933343728208e+00
3.549604775567258980e-02 1.117336872103462442e+00
3.570121529008542238e-02 1.119930733955571078e+00
3.590756869503420462e-02 1.120627371138708694e+00
3.611511482486330638e-02 1.121531517270015099e+00
3.632386057353523962e-02 1.124372413584229013e+00
3.653381287485973905e-02 1.131180683359858330e+00
3.674497870272393912e-02 1.143156914082736009e+00
3.695736507132423021e-02 1.159757629936229995e+00
3.717097903539903075e-02 1.180528287510065555e+00
3.738582769046329413e-02 1.205424420601064250e+00
3.760191817304411876e-02 1.234485554723162792e+00
3.781925766091774610e-02 1.267869791932108692e+00
3.803785337334809891e-02 1.302731295224445640e+00
3.825771257132654091e-02 1.334564156011368574e+00
3.847884255781295476e-02 1.363363433603635100e+00
3.870125067797849233e-02 1.390873191303710676e+00
3.892494431944945599e-02 1.417686311820648415e+00
3.914993091255265789e-02 1.444435203377438803e+00
3.937621793056233360e-02 1.471579350073598302e+00
3.960381288994833243e-02 1.484810515863972169e+00
3.983272335062570252e-02 1.471999308659177608e+00
4.006295691620595512e-02 1.443733625505059015e+00
4.029452123424955012e-02 1.410102353834007838e+00
4.052742399651988042e-02 1.377014557979588494e+00
4.076167293923887297e-02 1.347316074945257736e+00
4.099727584334383890e-02 1.322518755639101373e+00
4.123424053474603751e-02 1.305260928116406705e+00
4.147257488459059338e-02 1.294742200719951830e+00
4.171228680951784978e-02 1.289015941888344896e+00
4.195338427192649156e-02 1.288264957123543830e+00
4.219587528023795858e-02 1.292405254708433260e+00
4.243976788916238585e-02 1.301708572551328658e+00
4.268507019996626434e-02 1.324366573415650894e+00
4.293179036074151744e-02 1.368447402833767645e+00
4.317993656667604152e-02 1.434123984929152718e+00
4.342951706032609216e-02 1.526435822728759550e+00
4.368054013188996804e-02 1.650600284072257562e+00
4.393301411948334623e-02 1.814537293814751484e+00
4.418694740941636612e-02 1.956201676453807936e+00
4.444234843647213579e-02 1.964319228878596890e+00
4.469922568418681352e-02 1.846360273223190296e+00
4.495758768513159753e-02 1.663950026404442450e+00
4.521744302119593689e-02 1.476683082060699093e+00
4.547880032387276866e-02 1.314178872198417558e+00
4.574166827454511502e-02 1.206254456393738961e+00
4.600605560477452616e-02 1.139347642677068340e+00
4.627197109659098723e-02 1.092737180366990524e+00
4.653942358278480296e-02 1.062440873934364483e+00
4.680842194719982141e-02 1.046353989762049963e+00
4.707897512502866311e-02 1.045341148467417325e+00
4.735109210310945588e-02 1.062648382882533049e+00
4.762478192022426976e-02 1.074328172250883950e+00
4.790005366739954334e-02 1.045775929120722925e+00
4.817691648820784933e-02 9.876388388087996573e-01
4.845537957907175564e-02 9.224069187452046403e-01
4.873545218956924774e-02 8.732272980292291598e-01
4.901714362274099679e-02 8.383855574938606781e-01
4.930046323539925834e-02 8.103570274233634629e-01
4.958542043843887359e-02 7.861180060015654503e-01
4.987202469714965836e-02 7.649669153560871848e-01
5.016028553153097091e-02 7.466616617140650058e-01
5.045021251660784106e-02 7.306143030556875306e-01
5.074181528274907677e-02 7.162961856320491094e-01
5.103510351598705003e-02 7.035195632519494202e-01
5.133008695833959217e-02 6.923783090109884020e-01
5.162677540813340182e-02 6.826945580964504101e-01
5.192517872032970105e-02 6.741768098430506173e-01
5.222530680685147364e-02 6.667904794260942625e-01
5.252716963691266006e-02 6.606294399411815066e-01
5.283077723734942721e-02 6.556591065636175886e-01
5.313613969295318679e-02 6.517312586161391197e-01
5.344326714680543849e-02 6.486927347322406501e-01
5.375216980061491706e-02 6.464348397485958353e-01
5.406285791505632127e-02 6.449872178006572643e-01
5.437534181011107609e-02 6.443943350916038204e-01
5.468963186541032917e-02 6.444980895656882147e-01
5.500573852057948770e-02 6.447352426493095923e-01
5.532367227558519784e-02 6.452144895057944085e-01
5.564344369108398941e-02 6.464694245732905964e-01
5.596506338877313413e-02 6.485939209473984279e-01
5.628854205174332881e-02 6.516917331022021864e-01
5.661389042483377931e-02 6.561679975555549937e-01
5.694111931498885282e-02 6.625069018531837273e-01
5.727023959161724881e-02 6.719090334809215692e-01
5.760126218695296035e-02 6.860344640241176073e-01
5.793419809641841417e-02 7.063061119845001068e-01
5.826905837898961604e-02 7.338455138200282724e-01
5.860585415756369709e-02 7.566369132938874920e-01
5.894459661932811845e-02 7.626151472768422090e-01
5.928529701613251268e-02 7.577782125088152743e-01
5.962796666486229469e-02 7.482130381360878602e-01
5.997261694781454155e-02 7.408810553007947330e-01
6.031925931307623168e-02 7.384008293012548352e-01
6.066790527490428103e-02 7.418049641890696044e-01
6.101856641410823012e-02 7.548286210312747935e-01
6.137125437843479747e-02 7.790874052100411618e-01
6.172598088295483398e-02 8.138006878251148324e-01
6.208275771045231733e-02 8.599071998324971933e-01
6.244159671181598315e-02 9.082024371741349578e-01
6.280250980643269088e-02 9.468633304936554529e-01
6.316550898258359303e-02 9.749116233211211346e-01
6.353060629784218483e-02 9.953216105802826785e-01
6.389781387947492119e-02 1.002801814092839194e+00
6.426714392484385308e-02 9.872880498726098741e-01
6.463860870181208085e-02 9.561666483365510727e-01
6.501222054915094251e-02 9.201391423830755922e-01
6.538799187695008841e-02 8.885681381259846745e-01
6.576593516702965159e-02 8.653271359310932276e-01
6.614606297335466623e-02 8.473924339822294094e-01
6.652838792245242827e-02 8.339784626898972819e-01
6.691292271383147972e-02 8.266810646792989159e-01
6.729968012040381253e-02 8.253866040978657947e-01
6.768867298890894613e-02 8.288203831211332639e-01
6.807991424034069705e-02 8.369280541674376517e-01
6.847341687037629410e-02 8.508558571409493565e-01
6.886919394980822728e-02 8.718883712446169332e-01
6.926725862497820629e-02 9.023378390437488683e-01
6.966762411821400547e-02 9.456380395616119650e-01
7.007030372826857090e-02 1.000385817053446980e+00
7.047531083076181979e-02 1.062668145639501516e+00
7.088265887862478520e-02 1.134367427921020299e+00
7.129236140254673060e-02 1.217207964443499657e+00
7.170443201142430445e-02 1.259198882312203338e+00
7.211888439281383123e-02 1.220429293829356165e+00
7.253573231338585059e-02 1.142914820309872681e+00
7.295498961938230720e-02 1.064545607551503847e+00
7.337667023707672431e-02 1.009921347290721583e+00
7.380078817323644513e-02 9.721744814809915036e-01
7.422735751558823258e-02 9.422635488092498957e-01
7.465639243328600627e-02 9.163644558021026842e-01
7.508790717738160481e-02 8.937064549377803369e-01
7.552191608129793510e-02 8.739239352123669979e-01
7.595843356130543844e-02 8.533706679651841265e-01
7.639747411700059665e-02 8.312759056744624120e-01
7.683905233178781047e-02 8.060882719181792222e-01
7.728318287336367887e-02 7.779757501305660794e-01
7.772988049420428980e-02 7.523138102070402455e-01
7.817916003205507836e-02 7.331142918121958951e-01
7.863103641042397396e-02 7.194285826115476290e-01
7.908552463907676799e-02 7.105007571510525421e-01
7.954263981453599253e-02 7.055897120443940240e-01
8.000239712058217212e-02 7.026401205668535432e-01
8.046481182875830918e-02 7.022003992243056603e-01
8.092989929887701994e-02 7.053229148253199465e-01
8.139767497953076525e-02 7.121657694256441351e-01
8.186815440860513438e-02 7.224522844277198041e-01
8.234135321379483508e-02 7.364986639430420867e-01
8.281728711312283386e-02 7.535934487207470722e-01
8.329597191546232737e-02 7.720370416615482956e-01
8.377742352106211376e-02 7.913156110842666235e-01
8.426165792207447602e-02 8.069034856431276381e-01
8.474869120308657633e-02 8.146455456855158372e-01
8.523853954165466762e-02 8.177235950833512401e-01
8.573121920884146929e-02 8.191218101388687556e-01
8.622674656975649887e-02 8.224073684848728361e-01
8.672513808409994251e-02 8.305249209096614571e-01
8.722641030670905127e-02 8.444823680186259729e-01
8.773057988810836760e-02 8.621552134376577747e-01
8.823766357506258873e-02 8.811175787488808586e-01
8.874767821113291322e-02 9.025008817887384405e-01
8.926064073723644077e-02 9.261964273939041759e-01
8.977656819220893036e-02 9.519522404130301707e-01
9.029547771337091688e-02 9.767396783407024108e-01
9.081738653709675591e-02 9.979648793248122596e-01
9.134231199938727674e-02 1.009412456298784067e+00
9.187027153644546085e-02 9.991802888783717362e-01
9.240128268525588107e-02 9.734590606839403915e-01
9.293536308416693037e-02 9.516706211262297987e-01
9.347253047347692245e-02 9.393683049133726426e-01
9.401280269602330097e-02 9.349859135556199963e-01
9.455619769777530437e-02 9.346598280656407409e-01
9.510273352842993355e-02 9.355293893722521625e-01
9.565242834201181932e-02 9.375303685153073552e-01
9.620530039747586526e-02 9.346845315118511577e-01
9.676136805931405405e-02 9.261667832584513649e-01
9.732064979816532069e-02 9.141757304678473917e-01
9.788316419142908953e-02 8.959989347461201348e-01
9.844892992388228070e-02 8.729654414993973655e-01
9.901796578830000806e-02 8.485781994003360751e-01
9.959029068607995472e-02 8.245219834804964343e-01
1.001659236278700377e-01 8.025853232455222308e-01
1.007448837341998471e-01 7.821950987433291536e-01
1.013271902361159299e-01 7.609946012054297215e-01
1.019128624758204177e-01 7.386379823848763237e-01
1.025019199073136378e-01 7.170768145323026532e-01
1.030943820970401520e-01 6.971707775758363423e-01
1.036902687245389171e-01 6.795522797384676572e-01
1.042895995830967204e-01 6.644881182392703423e-01
1.048923945804057928e-01 6.521858020264132971e-01
1.054986737392250712e-01 6.422006690681064667e-01
1.061084571980452224e-01 6.348588048543291062e-01
1.067217652117575799e-01 6.304961762535449266e-01
1.073386181523270227e-01 6.294388687557330719e-01
1.079590365094685589e-01 6.326601981415895803e-01
1.085830408913279893e-01 6.415188539526951450e-01
1.092106520251663743e-01 6.560148361890495439e-01
1.098418907580486492e-01 6.753230497472203497e-01
1.104767780575359459e-01 6.990976463802598406e-01
1.111153350123821049e-01 7.258465379370502291e-01
1.117575828332342536e-01 7.533908804618204558e-01
1.124035428533372433e-01 7.812958933012649210e-01
1.130532365292423180e-01 8.064884677467901719e-01
1.137066854415197809e-01 8.292946892883757970e-01
1.143639112954759340e-01 8.517303591368031723e-01
1.150249359218739331e-01 8.761768895067695295e-01
1.156897812776589568e-01 9.053763629276472269e-01
1.163584694466876512e-01 9.375896567862126441e-01
1.170310226404614878e-01 9.665964433266478473e-01
1.177074631988646730e-01 9.868088030161250579e-01
1.183878135909062629e-01 1.002228694140754328e+00
1.190720964154663303e-01 1.015059664102517134e+00
1.197603344020467531e-01 1.023379784786232705e+00
1.204525504115261381e-01 1.027776998211711534e+00
1.211487674369193246e-01 1.040024966842905574e+00
1.218490086041408849e-01 1.063102926292807116e+00
1.225532971727734816e-01 1.090405175044714126e+00
1.232616565368404721e-01 1.110745992654486258e+00
1.239741102255828148e-01 1.112475233889225201e+00
1.246906819042407494e-01 1.101373505162201116e+00
1.254113953748399735e-01 1.087500049770352639e+00
1.261362745769819826e-01 1.075345954234758983e+00
1.268653435886395453e-01 1.067584131435402206e+00
1.275986266269562852e-01 1.064906277866177753e+00
1.283361480490512463e-01 1.067524843164496806e+00
1.290779323528278288e-01 1.074955639784632266e+00
1.298240041777875831e-01 1.086225351945887985e+00
1.305743883058487209e-01 1.100755919006937145e+00
1.313291096621690413e-01 1.118769671983674829e+00
1.320881933159741561e-01 1.140918781856059772e+00
1.328516644813900749e-01 1.169051066400641270e+00
1.336195485182806453e-01 1.205024224772453412e+00
1.343918709330900185e-01 1.251338245728004450e+00
1.351686573796898327e-01 1.310903195230897822e+00
1.359499336602315311e-01 1.386367282714905169e+00
1.367357257260030934e-01 1.477923195060468986e+00
1.375260596782912625e-01 1.584182598590555990e+00
1.383209617692485738e-01 1.713683004315534220e+00
1.391204584027652402e-01 1.894512230576806733e+00
1.399245761353461737e-01 2.152579251760004198e+00
1.407333416769932510e-01 2.376249194439623569e+00
1.415467818920924381e-01 2.382237309801062519e+00
1.423649238003061035e-01 2.292148782160405851e+00
1.431877945774705507e-01 2.216363549875660865e+00
1.440154215564987683e-01 2.148048639724988274e+00
1.448478322282882313e-01 2.094496509029744491e+00
1.456850542426340045e-01 2.050277340312848473e+00
1.465271154091474515e-01 2.013271577889435449e+00
1.473740436981796631e-01 1.984907080950474523e+00
1.482258672417506584e-01 1.966335030089378044e+00
1.490826143344838317e-01 1.956784677784377147e+00
1.499443134345459228e-01 1.959383480325727511e+00
1.508109931645919832e-01 1.978128455310297795e+00
1.516826823127164214e-01 2.016151999717585852e+00
1.525594098334091819e-01 2.084140824378279078e+00
1.534412048485173929e-01 2.191788561585399364e+00
1.543280966482127869e-01 2.289214012750591554e+00
1.552201146919646169e-01 2.298823653326497851e+00
1.561172886095181789e-01 2.245231997117317135e+00
1.570196482018790252e-01 2.170573241979773638e+00
1.579272234423027277e-01 2.099106172092634282e+00
1.588400444772908315e-01 2.039393001912477743e+00
1.597581416275917487e-01 1.989047378535363508e+00
1.606815453892082024e-01 1.931285780605840774e+00
1.616102864344102497e-01 1.845016405749335897e+00
1.625443956127538836e-01 1.744423972779950649e+00
1.634839039521058524e-01 1.654557776155188842e+00
1.644288426596743347e-01 1.577932626699285246e+00
1.653792431230455828e-01 1.513525801739122878e+00
1.663351369112262834e-01 1.458224667052171464e+00
1.672965557756923849e-01 1.412404715020831425e+00
1.682635316514438095e-01 1.381530347946878123e+00
1.692360966580649384e-01 1.372819912813036280e+00
1.702142831007917856e-01 1.386144951699010308e+00
1.711981234715850009e-01 1.357340733417501388e+00
1.721876504502090899e-01 1.277336152519993773e+00
1.731828969053178791e-01 1.210463923628017913e+00
1.741838958955464201e-01 1.159629172015935072e+00
1.751906806706090836e-01 1.109061217622926199e+00
1.762032846724038426e-01 1.050079269450601815e+00
1.772217415361232173e-01 9.928216218237744251e-01
1.782460850913716033e-01 9.447190713625792657e-01
1.792763493632887617e-01 9.019327025258956354e-01
1.803125685736800821e-01 8.636720050349859790e-01
1.813547771421535060e-01 8.323826200646954332e-01
1.824030096872625850e-01 8.078817421130656262e-01
1.834573010276564775e-01 7.882869685788523872e-01
1.845176861832364401e-01 7.719382278767061845e-01
1.855842003763193415e-01 7.611823473966299325e-01
1.866568790328071992e-01 7.598384799227757558e-01
1.877357577833641822e-01 7.687811274509970261e-01
1.888208724646001924e-01 7.863452777067025945e-01
1.899122591202609955e-01 8.106040618854689628e-01
1.910099540024255971e-01 8.359250942512891358e-01
1.921139935727104175e-01 8.532224472879207378e-01
1.932244145034804905e-01 8.578765765539894117e-01
1.943412536790674328e-01 8.522886570211616331e-01
1.954645481969946030e-01 8.433558908714245961e-01
1.965943353692096995e-01 8.359053314943207802e-01
1.977306527233236300e-01 8.282126783443535256e-01
1.988735380038573475e-01 8.151593773666954146e-01
2.000230291734956534e-01 7.961821899877460362e-01
2.011791644143479663e-01 7.730103574422443335e-01
2.023419821292166965e-01 7.484650132874355322e-01
2.035115209428728922e-01 7.205254156232964169e-01
2.046878197033392410e-01 6.881243755735306777e-01
2.058709174831803157e-01 6.567806430215767932e-01
2.070608535808005912e-01 6.305455831459659821e-01
2.082576675217497619e-01 6.107828261775208878e-01
2.094613990600355524e-01 5.987621292514642146e-01
2.106720881794442723e-01 5.959805212081555892e-01
2.118897750948690872e-01 6.054271190390723145e-01
2.131145002536455058e-01 6.328973512252109579e-01
2.143463043368951104e-01 6.815236147460700389e-01
2.155852282608767823e-01 7.318791195016680629e-01
2.168313131783459469e-01 7.476942657656662217e-01
2.180846004799212312e-01 7.366468846203054754e-01
2.193451317954595303e-01 7.221459616947089044e-01
2.206129489954388734e-01 7.110590550354111139e-01
2.218880941923488948e-01 7.036826059969389924e-01
2.231706097420899648e-01 6.999869704438398399e-01
2.244605382453801201e-01 6.992508077467652905e-01
2.257579225491697927e-01 6.971658368865942812e-01
2.270628057480653939e-01 6.876698321632563893e-01
2.283752311857605299e-01 6.678626089916324116e-01
2.296952424564759343e-01 6.387866528018075751e-01
2.310228834064072811e-01 6.081000319190544845e-01
2.323581981351817149e-01 5.849874876444579597e-01
2.337012309973229007e-01 5.733818086147386417e-01
2.350520266037238737e-01 5.614302813380714907e-01
2.364106298231291869e-01 5.418997367640056018e-01
2.377770857836252472e-01 5.261883449740918373e-01
2.391514398741393099e-01 5.191873883180201377e-01
2.405337377459470793e-01 5.194047786446730486e-01
2.419240253141889951e-01 5.218257163733075465e-01
2.433223487593957901e-01 5.221567425525290851e-01
2.447287545290218747e-01 5.196024062143574929e-01
2.461432893389885190e-01 5.179769194537029442e-01
2.475660001752356676e-01 5.192269138319570709e-01
2.489969342952823017e-01 5.070283520931843091e-01
2.504361392297964617e-01 4.745087355016080477e-01
2.518836627841739007e-01 4.396773704136477945e-01
2.533395530401260642e-01 4.114734458750556323e-01
2.548038583572773130e-01 3.915604919536503914e-01
2.562766273747711931e-01 3.787957272277317489e-01
2.577579090128856998e-01 3.727038573922085707e-01
2.592477524746588102e-01 3.727176913220864862e-01
2.607462072475227322e-01 3.775482031940986527e-01
2.622533231049470337e-01 3.884063559414865363e-01
2.637691501080930423e-01 4.074517248319770579e-01
2.652937386074759596e-01 4.285771238933964722e-01
2.668271392446371348e-01 4.523210882531347732e-01
2.683694029538270520e-01 4.852987067374547880e-01
2.699205809636965880e-01 5.151854300319100854e-01
2.714807247989985406e-01 5.235895424327413616e-01
2.730498862822996475e-01 5.091330857103237850e-01
2.746281175357012105e-01 4.857947519373627676e-01
2.762154709825712651e-01 4.656614432757593680e-01
2.778119993492854656e-01 4.550414317498411854e-01
2.794177556669779627e-01 4.541990442340612666e-01
2.810327932733039380e-01 4.574253143091599472e-01
2.826571658142107979e-01 4.686159754425419099e-01
2.842909272457196934e-01 4.916682433083846004e-01
2.859341318357184192e-01 5.258672001733545320e-01
2.875868341657639160e-01 5.635103115090003278e-01
2.892490891328946545e-01 6.013411690358463346e-01
2.909209519514548425e-01 6.400564099370301685e-01
2.926024781549284581e-01 6.647400933906180143e-01
2.942937235977828858e-01 6.677736765852744227e-01
2.959947444573255426e-01 6.477589444654816564e-01
2.977055972355692748e-01 6.125268894799862363e-01
2.994263387611086902e-01 5.774035296578172716e-01
3.011570261910088142e-01 5.453335157872729599e-01
3.028977170127025720e-01 5.136735791238240534e-01
3.046484690459013711e-01 4.830259896860836788e-01
3.064093404445150659e-01 4.538813579157934819e-01
3.081803896985833569e-01 4.285558789296554094e-01
3.099616756362194026e-01 4.087921338233618251e-01
3.117532574255635347e-01 3.935649295791749380e-01
3.135551945767480198e-01 3.817621170486953375e-01
3.153675469438748658e-01 3.747502908762910256e-01
3.171903747270033436e-01 3.753199523459064824e-01
3.190237384741493876e-01 3.848263325166527693e-01
3.208676990832974307e-01 4.027096512973987186e-01
3.227223178044230090e-01 4.244383085152798052e-01
3.245876562415266342e-01 4.305835377946177767e-01
3.264637763546810456e-01 4.183143241996828965e-01
3.283507404620888970e-01 4.027150860555649969e-01
3.302486112421523790e-01 3.945728301845656261e-01
3.321574517355558864e-01 3.966083941523155243e-01
3.340773253473591775e-01 4.034255571685805841e-01
3.360082958491044103e-01 4.079853192701250464e-01
3.379504273809338932e-01 4.080441134721062291e-01
3.399037844537201591e-01 4.072150658172799531e-01
3.418684319512097503e-01 4.101211792294898184e-01
3.438444351321779946e-01 4.160722394216128661e-01
3.458318596325960503e-01 4.162807365076299226e-01
3.478307714678123830e-01 4.059808816446005553e-01
3.498412370347446232e-01 3.901425141411644648e-01
3.518633231140849693e-01 3.736870545513886754e-01
3.538970968725191901e-01 3.580191408268054709e-01
3.559426258649572294e-01 3.433956888080045289e-01
3.579999780367765227e-01 3.346872299498592218e-01
3.600692217260801353e-01 3.303996998255550599e-01
3.621504256659661136e-01 3.294491112153728474e-01
3.642436589868098817e-01 3.382336566878466622e-01
3.663489912185618480e-01 3.577355452643082301e-01
3.684664922930561692e-01 3.775580845725828860e-01
3.705962325463332818e-01 3.970797359060128651e-01
3.727382827209774208e-01 4.223612427578962158e-01
3.748927139684648524e-01 4.502929353192480777e-01
3.770595978515288715e-01 4.718862176518953122e-01
3.792390063465359562e-01 4.824449646312113371e-01
3.814310118458763554e-01 4.776549664109844828e-01
3.836356871603694985e-01 4.579223476469163057e-01
3.858531055216822825e-01 4.345084213285509978e-01
3.880833405847607942e-01 4.164961505585859092e-01
3.903264664302779630e-01 4.072471802973536836e-01
3.925825575670940371e-01 4.065036065664159315e-01
3.948516889347303827e-01 4.118790764618329714e-01
3.971339359058604912e-01 4.213182632588866050e-01
3.994293742888124776e-01 4.270390873323271497e-01
4.017380803300868997e-01 4.159778722570884879e-01
4.040601307168905088e-01 3.938747107946553028e-01
4.063956025796829352e-01 3.763313114337666354e-01
4.087445734947380283e-01 3.687508119295953013e-01
4.111071214867221824e-01 3.702621687687571717e-01
4.134833250312844322e-01 3.781400977653036066e-01
4.158732630576643108e-01 3.885471655848867223e-01
4.182770149513134750e-01 3.968944600594336847e-01
4.206946605565314856e-01 4.004453334177390800e-01
4.231262801791195738e-01 3.996434595537444179e-01
4.255719545890473410e-01 3.956513826461185435e-01
4.280317650231349469e-01 3.908757124246937664e-01
4.305057931877529498e-01 3.893643555855319516e-01
4.329941212615355806e-01 3.938974379651690172e-01
4.354968318981098929e-01 4.025273398643647860e-01
4.380140082288422887e-01 4.159131492280168096e-01
4.405457338655994204e-01 4.430834815771593216e-01
4.430920929035247480e-01 4.738807738989356810e-01
4.456531699238333033e-01 4.685280311740323556e-01
4.482290499966203323e-01 4.412208417328833954e-01
4.508198186836865351e-01 4.142431962641832666e-01
4.534255620413813470e-01 3.924730372566683778e-01
4.560463666234608748e-01 3.810205195934544542e-01
4.586823194839622087e-01 3.816400820244151837e-01
4.613335081800964965e-01 3.966884333180376587e-01
4.640000207751556194e-01 4.256794096528981886e-01
4.666819458414390720e-01 4.494727809050576006e-01
4.693793724631949438e-01 4.555004217804333178e-01
4.720923902395786631e-01 4.522499423280483266e-01
4.748210892876304490e-01 4.500691220965803985e-01
4.775655602452679171e-01 4.623062212114416036e-01
4.803258942742961168e-01 4.688150852189990059e-01
4.831021830634371073e-01 4.578230397931498108e-01
4.858945188313745223e-01 4.343241336198202518e-01
4.887029943298164536e-01 4.149190825525040371e-01
4.915277028465775411e-01 4.046809863050011002e-01
4.943687382086768833e-01 4.038242707904189377e-01
4.972261947854541564e-01 4.036632043211261789e-01
5.001001674917054940e-01 3.955402171381710019e-01
5.029907517908354109e-01 3.802122228334450238e-01
5.058980436980275996e-01 3.634311718226141408e-01
5.088221397834349347e-01 3.502686816127055236e-01
5.117631371753864622e-01 3.449935077089033020e-01
5.147211335636141527e-01 3.473838131642367211e-01
5.176962272024980827e-01 3.614687300556475025e-01
5.206885169143288250e-01 3.845728751585324456e-01
5.236981020925914887e-01 4.010130186116577233e-01
5.267250827052667450e-01 4.015757631163340835e-01
5.297695592981502832e-01 3.952195664063579694e-01
5.328316329981945820e-01 3.878574453666880362e-01
5.359114055168668900e-01 3.878940064670796106e-01
5.390089791535270791e-01 4.049724869702856500e-01
5.421244567988269258e-01 4.303266219540279880e-01
5.452579419381275994e-01 4.583773851261147003e-01
5.484095386549359130e-01 5.006548629708608145e-01
5.515793516343632241e-01 5.352446283548817352e-01
5.547674861666017643e-01 5.285450537425789852e-01
5.579740481504216199e-01 4.863579905109634560e-01
5.611991440966896949e-01 4.320173258126785432e-01
5.644428811319066597e-01 3.865130838239095312e-01
5.677053670017649933e-01 3.579356431786137605e-01
5.709867100747291202e-01 3.444762175452542596e-01
5.742870193456336425e-01 3.255178047854249135e-01
5.776064044393048880e-01 2.945648807525220181e-01
5.809449756142023302e-01 2.701944369968840021e-01
5.843028437660793273e-01 2.564573446281178670e-01
5.876801204316687288e-01 2.489499673247298206e-01
5.910769177923870243e-01 2.473743815254204892e-01
5.944933486780595855e-01 2.483807999240385811e-01
5.979295265706701112e-01 2.554356100928492634e-01
6.013855656081297241e-01 2.710076744461355491e-01
6.048615805880666052e-01 2.919542205569904403e-01
6.083576869716416091e-01 3.010455828313993720e-01
6.118740008873820857e-01 2.964971843151117392e-01
6.154106391350390171e-01 2.937743704737842410e-01
6.189677191894675801e-01 3.068592918625917543e-01
6.225453592045292472e-01 3.260479407411034369e-01
6.261436780170150929e-01 3.457331288884473719e-01
6.297627951505950783e-01 3.523106684764700791e-01
6.334028308197864332e-01 3.374406760644878545e-01
6.370639059339481269e-01 3.132891048422753455e-01
6.407461421012968783e-01 2.992130811915003075e-01
6.444496616329448146e-01 3.044185913769887342e-01
6.481745875469649976e-01 3.129462210088728158e-01
6.519210435724759334e-01 3.194096306754027337e-01
6.556891541537508417e-01 3.234639602674792558e-01
6.594790444543533470e-01 3.194857172897312969e-01
6.632908403612935988e-01 3.160331636473439065e-01
6.671246684892090384e-01 3.051522837294422530e-01
6.709806561845721440e-01 2.679731031136308173e-01
6.748589315299192704e-01 2.299288078115256373e-01
6.787596233481042463e-01 2.116260245141244611e-01
6.826828612065795054e-01 2.171067310903984915e-01
6.866287754216984229e-01 2.312795922503188550e-01
6.905974970630435195e-01 2.448620410458069441e-01
6.945891579577818664e-01 2.557878812358118092e-01
6.986038906950429173e-01 2.652275621017895491e-01
7.026418286303216520e-01 2.733490670779720744e-01
7.067031058899108098e-01 2.697497749650940024e-01
7.107878573753529938e-01 2.599207677868378696e-01
7.148962187679240854e-01 2.567829360491729607e-01
7.190283265331394169e-01 2.612675996742374052e-01
7.231843179252852583e-01 2.727542080932218727e-01
7.273643309919801681e-01 2.898519572844721059e-01
7.315685045787596597e-01 2.994838309619680117e-01
7.357969783336865133e-01 2.888667838495951323e-01
7.400498927119919523e-01 2.773312626071137155e-01
7.443273889807401344e-01 2.712265469795610562e-01
7.486296092235191768e-01 2.632853771607156501e-01
7.529566963451627126e-01 2.527706023156544579e-01
7.573087940764960946e-01 2.459909885376293515e-01
7.616860469791092436e-01 2.397923998144765589e-01
7.660886004501606950e-01 2.341056664968064749e-01
7.705166007272060691e-01 2.282855345695994354e-01
7.749701948930545203e-01 2.162727427463300711e-01
7.794495308806568268e-01 2.033854489272070576e-01
7.839547574780165728e-01 1.965421002579587628e-01
7.884860243331343055e-01 2.003093758050686068e-01
7.930434819589780027e-01 2.183453618833957888e-01
7.976272817384808533e-01 2.463116392694423562e-01
8.022375759295721220e-01 2.676638159670746142e-01
8.068745176702336597e-01 2.770397619418291657e-01
8.115382609835852801e-01 2.758836406591751444e-01
8.162289607830032212e-01 2.582908344058653660e-01
8.209467728772645856e-01 2.445542361060233927e-01
8.256918539757219788e-01 2.365587187055147311e-01
8.304643616935105666e-01 2.341155478752907360e-01
8.352644545567829981e-01 2.240701385082300712e-01
8.400922920079733069e-01 2.098399653531012321e-01
8.449480344110958940e-01 2.087199111019146236e-01
8.498318430570707127e-01 2.263888039695529097e-01
8.547438801690798726e-01 2.497478886373307727e-01
8.596843089079587719e-01 2.719053976814271301e-01
8.646532933776126528e-01 2.789681129530252046e-01
8.696509986304700179e-01 2.494430481110924969e-01
8.746775906729644667e-01 2.180019839810690141e-01
8.797332364710471753e-01 2.056636007367445840e-01
8.848181039557355687e-01 2.017886181641567189e-01
8.899323620286901937e-01 1.967733245144895615e-01
8.950761805678236760e-01 1.939260053042608511e-01
9.002497304329459826e-01 1.990707450120713096e-01
9.054531834714387717e-01 2.110924300759764172e-01
9.106867125239620497e-01 2.272084643148191696e-01
9.159504914301977996e-01 2.531456006291306626e-01
9.212446950346235841e-01 2.665768643338101151e-01
9.265694991923183466e-01 2.668772582397305193e-01
9.319250807748065135e-01 2.783228589380054574e-01
9.373116176759319629e-01 3.154877115550148714e-01
9.427292888177655206e-01 3.741415979616629084e-01
9.481782741565508710e-01 4.556570416294082881e-01
9.536587546886805544e-01 5.239946789505944835e-01
9.591709124567069367e-01 4.988465707082481160e-01
9.647149305553922582e-01 4.498981742488034063e-01
9.702909931377862174e-01 3.799419671319015368e-01
9.758992854213467405e-01 3.185494566783511616e-01
9.815399936940907288e-01 3.149012517419762514e-01
9.872133053207802211e-01 3.267233329605000458e-01
9.929194087491489684e-01 2.853905148988456486e-01
9.986584935161608723e-01 2.594726472725784050e-01
1.004430750254303728e+00 2.558881772274266275e-01
1.010236370697924935e+00 2.679291309793759845e-01
1.016075547689597958e+00 3.067960510402926722e-01
1.021948475186527761e+00 3.253977460368416286e-01
1.027855348266994762e+00 2.797512121978998345e-01
1.033796363136834096e+00 2.409104777899663541e-01
1.039771717135951290e+00 2.198883391337071447e-01
1.045781608744880131e+00 2.209579983546241799e-01
1.051826237591374280e+00 2.399692764893441577e-01
1.057905804457035748e+00 2.486668658311567970e-01
1.064020511283988890e+00 2.367854963417276304e-01
1.070170561181583713e+00 2.168256058725223367e-01
1.076356158433145582e+00 2.143498264933004216e-01
1.082577508502760022e+00 2.169002102800782483e-01
1.088834818042095476e+00 2.142248270554749923e-01
1.095128294897270704e+00 1.963963499253164879e-01
1.101458148115757263e+00 1.759241099817042409e-01
1.107824587953321727e+00 1.783465299171113905e-01
1.114227825881013212e+00 1.945925042830216334e-01
1.120668074592185315e+00 2.069531206289356162e-01
1.127145548009560017e+00 2.142060524363549323e-01
1.133660461292336441e+00 2.266798105659132700e-01
1.140213030843336250e+00 2.436960383846686617e-01
1.146803474316190341e+00 2.662443559478160915e-01
1.153432010622570836e+00 2.849310307993292990e-01
1.160098859939462601e+00 3.002852107570384566e-01
1.166804243716473621e+00 3.093133322091483617e-01
1.173548384683194445e+00 3.187421435587934893e-01
1.180331506856595603e+00 3.412469830566103313e-01
1.187153835548465874e+00 3.471264032547227707e-01
1.194015597372901416e+00 3.350562994362449309e-01
1.200917020253827294e+00 2.990949987186138359e-01
1.207858333432573428e+00 2.765980643235844139e-01
1.214839767475487387e+00 2.795822406258196002e-01
1.221861554281590267e+00 3.097273619676372824e-01
1.228923927090283863e+00 3.203523141827975818e-01
1.236027120489096909e+00 3.140237853325772988e-01
1.243171370421473965e+00 3.044304490311697808e-01
1.250356914194617142e+00 3.000332356056907845e-01
1.257583990487367132e+00 3.043395403491149787e-01
1.264852839358128644e+00 2.969848303433081371e-01
1.272163702252848472e+00 3.017101055344633131e-01
1.279516822013033517e+00 2.862215388293687379e-01
1.286912442883815677e+00 2.724523319805288724e-01
1.294350810522067352e+00 2.807986383172274558e-01
1.301832172004561583e+00 2.877462355294843066e-01
1.309356775836174380e+00 2.677522543045084413e-01
1.316924871958146337e+00 2.833781721705336820e-01
1.324536711756377994e+00 3.601466016144585502e-01
1.332192548069784932e+00 3.958509864914998011e-01
1.339892635198694837e+00 3.675862914752296984e-01
1.347637228913291185e+00 3.124733970484027679e-01
1.355426586462114891e+00 2.614069271108648840e-01
1.363260966580605249e+00 2.401036632367295753e-01
1.371140629499693731e+00 2.512172496179346792e-01
1.379065836954451285e+00 2.812378655908511216e-01
1.387036852192779834e+00 2.944808890354061459e-01
1.395053939984155722e+00 2.859997018823979831e-01
1.403117366628427343e+00 2.671460317345014102e-01
1.411227399964658957e+00 2.519791038990681908e-01
1.419384309380025577e+00 2.289787132702676420e-01
1.427588365818764915e+00 1.968854781602855097e-01
1.435839841791175742e+00 1.877654598882723125e-01
1.444139011382666204e+00 1.951102885155949207e-01
1.452486150262864761e+00 1.995282528358908181e-01
1.460881535694769973e+00 2.099555774813666453e-01
1.469325446543965796e+00 2.164921093486798509e-01
1.477818163287882181e+00 2.260622244106493539e-01
1.486359968025109168e+00 2.236709308174675004e-01
1.494951144484772509e+00 2.130489430158524766e-01
1.503591978035954568e+00 2.150553569170738644e-01
1.512282755697172298e+00 2.365384618796220750e-01
1.521023766145914724e+00 2.140884640323927057e-01
1.529815299728230382e+00 1.848781210951824794e-01
1.538657648468367833e+00 1.865559791618034702e-01
1.547551106078482119e+00 2.215187665836038100e-01
1.556495967968387184e+00 2.320305770151197544e-01
1.565492531255366693e+00 1.877694124396659947e-01
1.574541094774047689e+00 1.622892898802497652e-01
1.583641959086324214e+00 1.733564337825790058e-01
1.592795426491339539e+00 1.981325081249943887e-01
1.602001801035530804e+00 2.140652427929547741e-01
1.611261388522727822e+00 2.220153058524360346e-01
1.620574496524306296e+00 2.268532287583113483e-01
1.629941434389411858e+00 2.212919889473909385e-01
1.639362513255227638e+00 2.016423737625902268e-01
1.648838046057315765e+00 1.855712997958506860e-01
1.658368347540009280e+00 1.834156770795175306e-01
1.667953734266863997e+00 1.824285273689437159e-01
1.677594524631179640e+00 1.688426200909861619e-01
1.687291038866571835e+00 1.518481313048960502e-01
1.697043599057607821e+00 1.497730418232093019e-01
1.706852529150509445e+00 1.506845989883788262e-01
1.716718154963911225e+00 1.636153708728324274e-01
1.726640804199680579e+00 1.820673629853453712e-01
1.736620806453807120e+00 1.681089277385326430e-01
1.746658493227349673e+00 1.463797764517273114e-01
1.756754197937443251e+00 1.371896003924761298e-01
1.766908255928380411e+00 1.255750281221209852e-01
1.777121004482747679e+00 1.168013521659797826e-01
1.787392782832625482e+00 1.178057942889009918e-01
1.797723932170862682e+00 1.277355915276962017e-01
1.808114795662403074e+00 1.418294016597428098e-01
1.818565718455690483e+00 1.516193773929862820e-01
1.829077047694130043e+00 1.436115082693723566e-01
1.839649132527616748e+00 1.295097930345383841e-01
1.850282324124138622e+00 1.260804606315889531e-01
1.860976975681438272e+00 1.319401180727328982e-01
1.871733442438742401e+00 1.471559587316629836e-01
1.882552081688566581e+00 1.609972996434376746e-01
1.893433252788581767e+00 1.609236833737302252e-01
1.904377317173546302e+00 1.699799667545201787e-01
1.915384638367318981e+00 1.876864088603985292e-01
1.926455581994929611e+00 2.163809438407323371e-01
1.937590515794722412e+00 1.949823246642242436e-01
1.948789809630575354e+00 1.635116163987480886e-01
1.960053835504184105e+00 1.538659087913742674e-01
1.971382967567415045e+00 1.498822310554599746e-01
1.982777582134739092e+00 1.467103085620245495e-01
1.994238057695728816e+00 1.417498565629448370e-01
2.005764774927627947e+00 1.331169902502038205e-01
2.017358116708002580e+00 1.362721144002160822e-01
2.029018468127450348e+00 1.475225578734276066e-01
2.040746216502401289e+00 1.540912042208145427e-01
2.052541751387976898e+00 1.523861723633619658e-01
2.064405464590929995e+00 1.544923881872739824e-01
2.076337750182662312e+00 1.507349940186483717e-01
2.088339004512313135e+00 1.503007074342667948e-01
2.100409626219920778e+00 1.694750283139764002e-01
2.112550016249669760e+00 1.889028065518063293e-01
2.124760577863207711e+00 2.020252771788538515e-01
2.137041716653034662e+00 1.990420890144670441e-01
2.149393840555982482e+00 1.956774796405892913e-01
2.161817359866763155e+00 1.978449600111035211e-01
2.174312687251592546e+00 2.181803428627092367e-01
2.186880237761905654e+00 2.573427161403041841e-01
2.199520428848138476e+00 2.951765380806954386e-01
2.212233680373592026e+00 3.500379514250989144e-01
2.225020414628386511e+00 3.651510257477930677e-01
2.237881056343477670e+00 3.631347304680874188e-01
2.250816032704775704e+00 4.013524439625907325e-01
2.263825773367328598e+00 3.643116026455583967e-01
2.276910710469592924e+00 3.014205811448756323e-01
2.290071278647793029e+00 3.035762038612087599e-01
2.303307915050354371e+00 3.246190934122848426e-01
2.316621059352423018e+00 2.865332963205459715e-01
2.330011153770474852e+00 2.623347885505334376e-01
2.343478643077001600e+00 2.828593998001120435e-01
2.357023974615280792e+00 3.090025628558196180e-01
2.370647598314243876e+00 3.249194873182051913e-01
2.384349966703414481e+00 3.130806077562582335e-01
2.398131534927939956e+00 2.765150607443169206e-01
2.411992760763713051e+00 2.645847784313908879e-01
2.425934104632577970e+00 2.393556428854738960e-01
2.439956029617617261e+00 2.200182792607746629e-01
2.454059001478542612e+00 2.106077484613253226e-01
2.468243488667162033e+00 2.128676197206670062e-01
2.482509962342935861e+00 2.059052004406838055e-01
2.496858896388636673e+00 1.827140992071377423e-01
2.511290767426078485e+00 1.781044361442479240e-01
2.525806054831960523e+00 1.862931344941231304e-01
2.540405240753779381e+00 1.767324067417136435e-01
2.555088810125852206e+00 1.728905267870479157e-01
2.569857250685421590e+00 1.601608409547482514e-01
2.584711052988855506e+00 1.360334791098221086e-01
2.599650710427946265e+00 1.361673717882833090e-01
2.614676719246288084e+00 1.452602162694648924e-01
2.629789578555775442e+00 1.604943374785907373e-01
2.644989790353173831e+00 1.826152854222955202e-01
2.660277859536794409e+00 1.870767278079219775e-01
2.675654293923265481e+00 1.865693190227571685e-01
2.691119604264405218e+00 1.853020322321556335e-01
2.706674304264172548e+00 1.774725219901819029e-01
2.722318910595750374e+00 1.594266545333705154e-01
2.738053942918694972e+00 1.392627135984660369e-01
2.753879923896200843e+00 1.251941009815541739e-01
2.769797379212459720e+00 1.395695304004011261e-01
2.785806837590128815e+00 1.614543133983329937e-01
2.801908830807877226e+00 1.842299026666174844e-01
2.818103893718070019e+00 1.864176398630243425e-01
2.834392564264522019e+00 1.980440697875605616e-01
2.850775383500368410e+00 1.998913934951859761e-01
2.867252895606037466e+00 1.877926336791039263e-01
2.883825647907329426e+00 1.677072497031489862e-01
2.900494190893583735e+00 1.561302266710338782e-01
2.917259078235983960e+00 1.440902610569329279e-01
2.934120866805935979e+00 1.341846731954240701e-01
2.951080116693567401e+00 1.426846349675522929e-01
2.968137391226336685e+00 1.564874385032385407e-01
2.985293256987731514e+00 1.630358280247327929e-01
3.002548283836107057e+00 1.666025115886129171e-01
3.019903044923603730e+00 1.542962428243621620e-01
3.037358116715186629e+00 1.380512565963003258e-01
3.054914079007794214e+00 1.302751057981414162e-01
3.072571514949601568e+00 1.255088228862766830e-01
3.090331011059376021e+00 1.284006082996844156e-01
3.108193157245980220e+00 1.371337706040402782e-01
3.126158546827951579e+00 1.384089624974292054e-01
3.144227776553216724e+00 1.395947279155358989e-01
3.162401446618910317e+00 1.369223091044778906e-01
3.180680160691316427e+00 1.274846045141969642e-01
3.199064525925907621e+00 1.250602083030929734e-01
3.217555152987530587e+00 1.211659570424608728e-01
3.236152656070678812e+00 1.197791055722002423e-01
3.254857652919894928e+00 1.272390522588640605e-01
3.273670764850296955e+00 1.323877445180681733e-01
3.292592616768199143e+00 1.354237980573455569e-01
3.311623837191892683e+00 1.330018721908626245e-01
3.330765058272506351e+00 1.162366313856064703e-01
3.350016915815009710e+00 1.101482200325527572e-01
3.369380049299332214e+00 1.199599347984615094e-01
3.388855101901607103e+00 1.285690858028404049e-01
3.408442720515521884e+00 1.239194031570894916e-01
3.428143555773827789e+00 1.169574779460305081e-01
3.447958262069935831e+00 1.200093416908826205e-01
3.467887497579658529e+00 1.213042963412400005e-01
3.487931924283071528e+00 1.193952140180881971e-01
3.508092207986506228e+00 1.162109398015474943e-01
3.528369018344649444e+00 1.169100473293062381e-01
3.548763028882812254e+00 1.132341745331754412e-01
3.569274917019284565e+00 1.045998260136618008e-01
3.589905364087840223e+00 9.322438310262483319e-02
3.610655055360374899e+00 8.961669181803517958e-02
3.631524680069651456e+00 8.509349081688231953e-02
3.652514931432215839e+00 8.111327156343747791e-02
3.673626506671410219e+00 7.765133061149011307e-02
3.694860107040534913e+00 8.069825366710013659e-02
3.716216437846141751e+00 8.458212948032380052e-02
3.737696208471465109e+00 8.168589744659818241e-02
3.759300132399972405e+00 8.362709424982368855e-02
3.781028927239082016e+00 8.269676246553413212e-02
3.802883314743989107e+00 8.493588283005897022e-02
3.824864020841640233e+00 8.876195257914994141e-02
3.846971775654848713e+00 9.721497780347809758e-02
3.869207313526548564e+00 1.067001130104832940e-01
3.891571373044171445e+00 1.094234209207350234e-01
3.914064697064205678e+00 1.114708425426659405e-01
3.936688032736852527e+00 9.746201226558365294e-02
3.959442131530850340e+00 9.036915878960873061e-02
3.982327749258438132e+00 8.507718654238334566e-02
4.005345646100446189e+00 8.200259562701750493e-02
4.028496586631570509e+00 9.303367249787933280e-02
4.051781339845751617e+00 9.699116458081044612e-02
4.075200679181723906e+00 1.014807688951169656e-01
4.098755382548707082e+00 1.090933828793620025e-01
4.122446232352245943e+00 1.044224552698699987e-01
4.146274015520188705e+00 1.069021872004856516e-01
4.170239523528843861e+00 1.184960085760239368e-01
4.194343552429258715e+00 1.172366268882097801e-01
4.218586902873665778e+00 1.050647448713444843e-01
4.242970380142073950e+00 9.905143199477085825e-02
4.267494794169023997e+00 1.027935100267459295e-01
4.292160959570472833e+00 1.117830941027673775e-01
4.316969695670882068e+00 1.023132750324127066e-01
4.341921826530410478e+00 9.358208900375368511e-02
4.367018180972294772e+00 9.428761942752716951e-02
4.392259592610382235e+00 9.063200345728904261e-02
4.417646899876805477e+00 8.792252947691522880e-02
4.443180946049855251e+00 8.494230572607372465e-02
4.468862579281975833e+00 8.205447286405967433e-02
4.494692652627942486e+00 8.459299899665644051e-02
4.520672024073195239e+00 9.665865619481636695e-02
4.546801556562344082e+00 1.044140560981584170e-01
4.573082118027814502e+00 9.513099508115556435e-02
4.599514581418703507e+00 8.944376769456127696e-02
4.626099824729760002e+00 9.008161067571786307e-02
4.652838731030551678e+00 9.570312689539205164e-02
4.679732188494796219e+00 1.034847124517172812e-01
4.706781090429870140e+00 1.011709876796365870e-01
4.733986335306464177e+00 1.012371929154808614e-01
4.761348826788450062e+00 9.811121883199708238e-02
4.788869473762884077e+00 9.678464377049020295e-02
4.816549190370198019e+00 1.026749334849352546e-01
4.844388896034566017e+00 9.766902714482812720e-02
4.872389515494448098e+00 1.017925263862941854e-01
4.900551978833287414e+00 1.089520791670376132e-01
4.928877221510434836e+00 1.103394247062224609e-01
4.957366184392200559e+00 1.114747950940596366e-01
4.986019813783113541e+00 1.044985418841985342e-01
5.014839061457356806e+00 9.747930467793104736e-02
5.043824884690362609e+00 1.046477506993102741e-01
5.072978246290641202e+00 1.095410093246972777e-01
5.102300114631742822e+00 1.100563232126494789e-01
5.131791463684423960e+00 1.075553463182927633e-01
5.161453273049005475e+00 1.098359684724513202e-01
5.191286527987911903e+00 1.076195752784402104e-01
5.221292219458380401e+00 1.041601046711139039e-01
5.251471344145405951e+00 1.044387595443689726e-01
5.281824904494829553e+00 8.821699455574505411e-02
5.312353908746639597e+00 8.674368102374747924e-02
5.343059370968462396e+00 9.215472388170774243e-02
5.373942311089249912e+00 9.357319576311787235e-02
5.405003754933139781e+00 1.038409361460735092e-01
5.436244734253559585e+00 1.101763819612327777e-01
5.467666286767478567e+00 1.109535523790168843e-01
5.499269456189878724e+00 1.184006532736512074e-01
5.531055292268432844e+00 1.270162271740448157e-01
5.563024850818350409e+00 1.362128261293107379e-01
5.595179193757479297e+00 1.377785305501358082e-01
5.627519389141558470e+00 1.344292373129085671e-01
5.660046511199702479e+00 1.379890039118497336e-01
5.692761640370078702e+00 1.310453592509865650e-01
5.725665863335805739e+00 1.197884928817602446e-01
5.758760273061025892e+00 1.132030481909501590e-01
5.792045968827241431e+00 1.087564278730500100e-01
5.825524056269808071e+00 1.022505282790378972e-01
5.859195647414667363e+00 9.712505725927166045e-02
5.893061860715279821e+00 9.283950341066436740e-02
5.927123821089786304e+00 9.399611876224260587e-02
5.961382659958350594e+00 1.220967828956746326e-01
5.995839515280771082e+00 1.394489775828935962e-01
6.030495531594262104e+00 1.305715471526681104e-01
6.065351860051475086e+00 1.205004462015484973e-01
6.100409658458743500e+00 1.147356499938530644e-01
6.135670091314512575e+00 1.251713738110404872e-01
6.171134329848062094e+00 1.324633370634724916e-01
6.206803552058381079e+00 1.394420606179546662e-01
6.242678942753306259e+00 1.421633922525095406e-01
6.278761693588877257e+00 1.355087779123098912e-01
6.315053003108923591e+00 1.333398153350230375e-01
6.351554076784851510e+00 1.390616275463120999e-01
6.388266127055725718e+00 1.571144119680624174e-01
6.425190373368511843e+00 1.703584235504659039e-01
6.462328042218596025e+00 1.810718141030599471e-01
6.499680367190518560e+00 1.661632843149892236e-01
6.537248588998957999e+00 1.394978904063904901e-01
6.575033955529916874e+00 1.384227964273070932e-01
6.613037721882214726e+00 1.507433931903599811e-01
6.651261150409145451e+00 1.597181551986550652e-01
6.689705510760421525e+00 1.840179470981309073e-01
6.728372079924347382e+00 1.885747447861301218e-01
6.767262142270216607e+00 1.868613137569659632e-01
6.806376989591010229e+00 1.947283732371797305e-01
6.845717921146279750e+00 1.948113768164471959e-01
6.885286243705309062e+00 1.677630794915848378e-01
6.925083271590525058e+00 1.453990496371682095e-01
6.965110326721157818e+00 1.514059396177270811e-01
7.005368738657123728e+00 1.455072507315704478e-01
7.045859844643230119e+00 1.363289323265003683e-01
7.086584989653569089e+00 1.368477046969220345e-01
7.127545526436194656e+00 1.496287736973396787e-01
7.168742815558059256e+00 1.502596997135572654e-01
7.210178225450215805e+00 1.448847238870644150e-01
7.251853132453240036e+00 1.492666211758928996e-01
7.293768920862992111e+00 1.461712793657101994e-01
7.335926982976571864e+00 1.458936126303035374e-01
7.378328719138569802e+00 1.338264732253710010e-01
7.420975537787583676e+00 1.453353147459449934e-01
7.463868855503007715e+00 1.793860509336516196e-01
7.507010097052058128e+00 1.881602209587170116e-01
7.550400695437144982e+00 1.858968912169058352e-01
7.594042091943437711e+00 1.958420045923515984e-01
7.637935736186750368e+00 1.948434912965208987e-01
7.682083086161699548e+00 1.964679899193270962e-01
7.726485608290103890e+00 1.993217320255705749e-01
7.771144777469737974e+00 1.876454011396889998e-01
7.816062077123293150e+00 2.067174497520869181e-01
7.861238999247660786e+00 2.158928037436117497e-01
7.906677044463489068e+00 1.959373598947243555e-01
7.952377722065040011e+00 2.760491537487858582e-01
7.998342550070284496e+00 3.325533462661913187e-01
