2.511886431509579437e-02 6.737599974569125072e-01
2.526405161860213050e-02 6.768791058304153285e-01
2.541007810627042562e-02 6.784621963585036886e-01
2.555694862859406516e-02 6.816080999513748351e-01
2.570466806410236227e-02 6.852080738832724283e-01
2.585324131952258450e-02 6.897466046881810531e-01
2.600267332994290678e-02 6.948565254412425451e-01
2.615296905897638788e-02 7.005921507763115397e-01
2.630413349892583852e-02 7.068658530841021026e-01
2.645617167094958117e-02 7.136761839743784863e-01
2.660908862522835469e-02 7.209977966180082243e-01
2.676288944113292337e-02 7.292137902324472565e-01
2.691757922739292791e-02 7.391280213987470038e-01
2.707316312226650673e-02 7.509034340184719269e-01
2.722964629371095457e-02 7.642793178491187334e-01
2.738703393955444973e-02 7.792846406954102578e-01
2.754533128766867636e-02 7.958614669479012749e-01
2.770454359614242176e-02 8.140242805089529243e-01
2.786467615345633933e-02 8.338092911344686664e-01
2.802573427865854422e-02 8.564910822322413519e-01
2.818772332154127064e-02 8.834601084289543937e-01
2.835064866281864979e-02 9.146077404568982994e-01
2.851451571430539678e-02 9.499846719743375578e-01
2.867932991909653145e-02 9.897719517607880269e-01
2.884509675174826843e-02 1.034237532009933735e+00
2.901182171845980567e-02 1.083750752231987358e+00
2.917951035725619563e-02 1.132887390992647347e+00
2.934816823817239240e-02 1.161717598642785676e+00
2.951780096343814899e-02 1.165823784962209952e+00
2.968841416766421215e-02 1.158089381101283788e+00
2.986001351802944001e-02 1.145930145068984718e+00
3.003260471446899879e-02 1.135682784148375646e+00
3.020619348986378766e-02 1.130461337347132167e+00
3.038078561023081769e-02 1.131344855391170467e+00
3.055638687491469066e-02 1.135675542197194909e+00
3.073300311678033025e-02 1.140585585097670718e+00
3.091064020240668481e-02 1.146451565553991081e+00
3.108930403228154019e-02 1.152998289421292011e+00
3.126900054099761295e-02 1.160653031819231407e+00
3.144973569744963920e-02 1.169538905917879790e+00
3.163151550503255638e-02 1.174260658087658893e+00
3.181434600184106232e-02 1.164353668872539549e+00
3.199823326087009728e-02 1.141671877774766974e+00
3.218318339021652985e-02 1.113609316949776940e+00
3.236920253328214730e-02 1.083490041989484176e+00
3.255629686897762443e-02 1.053935639221281750e+00
3.274447261192782455e-02 1.026184482297059164e+00
3.293373601267822470e-02 1.002112236572603177e+00
3.312409335790250653e-02 9.817840796085393062e-01
3.331555097061136145e-02 9.641137187277712961e-01
3.350811521036261426e-02 9.486811207618218722e-01
3.370179247347232510e-02 9.351821237611038784e-01
3.389658919322740410e-02 9.234356789461016790e-01
3.409251184009919750e-02 9.138183677782082404e-01
3.428956692195841288e-02 9.064895131833979880e-01
3.448776098429136294e-02 9.009059688231224605e-01
3.468710061041735404e-02 8.966404595777239805e-01
3.488759242170727526e-02 8.935046947165056208e-01
3.508924307780367929e-02 8.913828030205773745e-01
3.529205927684192501e-02 8.903761718064681085e-01
3.549604775567258980e-02 8.906151561954293028e-01
3.570121529008542238e-02 8.919404332614868647e-01
3.590756869503420462e-02 8.941709542251248255e-01
3.611511482486330638e-02 8.972560254280785852e-01
3.632386057353523962e-02 9.011449532120836547e-01
3.653381287485973905e-02 9.058884312354046342e-01
3.674497870272393912e-02 9.115588790098476668e-01
3.695736507132423021e-02 9.180983609259680822e-01
3.717097903539903075e-02 9.254851511302235600e-01
3.738582769046329413e-02 9.337264915737948368e-01
3.760191817304411876e-02 9.428441081102237886e-01
3.781925766091774610e-02 9.525193548875623417e-01
3.803785337334809891e-02 9.626436026381007816e-01
3.825771257132654091e-02 9.734413518484389405e-01
3.847884255781295476e-02 9.850357156886477838e-01
3.870125067797849233e-02 9.975498073287981660e-01
3.892494431944945599e-02 1.010078382871309799e+00
3.914993091255265789e-02 1.020514034522616020e+00
3.937621793056233360e-02 1.028791584722090535e+00
3.960381288994833243e-02 1.036033535902733060e+00
3.983272335062570252e-02 1.042645437330659730e+00
4.006295691620595512e-02 1.048895241199554240e+00
4.029452123424955012e-02 1.051096794358469699e+00
4.052742399651988042e-02 1.048634530957051281e+00
4.076167293923887297e-02 1.044513860735265531e+00
4.099727584334383890e-02 1.039560366127705970e+00
4.123424053474603751e-02 1.034715500787856124e+00
4.147257488459059338e-02 1.029465086181890143e+00
4.171228680951784978e-02 1.023649799383834269e+00
4.195338427192649156e-02 1.017993835511752376e+00
4.219587528023795858e-02 1.012837566271134859e+00
4.243976788916238585e-02 1.008441701904484677e+00
4.268507019996626434e-02 1.005009017044860009e+00
4.293179036074151744e-02 1.002532269741080340e+00
4.317993656667604152e-02 1.000946282432519707e+00
4.342951706032609216e-02 1.000243813167997153e+00
4.368054013188996804e-02 1.000432103898693859e+00
4.393301411948334623e-02 1.001091121456132438e+00
4.418694740941636612e-02 1.001938429744267722e+00
4.444234843647213579e-02 1.003147835591434944e+00
4.469922568418681352e-02 1.004741064851176313e+00
4.495758768513159753e-02 1.006558794597517625e+00
4.521744302119593689e-02 1.007507490202181888e+00
4.547880032387276866e-02 1.007413344836833424e+00
4.574166827454511502e-02 1.006978827765994788e+00
4.600605560477452616e-02 1.006384987769182171e+00
4.627197109659098723e-02 1.005030742898401996e+00
4.653942358278480296e-02 1.002184656084409431e+00
4.680842194719982141e-02 9.984188414704753267e-01
4.707897512502866311e-02 9.943923166140380410e-01
4.735109210310945588e-02 9.904164854158652442e-01
4.762478192022426976e-02 9.862089117799118787e-01
4.790005366739954334e-02 9.821896288746552184e-01
4.817691648820784933e-02 9.791407674276046968e-01
4.845537957907175564e-02 9.774896025584182135e-01
4.873545218956924774e-02 9.793797518165658911e-01
4.901714362274099679e-02 9.879614639656274511e-01
4.930046323539925834e-02 1.004697613144092561e+00
4.958542043843887359e-02 1.031659397389624866e+00
4.987202469714965836e-02 1.067000119151160886e+00
5.016028553153097091e-02 1.096699360942976265e+00
5.045021251660784106e-02 1.110285261357861986e+00
5.074181528274907677e-02 1.109437953069726701e+00
5.103510351598705003e-02 1.094896115098996203e+00
5.133008695833959217e-02 1.064001951362374854e+00
5.162677540813340182e-02 1.025185093034130412e+00
5.192517872032970105e-02 9.903223400505167806e-01
5.222530680685147364e-02 9.646134133592356719e-01
5.252716963691266006e-02 9.548150534118261534e-01
5.283077723734942721e-02 9.606158563075208878e-01
5.313613969295318679e-02 9.798504786433076541e-01
5.344326714680543849e-02 1.013438648219127991e+00
5.375216980061491706e-02 1.040588723195357224e+00
5.406285791505632127e-02 1.037648491016016417e+00
5.437534181011107609e-02 1.010331851162632466e+00
5.468963186541032917e-02 9.694365528455435310e-01
5.500573852057948770e-02 9.299751608622218724e-01
5.532367227558519784e-02 8.951993112927760787e-01
5.564344369108398941e-02 8.643123895073352436e-01
5.596506338877313413e-02 8.384368979388993059e-01
5.628854205174332881e-02 8.180725312189321974e-01
5.661389042483377931e-02 8.015174308199831676e-01
5.694111931498885282e-02 7.872218191893946004e-01
5.727023959161724881e-02 7.753305353507793374e-01
5.760126218695296035e-02 7.657421919876086225e-01
5.793419809641841417e-02 7.577832876400824036e-01
5.826905837898961604e-02 7.510410310909040321e-01
5.860585415756369709e-02 7.459282135573704897e-01
5.894459661932811845e-02 7.423579316253136051e-01
5.928529701613251268e-02 7.397797970050047356e-01
5.962796666486229469e-02 7.381358740869989887e-01
5.997261694781454155e-02 7.373682272618509170e-01
6.031925931307623168e-02 7.373682272618509170e-01
6.066790527490428103e-02 7.380272448192893853e-01
6.101856641410823012e-02 7.389614565215922859e-01
6.137125437843479747e-02 7.399753296868821772e-01
6.172598088295483398e-02 7.413223326064816154e-01
6.208275771045231733e-02 7.429083199150424699e-01
6.244159671181598315e-02 7.446536301495773058e-01
6.280250980643269088e-02 7.467248281872410631e-01
6.316550898258359303e-02 7.493174467099111835e-01
6.353060629784218483e-02 7.524749374246713085e-01
6.389781387947492119e-02 7.563204135015925145e-01
6.426714392484385308e-02 7.610276817690102558e-01
6.463860870181208085e-02 7.666039841781050468e-01
6.501222054915094251e-02 7.731724338989478529e-01
6.538799187695008841e-02 7.810227089787645793e-01
6.576593516702965159e-02 7.903720679529742110e-01
6.614606297335466623e-02 8.016839956971379966e-01
6.652838792245242827e-02 8.157188970852232712e-01
6.691292271383147972e-02 8.327157565061915623e-01
6.729968012040381253e-02 8.521097017679524210e-01
6.768867298890894613e-02 8.741397172594672638e-01
6.807991424034069705e-02 8.970025571367561401e-01
6.847341687037629410e-02 9.102118760902482286e-01
6.886919394980822728e-02 9.099728917012870344e-01
6.926725862497820629e-02 9.022602136939026352e-01
6.966762411821400547e-02 8.909627698521001005e-01
7.007030372826857090e-02 8.792959865000848918e-01
7.047531083076181979e-02 8.690196577747529849e-01
7.088265887862478520e-02 8.616835612287621071e-01
7.129236140254673060e-02 8.569907768637056167e-01
7.170443201142430445e-02 8.542750451709646420e-01
7.211888439281383123e-02 8.535073983458165703e-01
7.253573231338585059e-02 8.543981583410356073e-01
7.295498961938230720e-02 8.566214373534928317e-01
7.337667023707672431e-02 8.597789280682529567e-01
7.380078817323644513e-02 8.637547592664257534e-01
7.422735751558823258e-02 8.679623329023792300e-01
7.465639243328600627e-02 8.710618880076942405e-01
7.508790717738160481e-02 8.730751504359128834e-01
7.552191608129793510e-02 8.731186021429967470e-01
7.595843356130543844e-02 8.700624987447656000e-01
7.639747411700059665e-02 8.651452138931092772e-01
7.683905233178781047e-02 8.589750714872017578e-01
7.728318287336367887e-02 8.524283476199007170e-01
7.772988049420428980e-02 8.469534325273349040e-01
7.817916003205507836e-02 8.447229115636970542e-01
7.863103641042397396e-02 8.478804022784571792e-01
7.908552463907676799e-02 8.561072588196672051e-01
7.954263981453599253e-02 8.679043972929341155e-01
8.000239712058217212e-02 8.822651864841484226e-01
8.046481182875830918e-02 8.851619669564053661e-01
8.092989929887701994e-02 8.571573417408604456e-01
8.139767497953076525e-02 8.132204239279016145e-01
8.186815440860513438e-02 7.775827821679592855e-01
8.234135321379483508e-02 7.518159198672328403e-01
8.281728711312283386e-02 7.328420077739492555e-01
8.329597191546232737e-02 7.200056493062600982e-01
8.377742352106211376e-02 7.114992534494773979e-01
8.426165792207447602e-02 7.073293379596633512e-01
8.474869120308657633e-02 7.071214939607788352e-01
8.523853954165466762e-02 7.104803109183609466e-01
8.573121920884146929e-02 7.178098897082892949e-01
8.622674656975649887e-02 7.289096282828602114e-01
8.672513808409994251e-02 7.443784360047129844e-01
8.722641030670905127e-02 7.646486573593316294e-01
8.773057988810836760e-02 7.902561967340838711e-01
8.823766357506258873e-02 8.225408150973887444e-01
8.874767821113291322e-02 8.627046763452326239e-01
8.926064073723644077e-02 9.140501102159889202e-01
8.977656819220893036e-02 9.796621879126109489e-01
9.029547771337091688e-02 1.062032140641240074e+00
9.081738653709675591e-02 1.166048285448809896e+00
9.134231199938727674e-02 1.274033019503372222e+00
9.187027153644546085e-02 1.345315544974437394e+00
9.240128268525588107e-02 1.365194700965301378e+00
9.293536308416693037e-02 1.324313886550573915e+00
9.347253047347692245e-02 1.238359167987526543e+00
9.401280269602330097e-02 1.146958502136635971e+00
9.455619769777530437e-02 1.063118433318336553e+00
9.510273352842993355e-02 9.936898473495155981e-01
9.565242834201181932e-02 9.396286817860185492e-01
9.620530039747586526e-02 8.989071902972650685e-01
9.676136805931405405e-02 8.706418548392169665e-01
9.732064979816532069e-02 8.527397515206683876e-01
9.788316419142908953e-02 8.443390881511230184e-01
9.844892992388228070e-02 8.442449427857746658e-01
9.901796578830000806e-02 8.513420549428043493e-01
9.959029068607995472e-02 8.648772616994254703e-01
1.001659236278700377e-01 8.829386879439481417e-01
1.007448837341998471e-01 9.048962839236566191e-01
1.013271902361159299e-01 9.307138398826474424e-01
1.019128624758204177e-01 9.622452953231654948e-01
1.025019199073136378e-01 1.005429050213337394e+00
1.030943820970401520e-01 1.066666989396851228e+00
1.036902687245389171e-01 1.152788272837053540e+00
1.042895995830967204e-01 1.273250888775862899e+00
1.048923945804057928e-01 1.401911393451159560e+00
1.054986737392250712e-01 1.496288501237294177e+00
1.061084571980452224e-01 1.533678695182951968e+00
1.067217652117575799e-01 1.507136944105896603e+00
1.073386181523270227e-01 1.448209187349007721e+00
1.079590365094685589e-01 1.371828328246770035e+00
1.085830408913279893e-01 1.299749188145834067e+00
1.092106520251663743e-01 1.240089994319700129e+00
1.098418907580486492e-01 1.198007016008985959e+00
1.104767780575359459e-01 1.174514126378981116e+00
1.111153350123821049e-01 1.159755029872831411e+00
1.117575828332342536e-01 1.142301927527482830e+00
1.124035428533372433e-01 1.117353405710169056e+00
1.130532365292423180e-01 1.089044618545037091e+00
1.137066854415197809e-01 1.068434025484928052e+00
1.143639112954759340e-01 1.057875260663551309e+00
1.150249359218739331e-01 1.057071404082499999e+00
1.156897812776589568e-01 1.065979004034690369e+00
1.163584694466876512e-01 1.084308382472896737e+00
1.170310226404614878e-01 1.112848912075809382e+00
1.177074631988646730e-01 1.152657917715801839e+00
1.183878135909062629e-01 1.202388396473274890e+00
1.190720964154663303e-01 1.260063295675912576e+00
1.197603344020467531e-01 1.323828675821470791e+00
1.204525504115261381e-01 1.396501655919219376e+00
1.211487674369193246e-01 1.483267473014498794e+00
1.218490086041408849e-01 1.557511956518446761e+00
1.225532971727734816e-01 1.542789069768200294e+00
1.232616565368404721e-01 1.434377060593980291e+00
1.239741102255828148e-01 1.285475302368787487e+00
1.246906819042407494e-01 1.147798568473590519e+00
1.254113953748399735e-01 1.033614724208398394e+00
1.261362745769819826e-01 9.390782934962896844e-01
1.268653435886395453e-01 8.620529007389748921e-01
1.275986266269562852e-01 7.988089410784228184e-01
1.283361480490512463e-01 7.467465540407830504e-01
1.290779323528278288e-01 7.041580875376598492e-01
1.298240041777875831e-01 6.690339001164251620e-01
1.305743883058487209e-01 6.409119552917537099e-01
1.313291096621690413e-01 6.190492288725116810e-01
1.320881933159741561e-01 6.028830212519632470e-01
1.328516644813900749e-01 5.922141787726404871e-01
1.336195485182806453e-01 5.859911701231143022e-01
1.343918709330900185e-01 5.826251112143515654e-01
1.351686573796898327e-01 5.803134803974905331e-01
1.359499336602315311e-01 5.785254426509898185e-01
1.367357257260030934e-01 5.777961781670991614e-01
1.375260596782912625e-01 5.785942411872059266e-01
1.383209617692485738e-01 5.804670097625200809e-01
1.391204584027652402e-01 5.807052699563632903e-01
1.399245761353461737e-01 5.766968499778775126e-01
1.407333416769932510e-01 5.685438613387100437e-01
1.415467818920924381e-01 5.589743470486089327e-01
1.423649238003061035e-01 5.514376484549141644e-01
1.431877945774705507e-01 5.470700276978686105e-01
1.440154215564987683e-01 5.444578559070107904e-01
1.448478322282882313e-01 5.429247348420688235e-01
1.456850542426340045e-01 5.445302754188172667e-01
1.465271154091474515e-01 5.488109927616950934e-01
1.473740436981796631e-01 5.558545144799881266e-01
1.482258672417506584e-01 5.662155740341334731e-01
1.490826143344838317e-01 5.789954452826135967e-01
1.499443134345459228e-01 5.918412182868373339e-01
1.508109931645919832e-01 6.023217700354633886e-01
1.516826823127164214e-01 6.094051224852499171e-01
1.525594098334091819e-01 6.141370133866819181e-01
1.534412048485173929e-01 6.188703526783497777e-01
1.543280966482127869e-01 6.259500841525460491e-01
1.552201146919646169e-01 6.384142063295501490e-01
1.561172886095181789e-01 6.586105597821261259e-01
1.570196482018790252e-01 6.829666899928634738e-01
1.579272234423027277e-01 6.997955361464408552e-01
1.588400444772908315e-01 6.969197573326075812e-01
1.597581416275917487e-01 6.719480612715156287e-01
1.606815453892082024e-01 6.358027587338103137e-01
1.616102864344102497e-01 5.974001400130987127e-01
1.625443956127538836e-01 5.618016047895317833e-01
1.634839039521058524e-01 5.308263311996872513e-01
1.644288426596743347e-01 5.048241054855898691e-01
1.653792431230455828e-01 4.835479771119799430e-01
1.663351369112262834e-01 4.663266172044117641e-01
1.672965557756923849e-01 4.510395824571932777e-01
1.682635316514438095e-01 4.354824229309368078e-01
1.692360966580649384e-01 4.202120446714337487e-01
1.702142831007917856e-01 4.071374260099016040e-01
1.711981234715850009e-01 3.979140769862352101e-01
1.721876504502090899e-01 3.937629905694907673e-01
1.731828969053178791e-01 3.956640027544094940e-01
1.741838958955464201e-01 4.038119220277505139e-01
1.751906806706090836e-01 4.180322173660603324e-01
1.762032846724038426e-01 4.381257351118713617e-01
1.772217415361232173e-01 4.639469120464526641e-01
1.782460850913716033e-01 4.955066110965751225e-01
1.792763493632887617e-01 5.323927652400601840e-01
1.803125685736800821e-01 5.709930892280034032e-01
1.813547771421535060e-01 6.033675077859481650e-01
1.824030096872625850e-01 6.228382177302239642e-01
1.834573010276564775e-01 6.311650131977268874e-01
1.845176861832364401e-01 6.355492904424878686e-01
1.855842003763193415e-01 6.414355483621141385e-01
1.866568790328071992e-01 6.512425986509403630e-01
1.877357577833641822e-01 6.652079773076916558e-01
1.888208724646001924e-01 6.811113021003828427e-01
1.899122591202609955e-01 6.945950910036212678e-01
1.910099540024255971e-01 7.033621971029072606e-01
1.921139935727104175e-01 7.107728857460589023e-01
1.932244145034804905e-01 7.217248885165447048e-01
1.943412536790674328e-01 7.360284662934318822e-01
1.954645481969946030e-01 7.456819872172285590e-01
1.965943353692096995e-01 7.546620066812254057e-01
1.977306527233236300e-01 7.733824504831865454e-01
1.988735380038573475e-01 7.710867519589229557e-01
2.000230291734956534e-01 7.384183101830440465e-01
2.011791644143479663e-01 6.897480530784172448e-01
2.023419821292166965e-01 6.316009786588014929e-01
2.035115209428728922e-01 5.748516008170497793e-01
2.046878197033392410e-01 5.315519747079876511e-01
2.058709174831803157e-01 5.065346543544576585e-01
2.070608535808005912e-01 4.989523314683248501e-01
2.082576675217497619e-01 4.986648260064532878e-01
2.094613990600355524e-01 4.910528111204798818e-01
2.106720881794442723e-01 4.813080416118071803e-01
2.118897750948690872e-01 4.802029198616410977e-01
2.131145002536455058e-01 4.890989326919424895e-01
2.143463043368951104e-01 5.063680894773028296e-01
2.155852282608767823e-01 5.317815445604139324e-01
2.168313131783459469e-01 5.680593748047251257e-01
2.180846004799212312e-01 6.203484349143189025e-01
2.193451317954595303e-01 6.902035718076796611e-01
2.206129489954388734e-01 7.618387803012423021e-01
2.218880941923488948e-01 8.020171254514475434e-01
2.231706097420899648e-01 7.831156328699702129e-01
2.244605382453801201e-01 7.315167307078916936e-01
2.257579225491697927e-01 6.797577814247207639e-01
2.270628057480653939e-01 6.320789474367239924e-01
2.283752311857605299e-01 5.871339500194197036e-01
2.296952424564759343e-01 5.420173183591342481e-01
2.310228834064072811e-01 4.996888379033961880e-01
2.323581981351817149e-01 4.645472697993279221e-01
2.337012309973229007e-01 4.384856600855492892e-01
2.350520266037238737e-01 4.215416669081997747e-01
2.364106298231291869e-01 4.127035896873434972e-01
2.377770857836252472e-01 4.099422337021644824e-01
2.391514398741393099e-01 4.157205865491992447e-01
2.405337377459470793e-01 4.270042706837584578e-01
2.419240253141889951e-01 4.227532453407212842e-01
2.433223487593957901e-01 4.032984676890429832e-01
2.447287545290218747e-01 3.843390394981205938e-01
2.461432893389885190e-01 3.733501027766134572e-01
2.475660001752356676e-01 3.713781194701244459e-01
2.489969342952823017e-01 3.774678762179268787e-01
2.504361392297964617e-01 3.892498065937143314e-01
2.518836627841739007e-01 4.001062156086157007e-01
2.533395530401260642e-01 4.020709569639240311e-01
2.548038583572773130e-01 4.001402527791647068e-01
2.562766273747711931e-01 4.002322255591588829e-01
2.577579090128856998e-01 4.032311175430629557e-01
2.592477524746588102e-01 4.090130913656880307e-01
2.607462072475227322e-01 4.184001084860369812e-01
2.622533231049470337e-01 4.335495461608233070e-01
2.637691501080930423e-01 4.570735761809047171e-01
2.652937386074759596e-01 4.906762296590864714e-01
2.668271392446371348e-01 5.370210962396089194e-01
2.683694029538270520e-01 5.992070068326690313e-01
2.699205809636965880e-01 6.652282547709974514e-01
2.714807247989985406e-01 7.049510811919402764e-01
2.730498862822996475e-01 6.750678938401366569e-01
2.746281175357012105e-01 5.959560949476785385e-01
2.762154709825712651e-01 5.155378480622325732e-01
2.778119993492854656e-01 4.539689517097632576e-01
2.794177556669779627e-01 4.100740372136522094e-01
2.810327932733039380e-01 3.807839656635431114e-01
2.826571658142107979e-01 3.616739048880633911e-01
2.842909272457196934e-01 3.485500409585027826e-01
2.859341318357184192e-01 3.401015807111651412e-01
2.875868341657639160e-01 3.364328082430515510e-01
2.892490891328946545e-01 3.376226608220311842e-01
2.909209519514548425e-01 3.432634165966337303e-01
2.926024781549284581e-01 3.534702225906313777e-01
2.942937235977828858e-01 3.703866963534945267e-01
2.959947444573255426e-01 3.938397552520056522e-01
2.977055972355692748e-01 4.223129347089382146e-01
2.994263387611086902e-01 4.578643972498309123e-01
3.011570261910088142e-01 5.043005124152294405e-01
3.028977170127025720e-01 5.588396467566489889e-01
3.046484690459013711e-01 6.156809973783948786e-01
3.064093404445150659e-01 6.785860337236927498e-01
3.081803896985833569e-01 7.584640310510628591e-01
3.099616756362194026e-01 8.496908900736178660e-01
3.117532574255635347e-01 8.967128790895303458e-01
3.135551945767480198e-01 8.523124764010104881e-01
3.153675469438748658e-01 7.556469120417927954e-01
3.171903747270033436e-01 6.664072444232060910e-01
3.190237384741493876e-01 6.088641487320559653e-01
3.208676990832974307e-01 5.856819388077009192e-01
3.227223178044230090e-01 5.883020767448573496e-01
3.245876562415266342e-01 5.883455284519411022e-01
3.264637763546810456e-01 5.591358425599373128e-01
3.283507404620888970e-01 5.234750265562169158e-01
3.302486112421523790e-01 5.054606729943683652e-01
3.321574517355558864e-01 5.102606382368982674e-01
3.340773253473591775e-01 5.370935157514152847e-01
3.360082958491044103e-01 5.652400832101009964e-01
3.379504273809338932e-01 5.379190981860085818e-01
3.399037844537201591e-01 4.697564052835641601e-01
3.418684319512097503e-01 4.161500342542113762e-01
3.438444351321779946e-01 3.840261872071168425e-01
3.458318596325960503e-01 3.484399633005570429e-01
3.478307714678123830e-01 3.070138299619270539e-01
3.498412370347446232e-01 2.769206260258847418e-01
3.518633231140849693e-01 2.622477087387847239e-01
3.538970968725191901e-01 2.588773046593136340e-01
3.559426258649572294e-01 2.553309211661529687e-01
3.579999780367765227e-01 2.456440872669253817e-01
3.600692217260801353e-01 2.371007574591212919e-01
3.621504256659661136e-01 2.388750354983787405e-01
3.642436589868098817e-01 2.461850610201193890e-01
3.663489912185618480e-01 2.439856804465582452e-01
3.684664922930561692e-01 2.366256854616711203e-01
3.705962325463332818e-01 2.281518783852012067e-01
3.727382827209774208e-01 2.238139496279962781e-01
3.748927139684648524e-01 2.215595302254622367e-01
3.770595978515288715e-01 2.180124225371834479e-01
3.792390063465359562e-01 2.156638577693010816e-01
3.814310118458763554e-01 2.148730367003748865e-01
3.836356871603694985e-01 2.149526981633619604e-01
3.858531055216822825e-01 2.173867179551759454e-01
3.880833405847607942e-01 2.219172826137859600e-01
3.903264664302779630e-01 2.249842489387881006e-01
3.925825575670940371e-01 2.243592685518986662e-01
3.948516889347303827e-01 2.246344626967630986e-01
3.971339359058604912e-01 2.258366265927497785e-01
3.994293742888124776e-01 2.208657513023566665e-01
4.017380803300868997e-01 2.166603502517575053e-01
4.040601307168905088e-01 2.142668853865550838e-01
4.063956025796829352e-01 2.110022137943214082e-01
4.087445734947380283e-01 2.066736995736513094e-01
4.111071214867221824e-01 1.977972400115376450e-01
4.134833250312844322e-01 1.895269317632437833e-01
4.158732630576643108e-01 1.863571297314765285e-01
4.182770149513134750e-01 1.856445217353012989e-01
4.206946605565314856e-01 1.835515978440955542e-01
4.231262801791195738e-01 1.778456645088672405e-01
4.255719545890473410e-01 1.693160944083063613e-01
4.280317650231349469e-01 1.588464055864513558e-01
4.305057931877529498e-01 1.476322441832262355e-01
4.329941212615355806e-01 1.374435430671801517e-01
4.354968318981098929e-01 1.297337618402679971e-01
4.380140082288422887e-01 1.260613683965641219e-01
4.405457338655994204e-01 1.283208571649246399e-01
4.430920929035247480e-01 1.379606183814780229e-01
4.456531699238333033e-01 1.538328027840924483e-01
4.482290499966203323e-01 1.665011479843905851e-01
4.508198186836865351e-01 1.708376283513593774e-01
4.534255620413813470e-01 1.750835843285701576e-01
4.560463666234608748e-01 1.842757929621598456e-01
4.586823194839622087e-01 1.840100133538302429e-01
4.613335081800964965e-01 1.750741697920353279e-01
4.640000207751556194e-01 1.703328643540686083e-01
4.666819458414390720e-01 1.713134245439275893e-01
4.693793724631949438e-01 1.748467725249631399e-01
4.720923902395786631e-01 1.812305524906996090e-01
4.748210892876304490e-01 1.879141492353146869e-01
4.775655602452679171e-01 1.861550792935365850e-01
4.803258942742961168e-01 1.787429422601488904e-01
4.831021830634371073e-01 1.677655926605307879e-01
4.858945188313745223e-01 1.608415631367183796e-01
4.887029943298164536e-01 1.592541274379215277e-01
4.915277028465775411e-01 1.626353944441635557e-01
4.943687382086768833e-01 1.686570768508678930e-01
4.972261947854541564e-01 1.784742658713470154e-01
5.001001674917054940e-01 1.902728527348499787e-01
5.029907517908354109e-01 1.994570952221409454e-01
5.058980436980275996e-01 2.052347238740576119e-01
5.088221397834349347e-01 2.111955738908445623e-01
5.117631371753864622e-01 2.210873550084843375e-01
5.147211335636141527e-01 2.347587104473014552e-01
5.176962272024980827e-01 2.427444100141960548e-01
5.206885169143288250e-01 2.472394891120209548e-01
5.236981020925914887e-01 2.570335038887220369e-01
5.267250827052667450e-01 2.748016311104286569e-01
5.297695592981502832e-01 2.764021023213507067e-01
5.328316329981945820e-01 2.425981226003470770e-01
5.359114055168668900e-01 2.118516946678107860e-01
5.390089791535270791e-01 1.963474013851730093e-01
5.421244567988269258e-01 1.921702439441783650e-01
5.452579419381275994e-01 1.925794141858846453e-01
5.484095386549359130e-01 1.905183548798737581e-01
5.515793516343632241e-01 1.849594331536124903e-01
5.547674861666017643e-01 1.811117844913370523e-01
5.579740481504216199e-01 1.831590840901047290e-01
5.611991440966896949e-01 1.913432131193489594e-01
5.644428811319066597e-01 2.015333626256311794e-01
5.677053670017649933e-01 2.134825820736915014e-01
5.709867100747291202e-01 2.259133912752645801e-01
5.742870193456336425e-01 2.346066294725079604e-01
5.776064044393048880e-01 2.382710567699131421e-01
5.809449756142023302e-01 2.356798866374792134e-01
5.843028437660793273e-01 2.249350036707597478e-01
5.876801204316687288e-01 2.078599311770406022e-01
5.910769177923870243e-01 1.919153272626197004e-01
5.944933486780595855e-01 1.809886713212661424e-01
5.979295265706701112e-01 1.739270447250215457e-01
6.013855656081297241e-01 1.701054670869964203e-01
6.048615805880666052e-01 1.663526879851874307e-01
6.083576869716416091e-01 1.670232926645149052e-01
6.118740008873820857e-01 1.721245230761595801e-01
6.154106391350390171e-01 1.772467551462280910e-01
6.189677191894675801e-01 1.887390074747898605e-01
6.225453592045292472e-01 2.043895881712766149e-01
6.261436780170150929e-01 2.181826083899285895e-01
6.297627951505950783e-01 2.315302486109709901e-01
6.334028308197864332e-01 2.477000772071098200e-01
6.370639059339481269e-01 2.752977047663027199e-01
6.407461421012968783e-01 3.167412187877662322e-01
6.444496616329448146e-01 3.647119034083429745e-01
6.481745875469649976e-01 3.942308206157603134e-01
6.519210435724759334e-01 3.782166939700052910e-01
6.556891541537508417e-01 3.400262644188863925e-01
6.594790444543533470e-01 3.034841029564818715e-01
6.632908403612935988e-01 2.777534504116586089e-01
6.671246684892090384e-01 2.673076600286997118e-01
6.709806561845721440e-01 2.736284350191645620e-01
6.748589315299192704e-01 2.936915365700168978e-01
6.787596233481042463e-01 2.986537215189932204e-01
6.826828612065795054e-01 2.681078956341607089e-01
6.866287754216984229e-01 2.368248391191387914e-01
6.905974970630435195e-01 2.204602020362406711e-01
6.945891579577818664e-01 2.226183034880721556e-01
6.986038906950429173e-01 2.413742328508185209e-01
7.026418286303216520e-01 2.546161405846235071e-01
7.067031058899108098e-01 2.405819633916561895e-01
7.107878573753529938e-01 2.243085748936341772e-01
7.148962187679240854e-01 2.098565371175437622e-01
7.190283265331394169e-01 1.989653667369753187e-01
7.231843179252852583e-01 1.946252653944161859e-01
7.273643309919801681e-01 1.966349068470445161e-01
7.315685045787596597e-01 2.048436585103029228e-01
7.357969783336865133e-01 2.245294544046437524e-01
7.400498927119919523e-01 2.581292111023532621e-01
7.443273889807401344e-01 2.896266293723221974e-01
7.486296092235191768e-01 2.956338278766652006e-01
7.529566963451627126e-01 2.826482852146549596e-01
7.573087940764960946e-01 2.669824964206888307e-01
7.616860469791092436e-01 2.508112194343138923e-01
7.660886004501606950e-01 2.238892659202749436e-01
7.705166007272060691e-01 1.982447925945013678e-01
7.749701948930545203e-01 1.918276996533339329e-01
7.794495308806568268e-01 1.951756536841450229e-01
7.839547574780165728e-01 2.068236079630906277e-01
7.884860243331343055e-01 2.240297597731794321e-01
7.930434819589780027e-01 2.351476032257019677e-01
7.976272817384808533e-01 2.367821116071729959e-01
8.022375759295721220e-01 2.344617904488951188e-01
8.068745176702336597e-01 2.297002075476226035e-01
8.115382609835852801e-01 2.345906971799105456e-01
8.162289607830032212e-01 2.481106958390522366e-01
8.209467728772645856e-01 2.556343589206218625e-01
8.256918539757219788e-01 2.527129558143506594e-01
8.304643616935105666e-01 2.385136621344646490e-01
8.352644545567829981e-01 2.276362514611394439e-01
8.400922920079733069e-01 2.310964557352504778e-01
8.449480344110958940e-01 2.339845458660907707e-01
8.498318430570707127e-01 2.298493917419438259e-01
8.547438801690798726e-01 2.272068037561273679e-01
8.596843089079587719e-01 2.237813608476833804e-01
8.646532933776126528e-01 2.124991251033602480e-01
8.696509986304700179e-01 2.044113140248185745e-01
8.746775906729644667e-01 2.042172297331773523e-01
8.797332364710471753e-01 2.058082864075645169e-01
8.848181039557355687e-01 2.114012453043748185e-01
8.899323620286901937e-01 2.242484666988348307e-01
8.950761805678236760e-01 2.261516514691077062e-01
9.002497304329459826e-01 2.283350997500714630e-01
9.054531834714387717e-01 2.419383808477905684e-01
9.106867125239620497e-01 2.509343326043848021e-01
9.159504914301977996e-01 2.529685966910273365e-01
9.212446950346235841e-01 2.543865707321971703e-01
9.265694991923183466e-01 2.599186972390900574e-01
9.319250807748065135e-01 2.514130255774252864e-01
9.373116176759319629e-01 2.149150400172226139e-01
9.427292888177655206e-01 1.767709589536598791e-01
9.481782741565508710e-01 1.549314067781959181e-01
9.536587546886805544e-01 1.466589259445478521e-01
9.591709124567069367e-01 1.524466933281174441e-01
9.647149305553922582e-01 1.713670149826643507e-01
9.702909931377862174e-01 1.922318005292138199e-01
9.758992854213467405e-01 2.079707330301044099e-01
9.815399936940907288e-01 2.163844319117750048e-01
9.872133053207802211e-01 2.204884456458451880e-01
9.929194087491489684e-01 2.117372718391566377e-01
9.986584935161608723e-01 1.966754617736561350e-01
1.004430750254303728e+00 1.911208852181032203e-01
1.010236370697924935e+00 1.853157371517001051e-01
1.016075547689597958e+00 1.786473485045643739e-01
1.021948475186527761e+00 1.785220627491392875e-01
1.027855348266994762e+00 1.802586826422573618e-01
1.033796363136834096e+00 1.889794402539872187e-01
1.039771717135951290e+00 1.945745717361516969e-01
1.045781608744880131e+00 1.827115315071410062e-01
1.051826237591374280e+00 1.715676170303681580e-01
1.057905804457035748e+00 1.706124036696413937e-01
1.064020511283988890e+00 1.708455944976580709e-01
1.070170561181583713e+00 1.532360660068075031e-01
1.076356158433145582e+00 1.392982067645427147e-01
1.082577508502760022e+00 1.366143396569965696e-01
1.088834818042095476e+00 1.406155176843016108e-01
1.095128294897270704e+00 1.549748584852797817e-01
1.101458148115757263e+00 1.839861149149341346e-01
1.107824587953321727e+00 2.094538846319000391e-01
1.114227825881013212e+00 2.137686391453268997e-01
1.120668074592185315e+00 2.113092725243806702e-01
1.127145548009560017e+00 2.042143329527050799e-01
1.133660461292336441e+00 1.975502894762777573e-01
1.140213030843336250e+00 1.852433176398936843e-01
1.146803474316190341e+00 1.776595463635247119e-01
1.153432010622570836e+00 1.769425931966411014e-01
1.160098859939462601e+00 1.841222635971302146e-01
1.166804243716473621e+00 1.899498617121933297e-01
1.173548384683194445e+00 1.849804348120363540e-01
1.180331506856595603e+00 1.802666487885560553e-01
1.187153835548465874e+00 1.829642756033454665e-01
1.194015597372901416e+00 1.896442513723702039e-01
1.200917020253827294e+00 1.931269056951412377e-01
1.207858333432573428e+00 1.814847449771401500e-01
1.214839767475487387e+00 1.685549653392208191e-01
1.221861554281590267e+00 1.670848492495503601e-01
1.228923927090283863e+00 1.747678352570941063e-01
1.236027120489096909e+00 1.676127874906192250e-01
1.243171370421473965e+00 1.601122986528276670e-01
1.250356914194617142e+00 1.611029975743395737e-01
1.257583990487367132e+00 1.504602261192671819e-01
1.264852839358128644e+00 1.443183273229641794e-01
1.272163702252848472e+00 1.460462568746654921e-01
1.279516822013033517e+00 1.443089127864293497e-01
1.286912442883815677e+00 1.385761842318326553e-01
1.294350810522067352e+00 1.313928928557532294e-01
1.301832172004561583e+00 1.312299489541887687e-01
1.309356775836174380e+00 1.285221834077465153e-01
1.316924871958146337e+00 1.285699802855387319e-01
1.324536711756377994e+00 1.400644051994547057e-01
1.332192548069784932e+00 1.524170013282768188e-01
1.339892635198694837e+00 1.549104051197720544e-01
1.347637228913291185e+00 1.602708973836837192e-01
1.355426586462114891e+00 1.755072384726377444e-01
1.363260966580605249e+00 1.844923273024610677e-01
1.371140629499693731e+00 1.977595818653983262e-01
1.379065836954451285e+00 2.219962198816549659e-01
1.387036852192779834e+00 2.099231630684056660e-01
1.395053939984155722e+00 1.705240518652375581e-01
1.403117366628427343e+00 1.454734185362766830e-01
1.411227399964658957e+00 1.305846911039935110e-01
1.419384309380025577e+00 1.242161192357364025e-01
1.427588365818764915e+00 1.192271390673916853e-01
1.435839841791175742e+00 1.160826838647566611e-01
1.444139011382666204e+00 1.179554524400708432e-01
1.452486150262864761e+00 1.257123063496571602e-01
1.460881535694769973e+00 1.375166867741046406e-01
1.469325446543965796e+00 1.444805470294105720e-01
1.477818163287882181e+00 1.389991141807821740e-01
1.486359968025109168e+00 1.291160234045591881e-01
1.494951144484772509e+00 1.299039476930131110e-01
1.503591978035954568e+00 1.322112333391658456e-01
1.512282755697172298e+00 1.308635062244482561e-01
1.521023766145914724e+00 1.305339974457290220e-01
1.529815299728230382e+00 1.386819167190700142e-01
1.538657648468367833e+00 1.566137120374591907e-01
1.547551106078482119e+00 1.619264074235786388e-01
1.556495967968387184e+00 1.511641437740256499e-01
1.565492531255366693e+00 1.383379240379895014e-01
1.574541094774047689e+00 1.248041656716045722e-01
1.583641959086324214e+00 1.077146092755241341e-01
1.592795426491339539e+00 1.003133351689073638e-01
1.602001801035530804e+00 1.058034583589525374e-01
1.611261388522727822e+00 1.105585235041624814e-01
1.620574496524306296e+00 1.163209440585998011e-01
1.629941434389411858e+00 1.364622586822030748e-01
1.639362513255227638e+00 1.642655576549262031e-01
1.648838046057315765e+00 1.626281524929829025e-01
1.658368347540009280e+00 1.417307781661205635e-01
1.667953734266863997e+00 1.229668826570755463e-01
1.677594524631179640e+00 1.123060063240515494e-01
1.687291038866571835e+00 1.078992790306304989e-01
1.697043599057607821e+00 1.154946374288884914e-01
1.706852529150509445e+00 1.256232303501352565e-01
1.716718154963911225e+00 1.241813578700693144e-01
1.726640804199680579e+00 1.247831640131807085e-01
1.736620806453807120e+00 1.284599026275929645e-01
1.746658493227349673e+00 1.224838445133266812e-01
1.756754197937443251e+00 1.168568484459673595e-01
1.766908255928380411e+00 1.152281336254408484e-01
1.777121004482747679e+00 1.193589425788793984e-01
1.787392782832625482e+00 1.184392147789377764e-01
1.797723932170862682e+00 1.190707129218898097e-01
1.808114795662403074e+00 1.352282302010215653e-01
1.818565718455690483e+00 1.525929807419664497e-01
1.829077047694130043e+00 1.535076391760815950e-01
1.839649132527616748e+00 1.428779032331343735e-01
1.850282324124138622e+00 1.320012167549272086e-01
1.860976975681438272e+00 1.286069142365600104e-01
1.871733442438742401e+00 1.259034938608261101e-01
1.882552081688566581e+00 1.326443020197682621e-01
1.893433252788581767e+00 1.366889317541571669e-01
1.904377317173546302e+00 1.339572677688187774e-01
1.915384638367318981e+00 1.295396775486267749e-01
1.926455581994929611e+00 1.182320949751713979e-01
1.937590515794722412e+00 1.193524248228168133e-01
1.948789809630575354e+00 1.206690115474576414e-01
1.960053835504184105e+00 1.183791065841384438e-01
1.971382967567415045e+00 1.228828760233800915e-01
1.982777582134739092e+00 1.224881896840350759e-01
1.994238057695728816e+00 1.297018972550731675e-01
2.005764774927627947e+00 1.361856161471025062e-01
2.017358116708002580e+00 1.325798486542605625e-01
2.029018468127450348e+00 1.303218082761361807e-01
2.040746216502401289e+00 1.330266770421061895e-01
2.052541751387976898e+00 1.500532284629150781e-01
2.064405464590929995e+00 1.672086866147393658e-01
2.076337750182662312e+00 1.756006596428680289e-01
2.088339004512313135e+00 1.672854512972541952e-01
2.100409626219920778e+00 1.411470769009607606e-01
2.112550016249669760e+00 1.306252460306051300e-01
2.124760577863207711e+00 1.384284484277475413e-01
2.137041716653034662e+00 1.391591613018743623e-01
2.149393840555982482e+00 1.422485776755365028e-01
2.161817359866763155e+00 1.501618577306247093e-01
2.174312687251592546e+00 1.435970289853721604e-01
2.186880237761905654e+00 1.291493363799901539e-01
2.199520428848138476e+00 1.155583665992781367e-01
2.212233680373592026e+00 1.009383155557968259e-01
2.225020414628386511e+00 1.042797518305453308e-01
2.237881056343477670e+00 1.086024724902709127e-01
2.250816032704775704e+00 1.034932759323275303e-01
2.263825773367328598e+00 1.078898644940956691e-01
2.276910710469592924e+00 1.122524158853147880e-01
2.290071278647793029e+00 1.140542133390586715e-01
2.303307915050354371e+00 1.269521283917831866e-01
2.316621059352423018e+00 1.365650943889681890e-01
2.330011153770474852e+00 1.227039998292182160e-01
2.343478643077001600e+00 1.111639506228642021e-01
2.357023974615280792e+00 1.119996717891103694e-01
2.370647598314243876e+00 1.178649280503128172e-01
2.384349966703414481e+00 1.190562290195285311e-01
2.398131534927939956e+00 1.064870985504052098e-01
2.411992760763713051e+00 9.678071138298989518e-02
2.425934104632577970e+00 9.546991821929358413e-02
2.439956029617617261e+00 9.730358025823229728e-02
2.454059001478542612e+00 9.743393537948386030e-02
2.468243488667162033e+00 9.121527190066605617e-02
2.482509962342935861e+00 9.224073218784503703e-02
2.496858896388636673e+00 9.270928642923262353e-02
2.511290767426078485e+00 9.102987795044159558e-02
2.525806054831960523e+00 9.834642122824482913e-02
2.540405240753779381e+00 1.005552163383408304e-01
2.555088810125852206e+00 9.521789831820721972e-02
2.569857250685421590e+00 9.620135528853848705e-02
2.584711052988855506e+00 1.009658349702832608e-01
2.599650710427946265e+00 9.723550591713425728e-02
2.614676719246288084e+00 9.139921746065438057e-02
2.629789578555775442e+00 8.831487045281867510e-02
2.644989790353173831e+00 8.722350840989583076e-02
2.660277859536794409e+00 8.583595056368470422e-02
2.675654293923265481e+00 8.718947123934682464e-02
2.691119604264405218e+00 8.944171805652666174e-02
2.706674304264172548e+00 9.036217005158633797e-02
2.722318910595750374e+00 8.497850354389661909e-02
2.738053942918694972e+00 8.194195341385317188e-02
2.753879923896200843e+00 9.185546038503485111e-02
2.769797379212459720e+00 1.021737924272144576e-01
2.785806837590128815e+00 9.977743078153980538e-02
2.801908830807877226e+00 1.077471980558370040e-01
2.818103893718070019e+00 1.114876658406389193e-01
2.834392564264522019e+00 1.007703022884059163e-01
2.850775383500368410e+00 1.005124888263750488e-01
2.867252895606037466e+00 1.009513510679219822e-01
2.883825647907329426e+00 9.795680425472626240e-02
2.900494190893583735e+00 9.814654337565910380e-02
2.917259078235983960e+00 9.776561674355729870e-02
2.934120866805935979e+00 9.357759637579166068e-02
2.951080116693567401e+00 9.064533034274947776e-02
2.968137391226336685e+00 8.381689457452154435e-02
2.985293256987731514e+00 8.107798863800251554e-02
3.002548283836107057e+00 8.060871020149687483e-02
3.019903044923603730e+00 8.149077985529913637e-02
3.037358116715186629e+00 7.803129977630615666e-02
3.054914079007794214e+00 8.516100071364880730e-02
3.072571514949601568e+00 9.186415072645162661e-02
3.090331011059376021e+00 8.895216215671523929e-02
3.108193157245980220e+00 8.817003142920581960e-02
3.126158546827951579e+00 8.644861963356706425e-02
3.144227776553216724e+00 8.271973897065419690e-02
3.162401446618910317e+00 8.327012726038302004e-02
3.180680160691316427e+00 8.121486151531664976e-02
3.199064525925907621e+00 8.157478648899459117e-02
3.217555152987530587e+00 8.588157485612275821e-02
3.236152656070678812e+00 8.253724180090199480e-02
3.254857652919894928e+00 8.422823740158204286e-02
3.273670764850296955e+00 8.857847747579407349e-02
3.292592616768199143e+00 9.068009170841656585e-02
3.311623837191892683e+00 7.463410047746671383e-02
3.330765058272506351e+00 6.430642631826406774e-02
3.350016915815009710e+00 6.752576329610693318e-02
3.369380049299332214e+00 8.003369927775384751e-02
3.388855101901607103e+00 8.134014727074177775e-02
3.408442720515521884e+00 7.779376377758108474e-02
3.428143555773827789e+00 7.649093676018346721e-02
3.447958262069935831e+00 7.103543009678177367e-02
3.467887497579658529e+00 6.510572047007159857e-02
3.487931924283071528e+00 6.286962320402457449e-02
3.508092207986506228e+00 6.434654672780483475e-02
3.528369018344649444e+00 6.686870106548722936e-02
3.548763028882812254e+00 6.909697702425916799e-02
3.569274917019284565e+00 6.965091387006651369e-02
3.589905364087840223e+00 7.450446955133320504e-02
3.610655055360374899e+00 8.123513897862244537e-02
3.631524680069651456e+00 7.605786807958105078e-02
3.652514931432215839e+00 7.317195053409494832e-02
3.673626506671410219e+00 7.002358467782238138e-02
3.694860107040534913e+00 6.356593681004336915e-02
3.716216437846141751e+00 6.800380449354116730e-02
3.737696208471465109e+00 7.440235803968613115e-02
3.759300132399972405e+00 8.042766142198079504e-02
3.781028927239082016e+00 8.252058531318652579e-02
3.802883314743989107e+00 7.950358845133080610e-02
3.824864020841640233e+00 7.928995089150184250e-02
3.846971775654848713e+00 7.781114446041460797e-02
3.869207313526548564e+00 7.441829033228355983e-02
3.891571373044171445e+00 7.731724338989480472e-02
3.914064697064205678e+00 7.867438504114722397e-02
3.936688032736852527e+00 7.832532299424024846e-02
3.959442131530850340e+00 6.910733301444747789e-02
3.982327749258438132e+00 6.513447101625874369e-02
4.005345646100446189e+00 7.160978924491853692e-02
4.028496586631570509e+00 6.220814338318467890e-02
4.051781339845751617e+00 6.224717750004833683e-02
4.075200679181723906e+00 7.216959207118221753e-02
4.098755382548707082e+00 6.932089815476463746e-02
4.122446232352245943e+00 6.334722988438795666e-02
4.146274015520188705e+00 5.909968067791744606e-02
4.170239523528843861e+00 5.349600369335980043e-02
4.194343552429258715e+00 5.349737966408412565e-02
4.218586902873665778e+00 6.014063874062301751e-02
4.242970380142073950e+00 6.088279389761527133e-02
4.267494794169023997e+00 5.970735280148516816e-02
4.292160959570472833e+00 6.151161251863047214e-02
4.316969695670882068e+00 5.814229473183649133e-02
4.341921826530410478e+00 5.421889526021154287e-02
4.367018180972294772e+00 5.759907597377648958e-02
4.392259592610382235e+00 6.009972171645239225e-02
4.417646899876805477e+00 5.890834832772487428e-02
4.443180946049855251e+00 5.930513483291227628e-02
4.468862579281975833e+00 6.676470664653320897e-02
4.494692652627942486e+00 6.432554506938097105e-02
4.520672024073195239e+00 5.729310353639434361e-02
4.546801556562344082e+00 6.027389064234684596e-02
4.573082118027814502e+00 6.510318578715837412e-02
4.599514581418703507e+00 6.373366039938704875e-02
4.626099824729760002e+00 6.769319720740339663e-02
4.652838731030551678e+00 7.072634362039194322e-02
4.679732188494796219e+00 7.268094624404737580e-02
4.706781090429870140e+00 7.179489351709576750e-02
4.733986335306464177e+00 6.655273473547579366e-02
4.761348826788450062e+00 6.592007788033485416e-02
4.788869473762884077e+00 7.096779027275457175e-02
4.816549190370198019e+00 8.014160435034541063e-02
4.844388896034566017e+00 7.436252730819259416e-02
4.872389515494448098e+00 5.868210977284159940e-02
4.900551978833287414e+00 5.674553960762595411e-02
4.928877221510434836e+00 6.640405747773719947e-02
4.957366184392200559e+00 6.985260221044742313e-02
4.986019813783113541e+00 6.814972980983111106e-02
5.014839061457356806e+00 6.655454522327096389e-02
5.043824884690362609e+00 6.738903525781640702e-02
5.072978246290641202e+00 6.951621357810656987e-02
5.102300114631742822e+00 6.903896899530220788e-02
5.131791463684423960e+00 7.069187193277208514e-02
5.161453273049005475e+00 6.449189268800033237e-02
5.191286527987911903e+00 6.158960833284599090e-02
5.221292219458380401e+00 6.645598226770241257e-02
5.251471344145405951e+00 7.139072022170409038e-02
5.281824904494829553e+00 6.804160747870412196e-02
5.312353908746639597e+00 6.785997934309359603e-02
5.343059370968462396e+00 7.165852757636426151e-02
5.373942311089249912e+00 6.801828839590244591e-02
5.405003754933139781e+00 6.748701885729049832e-02
5.436244734253559585e+00 7.413875101671076051e-02
5.467666286767478567e+00 7.240510032357672099e-02
5.499269456189878724e+00 6.413949934355026028e-02
5.531055292268432844e+00 6.324142497763876603e-02
5.563024850818350409e+00 5.295169864262270348e-02
5.595179193757479297e+00 5.597579261663544747e-02
5.627519389141558470e+00 6.296825857910492985e-02
5.660046511199702479e+00 6.056045465056487248e-02
5.692761640370078702e+00 5.690370382141118205e-02
5.725665863335805739e+00 4.696448792353822427e-02
5.758760273061025892e+00 5.371970756532985086e-02
5.792045968827241431e+00 5.830784573582598052e-02
5.825524056269808071e+00 5.462835517996508100e-02
5.859195647414667363e+00 5.758719917384023945e-02
5.893061860715279821e+00 6.004127917042460100e-02
5.927123821089786304e+00 5.931476662798253197e-02
5.961382659958350594e+00 5.959865111426372597e-02
5.995839515280771082e+00 5.963022602141132555e-02
6.030495531594262104e+00 6.229265695346278275e-02
6.065351860051475086e+00 6.785215803581849670e-02
6.100409658458743500e+00 6.944712536384323176e-02
6.135670091314512575e+00 6.887052121084047407e-02
6.171134329848062094e+00 6.822910159477095504e-02
6.206803552058381079e+00 7.204597196452865171e-02
6.242678942753306259e+00 8.295437818890701032e-02
6.278761693588877257e+00 8.961262810438982984e-02
6.315053003108923591e+00 8.642979056049740483e-02
6.351554076784851510e+00 8.366843457531836226e-02
6.388266127055725718e+00 9.536201314670200713e-02
6.425190373368511843e+00 9.818058054620812380e-02
6.462328042218596025e+00 1.118671440825046021e-01
6.499680367190518560e+00 1.381872914534321428e-01
6.537248588998957999e+00 1.320801540227962145e-01
6.575033955529916874e+00 1.377078742852735904e-01
6.613037721882214726e+00 1.469355684796484207e-01
6.651261150409145451e+00 1.212302627639574443e-01
6.689705510760421525e+00 1.189012512642627778e-01
6.728372079924347382e+00 1.218356898826591789e-01
6.767262142270216607e+00 1.110676326721616591e-01
6.806376989591010229e+00 9.277663657521258156e-02
6.845717921146279750e+00 8.221859594895372658e-02
6.885286243705309062e+00 8.100049976036963195e-02
6.925083271590525058e+00 7.427345130867070433e-02
6.965110326721157818e+00 7.418799628473912722e-02
7.005368738657123728e+00 7.619618934713130731e-02
7.045859844643230119e+00 7.459933911179962573e-02
7.086584989653569089e+00 6.522050539628478083e-02
7.127545526436194656e+00 6.116638870584924226e-02
7.168742815558059256e+00 5.406145524154437609e-02
7.210178225450215805e+00 4.547496340470364579e-02
7.251853132453240036e+00 4.465626082373200245e-02
7.293768920862992111e+00 4.326414054827706912e-02
7.335926982976571864e+00 4.476517976948887062e-02
7.378328719138569802e+00 4.914286683867552519e-02
7.420975537787583676e+00 5.174026504912480201e-02
7.463868855503007715e+00 5.379849999417524176e-02
7.507010097052058128e+00 5.811564435149173258e-02
7.550400695437144982e+00 6.127769749549571987e-02
7.594042091943437711e+00 5.503557009485261775e-02
7.637935736186750368e+00 4.770519469029435577e-02
7.682083086161699548e+00 4.281847087262032753e-02
7.726485608290103890e+00 3.686182118751815673e-02
7.771144777469737974e+00 3.270421701471122600e-02
7.816062077123293150e+00 3.197125913571838979e-02
7.861238999247660786e+00 3.764728321257065913e-02
7.906677044463489068e+00 4.042066083670955295e-02
7.952377722065040011e+00 4.644936793605911052e-02
7.998342550070284496e+00 5.049298379728272418e-02
