2.511886431509579437e-02 1.082297109940275837e+00
2.526405161860213050e-02 1.077734301061450628e+00
2.541007810627042562e-02 1.075239014955842842e+00
2.555694862859406516e-02 1.072260086523974643e+00
2.570466806410236227e-02 1.069256108887957524e+00
2.585324131952258450e-02 1.066483354674853556e+00
2.600267332994290678e-02 1.064163412998288649e+00
2.615296905897638788e-02 1.062514019248172570e+00
2.630413349892583852e-02 1.061604540451379863e+00
2.645617167094958117e-02 1.061515904805929500e+00
2.660908862522835469e-02 1.062277015239686540e+00
2.676288944113292337e-02 1.062101670810643661e+00
2.691757922739292791e-02 1.057240198343888382e+00
2.707316312226650673e-02 1.048018237493357097e+00
2.722964629371095457e-02 1.036946489259517934e+00
2.738703393955444973e-02 1.025198412513657065e+00
2.754533128766867636e-02 1.013760560526871579e+00
2.770454359614242176e-02 1.003139697967713850e+00
2.786467615345633933e-02 9.936325615622557672e-01
2.802573427865854422e-02 9.853759585023879053e-01
2.818772332154127064e-02 9.783043754849516382e-01
2.835064866281864979e-02 9.723638603779335421e-01
2.851451571430539678e-02 9.675389982864729399e-01
2.867932991909653145e-02 9.638336429342848621e-01
2.884509675174826843e-02 9.612497211832269350e-01
2.901182171845980567e-02 9.597949404807299967e-01
2.917951035725619563e-02 9.589432675396653005e-01
2.934816823817239240e-02 9.568545492860137669e-01
2.951780096343814899e-02 9.538486447881389108e-01
2.968841416766421215e-02 9.520065648522618718e-01
2.986001351802944001e-02 9.529218242346275680e-01
3.003260471446899879e-02 9.577601743590915540e-01
3.020619348986378766e-02 9.675197296678966774e-01
3.038078561023081769e-02 9.823353704910761097e-01
3.055638687491469066e-02 9.960160896801218966e-01
3.073300311678033025e-02 1.001675282955928559e+00
3.091064020240668481e-02 1.001796675252958124e+00
3.108930403228154019e-02 1.001430571500012023e+00
3.126900054099761295e-02 1.005669667586758464e+00
3.144973569744963920e-02 1.017837800217578748e+00
3.163151550503255638e-02 1.035969570297708531e+00
3.181434600184106232e-02 1.045201165457527948e+00
3.199823326087009728e-02 1.035684394742781844e+00
3.218318339021652985e-02 1.013891587133189276e+00
3.236920253328214730e-02 9.888481635698050942e-01
3.255629686897762443e-02 9.672981405542713240e-01
3.274447261192782455e-02 9.515325568352892560e-01
3.293373601267822470e-02 9.408519615585454465e-01
3.312409335790250653e-02 9.322292547457313727e-01
3.331555097061136145e-02 9.256914124628535800e-01
3.350811521036261426e-02 9.218839334322119772e-01
3.370179247347232510e-02 9.215178296792656543e-01
3.389658919322740410e-02 9.251114270437122977e-01
3.409251184009919750e-02 9.285238993935432950e-01
3.428956692195841288e-02 9.234986436688911171e-01
3.448776098429136294e-02 9.098121438942723405e-01
3.468710061041735404e-02 8.916823006760002945e-01
3.488759242170727526e-02 8.724059746524488457e-01
3.508924307780367929e-02 8.543744013889150724e-01
3.529205927684192501e-02 8.392331209117991353e-01
3.549604775567258980e-02 8.276642423186961750e-01
3.570121529008542238e-02 8.192168799349247577e-01
3.590756869503420462e-02 8.135441986261149339e-01
3.611511482486330638e-02 8.106442715304086333e-01
3.632386057353523962e-02 8.105787582272498959e-01
3.653381287485973905e-02 8.122782503856637026e-01
3.674497870272393912e-02 8.135422717642571966e-01
3.695736507132423021e-02 8.141338183545441254e-01
3.717097903539903075e-02 8.149180511305923469e-01
3.738582769046329413e-02 8.167215938293171940e-01
3.760191817304411876e-02 8.203113374700485849e-01
3.781925766091774610e-02 8.237662007807470266e-01
3.803785337334809891e-02 8.255678166176141364e-01
3.825771257132654091e-02 8.273096997368956096e-01
3.847884255781295476e-02 8.302019193851711831e-01
3.870125067797849233e-02 8.355451073163295828e-01
3.892494431944945599e-02 8.434895587552643237e-01
3.914993091255265789e-02 8.512124210805734892e-01
3.937621793056233360e-02 8.577598976727395241e-01
3.960381288994833243e-02 8.663074568731065073e-01
3.983272335062570252e-02 8.803774021573901321e-01
4.006295691620595512e-02 9.023050900970155386e-01
4.029452123424955012e-02 9.247588113237692475e-01
4.052742399651988042e-02 9.379982791474219539e-01
4.076167293923887297e-02 9.445650243581640293e-01
4.099727584334383890e-02 9.464726175972000277e-01
4.123424053474603751e-02 9.477578344562271884e-01
4.147257488459059338e-02 9.453357691012087560e-01
4.171228680951784978e-02 9.357611925307343093e-01
4.195338427192649156e-02 9.236258165514934504e-01
4.219587528023795858e-02 9.136022811681951961e-01
4.243976788916238585e-02 9.092283047514159167e-01
4.268507019996626434e-02 9.104364471361385824e-01
4.293179036074151744e-02 9.125020430474988231e-01
4.317993656667604152e-02 9.144847838989816902e-01
4.342951706032609216e-02 9.173114902440986373e-01
4.368054013188996804e-02 9.225641156679491584e-01
4.393301411948334623e-02 9.219956914199535225e-01
4.418694740941636612e-02 9.106040841177508449e-01
4.444234843647213579e-02 8.948288660894808677e-01
4.469922568418681352e-02 8.777703580640409120e-01
4.495758768513159753e-02 8.623342677227103792e-01
4.521744302119593689e-02 8.486265724676580469e-01
4.547880032387276866e-02 8.355894251390546534e-01
4.574166827454511502e-02 8.237353709910251176e-01
4.600605560477452616e-02 8.137696414634555397e-01
4.627197109659098723e-02 8.066730092418701314e-01
4.653942358278480296e-02 8.025206219387160944e-01
4.680842194719982141e-02 8.008076417472989039e-01
4.707897512502866311e-02 8.013047721065628126e-01
4.735109210310945588e-02 8.039387922659185781e-01
4.762478192022426976e-02 8.076325864469608984e-01
4.790005366739954334e-02 8.120855641999025210e-01
4.817691648820784933e-02 8.181108612286555060e-01
4.845537957907175564e-02 8.260090679830074389e-01
4.873545218956924774e-02 8.335276829514097763e-01
4.901714362274099679e-02 8.372619412314620257e-01
4.930046323539925834e-02 8.383968628655954491e-01
4.958542043843887359e-02 8.395202233285834481e-01
4.987202469714965836e-02 8.420906570466378804e-01
5.016028553153097091e-02 8.452468567694065849e-01
5.045021251660784106e-02 8.484319594200392389e-01
5.074181528274907677e-02 8.523569770239950438e-01
5.103510351598705003e-02 8.568195890862247976e-01
5.133008695833959217e-02 8.588485746222901396e-01
5.162677540813340182e-02 8.580258046090898372e-01
5.192517872032970105e-02 8.572974508269124438e-01
5.222530680685147364e-02 8.580547075369541199e-01
5.252716963691266006e-02 8.592840454021105634e-01
5.283077723734942721e-02 8.598698114068246134e-01
5.313613969295318679e-02 8.612031998122922083e-01
5.344326714680543849e-02 8.639701734398230748e-01
5.375216980061491706e-02 8.656446163940880734e-01
5.406285791505632127e-02 8.642302997906008422e-01
5.437534181011107609e-02 8.622687544195516418e-01
5.468963186541032917e-02 8.621319472276612883e-01
5.500573852057948770e-02 8.648700179273279831e-01
5.532367227558519784e-02 8.697391978415138780e-01
5.564344369108398941e-02 8.767394869702184179e-01
5.596506338877313413e-02 8.837783133360753718e-01
5.628854205174332881e-02 8.864470170088680767e-01
5.661389042483377931e-02 8.850288466816657040e-01
5.694111931498885282e-02 8.827686377226867664e-01
5.727023959161724881e-02 8.806876269164655158e-01
5.760126218695296035e-02 8.790189645477735070e-01
5.793419809641841417e-02 8.785372490833706083e-01
5.826905837898961604e-02 8.799419313775697082e-01
5.860585415756369709e-02 8.834025752738410286e-01
5.894459661932811845e-02 8.894529215067429329e-01
5.928529701613251268e-02 8.989889608400652987e-01
5.962796666486229469e-02 9.097909484138385627e-01
5.997261694781454155e-02 9.149510844685238009e-01
6.031925931307623168e-02 9.128912691427364390e-01
6.066790527490428103e-02 9.067811901922485651e-01
6.101856641410823012e-02 8.957942238801444024e-01
6.137125437843479747e-02 8.818996230249037671e-01
6.172598088295483398e-02 8.694636565958753227e-01
6.208275771045231733e-02 8.613342264186097941e-01
6.244159671181598315e-02 8.593553392908421795e-01
6.280250980643269088e-02 8.642707638896106603e-01
6.316550898258359303e-02 8.770362236962907510e-01
6.353060629784218483e-02 8.934896970984402831e-01
6.389781387947492119e-02 9.052127246401523442e-01
6.426714392484385308e-02 9.107408913096413094e-01
6.463860870181208085e-02 9.117910310220399550e-01
6.501222054915094251e-02 9.114326347165240261e-01
6.538799187695008841e-02 9.122977956905919950e-01
6.576593516702965159e-02 9.159183691210450728e-01
6.614606297335466623e-02 9.220785464798307851e-01
6.652838792245242827e-02 9.311097480064587373e-01
6.691292271383147972e-02 9.424859404138005159e-01
6.729968012040381253e-02 9.523071553020492352e-01
6.768867298890894613e-02 9.593594697009094618e-01
6.807991424034069705e-02 9.655755260535661133e-01
6.847341687037629410e-02 9.717684600639313608e-01
6.886919394980822728e-02 9.801522360064016670e-01
6.926725862497820629e-02 9.925631532312809702e-01
6.966762411821400547e-02 1.007390355225606049e+00
7.007030372826857090e-02 1.023518188973819187e+00
7.047531083076181979e-02 1.040896556067622658e+00
7.088265887862478520e-02 1.052062720532484619e+00
7.129236140254673060e-02 1.056613968240164514e+00
7.170443201142430445e-02 1.061192192013850955e+00
7.211888439281383123e-02 1.066469866641850173e+00
7.253573231338585059e-02 1.073867089313223167e+00
7.295498961938230720e-02 1.082961877281152008e+00
7.337667023707672431e-02 1.083613156589025017e+00
7.380078817323644513e-02 1.073275542722936349e+00
7.422735751558823258e-02 1.054939525285899737e+00
7.465639243328600627e-02 1.027246666668298669e+00
7.508790717738160481e-02 9.951971733906367357e-01
7.552191608129793510e-02 9.640455977386221953e-01
7.595843356130543844e-02 9.354779438376654710e-01
7.639747411700059665e-02 9.105886692228900570e-01
7.683905233178781047e-02 8.898729773917024577e-01
7.728318287336367887e-02 8.731054255067620673e-01
7.772988049420428980e-02 8.604286013455321180e-01
7.817916003205507836e-02 8.505245313974060251e-01
7.863103641042397396e-02 8.440059577331042728e-01
7.908552463907676799e-02 8.422563671663925167e-01
7.954263981453599253e-02 8.426764230513519305e-01
8.000239712058217212e-02 8.426725693276367890e-01
8.046481182875830918e-02 8.419904602300419816e-01
8.092989929887701994e-02 8.407322194370213664e-01
8.139767497953076525e-02 8.426648618802062840e-01
8.186815440860513438e-02 8.510775407505406509e-01
8.234135321379483508e-02 8.667853186137943755e-01
8.281728711312283386e-02 8.882467059838778933e-01
8.329597191546232737e-02 9.102880787731024714e-01
8.377742352106211376e-02 9.296164300668093849e-01
8.426165792207447602e-02 9.389424414576519329e-01
8.474869120308657633e-02 9.373296580828305302e-01
8.523853954165466762e-02 9.355935555491220468e-01
8.573121920884146929e-02 9.371909240290824394e-01
8.622674656975649887e-02 9.463107612011605330e-01
8.672513808409994251e-02 9.651805193727557297e-01
8.722641030670905127e-02 9.921527316556097986e-01
8.773057988810836760e-02 1.011303811658416318e+00
8.823766357506258873e-02 9.972300126504175521e-01
8.874767821113291322e-02 9.711306687890617351e-01
8.926064073723644077e-02 9.547215132096371626e-01
8.977656819220893036e-02 9.447307344779185545e-01
9.029547771337091688e-02 9.400773630917853563e-01
9.081738653709675591e-02 9.408904987956977495e-01
9.134231199938727674e-02 9.508620089088403171e-01
9.187027153644546085e-02 9.723966170295128553e-01
9.240128268525588107e-02 1.004633015907363092e+00
9.293536308416693037e-02 1.037056320385401742e+00
9.347253047347692245e-02 1.061196045737565985e+00
9.401280269602330097e-02 1.073229298038353541e+00
9.455619769777530437e-02 1.072801534705963622e+00
9.510273352842993355e-02 1.070204124921902533e+00
9.565242834201181932e-02 1.059951292977548531e+00
9.620530039747586526e-02 1.048738883828103985e+00
9.676136805931405405e-02 1.043894753118067120e+00
9.732064979816532069e-02 1.046946902300524673e+00
9.788316419142908953e-02 1.054039680798394718e+00
9.844892992388228070e-02 1.062176818423090641e+00
9.901796578830000806e-02 1.071577977426379835e+00
9.959029068607995472e-02 1.082449332027027422e+00
1.001659236278700377e-01 1.085198963897839652e+00
1.007448837341998471e-01 1.072506724841749026e+00
1.013271902361159299e-01 1.051737080878548225e+00
1.019128624758204177e-01 1.028069436681499083e+00
1.025019199073136378e-01 1.006546389731971969e+00
1.030943820970401520e-01 9.844722602911679665e-01
1.036902687245389171e-01 9.611206214387669755e-01
1.042895995830967204e-01 9.312369208890610706e-01
1.048923945804057928e-01 9.069892912728707568e-01
1.054986737392250712e-01 8.941891479527535047e-01
1.061084571980452224e-01 8.883815863139106206e-01
1.067217652117575799e-01 8.814333224553614343e-01
1.073386181523270227e-01 8.730861568881859158e-01
1.079590365094685589e-01 8.668469781932380824e-01
1.085830408913279893e-01 8.612417370494445112e-01
1.092106520251663743e-01 8.480523676340896433e-01
1.098418907580486492e-01 8.355007894936046231e-01
1.104767780575359459e-01 8.269551571550949332e-01
1.111153350123821049e-01 8.227757937859343507e-01
1.117575828332342536e-01 8.219318282923002705e-01
1.124035428533372433e-01 8.260842155954543076e-01
1.130532365292423180e-01 8.357532083969516634e-01
1.137066854415197809e-01 8.498404954379538134e-01
1.143639112954759340e-01 8.698471021055399488e-01
1.150249359218739331e-01 9.002337136000826412e-01
1.156897812776589568e-01 9.412643099960745774e-01
1.163584694466876512e-01 9.775779485646317601e-01
1.170310226404614878e-01 1.001835212490110427e+00
1.177074631988646730e-01 1.028722642851229496e+00
1.183878135909062629e-01 1.057829818072317796e+00
1.190720964154663303e-01 1.087185558473037883e+00
1.197603344020467531e-01 1.127374116237253254e+00
1.204525504115261381e-01 1.186004668840673792e+00
1.211487674369193246e-01 1.250030434645408306e+00
1.218490086041408849e-01 1.301460304486932396e+00
1.225532971727734816e-01 1.370912113282702682e+00
1.232616565368404721e-01 1.452497371195855980e+00
1.239741102255828148e-01 1.500836554617770435e+00
1.246906819042407494e-01 1.518529000194364542e+00
1.254113953748399735e-01 1.527660398537588282e+00
1.261362745769819826e-01 1.542678359855816694e+00
1.268653435886395453e-01 1.555777166763863795e+00
1.275986266269562852e-01 1.556515154855329319e+00
1.283361480490512463e-01 1.554570951240998866e+00
1.290779323528278288e-01 1.552674919173108403e+00
1.298240041777875831e-01 1.554148968494181604e+00
1.305743883058487209e-01 1.560991254950562235e+00
1.313291096621690413e-01 1.573554394262193235e+00
1.320881933159741561e-01 1.589998233355054413e+00
1.328516644813900749e-01 1.609954741614343154e+00
1.336195485182806453e-01 1.636950076239488183e+00
1.343918709330900185e-01 1.663654454724134313e+00
1.351686573796898327e-01 1.675057623197482526e+00
1.359499336602315311e-01 1.668082383272926794e+00
1.367357257260030934e-01 1.649956393778369890e+00
1.375260596782912625e-01 1.630595285833083885e+00
1.383209617692485738e-01 1.616615903056107806e+00
1.391204584027652402e-01 1.611274641986807366e+00
1.399245761353461737e-01 1.617159278099954411e+00
1.407333416769932510e-01 1.638194828999505637e+00
1.415467818920924381e-01 1.675566314727892303e+00
1.423649238003061035e-01 1.723248438256360648e+00
1.431877945774705507e-01 1.772614639048382790e+00
1.440154215564987683e-01 1.808161386597610276e+00
1.448478322282882313e-01 1.809970709881908002e+00
1.456850542426340045e-01 1.780458893670721299e+00
1.465271154091474515e-01 1.738403206766480080e+00
1.473740436981796631e-01 1.702288034969256625e+00
1.482258672417506584e-01 1.677629983777394695e+00
1.490826143344838317e-01 1.665043722123472625e+00
1.499443134345459228e-01 1.664546591764208827e+00
1.508109931645919832e-01 1.677797620759006847e+00
1.516826823127164214e-01 1.679078983894318977e+00
1.525594098334091819e-01 1.660635062193255962e+00
1.534412048485173929e-01 1.638730496595921737e+00
1.543280966482127869e-01 1.621560230582740569e+00
1.552201146919646169e-01 1.615733400325321645e+00
1.561172886095181789e-01 1.616284482816598755e+00
1.570196482018790252e-01 1.612014556940130072e+00
1.579272234423027277e-01 1.608787063328629863e+00
1.588400444772908315e-01 1.602472737021235272e+00
1.597581416275917487e-01 1.583687760771374853e+00
1.606815453892082024e-01 1.552987070794041635e+00
1.616102864344102497e-01 1.518818029473006481e+00
1.625443956127538836e-01 1.496056010349034793e+00
1.634839039521058524e-01 1.483982293949237530e+00
1.644288426596743347e-01 1.452774839303351939e+00
1.653792431230455828e-01 1.392544991358113382e+00
1.663351369112262834e-01 1.327230154970636677e+00
1.672965557756923849e-01 1.274468823585502397e+00
1.682635316514438095e-01 1.236513498714259418e+00
1.692360966580649384e-01 1.209803339644040632e+00
1.702142831007917856e-01 1.191534762372020495e+00
1.711981234715850009e-01 1.186825511992016580e+00
1.721876504502090899e-01 1.197477204340896106e+00
1.731828969053178791e-01 1.213190762789722710e+00
1.741838958955464201e-01 1.216146568879299616e+00
1.751906806706090836e-01 1.220339420281463694e+00
1.762032846724038426e-01 1.251252065063134244e+00
1.772217415361232173e-01 1.286274706187091610e+00
1.782460850913716033e-01 1.289492565489303910e+00
1.792763493632887617e-01 1.283569392139004339e+00
1.803125685736800821e-01 1.230549861264949918e+00
1.813547771421535060e-01 1.151490719247126204e+00
1.824030096872625850e-01 1.081871273469743766e+00
1.834573010276564775e-01 1.017001542171375172e+00
1.845176861832364401e-01 9.634868077999145797e-01
1.855842003763193415e-01 9.326550912162636653e-01
1.866568790328071992e-01 9.180398440262759197e-01
1.877357577833641822e-01 9.086945640168573313e-01
1.888208724646001924e-01 8.941679524723197270e-01
1.899122591202609955e-01 8.661802839905041740e-01
1.910099540024255971e-01 8.351828572870985123e-01
1.921139935727104175e-01 8.165520299858473052e-01
1.932244145034804905e-01 8.003374874540415407e-01
1.943412536790674328e-01 7.725675543621360886e-01
1.954645481969946030e-01 7.456146106978582822e-01
1.965943353692096995e-01 7.241628576370628956e-01
1.977306527233236300e-01 7.051350967931435676e-01
1.988735380038573475e-01 6.876411179878834101e-01
2.000230291734956534e-01 6.740471075824301384e-01
2.011791644143479663e-01 6.683089129704612441e-01
2.023419821292166965e-01 6.687617255070001931e-01
2.035115209428728922e-01 6.678657347432105373e-01
2.046878197033392410e-01 6.589154614146024436e-01
2.058709174831803157e-01 6.430265585367330727e-01
2.070608535808005912e-01 6.257483882595255009e-01
2.082576675217497619e-01 6.113971211440307751e-01
2.094613990600355524e-01 6.020036695881717526e-01
2.106720881794442723e-01 5.958434922293859293e-01
2.118897750948690872e-01 5.887526405933733997e-01
2.131145002536455058e-01 5.802744484198801844e-01
2.143463043368951104e-01 5.748753814948511787e-01
2.155852282608767823e-01 5.753937073345488651e-01
2.168313131783459469e-01 5.817870349781057993e-01
2.180846004799212312e-01 5.950688937626258390e-01
2.193451317954595303e-01 6.130946864405869556e-01
2.206129489954388734e-01 6.270066290525462271e-01
2.218880941923488948e-01 6.383577722557390866e-01
2.231706097420899648e-01 6.467415481982092818e-01
2.244605382453801201e-01 6.479265682406406546e-01
2.257579225491697927e-01 6.475219272505421397e-01
2.270628057480653939e-01 6.492194925470983202e-01
2.283752311857605299e-01 6.533429769223881856e-01
2.296952424564759343e-01 6.581774733231369190e-01
2.310228834064072811e-01 6.563334665254021427e-01
2.323581981351817149e-01 6.521964941171090047e-01
2.337012309973229007e-01 6.500037253231465417e-01
2.350520266037238737e-01 6.471616040831685845e-01
2.364106298231291869e-01 6.337622067253341207e-01
2.377770857836252472e-01 6.117266145216823103e-01
2.391514398741393099e-01 5.911785596721070846e-01
2.405337377459470793e-01 5.777637474194117218e-01
2.419240253141889951e-01 5.738117537494492604e-01
2.433223487593957901e-01 5.700062015806653948e-01
2.447287545290218747e-01 5.576049186650740008e-01
2.461432893389885190e-01 5.424771262209615585e-01
2.475660001752356676e-01 5.316115522058869614e-01
2.489969342952823017e-01 5.286692341493133274e-01
2.504361392297964617e-01 5.275285319296070252e-01
2.518836627841739007e-01 5.254398136759553806e-01
2.533395530401260642e-01 5.249002923558241385e-01
2.548038583572773130e-01 5.194684687792155975e-01
2.562766273747711931e-01 5.152679099296212373e-01
2.577579090128856998e-01 5.180117612148608108e-01
2.592477524746588102e-01 5.200619422313600415e-01
2.607462072475227322e-01 5.192121961521531937e-01
2.622533231049470337e-01 5.204338265698792432e-01
2.637691501080930423e-01 5.256151581049981480e-01
2.652937386074759596e-01 5.240717417570508463e-01
2.668271392446371348e-01 5.129113578777616533e-01
2.683694029538270520e-01 4.995813275468012349e-01
2.699205809636965880e-01 4.882398186528964512e-01
2.714807247989985406e-01 4.787191942144351509e-01
2.730498862822996475e-01 4.714183146359429144e-01
2.746281175357012105e-01 4.667533820786640697e-01
2.762154709825712651e-01 4.633274216958297997e-01
2.778119993492854656e-01 4.610575784275627864e-01
2.794177556669779627e-01 4.587915888830109146e-01
2.810327932733039380e-01 4.548318877656181147e-01
2.826571658142107979e-01 4.531458836402075252e-01
2.842909272457196934e-01 4.572500993969212946e-01
2.859341318357184192e-01 4.665086706227473123e-01
2.875868341657639160e-01 4.772740478212260662e-01
2.892490891328946545e-01 4.841124805538913334e-01
2.909209519514548425e-01 4.871453611177727905e-01
2.926024781549284581e-01 4.904614903747231969e-01
2.942937235977828858e-01 4.984232835703764075e-01
2.959947444573255426e-01 5.120962953119917449e-01
2.977055972355692748e-01 5.267809095288534804e-01
2.994263387611086902e-01 5.381648093836256530e-01
3.011570261910088142e-01 5.411842019145037819e-01
3.028977170127025720e-01 5.402978454600022573e-01
3.046484690459013711e-01 5.381956391733474510e-01
3.064093404445150659e-01 5.380588319814569864e-01
3.081803896985833569e-01 5.342571335363883733e-01
3.099616756362194026e-01 5.172487239192464781e-01
3.117532574255635347e-01 4.984290641559491752e-01
3.135551945767480198e-01 4.904229531375709494e-01
3.153675469438748658e-01 4.955927235015442633e-01
3.171903747270033436e-01 4.944789973478444511e-01
3.190237384741493876e-01 4.839197943681301517e-01
3.208676990832974307e-01 4.785631184039685349e-01
3.227223178044230090e-01 4.740003095251431597e-01
3.245876562415266342e-01 4.706649116496166019e-01
3.264637763546810456e-01 4.705281044577261929e-01
3.283507404620888970e-01 4.686436335609815429e-01
3.302486112421523790e-01 4.641925826698976576e-01
3.321574517355558864e-01 4.481610920145650545e-01
3.340773253473591775e-01 4.218806231385938132e-01
3.360082958491044103e-01 3.979933166897767771e-01
3.379504273809338932e-01 3.792815611905057671e-01
3.399037844537201591e-01 3.648705613574249607e-01
3.418684319512097503e-01 3.530492638609747935e-01
3.438444351321779946e-01 3.431509744984215238e-01
3.458318596325960503e-01 3.355996028784397067e-01
3.478307714678123830e-01 3.303045864937216858e-01
3.498412370347446232e-01 3.319289310396886794e-01
3.518633231140849693e-01 3.409408639477404246e-01
3.538970968725191901e-01 3.508584219288698458e-01
3.559426258649572294e-01 3.604137298807681966e-01
3.579999780367765227e-01 3.740674730038074380e-01
3.600692217260801353e-01 3.878426084238762450e-01
3.621504256659661136e-01 3.945827712018033506e-01
3.642436589868098817e-01 4.004674073149506186e-01
3.663489912185618480e-01 4.072634490867484969e-01
3.684664922930561692e-01 4.092750928660955356e-01
3.705962325463332818e-01 4.088261340532718391e-01
3.727382827209774208e-01 4.057393013573773466e-01
3.748927139684648524e-01 3.919352630094443679e-01
3.770595978515288715e-01 3.742351099854197005e-01
3.792390063465359562e-01 3.618415345172587561e-01
3.814310118458763554e-01 3.547545366049614790e-01
3.836356871603694985e-01 3.526041587718664050e-01
3.858531055216822825e-01 3.572864330858637749e-01
3.880833405847607942e-01 3.682522039175341599e-01
3.903264664302779630e-01 3.817228951641002954e-01
3.925825575670940371e-01 3.949045571320245474e-01
3.948516889347303827e-01 4.123407300815563059e-01
3.971339359058604912e-01 4.384073172913326988e-01
3.994293742888124776e-01 4.612945824360490388e-01
4.017380803300868997e-01 4.706783996826199301e-01
4.040601307168905088e-01 4.735783267783261197e-01
4.063956025796829352e-01 4.699481190385849660e-01
4.087445734947380283e-01 4.667784312828130999e-01
4.111071214867221824e-01 4.585603654600975410e-01
4.134833250312844322e-01 4.480396997175354890e-01
4.158732630576643108e-01 4.416463720739786103e-01
4.182770149513134750e-01 4.383764875016109008e-01
4.206946605565314856e-01 4.248017457147336695e-01
4.231262801791195738e-01 4.031534527444619598e-01
4.255719545890473410e-01 3.856768156959203275e-01
4.280317650231349469e-01 3.738786405417614533e-01
4.305057931877529498e-01 3.617220690820867612e-01
4.329941212615355806e-01 3.508545682051545933e-01
4.354968318981098929e-01 3.449525903352888001e-01
4.380140082288422887e-01 3.526735257987404504e-01
4.405457338655994204e-01 3.761292151914523707e-01
4.430920929035247480e-01 3.977312634771414945e-01
4.456531699238333033e-01 4.021514845785035819e-01
4.482290499966203323e-01 4.008681945813339920e-01
4.508198186836865351e-01 4.024771242324400311e-01
4.534255620413813470e-01 4.040109062710993126e-01
4.560463666234608748e-01 3.960895771744559757e-01
4.586823194839622087e-01 3.860120896591447970e-01
4.613335081800964965e-01 3.782815198864050710e-01
4.640000207751556194e-01 3.730076989821207722e-01
4.666819458414390720e-01 3.708862240768898699e-01
4.693793724631949438e-01 3.786957951857916616e-01
4.720923902395786631e-01 3.906172894988376165e-01
4.748210892876304490e-01 3.877520459165685329e-01
4.775655602452679171e-01 3.691925125040488309e-01
4.803258942742961168e-01 3.481126437817725905e-01
4.831021830634371073e-01 3.348751028199775659e-01
4.858945188313745223e-01 3.283237725040964450e-01
4.887029943298164536e-01 3.245914410859018773e-01
4.915277028465775411e-01 3.251984025710497050e-01
4.943687382086768833e-01 3.306629827992375592e-01
4.972261947854541564e-01 3.354859180288406462e-01
5.001001674917054940e-01 3.336072277176688194e-01
5.029907517908354109e-01 3.305184681599166452e-01
5.058980436980275996e-01 3.361121481325645699e-01
5.088221397834349347e-01 3.454073297336852089e-01
5.117631371753864622e-01 3.511012065229289769e-01
5.147211335636141527e-01 3.553306683003875088e-01
5.176962272024980827e-01 3.582729863569611428e-01
5.206885169143288250e-01 3.682001786473786398e-01
5.236981020925914887e-01 3.839137370962051876e-01
5.267250827052667450e-01 4.054348571838746196e-01
5.297695592981502832e-01 4.338233129320735459e-01
5.328316329981945820e-01 4.570342908688687644e-01
5.359114055168668900e-01 4.622811357071464622e-01
5.390089791535270791e-01 4.581171872328467232e-01
5.421244567988269258e-01 4.504964485859909162e-01
5.452579419381275994e-01 4.435250623851503815e-01
5.484095386549359130e-01 4.381375566312669667e-01
5.515793516343632241e-01 4.359409341135891403e-01
5.547674861666017643e-01 4.345420324049628635e-01
5.579740481504216199e-01 4.335034538637099200e-01
5.611991440966896949e-01 4.313781252347637651e-01
5.644428811319066597e-01 4.177282358354397762e-01
5.677053670017649933e-01 3.985386185954809535e-01
5.709867100747291202e-01 3.831468460768756024e-01
5.742870193456336425e-01 3.787940651405298786e-01
5.776064044393048880e-01 3.805706317732482358e-01
5.809449756142023302e-01 3.738612987850429836e-01
5.843028437660793273e-01 3.665199551075409290e-01
5.876801204316687288e-01 3.576698785955285675e-01
5.910769177923870243e-01 3.444997777987499621e-01
5.944933486780595855e-01 3.328499710076272544e-01
5.979295265706701112e-01 3.218899807615296926e-01
6.013855656081297241e-01 3.160111252339552479e-01
6.048615805880666052e-01 3.198378728831728357e-01
6.083576869716416091e-01 3.313489456205474526e-01
6.118740008873820857e-01 3.489026571433935797e-01
6.154106391350390171e-01 3.606237578232479035e-01
6.189677191894675801e-01 3.658127968057972579e-01
6.225453592045292472e-01 3.654813765662879854e-01
6.261436780170150929e-01 3.597740117440410001e-01
6.297627951505950783e-01 3.606449533036816257e-01
6.334028308197864332e-01 3.704314846784934612e-01
6.370639059339481269e-01 3.821737808387815072e-01
6.407461421012968783e-01 3.858078423022379133e-01
6.444496616329448146e-01 3.813028392791408261e-01
6.481745875469649976e-01 3.760097497562804314e-01
6.519210435724759334e-01 3.727861098684954189e-01
6.556891541537508417e-01 3.694198822032471186e-01
6.594790444543533470e-01 3.678282943088594936e-01
6.632908403612935988e-01 3.626508164974558412e-01
6.671246684892090384e-01 3.485750906275995042e-01
6.709806561845721440e-01 3.351814738553379192e-01
6.748589315299192704e-01 3.271560942183835419e-01
6.787596233481042463e-01 3.203195883475759009e-01
6.826828612065795054e-01 3.152866251754930516e-01
6.866287754216984229e-01 3.156989736130220714e-01
6.905974970630435195e-01 3.189245403626647102e-01
6.945891579577818664e-01 3.234160553527585247e-01
6.986038906950429173e-01 3.304702966134763775e-01
7.026418286303216520e-01 3.335320801052219508e-01
7.067031058899108098e-01 3.272774865154131074e-01
7.107878573753529938e-01 3.135543763654998206e-01
7.148962187679240854e-01 2.949408908209670832e-01
7.190283265331394169e-01 2.768977563862874969e-01
7.231843179252852583e-01 2.647084282750333806e-01
7.273643309919801681e-01 2.589567456300613246e-01
7.315685045787596597e-01 2.608970955206766917e-01
7.357969783336865133e-01 2.756761259685614474e-01
7.400498927119919523e-01 2.960507632509516429e-01
7.443273889807401344e-01 3.130822952103848866e-01
7.486296092235191768e-01 3.211076748473392084e-01
7.529566963451627126e-01 3.128144614121767808e-01
7.573087940764960946e-01 2.975151782627368235e-01
7.616860469791092436e-01 2.828999310727491334e-01
7.660886004501606950e-01 2.728340047285836012e-01
7.705166007272060691e-01 2.715218118035497286e-01
7.749701948930545203e-01 2.728185898337226467e-01
7.794495308806568268e-01 2.747435248294771148e-01
7.839547574780165728e-01 2.741962960619153122e-01
7.884860243331343055e-01 2.694619964777624221e-01
7.930434819589780027e-01 2.655832235583892587e-01
7.976272817384808533e-01 2.631168403806458111e-01
8.022375759295721220e-01 2.681382423815829030e-01
8.068745176702336597e-01 2.766318494499369618e-01
8.115382609835852801e-01 2.877903064673686395e-01
8.162289607830032212e-01 3.066696989482518565e-01
8.209467728772645856e-01 3.210941868143359357e-01
8.256918539757219788e-01 3.152153312867614354e-01
8.304643616935105666e-01 2.997888752547190339e-01
8.352644545567829981e-01 2.917211046568972677e-01
8.400922920079733069e-01 2.880273104758548919e-01
8.449480344110958940e-01 2.867998994725559636e-01
8.498318430570707127e-01 2.918559849869301059e-01
8.547438801690798726e-01 2.894994329350705220e-01
8.596843089079587719e-01 2.723253131981739905e-01
8.646532933776126528e-01 2.634058696592875837e-01
8.696509986304700179e-01 2.611533681477390956e-01
8.746775906729644667e-01 2.623499493613162259e-01
8.797332364710471753e-01 2.639453909794190478e-01
8.848181039557355687e-01 2.643885692066698101e-01
8.899323620286901937e-01 2.642459814292065223e-01
8.950761805678236760e-01 2.600897404023372328e-01
9.002497304329459826e-01 2.545557931472753332e-01
9.054531834714387717e-01 2.469196396055586273e-01
9.106867125239620497e-01 2.435399239073069988e-01
9.159504914301977996e-01 2.484592022297906488e-01
9.212446950346235841e-01 2.514882290699568812e-01
9.265694991923183466e-01 2.559546948559016655e-01
9.319250807748065135e-01 2.683424897384898422e-01
9.373116176759319629e-01 2.738475340656875701e-01
9.427292888177655206e-01 2.749227229822350793e-01
9.481782741565508710e-01 2.783987817733672987e-01
9.536587546886805544e-01 2.786357857818535511e-01
9.591709124567069367e-01 2.758514703976041038e-01
9.647149305553922582e-01 2.718705737997775262e-01
9.702909931377862174e-01 2.696238528738018059e-01
9.758992854213467405e-01 2.648375280194933956e-01
9.815399936940907288e-01 2.621225796621179938e-01
9.872133053207802211e-01 2.636659960100652955e-01
9.929194087491489684e-01 2.651130692651319509e-01
9.986584935161608723e-01 2.610242684032790805e-01
1.004430750254303728e+00 2.558525711774482514e-01
1.010236370697924935e+00 2.518639671321912243e-01
1.016075547689597958e+00 2.476383590784479172e-01
1.021948475186527761e+00 2.449638748200823335e-01
1.027855348266994762e+00 2.520084817715121384e-01
1.033796363136834096e+00 2.646930133801724816e-01
1.039771717135951290e+00 2.769131712811483403e-01
1.045781608744880131e+00 2.809865572481403118e-01
1.051826237591374280e+00 2.745450580581431099e-01
1.057905804457035748e+00 2.653096091746083851e-01
1.064020511283988890e+00 2.592611898035640516e-01
1.070170561181583713e+00 2.575520633358621136e-01
1.076356158433145582e+00 2.584846644749463351e-01
1.082577508502760022e+00 2.641881755734781789e-01
1.088834818042095476e+00 2.628991049907356548e-01
1.095128294897270704e+00 2.605945782090315910e-01
1.101458148115757263e+00 2.659551078969084048e-01
1.107824587953321727e+00 2.682095362703145747e-01
1.114227825881013212e+00 2.545230364956959090e-01
1.120668074592185315e+00 2.413741311793510258e-01
1.127145548009560017e+00 2.374722359176865139e-01
1.133660461292336441e+00 2.368074685768103704e-01
1.140213030843336250e+00 2.367959074056646962e-01
1.146803474316190341e+00 2.352544179195750207e-01
1.153432010622570836e+00 2.307050970737529183e-01
1.160098859939462601e+00 2.263947070982746668e-01
1.166804243716473621e+00 2.238782255122332698e-01
1.173548384683194445e+00 2.271269146041672293e-01
1.180331506856595603e+00 2.310326635895469105e-01
1.187153835548465874e+00 2.320211437225019324e-01
1.194015597372901416e+00 2.327533512283945505e-01
1.200917020253827294e+00 2.302734800176478025e-01
1.207858333432573428e+00 2.278109505636195520e-01
1.214839767475487387e+00 2.249861710803602033e-01
1.221861554281590267e+00 2.225409833830504780e-01
1.228923927090283863e+00 2.261461419186427124e-01
1.236027120489096909e+00 2.296087126767715758e-01
1.243171370421473965e+00 2.266895169624892903e-01
1.250356914194617142e+00 2.313197660063311123e-01
1.257583990487367132e+00 2.431217948842051557e-01
1.264852839358128644e+00 2.517059644598670376e-01
1.272163702252848472e+00 2.497579071218211932e-01
1.279516822013033517e+00 2.395108557630401258e-01
1.286912442883815677e+00 2.294160264910103941e-01
1.294350810522067352e+00 2.195967384646191900e-01
1.301832172004561583e+00 2.167854470143631695e-01
1.309356775836174380e+00 2.182961067107310471e-01
1.316924871958146337e+00 2.169569377196906568e-01
1.324536711756377994e+00 2.112938907201687144e-01
1.332192548069784932e+00 2.066289581628898420e-01
1.339892635198694837e+00 2.056443317536500726e-01
1.347637228913291185e+00 2.099566485909859503e-01
1.355426586462114891e+00 2.186545030162468928e-01
1.363260966580605249e+00 2.232211656187875481e-01
1.371140629499693731e+00 2.172440401364748586e-01
1.379065836954451285e+00 2.079931763580792070e-01
1.387036852192779834e+00 2.023860083524280373e-01
1.395053939984155722e+00 2.067503504599194353e-01
1.403117366628427343e+00 2.187913102081373573e-01
1.411227399964658957e+00 2.256046937366537053e-01
1.419384309380025577e+00 2.215736987305292061e-01
1.427588365818764915e+00 2.229244288927152706e-01
1.435839841791175742e+00 2.297532273160924898e-01
1.444139011382666204e+00 2.332716770680922092e-01
1.452486150262864761e+00 2.322754894877067378e-01
1.460881535694769973e+00 2.371061321647402187e-01
1.469325446543965796e+00 2.435611193877407210e-01
1.477818163287882181e+00 2.472973045296505690e-01
1.486359968025109168e+00 2.414646936866587934e-01
1.494951144484772509e+00 2.301366728257573380e-01
1.503591978035954568e+00 2.222057094198259808e-01
1.512282755697172298e+00 2.186390881213859938e-01
1.521023766145914724e+00 2.150377833095090119e-01
1.529815299728230382e+00 2.061106323231921833e-01
1.538657648468367833e+00 1.962065623750660626e-01
1.547551106078482119e+00 1.967923283797801404e-01
1.556495967968387184e+00 2.000333100242836781e-01
1.565492531255366693e+00 1.953529625721439344e-01
1.574541094774047689e+00 1.901918630865299387e-01
1.583641959086324214e+00 1.845864292565506104e-01
1.592795426491339539e+00 1.835748267813042400e-01
1.602001801035530804e+00 1.911502841745061909e-01
1.611261388522727822e+00 1.992182474585137697e-01
1.620574496524306296e+00 2.078332468238974218e-01
1.629941434389411858e+00 2.142843803231826716e-01
1.639362513255227638e+00 2.164752222552875915e-01
1.648838046057315765e+00 2.180533221166719160e-01
1.658368347540009280e+00 2.107158321628850861e-01
1.667953734266863997e+00 1.998887953849627641e-01
1.677594524631179640e+00 1.956535530219314090e-01
1.687291038866571835e+00 1.974108510360736424e-01
1.697043599057607821e+00 1.963221740865227771e-01
1.706852529150509445e+00 1.920695899667729245e-01
1.716718154963911225e+00 1.887921906331604949e-01
1.726640804199680579e+00 1.878091057134068376e-01
1.736620806453807120e+00 1.907001692445680074e-01
1.746658493227349673e+00 1.985303577753462501e-01
1.756754197937443251e+00 2.021740535480907042e-01
1.766908255928380411e+00 2.019389764014620225e-01
1.777121004482747679e+00 2.045672159752449371e-01
1.787392782832625482e+00 2.071588451737331749e-01
1.797723932170862682e+00 2.100125275848566675e-01
1.808114795662403074e+00 2.179126612010662267e-01
1.818565718455690483e+00 2.264274637498540632e-01
1.829077047694130043e+00 2.350501705626681370e-01
1.839649132527616748e+00 2.452875876121611842e-01
1.850282324124138622e+00 2.473801595895278871e-01
1.860976975681438272e+00 2.401756231039162692e-01
1.871733442438742401e+00 2.314739149549401298e-01
1.882552081688566581e+00 2.163730985768341775e-01
1.893433252788581767e+00 2.128565756866921399e-01
1.904377317173546302e+00 2.116368721308236611e-01
1.915384638367318981e+00 2.075943159535534877e-01
1.926455581994929611e+00 2.104422177791041570e-01
1.937590515794722412e+00 2.115636513802343910e-01
1.948789809630575354e+00 2.116619213349726081e-01
1.960053835504184105e+00 2.080933731746750504e-01
1.971382967567415045e+00 2.116754093679758808e-01
1.982777582134739092e+00 2.158971636980039910e-01
1.994238057695728816e+00 2.202615058054953889e-01
2.005764774927627947e+00 2.274679691529645775e-01
2.017358116708002580e+00 2.246431896697052566e-01
2.029018468127450348e+00 2.223926150200143115e-01
2.040746216502401289e+00 2.201863581930484925e-01
2.052541751387976898e+00 2.105539757668456746e-01
2.064405464590929995e+00 1.986652381053790606e-01
2.076337750182662312e+00 1.929424583882712041e-01
2.088339004512313135e+00 1.898829871307547157e-01
2.100409626219920778e+00 1.871077279972360452e-01
2.112550016249669760e+00 1.971141143100013648e-01
2.124760577863207711e+00 2.079218824693475631e-01
2.137041716653034662e+00 2.060470458818909889e-01
2.149393840555982482e+00 2.038928143250806901e-01
2.161817359866763155e+00 1.969965757366870240e-01
2.174312687251592546e+00 1.906363901170810282e-01
2.186880237761905654e+00 1.911096273893105602e-01
2.199520428848138476e+00 1.884189574913410492e-01
2.212233680373592026e+00 1.884979588275031426e-01
2.225020414628386511e+00 1.955244532774713662e-01
2.237881056343477670e+00 1.985245771897733991e-01
2.250816032704775704e+00 1.962874905730857822e-01
2.263825773367328598e+00 1.923890636627649808e-01
2.276910710469592924e+00 1.980004707645029172e-01
2.290071278647793029e+00 2.090009251096103249e-01
2.303307915050354371e+00 2.209879327258151005e-01
2.316621059352423018e+00 2.308958563976564737e-01
2.330011153770474852e+00 2.275238481468353502e-01
2.343478643077001600e+00 2.141167433415704369e-01
2.357023974615280792e+00 2.140820598281334142e-01
2.370647598314243876e+00 2.284525955622043469e-01
2.384349966703414481e+00 2.338246864212268628e-01
2.398131534927939956e+00 2.256297429408026523e-01
2.411992760763713051e+00 2.105790249709946216e-01
2.425934104632577970e+00 2.097581818196518899e-01
2.439956029617617261e+00 2.112649877923045150e-01
2.454059001478542612e+00 2.149086835650489691e-01
2.468243488667162033e+00 2.276914851284475849e-01
2.482509962342935861e+00 2.292156328578187630e-01
2.496858896388636673e+00 2.255680833613590563e-01
2.511290767426078485e+00 2.265835395603206515e-01
2.525806054831960523e+00 2.317937740233037280e-01
2.540405240753779381e+00 2.292946341939808563e-01
2.555088810125852206e+00 1.995766437640296154e-01
2.569857250685421590e+00 1.817901673287839470e-01
2.584711052988855506e+00 1.853799109695152547e-01
2.599650710427946265e+00 1.835669266476880612e-01
2.614676719246288084e+00 1.798361367189795224e-01
2.629789578555775442e+00 1.843943211293466999e-01
2.644989790353173831e+00 1.931601937781813327e-01
2.660277859536794409e+00 2.081935699912708937e-01
2.675654293923265481e+00 2.148450971237478024e-01
2.691119604264405218e+00 2.088949477074416583e-01
2.706674304264172548e+00 2.003782182967962233e-01
2.722318910595750374e+00 2.059680445457288955e-01
2.738053942918694972e+00 2.132592898149330563e-01
2.753879923896200843e+00 2.129837485692945009e-01
2.769797379212459720e+00 2.079180287456323384e-01
2.785806837590128815e+00 2.066308850247474682e-01
2.801908830807877226e+00 2.091550740582192869e-01
2.818103893718070019e+00 2.100337230652904175e-01
2.834392564264522019e+00 2.172209177941834823e-01
2.850775383500368410e+00 2.166736890266216520e-01
2.867252895606037466e+00 2.130569693198837711e-01
2.883825647907329426e+00 2.130858722477479428e-01
2.900494190893583735e+00 2.070066230869818114e-01
2.917259078235983960e+00 2.080278598715162297e-01
2.934120866805935979e+00 2.189088487814516981e-01
2.951080116693567401e+00 2.257164517243951674e-01
2.968137391226336685e+00 2.205466813604219645e-01
2.985293256987731514e+00 2.127949161072485440e-01
3.002548283836107057e+00 2.072436270954681192e-01
3.019903044923603730e+00 2.092494902892423070e-01
3.037358116715186629e+00 2.062532201006554988e-01
3.054914079007794214e+00 2.014245042854795886e-01
3.072571514949601568e+00 2.075230220648218438e-01
3.090331011059376021e+00 2.127101341855135996e-01
3.108193157245980220e+00 2.233348504683866365e-01
3.126158546827951579e+00 2.215891136253900773e-01
3.144227776553216724e+00 2.086174795999455323e-01
3.162401446618910317e+00 1.967191076291908702e-01
3.180680160691316427e+00 1.923713365336749692e-01
3.199064525925907621e+00 1.939925981006697664e-01
3.217555152987530587e+00 1.951525689389522478e-01
3.236152656070678812e+00 1.980370811397975661e-01
3.254857652919894928e+00 1.958077019705403710e-01
3.273670764850296955e+00 2.031124352727478044e-01
3.292592616768199143e+00 2.103689970285148869e-01
3.311623837191892683e+00 2.153518617922997591e-01
3.330765058272506351e+00 2.138874467805146062e-01
3.350016915815009710e+00 2.052994234811375274e-01
3.369380049299332214e+00 2.022337862656766738e-01
3.388855101901607103e+00 2.062358783439369736e-01
3.408442720515521884e+00 1.976228058404109478e-01
3.428143555773827789e+00 1.962932711586586332e-01
3.447958262069935831e+00 1.988174601921304241e-01
3.467887497579658529e+00 1.882678915217042559e-01
3.487931924283071528e+00 1.863915134447615973e-01
3.508092207986506228e+00 1.899379026936966475e-01
3.528369018344649444e+00 1.858901439894109497e-01
3.548763028882812254e+00 1.838359165630106817e-01
3.569274917019284565e+00 1.743644271019184899e-01
3.589905364087840223e+00 1.733609174464741109e-01
3.610655055360374899e+00 1.854213384994539138e-01
3.631524680069651456e+00 1.829680579823422248e-01
3.652514931432215839e+00 1.790287816006400634e-01
3.673626506671410219e+00 1.853519714725798961e-01
3.694860107040534913e+00 1.932603905947771761e-01
3.716216437846141751e+00 1.953259865061373612e-01
3.737696208471465109e+00 1.990120732397492598e-01
3.759300132399972405e+00 1.996209615867546860e-01
3.781028927239082016e+00 1.934395887475351128e-01
3.802883314743989107e+00 1.901026493825224983e-01
3.824864020841640233e+00 1.970196980789783447e-01
3.846971775654848713e+00 2.051953729408264593e-01
3.869207313526548564e+00 2.064247108059829583e-01
3.891571373044171445e+00 2.052184952831178077e-01
3.914064697064205678e+00 1.992432966626627167e-01
3.936688032736852527e+00 1.936515435518724182e-01
3.959442131530850340e+00 1.982413284967044220e-01
3.982327749258438132e+00 1.975534388135369301e-01
4.005345646100446189e+00 1.814308075923392882e-01
4.028496586631570509e+00 1.861479581059594657e-01
4.051781339845751617e+00 2.009774723345135738e-01
4.075200679181723906e+00 2.021817609955211537e-01
4.098755382548707082e+00 1.993203711369671838e-01
4.122446232352245943e+00 1.946785609219796875e-01
4.146274015520188705e+00 2.024919857545967039e-01
4.170239523528843861e+00 2.095558613246026047e-01
4.194343552429258715e+00 2.148239016433140525e-01
4.218586902873665778e+00 2.205312664655610377e-01
4.242970380142073950e+00 2.256759876253853492e-01
4.267494794169023997e+00 2.397921775942514766e-01
4.292160959570472833e+00 2.360405775574807852e-01
4.316969695670882068e+00 2.278090237017619257e-01
4.341921826530410478e+00 2.416785753528537251e-01
4.367018180972294772e+00 2.480025359695365861e-01
4.392259592610382235e+00 2.487443777847172244e-01
4.417646899876805477e+00 2.341984976216036074e-01
4.443180946049855251e+00 2.100857483354459376e-01
4.468862579281975833e+00 2.146697526947050905e-01
4.494692652627942486e+00 2.015747995103733536e-01
4.520672024073195239e+00 1.934858334321178097e-01
4.546801556562344082e+00 1.959156062345666638e-01
4.573082118027814502e+00 1.973935092793550894e-01
4.599514581418703507e+00 2.036500297310215590e-01
4.626099824729760002e+00 1.974493882732258898e-01
4.652838731030551678e+00 1.867923007111449429e-01
4.679732188494796219e+00 1.811373465314249642e-01
4.706781090429870140e+00 1.850698788966254893e-01
4.733986335306464177e+00 1.980255199686518641e-01
4.761348826788450062e+00 2.072995060893388364e-01
4.788869473762884077e+00 2.061395352510563828e-01
4.816549190370198019e+00 2.065287613462939986e-01
4.844388896034566017e+00 2.136138323967336772e-01
4.872389515494448098e+00 2.210264699629673757e-01
4.900551978833287414e+00 2.302253084712074793e-01
4.928877221510434836e+00 2.284737910426380691e-01
4.957366184392200559e+00 2.280633694669667033e-01
4.986019813783113541e+00 2.393586336762887901e-01
5.014839061457356806e+00 2.398442028644070245e-01
5.043824884690362609e+00 2.302387965042107520e-01
5.072978246290641202e+00 2.173557981242163484e-01
5.102300114631742822e+00 2.119239745476078629e-01
5.131791463684423960e+00 2.087446524825479210e-01
5.161453273049005475e+00 2.176409736791429239e-01
5.191286527987911903e+00 2.271577443938890550e-01
5.221292219458380401e+00 2.325163472199082426e-01
5.251471344145405951e+00 2.329633791708742574e-01
5.281824904494829553e+00 2.239071284400974138e-01
5.312353908746639597e+00 2.421101924089588131e-01
5.343059370968462396e+00 2.518138687238932749e-01
5.373942311089249912e+00 2.532956254923970363e-01
5.405003754933139781e+00 2.396746390209371358e-01
5.436244734253559585e+00 2.289381647503226092e-01
5.467666286767478567e+00 2.346513101581424177e-01
5.499269456189878724e+00 2.339113952048194056e-01
5.531055292268432844e+00 2.283581793311813546e-01
5.563024850818350409e+00 2.189300442618854481e-01
5.595179193757479297e+00 2.196795935244965359e-01
5.627519389141558470e+00 2.128874054764139101e-01
5.660046511199702479e+00 2.072185778913191445e-01
5.692761640370078702e+00 1.987904841261238509e-01
5.725665863335805739e+00 1.975091209908118595e-01
5.758760273061025892e+00 2.090221205900440749e-01
5.792045968827241431e+00 2.041664287088615914e-01
5.825524056269808071e+00 1.912398832508851454e-01
5.859195647414667363e+00 1.874859709798852858e-01
5.893061860715279821e+00 1.937189837168888651e-01
5.927123821089786304e+00 1.913996200988811736e-01
5.961382659958350594e+00 1.850500322194920666e-01
5.995839515280771082e+00 1.893290143466912490e-01
6.030495531594262104e+00 1.937363254736073626e-01
6.065351860051475086e+00 2.002799483420580062e-01
6.100409658458743500e+00 2.112283774170099215e-01
6.135670091314512575e+00 2.144982619893776032e-01
6.171134329848062094e+00 2.035440523288528647e-01
6.206803552058381079e+00 2.035864432897203646e-01
6.242678942753306259e+00 2.219224607267569760e-01
6.278761693588877257e+00 2.142150132963086540e-01
6.315053003108923591e+00 2.076463412237090078e-01
6.351554076784851510e+00 2.017944617621411085e-01
6.388266127055725718e+00 1.966613017734624991e-01
6.425190373368511843e+00 2.037386653764717281e-01
6.462328042218596025e+00 2.067638384929226802e-01
6.499680367190518560e+00 2.064266376678405845e-01
6.537248588998957999e+00 2.014148699761915129e-01
6.575033955529916874e+00 1.955417950341899191e-01
6.613037721882214726e+00 1.953741580525776289e-01
6.651261150409145451e+00 1.938230342571999054e-01
6.689705510760421525e+00 1.902207660143941104e-01
6.728372079924347382e+00 1.944030196763411600e-01
6.767262142270216607e+00 1.913957663751659766e-01
6.806376989591010229e+00 1.922335659108556916e-01
6.845717921146279750e+00 1.925755838905818529e-01
6.885286243705309062e+00 1.926528510510721048e-01
6.925083271590525058e+00 1.929675075924201511e-01
6.965110326721157818e+00 1.903213482033614679e-01
7.005368738657123728e+00 2.010102289860929703e-01
7.045859844643230119e+00 2.116503601638269338e-01
7.086584989653569089e+00 2.060624607767519156e-01
7.127545526436194656e+00 2.046674127918407249e-01
7.168742815558059256e+00 2.109721047899474899e-01
7.210178225450215805e+00 2.075943159535534877e-01
7.251853132453240036e+00 2.142670385664641741e-01
7.293768920862992111e+00 2.207316600987527244e-01
7.335926982976571864e+00 2.151437607116776507e-01
7.378328719138569802e+00 2.099797709332772710e-01
7.420975537787583676e+00 2.061067785994769586e-01
7.463868855503007715e+00 1.948192218375853491e-01
7.507010097052058128e+00 1.974782912010900338e-01
7.550400695437144982e+00 1.984147460638895355e-01
7.594042091943437711e+00 1.929405315264135778e-01
7.637935736186750368e+00 1.953279133679949875e-01
7.682083086161699548e+00 1.991199775037755526e-01
7.726485608290103890e+00 2.033552198668069078e-01
7.771144777469737974e+00 1.995419602505925927e-01
7.816062077123293150e+00 2.058986775188548779e-01
7.861238999247660786e+00 2.131629467220524654e-01
7.906677044463489068e+00 2.167141531256315257e-01
7.952377722065040011e+00 2.721885060062835260e-01
7.998342550070284496e+00 3.883975446388684971e-01
