2.511886431509579437e-02 1.612095345980192773e+00
2.526405161860213050e-02 1.759670551628093715e+00
2.541007810627042562e-02 1.819404426859600132e+00
2.555694862859406516e-02 1.943873976434254081e+00
2.570466806410236227e-02 1.946607260462076328e+00
2.585324131952258450e-02 1.864464882573326321e+00
2.600267332994290678e-02 1.735746016939224257e+00
2.615296905897638788e-02 1.606872228323788176e+00
2.630413349892583852e-02 1.497098230121390650e+00
2.645617167094958117e-02 1.411779931115292985e+00
2.660908862522835469e-02 1.349080387383963853e+00
2.676288944113292337e-02 1.310028730160550436e+00
2.691757922739292791e-02 1.291869543562754519e+00
2.707316312226650673e-02 1.284632427149007716e+00
2.722964629371095457e-02 1.282518835046522199e+00
2.738703393955444973e-02 1.281854879412233306e+00
2.754533128766867636e-02 1.278169925641930993e+00
2.770454359614242176e-02 1.271596764862472861e+00
2.786467615345633933e-02 1.263795286159580922e+00
2.802573427865854422e-02 1.255717159275735018e+00
2.818772332154127064e-02 1.247926746500080952e+00
2.835064866281864979e-02 1.240468311541571333e+00
2.851451571430539678e-02 1.233507843308778273e+00
2.867932991909653145e-02 1.227200264783035566e+00
2.884509675174826843e-02 1.221213598147199209e+00
2.901182171845980567e-02 1.212405120065635833e+00
2.917951035725619563e-02 1.200431786793962896e+00
2.934816823817239240e-02 1.187329728943999241e+00
2.951780096343814899e-02 1.173718638441081152e+00
2.968841416766421215e-02 1.160627646518355593e+00
2.986001351802944001e-02 1.148554719901539567e+00
3.003260471446899879e-02 1.137887166043967779e+00
3.020619348986378766e-02 1.128879501272117780e+00
3.038078561023081769e-02 1.121476395949798643e+00
3.055638687491469066e-02 1.114250345463290159e+00
3.073300311678033025e-02 1.106080371383367567e+00
3.091064020240668481e-02 1.097588378820815391e+00
3.108930403228154019e-02 1.089439430002645315e+00
3.126900054099761295e-02 1.082332891530308761e+00
3.144973569744963920e-02 1.076642791744454541e+00
3.163151550503255638e-02 1.072406754797692763e+00
3.181434600184106232e-02 1.069010621728305965e+00
3.199823326087009728e-02 1.065995156555911372e+00
3.218318339021652985e-02 1.063507536112776375e+00
3.236920253328214730e-02 1.061914042590483609e+00
3.255629686897762443e-02 1.061566572475205916e+00
3.274447261192782455e-02 1.062710789351630103e+00
3.293373601267822470e-02 1.063814062297273155e+00
3.312409335790250653e-02 1.063322735127899543e+00
3.331555097061136145e-02 1.062081138091779620e+00
3.350811521036261426e-02 1.060718922448763868e+00
3.370179247347232510e-02 1.059863526273255419e+00
3.389658919322740410e-02 1.059985251472874923e+00
3.409251184009919750e-02 1.061242340807128315e+00
3.428956692195841288e-02 1.063528561374528891e+00
3.448776098429136294e-02 1.067188063512183538e+00
3.468710061041735404e-02 1.072778569952894445e+00
3.488759242170727526e-02 1.080804686978720675e+00
3.508924307780367929e-02 1.090859188467299346e+00
3.529205927684192501e-02 1.101894131109177444e+00
3.549604775567258980e-02 1.112258478560423924e+00
3.570121529008542238e-02 1.121343604822941042e+00
3.590756869503420462e-02 1.130484060721648643e+00
3.611511482486330638e-02 1.141151614579220430e+00
3.632386057353523962e-02 1.154718441373186355e+00
3.653381287485973905e-02 1.169248003836870442e+00
3.674497870272393912e-02 1.180236469584348358e+00
3.695736507132423021e-02 1.187794497888001510e+00
3.717097903539903075e-02 1.194500449794317243e+00
3.738582769046329413e-02 1.202523247041972221e+00
3.760191817304411876e-02 1.213445317226021336e+00
3.781925766091774610e-02 1.224632969663786097e+00
3.803785337334809891e-02 1.230708163717527448e+00
3.825771257132654091e-02 1.229645834702665530e+00
3.847884255781295476e-02 1.223526376939971350e+00
3.870125067797849233e-02 1.216101139763176020e+00
3.892494431944945599e-02 1.209096407821430352e+00
3.914993091255265789e-02 1.202689235950544333e+00
3.937621793056233360e-02 1.197001349350137911e+00
3.960381288994833243e-02 1.191280264968016978e+00
3.983272335062570252e-02 1.184928422733321884e+00
4.006295691620595512e-02 1.179262667987391655e+00
4.029452123424955012e-02 1.171461189284499493e+00
4.052742399651988042e-02 1.160317800555687562e+00
4.076167293923887297e-02 1.148875631791445695e+00
4.099727584334383890e-02 1.138551121678256450e+00
4.123424053474603751e-02 1.130395533303743649e+00
4.147257488459059338e-02 1.123003493908662831e+00
4.171228680951784978e-02 1.114814707752435519e+00
4.195338427192649156e-02 1.107046426831257646e+00
4.219587528023795858e-02 1.100912583363154118e+00
4.243976788916238585e-02 1.097923676416131089e+00
4.268507019996626434e-02 1.096627856336544360e+00
4.293179036074151744e-02 1.092822283959346219e+00
4.317993656667604152e-02 1.085280854546550655e+00
4.342951706032609216e-02 1.075566077024183054e+00
4.368054013188996804e-02 1.066829527469667527e+00
4.393301411948334623e-02 1.060894870691850400e+00
4.418694740941636612e-02 1.057500950807911400e+00
4.444234843647213579e-02 1.054967960063100119e+00
4.469922568418681352e-02 1.053569226860198604e+00
4.495758768513159753e-02 1.053731895990599243e+00
4.521744302119593689e-02 1.053908950826409674e+00
4.547880032387276866e-02 1.052971666789338734e+00
4.574166827454511502e-02 1.051744455458628602e+00
4.600605560477452616e-02 1.050569253985937479e+00
4.627197109659098723e-02 1.047786173285544020e+00
4.653942358278480296e-02 1.039705833216250541e+00
4.680842194719982141e-02 1.026594922624496364e+00
4.707897512502866311e-02 1.011547474766066879e+00
4.735109210310945588e-02 9.980879874663113327e-01
4.762478192022426976e-02 9.893237730937004537e-01
4.790005366739954334e-02 9.844780035561168097e-01
4.817691648820784933e-02 9.827461859433470615e-01
4.845537957907175564e-02 9.842655377531444039e-01
4.873545218956924774e-02 9.865163473533830052e-01
4.901714362274099679e-02 9.848863362712042546e-01
4.930046323539925834e-02 9.795658384551043651e-01
4.958542043843887359e-02 9.731741588823518141e-01
4.987202469714965836e-02 9.679156302587852423e-01
5.016028553153097091e-02 9.645715070474178976e-01
5.045021251660784106e-02 9.629857596741917547e-01
5.074181528274907677e-02 9.632137177752974067e-01
5.103510351598705003e-02 9.655497350152698610e-01
5.133008695833959217e-02 9.698067972237841561e-01
5.162677540813340182e-02 9.765105359446524247e-01
5.192517872032970105e-02 9.886011680450496053e-01
5.222530680685147364e-02 1.008590659008034685e+00
5.252716963691266006e-02 1.035726525781413665e+00
5.283077723734942721e-02 1.072493069030150181e+00
5.313613969295318679e-02 1.123025625763139024e+00
5.344326714680543849e-02 1.172058749355359364e+00
5.375216980061491706e-02 1.179970887330632934e+00
5.406285791505632127e-02 1.139292538803212240e+00
5.437534181011107609e-02 1.079988021548545785e+00
5.468963186541032917e-02 1.033667156722394953e+00
5.500573852057948770e-02 1.005159114971486023e+00
5.532367227558519784e-02 9.823124015956119504e-01
5.564344369108398941e-02 9.612650079886601029e-01
5.596506338877313413e-02 9.425713371052619749e-01
5.628854205174332881e-02 9.266364018823332049e-01
5.661389042483377931e-02 9.129334641833383168e-01
5.694111931498885282e-02 9.010718967767709087e-01
5.727023959161724881e-02 8.910550194408018987e-01
5.760126218695296035e-02 8.829857452987467381e-01
5.793419809641841417e-02 8.766294766931562732e-01
5.826905837898961604e-02 8.719563356204875770e-01
5.860585415756369709e-02 8.683488433408523832e-01
5.894459661932811845e-02 8.653499770593151563e-01
5.928529701613251268e-02 8.637797219842223706e-01
5.962796666486229469e-02 8.623599635195683399e-01
5.997261694781454155e-02 8.588730898468288633e-01
6.031925931307623168e-02 8.542552784103509822e-01
6.066790527490428103e-02 8.512032956780705151e-01
6.101856641410823012e-02 8.487743246492978066e-01
6.137125437843479747e-02 8.454490135142352925e-01
6.172598088295483398e-02 8.428739722459188677e-01
6.208275771045231733e-02 8.409927646154343739e-01
6.244159671181598315e-02 8.367202101087864996e-01
6.280250980643269088e-02 8.288501226570178515e-01
6.316550898258359303e-02 8.207033870242954610e-01
6.353060629784218483e-02 8.137860759077311101e-01
6.389781387947492119e-02 8.086924296000129742e-01
6.426714392484385308e-02 8.054833107009510273e-01
6.463860870181208085e-02 8.013501868775038117e-01
6.501222054915094251e-02 7.955472146338207207e-01
6.538799187695008841e-02 7.913488018396684920e-01
6.576593516702965159e-02 7.896490754158893566e-01
6.614606297335466623e-02 7.881020587879967731e-01
6.652838792245242827e-02 7.868626749373245355e-01
6.691292271383147972e-02 7.885978123282656460e-01
6.729968012040381253e-02 7.950558874644471086e-01
6.768867298890894613e-02 8.083471726701828564e-01
6.807991424034069705e-02 8.323624479624049943e-01
6.847341687037629410e-02 8.709670417253975172e-01
6.886919394980822728e-02 9.140555492052861997e-01
6.926725862497820629e-02 9.131935134734346926e-01
6.966762411821400547e-02 8.486924367877355380e-01
7.007030372826857090e-02 8.110439391381187857e-01
7.047531083076181979e-02 7.928858591330468775e-01
7.088265887862478520e-02 7.822293712027131862e-01
7.129236140254673060e-02 7.756351851615026494e-01
7.170443201142430445e-02 7.712718900515020959e-01
7.211888439281383123e-02 7.651114883580267811e-01
7.253573231338585059e-02 7.580757718200141770e-01
7.295498961938230720e-02 7.518036042614336667e-01
7.337667023707672431e-02 7.461312099591606017e-01
7.380078817323644513e-02 7.416915599512169388e-01
7.422735751558823258e-02 7.400626554617619757e-01
7.465639243328600627e-02 7.413894601376155302e-01
7.508790717738160481e-02 7.461976055225895132e-01
7.552191608129793510e-02 7.547803386884947008e-01
7.595843356130543844e-02 7.653239541609991869e-01
7.639747411700059665e-02 7.762438111596006163e-01
7.683905233178781047e-02 7.868516090100863281e-01
7.728318287336367887e-02 7.967091369938258394e-01
7.772988049420428980e-02 8.048691517392339012e-01
7.817916003205507836e-02 8.113526785080631409e-01
7.863103641042397396e-02 8.180198996690454250e-01
7.908552463907676799e-02 8.287925798353794615e-01
7.954263981453599253e-02 8.483704183051055114e-01
8.000239712058217212e-02 8.827644267539838108e-01
8.046481182875830918e-02 9.267747259728100762e-01
8.092989929887701994e-02 9.370173482244369412e-01
8.139767497953076525e-02 8.921737846845785302e-01
8.186815440860513438e-02 8.541756037342362884e-01
8.234135321379483508e-02 8.306959193203403702e-01
8.281728711312283386e-02 8.130656840445279476e-01
8.329597191546232737e-02 7.991890112878942132e-01
8.377742352106211376e-02 7.861234709978164314e-01
8.426165792207447602e-02 7.721626971941727424e-01
8.474869120308657633e-02 7.572679591316296976e-01
8.523853954165466762e-02 7.431268107140042156e-01
8.573121920884146929e-02 7.306134601931099093e-01
8.622674656975649887e-02 7.214763240725736715e-01
8.672513808409994251e-02 7.164546062919034952e-01
8.722641030670905127e-02 7.147028700101051291e-01
8.773057988810836760e-02 7.173819309944601263e-01
8.823766357506258873e-02 7.238554984287748351e-01
8.874767821113291322e-02 7.315739826773809407e-01
8.926064073723644077e-02 7.406491496053836388e-01
8.977656819220893036e-02 7.541174896469298172e-01
9.029547771337091688e-02 7.731088339730342041e-01
9.081738653709675591e-02 7.964181031074626382e-01
9.134231199938727674e-02 8.206834683552668430e-01
9.187027153644546085e-02 8.196731491984242668e-01
9.240128268525588107e-02 7.842699281854271787e-01
9.293536308416693037e-02 7.491179037207359448e-01
9.347253047347692245e-02 7.240148477810041117e-01
9.401280269602330097e-02 7.060736599497997590e-01
9.455619769777530437e-02 6.926484770244822897e-01
9.510273352842993355e-02 6.825275799724750403e-01
9.565242834201181932e-02 6.749861505596792544e-01
9.620530039747586526e-02 6.707810982091840790e-01
9.676136805931405405e-02 6.686287753613648910e-01
9.732064979816532069e-02 6.673384882453972100e-01
9.788316419142908953e-02 6.669865917592241455e-01
9.844892992388228070e-02 6.685147963108120095e-01
9.901796578830000806e-02 6.693624463372539468e-01
9.959029068607995472e-02 6.670109367991481353e-01
1.001659236278700377e-01 6.618774531533727634e-01
1.007448837341998471e-01 6.536643219572214614e-01
1.013271902361159299e-01 6.448801889155819644e-01
1.019128624758204177e-01 6.335918365399503260e-01
1.025019199073136378e-01 6.229873584676360876e-01
1.030943820970401520e-01 6.144511021961310826e-01
1.036902687245389171e-01 6.086569826942384021e-01
1.042895995830967204e-01 6.052564232539564548e-01
1.048923945804057928e-01 6.042449975043900912e-01
1.054986737392250712e-01 6.047938674954019822e-01
1.061084571980452224e-01 6.061107128367412278e-01
1.067217652117575799e-01 6.070291847975073374e-01
1.073386181523270227e-01 6.061217787639793242e-01
1.079590365094685589e-01 6.022475976379048079e-01
1.085830408913279893e-01 5.970787030249673499e-01
1.092106520251663743e-01 5.907467794593007637e-01
1.098418907580486492e-01 5.852713586618667474e-01
1.104767780575359459e-01 5.815532071098500344e-01
1.111153350123821049e-01 5.795347819816124568e-01
1.117575828332342536e-01 5.745307696845232126e-01
1.124035428533372433e-01 5.701453427200463553e-01
1.130532365292423180e-01 5.687100919572589675e-01
1.137066854415197809e-01 5.694149915223288838e-01
1.143639112954759340e-01 5.719999921251595065e-01
1.150249359218739331e-01 5.762260697374070872e-01
1.156897812776589568e-01 5.809390481481329083e-01
1.163584694466876512e-01 5.836114695761449589e-01
1.170310226404614878e-01 5.852813179963810564e-01
1.177074631988646730e-01 5.865218084397770815e-01
1.183878135909062629e-01 5.888545059015780625e-01
1.190720964154663303e-01 5.935044085270465564e-01
1.197603344020467531e-01 5.990451182951858078e-01
1.204525504115261381e-01 6.043025403260283701e-01
1.211487674369193246e-01 6.110848471302874341e-01
1.218490086041408849e-01 6.200139438187465268e-01
1.225532971727734816e-01 6.297320411192854905e-01
1.232616565368404721e-01 6.374748704078154748e-01
1.239741102255828148e-01 6.411432252872605320e-01
1.246906819042407494e-01 6.465389714085799655e-01
1.254113953748399735e-01 6.564640015484721758e-01
1.261362745769819826e-01 6.713166890875102988e-01
1.268653435886395453e-01 6.887588036002744163e-01
1.275986266269562852e-01 7.060858324697617538e-01
1.283361480490512463e-01 7.233929426702203624e-01
1.290779323528278288e-01 7.408140319212319636e-01
1.298240041777875831e-01 7.592122425473717406e-01
1.305743883058487209e-01 7.794573564295579349e-01
1.313291096621690413e-01 8.033564394857795055e-01
1.320881933159741561e-01 8.291843136596097619e-01
1.328516644813900749e-01 8.511822704163181097e-01
1.336195485182806453e-01 8.649538168641894842e-01
1.343918709330900185e-01 8.713111920625038476e-01
1.351686573796898327e-01 8.708132253367872888e-01
1.359499336602315311e-01 8.681706819123182761e-01
1.367357257260030934e-01 8.664598895613010443e-01
1.375260596782912625e-01 8.693270713087043466e-01
1.383209617692485738e-01 8.784166239421167255e-01
1.391204584027652402e-01 8.931199214634398809e-01
1.399245761353461737e-01 9.100585362868682804e-01
1.407333416769932510e-01 9.213302897716426632e-01
1.415467818920924381e-01 9.259624869135301140e-01
1.423649238003061035e-01 9.295201825205937629e-01
1.431877945774705507e-01 9.324935971694833237e-01
1.440154215564987683e-01 9.340052028302139320e-01
1.448478322282882313e-01 9.364175749681296068e-01
1.456850542426340045e-01 9.397594849940492656e-01
1.465271154091474515e-01 9.399221541244501266e-01
1.473740436981796631e-01 9.352091757137240835e-01
1.482258672417506584e-01 9.293364881284406076e-01
1.490826143344838317e-01 9.229204635157640668e-01
1.499443134345459228e-01 9.195984721588731370e-01
1.508109931645919832e-01 9.204560815198292723e-01
1.516826823127164214e-01 9.243922318384374393e-01
1.525594098334091819e-01 9.293077167176213571e-01
1.534412048485173929e-01 9.333666988285729271e-01
1.543280966482127869e-01 9.388421196260071655e-01
1.552201146919646169e-01 9.484838620286027977e-01
1.561172886095181789e-01 9.629271102598294663e-01
1.570196482018790252e-01 9.824872432459744731e-01
1.579272234423027277e-01 1.008186752663842389e+00
1.588400444772908315e-01 1.032868196775800662e+00
1.597581416275917487e-01 1.042416985389595929e+00
1.606815453892082024e-01 1.028773803697687228e+00
1.616102864344102497e-01 1.008140275769442207e+00
1.625443956127538836e-01 9.913200663674619495e-01
1.634839039521058524e-01 9.752855377993897568e-01
1.644288426596743347e-01 9.554642489304245867e-01
1.653792431230455828e-01 9.315164757943551477e-01
1.663351369112262834e-01 9.084052867574894385e-01
1.672965557756923849e-01 8.900214618367592312e-01
1.682635316514438095e-01 8.746486757175282456e-01
1.692360966580649384e-01 8.600726363594437540e-01
1.702142831007917856e-01 8.480993030877709282e-01
1.711981234715850009e-01 8.380215631519923880e-01
1.721876504502090899e-01 8.289342237040278061e-01
1.731828969053178791e-01 8.234875743174128182e-01
1.741838958955464201e-01 8.225768485057134427e-01
1.751906806706090836e-01 8.243285847875118089e-01
1.762032846724038426e-01 8.286409766322169190e-01
1.772217415361232173e-01 8.347604343949110994e-01
1.782460850913716033e-01 8.355151306325525606e-01
1.792763493632887617e-01 8.219239587986629791e-01
1.803125685736800821e-01 7.933085775535438922e-01
1.813547771421535060e-01 7.581543399034050834e-01
1.824030096872625850e-01 7.263873825808624396e-01
1.834573010276564775e-01 7.031533617516533274e-01
1.845176861832364401e-01 6.884389983030920757e-01
1.855842003763193415e-01 6.780812904081883197e-01
1.866568790328071992e-01 6.697243021579412092e-01
1.877357577833641822e-01 6.628258031176816889e-01
1.888208724646001924e-01 6.591109713438364492e-01
1.899122591202609955e-01 6.608483219202252457e-01
1.910099540024255971e-01 6.676250957608651504e-01
1.921139935727104175e-01 6.731093693000897993e-01
1.932244145034804905e-01 6.731049429291945385e-01
1.943412536790674328e-01 6.712547198949766480e-01
1.954645481969946030e-01 6.723557796551721255e-01
1.965943353692096995e-01 6.797422860866338956e-01
1.977306527233236300e-01 6.924304782578908357e-01
1.988735380038573475e-01 7.046494751142505786e-01
2.000230291734956534e-01 7.118456475972161357e-01
2.011791644143479663e-01 7.118755256007591736e-01
2.023419821292166965e-01 7.090802723804037200e-01
2.035115209428728922e-01 7.057837326561603453e-01
2.046878197033392410e-01 7.014414628079123082e-01
2.058709174831803157e-01 7.000526889395251029e-01
2.070608535808005912e-01 7.104613000997241912e-01
2.082576675217497619e-01 7.412267910072147803e-01
2.094613990600355524e-01 8.030001166287111802e-01
2.106720881794442723e-01 8.726402099238049770e-01
2.118897750948690872e-01 8.887245351644487146e-01
2.131145002536455058e-01 8.635827484793833220e-01
2.143463043368951104e-01 8.325472489472821591e-01
2.155852282608767823e-01 8.085729175858410445e-01
2.168313131783459469e-01 7.872223175725642230e-01
2.180846004799212312e-01 7.648558654388256661e-01
2.193451317954595303e-01 7.480765999676265432e-01
2.206129489954388734e-01 7.390268846722715113e-01
2.218880941923488948e-01 7.346547368204805473e-01
2.231706097420899648e-01 7.315064805212282417e-01
2.244605382453801201e-01 7.299174133698306255e-01
2.257579225491697927e-01 7.299539309297164991e-01
2.270628057480653939e-01 7.302416450379082269e-01
2.283752311857605299e-01 7.307683831744440361e-01
2.296952424564759343e-01 7.334308452679416668e-01
2.310228834064072811e-01 7.400062192328473731e-01
2.323581981351817149e-01 7.463005186459042983e-01
2.337012309973229007e-01 7.467531150699443510e-01
2.350520266037238737e-01 7.446992789745446872e-01
2.364106298231291869e-01 7.449028920357264605e-01
2.377770857836252472e-01 7.488888390269063944e-01
2.391514398741393099e-01 7.544815586530647655e-01
2.405337377459470793e-01 7.592996633725530575e-01
2.419240253141889951e-01 7.636164815881534285e-01
2.433223487593957901e-01 7.663718974704515352e-01
2.447287545290218747e-01 7.659414329008876754e-01
2.461432893389885190e-01 7.648625049951686128e-01
2.475660001752356676e-01 7.680129744798683822e-01
2.489969342952823017e-01 7.753507908314822838e-01
2.504361392297964617e-01 7.799520033771030203e-01
2.518836627841739007e-01 7.771611765276428274e-01
2.533395530401260642e-01 7.700834094661254126e-01
2.548038583572773130e-01 7.616744113578590714e-01
2.562766273747711931e-01 7.573022635060678853e-01
2.577579090128856998e-01 7.573764052185635309e-01
2.592477524746588102e-01 7.514151902153748397e-01
2.607462072475227322e-01 7.318550572292298328e-01
2.622533231049470337e-01 7.116165829033865853e-01
2.637691501080930423e-01 7.002817536333546533e-01
2.652937386074759596e-01 7.007299236864995562e-01
2.668271392446371348e-01 7.120536870292932807e-01
2.683694029538270520e-01 7.304131669100994984e-01
2.699205809636965880e-01 7.471548082286890713e-01
2.714807247989985406e-01 7.525372752373227225e-01
2.730498862822996475e-01 7.519209030901581325e-01
2.746281175357012105e-01 7.611000897341992921e-01
2.762154709825712651e-01 7.843750544941894276e-01
2.778119993492854656e-01 8.095079884374642987e-01
2.794177556669779627e-01 8.299611417517275269e-01
2.810327932733039380e-01 8.534895162454713136e-01
2.826571658142107979e-01 8.849842517579555867e-01
2.842909272457196934e-01 9.152617352742439261e-01
2.859341318357184192e-01 9.325743784383219159e-01
2.875868341657639160e-01 9.307606729639897880e-01
2.892490891328946545e-01 9.146154851235364092e-01
2.909209519514548425e-01 9.016628172912876105e-01
2.926024781549284581e-01 9.051773557821225502e-01
2.942937235977828858e-01 9.113753816282075260e-01
2.959947444573255426e-01 8.829204563280416140e-01
2.977055972355692748e-01 8.444752119172784788e-01
2.994263387611086902e-01 8.112951356864247510e-01
3.011570261910088142e-01 7.846362103770097018e-01
3.028977170127025720e-01 7.602546528932050407e-01
3.046484690459013711e-01 7.403514761626774909e-01
3.064093404445150659e-01 7.281568243462417378e-01
3.081803896985833569e-01 7.224943893784829818e-01
3.099616756362194026e-01 7.182760579153021352e-01
3.117532574255635347e-01 7.116077301615960637e-01
3.135551945767480198e-01 7.123757055119233073e-01
3.153675469438748658e-01 7.191801441706586751e-01
3.171903747270033436e-01 7.290232864489885056e-01
3.190237384741493876e-01 7.330158729965112752e-01
3.208676990832974307e-01 7.288960282857498418e-01
3.227223178044230090e-01 7.202059556256347195e-01
3.245876562415266342e-01 7.084749661604772264e-01
3.264637763546810456e-01 6.981537758254594550e-01
3.283507404620888970e-01 6.935680555779721868e-01
3.302486112421523790e-01 6.969265644947492122e-01
3.321574517355558864e-01 7.039434689564568748e-01
3.340773253473591775e-01 7.114328885112333190e-01
3.360082958491044103e-01 7.188935366551906236e-01
3.379504273809338932e-01 7.185128687581984197e-01
3.399037844537201591e-01 7.089651867371270511e-01
3.418684319512097503e-01 7.001533888773922021e-01
3.438444351321779946e-01 6.968502095968058807e-01
3.458318596325960503e-01 7.003636414949170330e-01
3.478307714678123830e-01 7.081286026379233212e-01
3.498412370347446232e-01 7.149518533729634084e-01
3.518633231140849693e-01 7.200554590151959644e-01
3.538970968725191901e-01 7.264261133261959991e-01
3.559426258649572294e-01 7.337296253033716020e-01
3.579999780367765227e-01 7.364440972548884634e-01
3.600692217260801353e-01 7.354326715053220997e-01
3.621504256659661136e-01 7.299904484896023726e-01
3.642436589868098817e-01 7.234006888192870965e-01
3.663489912185618480e-01 7.199093887756523591e-01
3.684664922930561692e-01 7.167921170726669899e-01
3.705962325463332818e-01 7.164734183682083257e-01
3.727382827209774208e-01 7.177725582259665282e-01
3.748927139684648524e-01 7.205545323336361996e-01
3.770595978515288715e-01 7.222952026881963583e-01
3.792390063465359562e-01 7.102001442169040279e-01
3.814310118458763554e-01 6.945009132441478661e-01
3.836356871603694985e-01 6.850705300518006302e-01
3.858531055216822825e-01 6.846898621548084263e-01
3.880833405847607942e-01 6.922180124549184299e-01
3.903264664302779630e-01 7.020777536241056271e-01
3.925825575670940371e-01 7.126291152456768474e-01
3.948516889347303827e-01 7.278569377180881261e-01
3.971339359058604912e-01 7.438737608025790538e-01
3.994293742888124776e-01 7.430781206341564582e-01
4.017380803300868997e-01 7.303965680192423537e-01
4.040601307168905088e-01 7.149607061147539300e-01
4.063956025796829352e-01 6.939896674057455250e-01
4.087445734947380283e-01 6.718533865585603060e-01
4.111071214867221824e-01 6.497868210529754718e-01
4.134833250312844322e-01 6.213540276072859747e-01
4.158732630576643108e-01 5.989267128737375545e-01
4.182770149513134750e-01 5.860614658666702947e-01
4.206946605565314856e-01 5.762282829228546621e-01
4.231262801791195738e-01 5.663939933863152421e-01
4.255719545890473410e-01 5.628717087464136792e-01
4.280317650231349469e-01 5.670269644243371987e-01
4.305057931877529498e-01 5.735304098621949453e-01
4.329941212615355806e-01 5.821740056279098852e-01
4.354968318981098929e-01 5.944472255277365447e-01
4.380140082288422887e-01 6.007924282060888022e-01
4.405457338655994204e-01 5.934800634871226777e-01
4.430920929035247480e-01 5.836634794341643007e-01
4.456531699238333033e-01 5.844701855298251036e-01
4.482290499966203323e-01 5.956002951459512529e-01
4.508198186836865351e-01 6.102106388784739321e-01
4.534255620413813470e-01 6.255413744741999960e-01
4.560463666234608748e-01 6.403398389697712023e-01
4.586823194839622087e-01 6.461494507697972400e-01
4.613335081800964965e-01 6.467304119497998549e-01
4.640000207751556194e-01 6.514400705823543136e-01
4.666819458414390720e-01 6.519756614606806444e-01
4.693793724631949438e-01 6.374283935134152923e-01
4.720923902395786631e-01 6.220091304997841242e-01
4.748210892876304490e-01 6.089391638388111927e-01
4.775655602452679171e-01 5.922771971963363136e-01
4.803258942742961168e-01 5.719723273070641545e-01
4.831021830634371073e-01 5.542347525370415751e-01
4.858945188313745223e-01 5.413352011555361276e-01
4.887029943298164536e-01 5.297812665261888432e-01
4.915277028465775411e-01 5.209672554810064193e-01
4.943687382086768833e-01 5.158891014714217516e-01
4.972261947854541564e-01 5.118721698839751033e-01
5.001001674917054940e-01 5.086077213487224524e-01
5.029907517908354109e-01 5.182837681257563833e-01
5.058980436980275996e-01 5.326229966409445904e-01
5.088221397834349347e-01 5.343171901011045666e-01
5.117631371753864622e-01 5.372950311208893881e-01
5.147211335636141527e-01 5.477943828844412666e-01
5.176962272024980827e-01 5.538751099018018875e-01
5.206885169143288250e-01 5.562730963343079926e-01
5.236981020925914887e-01 5.577935547368290115e-01
5.267250827052667450e-01 5.596625898473517324e-01
5.297695592981502832e-01 5.600764555260583366e-01
5.328316329981945820e-01 5.624135793587545784e-01
5.359114055168668900e-01 5.620163125709051188e-01
5.390089791535270791e-01 5.526755633891869968e-01
5.421244567988269258e-01 5.412909374465835199e-01
5.452579419381275994e-01 5.381991173762458169e-01
5.484095386549359130e-01 5.306731802615833882e-01
5.515793516343632241e-01 5.193029400243894811e-01
5.547674861666017643e-01 5.124309992095014143e-01
5.579740481504216199e-01 5.000504398154649310e-01
5.611991440966896949e-01 4.786965200240165808e-01
5.644428811319066597e-01 4.555665189108460411e-01
5.677053670017649933e-01 4.379528825258907632e-01
5.709867100747291202e-01 4.295649096793769384e-01
5.742870193456336425e-01 4.287283255801731530e-01
5.776064044393048880e-01 4.329057131125728652e-01
5.809449756142023302e-01 4.370012127834103088e-01
5.843028437660793273e-01 4.378499694025760336e-01
5.876801204316687288e-01 4.441276699247756476e-01
5.910769177923870243e-01 4.566454468165652147e-01
5.944933486780595855e-01 4.634332865844432714e-01
5.979295265706701112e-01 4.586649785375266908e-01
6.013855656081297241e-01 4.464481948666146338e-01
6.048615805880666052e-01 4.293535504691283755e-01
6.083576869716416091e-01 4.166288407379854508e-01
6.118740008873820857e-01 4.169508592206154773e-01
6.154106391350390171e-01 4.323557365288370757e-01
6.189677191894675801e-01 4.622127148100759197e-01
6.225453592045292472e-01 4.860365495610782238e-01
6.261436780170150929e-01 4.822143782930228828e-01
6.297627951505950783e-01 4.647501319257826280e-01
6.334028308197864332e-01 4.450727001109132108e-01
6.370639059339481269e-01 4.281694962546468419e-01
6.407461421012968783e-01 4.155654051303997454e-01
6.444496616329448146e-01 4.054544674129067494e-01
6.481745875469649976e-01 3.991679141489166138e-01
6.519210435724759334e-01 4.011918722407732951e-01
6.556891541537508417e-01 4.102714655396712540e-01
6.594790444543533470e-01 4.273539374171955174e-01
6.632908403612935988e-01 4.485341221510049103e-01
6.671246684892090384e-01 4.540659791773535847e-01
6.709806561845721440e-01 4.445514949379965608e-01
6.748589315299192704e-01 4.339359509384441704e-01
6.787596233481042463e-01 4.359211782849673478e-01
6.826828612065795054e-01 4.488882318226256052e-01
6.866287754216984229e-01 4.623344400096955353e-01
6.905974970630435195e-01 4.697109871066428854e-01
6.945891579577818664e-01 4.721421713208633908e-01
6.986038906950429173e-01 4.816345237057441109e-01
7.026418286303216520e-01 5.044048821836749630e-01
7.067031058899108098e-01 5.304308364550680555e-01
7.107878573753529938e-01 5.349545875100216730e-01
7.148962187679240854e-01 5.257056855243802396e-01
7.190283265331394169e-01 5.146917681442544357e-01
7.231843179252852583e-01 5.067453257945425671e-01
7.273643309919801681e-01 4.967605396475643920e-01
7.315685045787596597e-01 4.810015526677222097e-01
7.357969783336865133e-01 4.596598053962359098e-01
7.400498927119919523e-01 4.386976194290179154e-01
7.443273889807401344e-01 4.209688974007859685e-01
7.486296092235191768e-01 4.074175629049536229e-01
7.529566963451627126e-01 4.005777132790562800e-01
7.573087940764960946e-01 4.069184895865133322e-01
7.616860469791092436e-01 4.309226989514973183e-01
7.660886004501606950e-01 4.709348786591817659e-01
7.705166007272060691e-01 5.218469966964389695e-01
7.749701948930545203e-01 5.536637506915533802e-01
7.794495308806568268e-01 5.162066935831565173e-01
7.839547574780165728e-01 4.728481774786570391e-01
7.884860243331343055e-01 4.433353495345244699e-01
7.930434819589780027e-01 4.297541370351491974e-01
7.976272817384808533e-01 4.362044660222639259e-01
8.022375759295721220e-01 4.569530795937856160e-01
8.068745176702336597e-01 4.850671743350166154e-01
8.115382609835852801e-01 5.105774563971121616e-01
8.162289607830032212e-01 5.330324359487559338e-01
8.209467728772645856e-01 5.419537864881484035e-01
8.256918539757219788e-01 5.281147378841242190e-01
8.304643616935105666e-01 5.098249733449183863e-01
8.352644545567829981e-01 4.904817325326409905e-01
8.400922920079733069e-01 4.766028465905596256e-01
8.449480344110958940e-01 4.637165743217397940e-01
8.498318430570707127e-01 4.565713051040696246e-01
8.547438801690798726e-01 4.524415010587938824e-01
8.596843089079587719e-01 4.433674407235150827e-01
8.646532933776126528e-01 4.393361234306589203e-01
8.696509986304700179e-01 4.400155713630809484e-01
8.746775906729644667e-01 4.458683402793359174e-01
8.797332364710471753e-01 4.415360297656021338e-01
8.848181039557355687e-01 4.219117144014759013e-01
8.899323620286901937e-01 4.040889319917196354e-01
8.950761805678236760e-01 3.907434237425168599e-01
9.002497304329459826e-01 3.795192537448664472e-01
9.054531834714387717e-01 3.741323603653374796e-01
9.106867125239620497e-01 3.755432660882009333e-01
9.159504914301977996e-01 3.769464256619977083e-01
9.212446950346235841e-01 3.780076480841358388e-01
9.265694991923183466e-01 3.776413658925532602e-01
9.319250807748065135e-01 3.787523849872629911e-01
9.373116176759319629e-01 3.821463048712020472e-01
9.427292888177655206e-01 3.890138193151947976e-01
9.481782741565508710e-01 3.926511895983730294e-01
9.536587546886805544e-01 3.933638353125095688e-01
9.591709124567069367e-01 4.004183639268269479e-01
9.647149305553922582e-01 4.050693731450192847e-01
9.702909931377862174e-01 4.065643799148926929e-01
9.758992854213467405e-01 4.204012153334690804e-01
9.815399936940907288e-01 4.446123575378064241e-01
9.872133053207802211e-01 4.703826888899983460e-01
9.929194087491489684e-01 4.890398422135107670e-01
9.986584935161608723e-01 4.969287417415841901e-01
1.004430750254303728e+00 4.975926973758729166e-01
1.010236370697924935e+00 4.795153986396393786e-01
1.016075547689597958e+00 4.452652472448569432e-01
1.021948475186527761e+00 4.256597439570355412e-01
1.027855348266994762e+00 4.157103687772194522e-01
1.033796363136834096e+00 4.077196627185549760e-01
1.039771717135951290e+00 3.971760472460504898e-01
1.045781608744880131e+00 3.890459105041854104e-01
1.051826237591374280e+00 3.868128063875277411e-01
1.057905804457035748e+00 3.863480374435256937e-01
1.064020511283988890e+00 3.963804070776278388e-01
1.070170561181583713e+00 4.175782972950183303e-01
1.076356158433145582e+00 4.436949921697641575e-01
1.082577508502760022e+00 4.719617967068815978e-01
1.088834818042095476e+00 4.905171434998030766e-01
1.095128294897270704e+00 4.959571533300751178e-01
1.101458148115757263e+00 5.061853898762924686e-01
1.107824587953321727e+00 5.304507551240966734e-01
1.114227825881013212e+00 5.380928844747595585e-01
1.120668074592185315e+00 5.267326035720799604e-01
1.127145548009560017e+00 5.181897077442321198e-01
1.133660461292336441e+00 5.043893898855416058e-01
1.140213030843336250e+00 4.716331386679087356e-01
1.146803474316190341e+00 4.383313372374353367e-01
1.153432010622570836e+00 4.255457649064826597e-01
1.160098859939462601e+00 4.367466964569329813e-01
1.166804243716473621e+00 4.628423660699264031e-01
1.173548384683194445e+00 4.930468144664429953e-01
1.180331506856595603e+00 4.988110559647926379e-01
1.187153835548465874e+00 5.005760713592768418e-01
1.194015597372901416e+00 5.184409042925379740e-01
1.200917020253827294e+00 5.465018825830258997e-01
1.207858333432573428e+00 5.670845072459754777e-01
1.214839767475487387e+00 5.901735644283648830e-01
1.221861554281590267e+00 5.693596618861380687e-01
1.228923927090283863e+00 5.170432776823602472e-01
1.236027120489096909e+00 5.034255476230992121e-01
1.243171370421473965e+00 5.143620035125577861e-01
1.250356914194617142e+00 5.448010495665230879e-01
1.257583990487367132e+00 5.721825799245888744e-01
1.264852839358128644e+00 5.740527216278353828e-01
1.272163702252848472e+00 5.284777002975353799e-01
1.279516822013033517e+00 4.837049586920010857e-01
1.286912442883815677e+00 4.597228811814932925e-01
1.294350810522067352e+00 4.761679556501004495e-01
1.301832172004561583e+00 5.234681550368273095e-01
1.309356775836174380e+00 5.410308881564871442e-01
1.316924871958146337e+00 5.467907032839415260e-01
1.324536711756377994e+00 5.409003102150768960e-01
1.332192548069784932e+00 5.265599751071650125e-01
1.339892635198694837e+00 5.250981661190060601e-01
1.347637228913291185e+00 5.389681993192968479e-01
1.355426586462114891e+00 5.462340871438627898e-01
1.363260966580605249e+00 5.442909103208445343e-01
1.371140629499693731e+00 5.403337347404839619e-01
1.379065836954451285e+00 5.184276251798521917e-01
1.387036852192779834e+00 4.831549821082652407e-01
1.395053939984155722e+00 4.543891042527075097e-01
1.403117366628427343e+00 4.542341812713734384e-01
1.411227399964658957e+00 4.579036427435422274e-01
1.419384309380025577e+00 4.688710832292677377e-01
1.427588365818764915e+00 5.067674576490188709e-01
1.435839841791175742e+00 5.773736063920026362e-01
1.444139011382666204e+00 6.036264121717777043e-01
1.452486150262864761e+00 5.572834154911505689e-01
1.460881535694769973e+00 5.156788488538969206e-01
1.469325446543965796e+00 4.997516597800350513e-01
1.477818163287882181e+00 4.819344103338978891e-01
1.486359968025109168e+00 4.840502156218312035e-01
1.494951144484772509e+00 4.901132371556107814e-01
1.503591978035954568e+00 4.840734540690312948e-01
1.512282755697172298e+00 5.010485864523456234e-01
1.521023766145914724e+00 4.971655525844804746e-01
1.529815299728230382e+00 4.731115465469248327e-01
1.538657648468367833e+00 4.832667479733704918e-01
1.547551106078482119e+00 5.164556769460147967e-01
1.556495967968387184e+00 5.348915117247642348e-01
1.565492531255366693e+00 5.216544495624952926e-01
1.574541094774047689e+00 5.189875610981024012e-01
1.583641959086324214e+00 5.273688943882732794e-01
1.592795426491339539e+00 5.166969141598063420e-01
1.602001801035530804e+00 4.965547134009349328e-01
1.611261388522727822e+00 4.956959974472548436e-01
1.620574496524306296e+00 5.045830436122090701e-01
1.629941434389411858e+00 5.335735597907012018e-01
1.639362513255227638e+00 5.939979488818678544e-01
1.648838046057315765e+00 6.200615273058706078e-01
1.658368347540009280e+00 5.860116691940985278e-01
1.667953734266863997e+00 5.208344643541487073e-01
1.677594524631179640e+00 4.697895551900337918e-01
1.687291038866571835e+00 4.832634281951990740e-01
1.697043599057607821e+00 5.889330739849689689e-01
1.706852529150509445e+00 7.460161243158839328e-01
1.716718154963911225e+00 8.029447869925204762e-01
1.726640804199680579e+00 7.328664829787963075e-01
1.736620806453807120e+00 6.575860865704201697e-01
1.746658493227349673e+00 6.354155013487966519e-01
1.756754197937443251e+00 6.176690738369836620e-01
1.766908255928380411e+00 6.173769333578966734e-01
1.777121004482747679e+00 7.130164226990118870e-01
1.787392782832625482e+00 8.035390272852088733e-01
1.797723932170862682e+00 7.506383621232570746e-01
1.808114795662403074e+00 7.576552665849647372e-01
1.818565718455690483e+00 8.017906107815820915e-01
1.829077047694130043e+00 7.647208611265202682e-01
1.839649132527616748e+00 7.185493863180844043e-01
1.850282324124138622e+00 7.499777262671397660e-01
1.860976975681438272e+00 7.957342288041453493e-01
1.871733442438742401e+00 7.168817510832958817e-01
1.882552081688566581e+00 6.397278931935017621e-01
1.893433252788581767e+00 6.162946856740060264e-01
1.904377317173546302e+00 6.254572734271900414e-01
1.915384638367318981e+00 6.654384685386076637e-01
1.926455581994929611e+00 7.735160600953979726e-01
1.937590515794722412e+00 8.383557541545844094e-01
1.948789809630575354e+00 7.601130090245566961e-01
1.960053835504184105e+00 7.305371052951667998e-01
1.971382967567415045e+00 7.017324966942755093e-01
1.982777582134739092e+00 6.721588061503331879e-01
1.994238057695728816e+00 6.945440703603765753e-01
2.005764774927627947e+00 6.804007087573034074e-01
2.017358116708002580e+00 6.816555849061091132e-01
2.029018468127450348e+00 8.067913033004997514e-01
2.040746216502401289e+00 1.025558045242282112e+00
2.052541751387976898e+00 1.065958638996025609e+00
2.064405464590929995e+00 9.720321551913752023e-01
2.076337750182662312e+00 9.610182378112496204e-01
2.088339004512313135e+00 1.050208504757973893e+00
2.100409626219920778e+00 1.075838298834241424e+00
2.112550016249669760e+00 1.091092679532024157e+00
2.124760577863207711e+00 1.080926412178340401e+00
2.137041716653034662e+00 1.101353007267232176e+00
2.149393840555982482e+00 1.116994695418350059e+00
2.161817359866763155e+00 1.037739417946032194e+00
2.174312687251592546e+00 9.556136389481395543e-01
2.186880237761905654e+00 9.589787874212594154e-01
2.199520428848138476e+00 9.178721875097224370e-01
2.212233680373592026e+00 8.383933783071939594e-01
2.225020414628386511e+00 8.162427117545992816e-01
2.237881056343477670e+00 7.709365924561862871e-01
2.250816032704775704e+00 7.540035105963769357e-01
2.263825773367328598e+00 8.036131689977045189e-01
2.276910710469592924e+00 9.217242367813206494e-01
2.290071278647793029e+00 9.760678988551266810e-01
2.303307915050354371e+00 1.021250079768472485e+00
2.316621059352423018e+00 1.053756241030523233e+00
2.330011153770474852e+00 9.647286432141994883e-01
2.343478643077001600e+00 1.005434656559715645e+00
2.357023974615280792e+00 1.116043025675869549e+00
2.370647598314243876e+00 9.985638223375515876e-01
2.384349966703414481e+00 9.578666617338259526e-01
2.398131534927939956e+00 9.854208205568066870e-01
2.411992760763713051e+00 9.460360789235250367e-01
2.425934104632577970e+00 9.710030239582277956e-01
2.439956029617617261e+00 9.492131066335964817e-01
2.454059001478542612e+00 7.670945025191023836e-01
2.468243488667162033e+00 7.059054578557799609e-01
2.482509962342935861e+00 7.411460097383762990e-01
2.496858896388636673e+00 7.359184657110766636e-01
2.511290767426078485e+00 7.429065987619651867e-01
2.525806054831960523e+00 8.379750862575920944e-01
2.540405240753779381e+00 8.943117218269881485e-01
2.555088810125852206e+00 8.564407990398846815e-01
2.569857250685421590e+00 8.708419967476064283e-01
2.584711052988855506e+00 8.662806215400431498e-01
2.599650710427946265e+00 8.087278405671751713e-01
2.614676719246288084e+00 8.030322078177019041e-01
2.629789578555775442e+00 8.555920424207189567e-01
2.644989790353173831e+00 8.194551504318328128e-01
2.660277859536794409e+00 7.659923361661832297e-01
2.675654293923265481e+00 7.789184457730602418e-01
2.691119604264405218e+00 8.609125402368189572e-01
2.706674304264172548e+00 8.283687548221585484e-01
2.722318910595750374e+00 6.748511462473738565e-01
2.738053942918694972e+00 5.864753315453768989e-01
2.753879923896200843e+00 6.192072377230858349e-01
2.769797379212459720e+00 7.190351805238389682e-01
2.785806837590128815e+00 7.875952393204896929e-01
2.801908830807877226e+00 7.401976597740672625e-01
2.818103893718070019e+00 7.976419946600015187e-01
2.834392564264522019e+00 8.960789504069197609e-01
2.850775383500368410e+00 9.205567814576963714e-01
2.867252895606037466e+00 9.887693701390694034e-01
2.883825647907329426e+00 9.993085592406786288e-01
2.900494190893583735e+00 1.046837823321234984e+00
2.917259078235983960e+00 9.366245078074829644e-01
2.934120866805935979e+00 8.983718105306632840e-01
2.951080116693567401e+00 9.155284241206833595e-01
2.968137391226336685e+00 1.022984110566689919e+00
2.985293256987731514e+00 1.038263942897120096e+00
3.002548283836107057e+00 9.218382158318736419e-01
3.019903044923603730e+00 9.330192287132951234e-01
3.037358116715186629e+00 9.377665114984594652e-01
3.054914079007794214e+00 9.982185654077213588e-01
3.072571514949601568e+00 1.003623164270831314e+00
3.090331011059376021e+00 1.110642853183654966e+00
3.108193157245980220e+00 1.193172538525739901e+00
3.126158546827951579e+00 1.052003398156001079e+00
3.144227776553216724e+00 8.811178167809478046e-01
3.162401446618910317e+00 8.975164143551548346e-01
3.180680160691316427e+00 9.234438818741284027e-01
3.199064525925907621e+00 8.629918279648663981e-01
3.217555152987530587e+00 7.907899725141420699e-01
3.236152656070678812e+00 7.420954662954091230e-01
3.254857652919894928e+00 7.593229018197532598e-01
3.273670764850296955e+00 8.186429113725529616e-01
3.292592616768199143e+00 8.069473328745575547e-01
3.311623837191892683e+00 8.605307657471029659e-01
3.330765058272506351e+00 8.563400991020174713e-01
3.350016915815009710e+00 8.001738788120890122e-01
3.369380049299332214e+00 8.150686168746321680e-01
3.388855101901607103e+00 7.771401512658904220e-01
3.408442720515521884e+00 7.938640871008987299e-01
3.428143555773827789e+00 7.283371989602236418e-01
3.447958262069935831e+00 6.199663603316225569e-01
3.467887497579658529e+00 6.669578203484050061e-01
3.487931924283071528e+00 7.403005728973820476e-01
3.508092207986506228e+00 7.909869460189811186e-01
3.528369018344649444e+00 8.853527471349859068e-01
3.548763028882812254e+00 9.582506494089895188e-01
3.569274917019284565e+00 9.672505680317727839e-01
3.589905364087840223e+00 9.195984721588731370e-01
3.610655055360374899e+00 8.654517835899060429e-01
3.631524680069651456e+00 8.374837590882184823e-01
3.652514931432215839e+00 8.544212673189232055e-01
3.673626506671410219e+00 8.961276404867675183e-01
3.694860107040534913e+00 8.774040915998264634e-01
3.716216437846141751e+00 8.298504824793461188e-01
3.737696208471465109e+00 7.367661157375184899e-01
3.759300132399972405e+00 7.282796561385851408e-01
3.781028927239082016e+00 7.651148081361982545e-01
3.802883314743989107e+00 7.391375439446530304e-01
3.824864020841640233e+00 7.977869583068211146e-01
3.846971775654848713e+00 8.586882888619519205e-01
3.869207313526548564e+00 7.946553008984261757e-01
3.891571373044171445e+00 8.073999292985977183e-01
3.914064697064205678e+00 8.222570432085311021e-01
3.936688032736852527e+00 8.573227534407648065e-01
3.959442131530850340e+00 1.125028558593243355e+00
3.982327749258438132e+00 1.037208253438601124e+00
4.005345646100446189e+00 8.836231427076638445e-01
4.028496586631570509e+00 8.734103984595799064e-01
4.051781339845751617e+00 8.895633324491000193e-01
4.075200679181723906e+00 8.674525032345625775e-01
4.098755382548707082e+00 8.360640006235645627e-01
4.122446232352245943e+00 8.553441656505843538e-01
4.146274015520188705e+00 8.353325428331230817e-01
4.170239523528843861e+00 7.380530830753148086e-01
4.194343552429258715e+00 6.747227814914112942e-01
4.218586902873665778e+00 6.614624808819422608e-01
4.242970380142073950e+00 6.501597428009010526e-01
4.267494794169023997e+00 7.474071113697187130e-01
4.292160959570472833e+00 9.117505165615806817e-01
4.316969695670882068e+00 1.002296359594977648e+00
4.341921826530410478e+00 1.019533754453836094e+00
4.367018180972294772e+00 1.265742889353494327e+00
4.392259592610382235e+00 1.263662495032723099e+00
4.417646899876805477e+00 9.497387381774083925e-01
4.443180946049855251e+00 9.371955096529711593e-01
4.468862579281975833e+00 1.064065258845579010e+00
4.494692652627942486e+00 1.149351466662685839e+00
4.520672024073195239e+00 1.004660041653045566e+00
4.546801556562344082e+00 9.401313001492509480e-01
4.573082118027814502e+00 9.950802684429835843e-01
4.599514581418703507e+00 1.085109332674359051e+00
4.626099824729760002e+00 1.273555433983624807e+00
4.652838731030551678e+00 1.561446597011203474e+00
4.679732188494796219e+00 1.695034470630089052e+00
4.706781090429870140e+00 1.491819782828795349e+00
4.733986335306464177e+00 1.336631219241050772e+00
4.761348826788450062e+00 1.401433289147627548e+00
4.788869473762884077e+00 1.435494213186637724e+00
4.816549190370198019e+00 1.339453030686777790e+00
4.844388896034566017e+00 1.319943800965928338e+00
4.872389515494448098e+00 1.200166204540247250e+00
4.900551978833287414e+00 1.239405982526709415e+00
4.928877221510434836e+00 1.191767165766495440e+00
4.957366184392200559e+00 1.041915698885708119e+00
4.986019813783113541e+00 1.026706688489601671e+00
5.014839061457356806e+00 1.107035360904019550e+00
5.043824884690362609e+00 1.173973154767558480e+00
5.072978246290641202e+00 1.156123814132430594e+00
5.102300114631742822e+00 1.125592920882388714e+00
5.131791463684423960e+00 1.114383136590147760e+00
5.161453273049005475e+00 1.126633118042774440e+00
5.191286527987911903e+00 1.240346586341951829e+00
5.221292219458380401e+00 1.233319722545729746e+00
5.251471344145405951e+00 1.174946956364514961e+00
5.281824904494829553e+00 1.165518786357615744e+00
5.312353908746639597e+00 1.144914029840189640e+00
5.343059370968462396e+00 1.173497319896318114e+00
5.373942311089249912e+00 1.172280067900122180e+00
5.405003754933139781e+00 1.043529111077029725e+00
5.436244734253559585e+00 1.009657414393791752e+00
5.467666286767478567e+00 1.154840166572805860e+00
5.499269456189878724e+00 9.873949819760918789e-01
5.531055292268432844e+00 8.475094891659779028e-01
5.563024850818350409e+00 9.073086533681893329e-01
5.595179193757479297e+00 8.174334055254237619e-01
5.627519389141558470e+00 8.056592589440375596e-01
5.660046511199702479e+00 7.274652038938577148e-01
5.692761640370078702e+00 7.475476486456431591e-01
5.725665863335805739e+00 7.979629065499076468e-01
5.758760273061025892e+00 8.184758158712569509e-01
5.792045968827241431e+00 8.733218710416746910e-01
5.825524056269808071e+00 9.077059201560386814e-01
5.859195647414667363e+00 9.364607320843583160e-01
5.893061860715279821e+00 1.073287602605849100e+00
5.927123821089786304e+00 1.156068484496239890e+00
5.961382659958350594e+00 1.004606925202302437e+00
5.995839515280771082e+00 7.887184309351613631e-01
6.030495531594262104e+00 8.297132649815931460e-01
6.065351860051475086e+00 9.238787728145875233e-01
6.100409658458743500e+00 1.093725263621978971e+00
6.135670091314512575e+00 1.224688299299976579e+00
6.171134329848062094e+00 1.191678638348590225e+00
6.206803552058381079e+00 1.048565214563109249e+00
6.242678942753306259e+00 9.945590632700668232e-01
6.278761693588877257e+00 1.145157480239428871e+00
6.315053003108923591e+00 1.142125416176177133e+00
6.351554076784851510e+00 9.611941860543361527e-01
6.388266127055725718e+00 9.417447123405725540e-01
6.425190373368511843e+00 8.872826448453183801e-01
6.462328042218596025e+00 8.826803257069738562e-01
6.499680367190518560e+00 1.013758447028248355e+00
6.537248588998957999e+00 9.445377523754803217e-01
6.575033955529916874e+00 9.065130131997665153e-01
6.613037721882214726e+00 8.663359511762337428e-01
6.651261150409145451e+00 8.093209742671396700e-01
6.689705510760421525e+00 7.262136475232235933e-01
6.728372079924347382e+00 6.824357327763983516e-01
6.767262142270216607e+00 6.851358190225056433e-01
6.806376989591010229e+00 6.384896159355533118e-01
6.845717921146279750e+00 5.939758170273915505e-01
6.885286243705309062e+00 6.946215318510435832e-01
6.925083271590525058e+00 7.182638853953402513e-01
6.965110326721157818e+00 6.767268209142393021e-01
7.005368738657123728e+00 7.130352347753167175e-01
7.045859844643230119e+00 7.107136032407539439e-01
7.086584989653569089e+00 6.567384365439781213e-01
7.127545526436194656e+00 6.932360777608277402e-01
7.168742815558059256e+00 7.363732753205644022e-01
7.210178225450215805e+00 7.779059134307699797e-01
7.251853132453240036e+00 6.914699557736199154e-01
7.293768920862992111e+00 6.014331453931773819e-01
7.335926982976571864e+00 5.697170913359301814e-01
7.378328719138569802e+00 5.807066636761318845e-01
7.420975537787583676e+00 5.790224295504862173e-01
7.463868855503007715e+00 5.560772294221927314e-01
7.507010097052058128e+00 5.733035583538129698e-01
7.550400695437144982e+00 5.344643669333718483e-01
7.594042091943437711e+00 5.361762658771128676e-01
7.637935736186750368e+00 4.790694417719421061e-01
7.682083086161699548e+00 4.297109799189204327e-01
7.726485608290103890e+00 4.224295997962210780e-01
7.771144777469737974e+00 4.462213433582327138e-01
7.816062077123293150e+00 4.292141197859277169e-01
7.861238999247660786e+00 3.792680571965605374e-01
7.906677044463489068e+00 3.485379772562320344e-01
7.952377722065040011e+00 3.999259301647295484e-01
7.998342550070284496e+00 5.743293698087890142e-01
