2.511886431509579437e-02 1.165598516244144456e+00
2.526405161860213050e-02 1.167610655772382211e+00
2.541007810627042562e-02 1.168157776857588370e+00
2.555694862859406516e-02 1.172950738430469153e+00
2.570466806410236227e-02 1.178132562923413840e+00
2.585324131952258450e-02 1.182948132805600849e+00
2.600267332994290678e-02 1.181098773104366506e+00
2.615296905897638788e-02 1.173235603127725346e+00
2.630413349892583852e-02 1.162758912595305727e+00
2.645617167094958117e-02 1.151662754387900334e+00
2.660908862522835469e-02 1.141624665056017784e+00
2.676288944113292337e-02 1.132888814340163419e+00
2.691757922739292791e-02 1.123226022942761304e+00
2.707316312226650673e-02 1.111144142449612682e+00
2.722964629371095457e-02 1.097958976462328984e+00
2.738703393955444973e-02 1.085786662731956120e+00
2.754533128766867636e-02 1.076232391219223095e+00
2.770454359614242176e-02 1.069635286563719978e+00
2.786467615345633933e-02 1.065954653808696584e+00
2.802573427865854422e-02 1.063241656691971571e+00
2.818772332154127064e-02 1.057897052372023250e+00
2.835064866281864979e-02 1.050038404057243024e+00
2.851451571430539678e-02 1.041474376492114606e+00
2.867932991909653145e-02 1.033850854594117186e+00
2.884509675174826843e-02 1.028063127411770639e+00
2.901182171845980567e-02 1.024377972994885866e+00
2.917951035725619563e-02 1.022637133178320612e+00
2.934816823817239240e-02 1.021809669057719416e+00
2.951780096343814899e-02 1.021009334908285604e+00
2.968841416766421215e-02 1.020430562190050905e+00
2.986001351802944001e-02 1.020263260701186336e+00
3.003260471446899879e-02 1.020805860124531339e+00
3.020619348986378766e-02 1.022243748596395552e+00
3.038078561023081769e-02 1.024093108297629895e+00
3.055638687491469066e-02 1.023726853686871996e+00
3.073300311678033025e-02 1.020810381786392496e+00
3.091064020240668481e-02 1.017247312239760282e+00
3.108930403228154019e-02 1.013774675930352309e+00
3.126900054099761295e-02 1.011084287122933301e+00
3.144973569744963920e-02 1.009492662147787989e+00
3.163151550503255638e-02 1.008773717911856105e+00
3.181434600184106232e-02 1.008032165366617772e+00
3.199823326087009728e-02 1.006748013398034658e+00
3.218318339021652985e-02 1.005282994955003062e+00
3.236920253328214730e-02 1.004487182467430406e+00
3.255629686897762443e-02 1.005002651919608248e+00
3.274447261192782455e-02 1.007286091159518282e+00
3.293373601267822470e-02 1.009664485298514158e+00
3.312409335790250653e-02 1.010406037843752047e+00
3.331555097061136145e-02 1.010500992742837445e+00
3.350811521036261426e-02 1.010573339332616838e+00
3.370179247347232510e-02 1.011414368438801503e+00
3.389658919322740410e-02 1.013860587505715394e+00
3.409251184009919750e-02 1.017107140722062875e+00
3.428956692195841288e-02 1.019440318242446519e+00
3.448776098429136294e-02 1.021560977655353142e+00
3.468710061041735404e-02 1.024956745713120565e+00
3.488759242170727526e-02 1.030644996334520558e+00
3.508924307780367929e-02 1.038960332497282923e+00
3.529205927684192501e-02 1.046837067459507775e+00
3.549604775567258980e-02 1.047858963040140701e+00
3.570121529008542238e-02 1.043020784848647686e+00
3.590756869503420462e-02 1.038263996570656600e+00
3.611511482486330638e-02 1.037748527118478981e+00
3.632386057353523962e-02 1.044309458479092179e+00
3.653381287485973905e-02 1.053018179223779383e+00
3.674497870272393912e-02 1.049717366065097357e+00
3.695736507132423021e-02 1.032824437351623104e+00
3.717097903539903075e-02 1.010297517959083180e+00
3.738582769046329413e-02 9.891587487579343030e-01
3.760191817304411876e-02 9.736223186028223342e-01
3.781925766091774610e-02 9.652346358502809087e-01
3.803785337334809891e-02 9.590128291292582263e-01
3.825771257132654091e-02 9.519590366257733027e-01
3.847884255781295476e-02 9.441456049296053088e-01
3.870125067797849233e-02 9.373992854326824720e-01
3.892494431944945599e-02 9.327645820249438335e-01
3.914993091255265789e-02 9.290296893275857837e-01
3.937621793056233360e-02 9.255389663707329628e-01
3.960381288994833243e-02 9.230656173326521330e-01
3.983272335062570252e-02 9.219532885147947443e-01
4.006295691620595512e-02 9.227626659879512028e-01
4.029452123424955012e-02 9.234228286196874969e-01
4.052742399651988042e-02 9.233007437494348268e-01
4.076167293923887297e-02 9.248019354873560083e-01
4.099727584334383890e-02 9.294411605569558033e-01
4.123424053474603751e-02 9.374490237131558601e-01
4.147257488459059338e-02 9.453212370135195552e-01
4.171228680951784978e-02 9.481970139572479805e-01
4.195338427192649156e-02 9.468314720751629388e-01
4.219587528023795858e-02 9.440416067067973760e-01
4.243976788916238585e-02 9.435397022402034484e-01
4.268507019996626434e-02 9.465918239965189773e-01
4.293179036074151744e-02 9.498609855221726850e-01
4.317993656667604152e-02 9.522981612653639294e-01
4.342951706032609216e-02 9.555854094384623743e-01
4.368054013188996804e-02 9.623045989642180498e-01
4.393301411948334623e-02 9.741242230694164839e-01
4.418694740941636612e-02 9.895928282966101053e-01
4.444234843647213579e-02 1.005789421083458368e+00
4.469922568418681352e-02 1.022944606184882810e+00
4.495758768513159753e-02 1.041804457807982809e+00
4.521744302119593689e-02 1.050047447380965560e+00
4.547880032387276866e-02 1.040022923034666702e+00
4.574166827454511502e-02 1.022962692832327658e+00
4.600605560477452616e-02 1.006250630593301665e+00
4.627197109659098723e-02 9.956202035576009468e-01
4.653942358278480296e-02 9.896063932821939080e-01
4.680842194719982141e-02 9.867622679714939116e-01
4.707897512502866311e-02 9.883312846373332183e-01
4.735109210310945588e-02 9.958688949599674434e-01
4.762478192022426976e-02 1.005762291112291207e+00
4.790005366739954334e-02 1.011703754797918853e+00
4.817691648820784933e-02 1.015022654604045949e+00
4.845537957907175564e-02 1.018725895668375570e+00
4.873545218956924774e-02 1.025612386682995814e+00
4.901714362274099679e-02 1.033877984565284791e+00
4.930046323539925834e-02 1.042826353388615956e+00
4.958542043843887359e-02 1.055048405399461986e+00
4.987202469714965836e-02 1.071335431423534379e+00
5.016028553153097091e-02 1.082359243041160379e+00
5.045021251660784106e-02 1.081170045971662663e+00
5.074181528274907677e-02 1.072773319895398814e+00
5.103510351598705003e-02 1.063585302993423243e+00
5.133008695833959217e-02 1.054957972162237967e+00
5.162677540813340182e-02 1.045317789074141634e+00
5.192517872032970105e-02 1.036545765063397573e+00
5.222530680685147364e-02 1.031223769052755257e+00
5.252716963691266006e-02 1.031698543548182245e+00
5.283077723734942721e-02 1.037490792392390171e+00
5.313613969295318679e-02 1.049292329850143979e+00
5.344326714680543849e-02 1.067559843769425587e+00
5.375216980061491706e-02 1.084195037756810809e+00
5.406285791505632127e-02 1.090226934679662696e+00
5.437534181011107609e-02 1.089277385688808941e+00
5.468963186541032917e-02 1.090321889578748094e+00
5.500573852057948770e-02 1.090629362585310291e+00
5.532367227558519784e-02 1.077100550296574921e+00
5.564344369108398941e-02 1.053036265871224453e+00
5.596506338877313413e-02 1.030093353587453242e+00
5.628854205174332881e-02 1.013385813010288405e+00
5.661389042483377931e-02 1.000761333093794780e+00
5.694111931498885282e-02 9.919214841551324824e-01
5.727023959161724881e-02 9.864547949649317138e-01
5.760126218695296035e-02 9.830545052453030230e-01
5.793419809641841417e-02 9.799978618271261155e-01
5.826905837898961604e-02 9.756254148073376653e-01
5.860585415756369709e-02 9.696568211505427470e-01
5.894459661932811845e-02 9.625532903665845463e-01
5.928529701613251268e-02 9.567836498316826255e-01
5.962796666486229469e-02 9.511406158288946422e-01
5.997261694781454155e-02 9.438290885993206869e-01
6.031925931307623168e-02 9.365039963841631510e-01
6.066790527490428103e-02 9.325475422556058769e-01
6.101856641410823012e-02 9.302188863970834998e-01
6.137125437843479747e-02 9.242909876970395455e-01
6.172598088295483398e-02 9.161429530231421925e-01
6.208275771045231733e-02 9.084244762260593742e-01
6.244159671181598315e-02 9.002402682572724357e-01
6.280250980643269088e-02 8.868561491480957404e-01
6.316550898258359303e-02 8.703430400309629666e-01
6.353060629784218483e-02 8.595272248589526098e-01
6.389781387947492119e-02 8.540967089636414267e-01
6.426714392484385308e-02 8.514153634799448422e-01
6.463860870181208085e-02 8.495027005126537523e-01
6.501222054915094251e-02 8.473729977760247056e-01
6.538799187695008841e-02 8.469931781796831149e-01
6.576593516702965159e-02 8.485395865362163059e-01
6.614606297335466623e-02 8.505878993593437576e-01
6.652838792245242827e-02 8.545624401353458799e-01
6.691292271383147972e-02 8.616614492574429240e-01
6.729968012040381253e-02 8.695155759103618820e-01
6.768867298890894613e-02 8.783554248490240690e-01
6.807991424034069705e-02 8.910025130748238098e-01
6.847341687037629410e-02 9.045177603779754882e-01
6.886919394980822728e-02 9.148497577308365436e-01
6.926725862497820629e-02 9.253219266013950062e-01
6.966762411821400547e-02 9.392169935008882753e-01
7.007030372826857090e-02 9.512400923898411964e-01
7.047531083076181979e-02 9.519906882588017316e-01
7.088265887862478520e-02 9.397415062767884297e-01
7.129236140254673060e-02 9.191679448082904491e-01
7.170443201142430445e-02 9.025644024539334342e-01
7.211888439281383123e-02 8.892435866108138187e-01
7.253573231338585059e-02 8.758685108253594365e-01
7.295498961938230720e-02 8.653375603506052727e-01
7.337667023707672431e-02 8.573839571367398715e-01
7.380078817323644513e-02 8.519082246228165678e-01
7.422735751558823258e-02 8.502442530578918634e-01
7.465639243328600627e-02 8.503437296188385286e-01
7.508790717738160481e-02 8.505291177551480564e-01
7.552191608129793510e-02 8.521930893200726498e-01
7.595843356130543844e-02 8.557199855718151671e-01
7.639747411700059665e-02 8.610917198629306490e-01
7.683905233178781047e-02 8.665719740387152203e-01
7.728318287336367887e-02 8.699993937295110724e-01
7.772988049420428980e-02 8.725993492997059509e-01
7.817916003205507836e-02 8.712880673599554537e-01
7.863103641042397396e-02 8.629998611683605825e-01
7.908552463907676799e-02 8.530929000304531273e-01
7.954263981453599253e-02 8.429734207850689831e-01
8.000239712058217212e-02 8.326278584466242361e-01
8.046481182875830918e-02 8.227615922654677449e-01
8.092989929887701994e-02 8.120859486111547954e-01
8.139767497953076525e-02 8.027984551482328923e-01
8.186815440860513438e-02 7.958757908387229518e-01
8.234135321379483508e-02 7.898438939158709537e-01
8.281728711312283386e-02 7.853041454072179350e-01
8.329597191546232737e-02 7.816596859470839043e-01
8.377742352106211376e-02 7.804659672157249206e-01
8.426165792207447602e-02 7.802217974752196916e-01
8.474869120308657633e-02 7.778343600125017243e-01
8.523853954165466762e-02 7.736970394094960790e-01
8.573121920884146929e-02 7.635956468115566720e-01
8.622674656975649887e-02 7.504150024861343526e-01
8.672513808409994251e-02 7.398750086876577647e-01
8.722641030670905127e-02 7.324142666166640891e-01
8.773057988810836760e-02 7.285301590778860970e-01
8.823766357506258873e-02 7.246731815102753771e-01
8.874767821113291322e-02 7.192743172479926228e-01
8.926064073723644077e-02 7.163804536568193493e-01
8.977656819220893036e-02 7.156027278166915417e-01
9.029547771337091688e-02 7.179404269989361209e-01
9.081738653709675591e-02 7.241441470725139551e-01
9.134231199938727674e-02 7.339606749731972801e-01
9.187027153644546085e-02 7.446724919223998151e-01
9.240128268525588107e-02 7.566503741927406157e-01
9.293536308416693037e-02 7.698400618418854702e-01
9.347253047347692245e-02 7.812617797032975764e-01
9.401280269602330097e-02 7.929457539526599819e-01
9.455619769777530437e-02 7.950347617325382865e-01
9.510273352842993355e-02 7.912230007835395762e-01
9.565242834201181932e-02 7.875514113522383841e-01
9.620530039747586526e-02 7.858105715356732413e-01
9.676136805931405405e-02 7.839566901725778525e-01
9.732064979816532069e-02 7.815376010768313453e-01
9.788316419142908953e-02 7.796430247569851035e-01
9.844892992388228070e-02 7.805247488199206218e-01
9.901796578830000806e-02 7.828579263403041555e-01
9.959029068607995472e-02 7.846123311424529900e-01
1.001659236278700377e-01 7.864752558292708029e-01
1.007448837341998471e-01 7.847615459838729324e-01
1.013271902361159299e-01 7.822520236509022951e-01
1.019128624758204177e-01 7.807643968985646943e-01
1.025019199073136378e-01 7.816461209615003236e-01
1.030943820970401520e-01 7.840516450716631391e-01
1.036902687245389171e-01 7.911551758556214509e-01
1.042895995830967204e-01 8.019167310852973740e-01
1.048923945804057928e-01 8.136730519244389503e-01
1.054986737392250712e-01 8.194969524016753049e-01
1.061084571980452224e-01 8.077858481811457381e-01
1.067217652117575799e-01 7.953738863721289132e-01
1.073386181523270227e-01 7.908024862304472435e-01
1.079590365094685589e-01 7.926382809460977841e-01
1.085830408913279893e-01 7.968705564481888270e-01
1.092106520251663743e-01 7.982903582726081915e-01
1.098418907580486492e-01 7.965585617797653617e-01
1.104767780575359459e-01 7.890435597664372525e-01
1.111153350123821049e-01 7.799504977635471903e-01
1.117575828332342536e-01 7.715809016584506130e-01
1.124035428533372433e-01 7.635639951785282431e-01
1.130532365292423180e-01 7.543669349528304702e-01
1.137066854415197809e-01 7.482898214113664626e-01
1.143639112954759340e-01 7.466484581557478739e-01
1.150249359218739331e-01 7.474804439382102261e-01
1.156897812776589568e-01 7.487555525830709158e-01
1.163584694466876512e-01 7.482446047927544530e-01
1.170310226404614878e-01 7.457893424021182494e-01
1.177074631988646730e-01 7.428773921635001276e-01
1.183878135909062629e-01 7.403723914923906468e-01
1.190720964154663303e-01 7.379939973533952147e-01
1.197603344020467531e-01 7.387129415893273210e-01
1.204525504115261381e-01 7.435692064282649616e-01
1.211487674369193246e-01 7.505687389894154515e-01
1.218490086041408849e-01 7.569533255374416569e-01
1.225532971727734816e-01 7.591734615112949447e-01
1.232616565368404721e-01 7.588840751521777062e-01
1.239741102255828148e-01 7.584364306279179901e-01
1.246906819042407494e-01 7.597748425388356486e-01
1.254113953748399735e-01 7.650697085783105811e-01
1.261362745769819826e-01 7.770973291291247698e-01
1.268653435886395453e-01 7.949352851715916213e-01
1.275986266269562852e-01 8.156987564382602862e-01
1.283361480490512463e-01 8.379362894716827492e-01
1.290779323528278288e-01 8.581978562717573755e-01
1.298240041777875831e-01 8.738789796064277970e-01
1.305743883058487209e-01 8.865305894940888054e-01
1.313291096621690413e-01 8.995755839636747631e-01
1.320881933159741561e-01 9.169930254530492819e-01
1.328516644813900749e-01 9.387557839910449786e-01
1.336195485182806453e-01 9.593203021358204241e-01
1.343918709330900185e-01 9.797084754680088770e-01
1.351686573796898327e-01 9.990431015865356423e-01
1.359499336602315311e-01 1.013227554845146150e+00
1.367357257260030934e-01 1.026788018766910060e+00
1.375260596782912625e-01 1.043314692869626414e+00
1.383209617692485738e-01 1.058602431622371665e+00
1.391204584027652402e-01 1.073022011297765088e+00
1.399245761353461737e-01 1.088513224834264825e+00
1.407333416769932510e-01 1.103719573673508370e+00
1.415467818920924381e-01 1.114557997154824731e+00
1.423649238003061035e-01 1.115552762764290717e+00
1.431877945774705507e-01 1.115209116462838823e+00
1.440154215564987683e-01 1.123171763000426537e+00
1.448478322282882313e-01 1.139612525527780251e+00
1.456850542426340045e-01 1.160032350492997022e+00
1.465271154091474515e-01 1.180262265660043219e+00
1.473740436981796631e-01 1.199266810462701782e+00
1.482258672417506584e-01 1.217737799165737655e+00
1.490826143344838317e-01 1.235308977158393384e+00
1.499443134345459228e-01 1.253599099386980997e+00
1.508109931645919832e-01 1.272978942124119994e+00
1.516826823127164214e-01 1.290382818627910710e+00
1.525594098334091819e-01 1.302523480725255034e+00
1.534412048485173929e-01 1.306868797773876212e+00
1.543280966482127869e-01 1.308130341433153321e+00
1.552201146919646169e-01 1.310965423420131115e+00
1.561172886095181789e-01 1.313217211027012832e+00
1.570196482018790252e-01 1.307881650030787046e+00
1.579272234423027277e-01 1.297454697778840593e+00
1.588400444772908315e-01 1.288058684431249601e+00
1.597581416275917487e-01 1.283297374491397136e+00
1.606815453892082024e-01 1.282913033233194611e+00
1.616102864344102497e-01 1.282198610659123661e+00
1.625443956127538836e-01 1.279322833715395236e+00
1.634839039521058524e-01 1.278432066328737182e+00
1.644288426596743347e-01 1.277568428913246290e+00
1.653792431230455828e-01 1.279603176750790050e+00
1.663351369112262834e-01 1.283007988132280008e+00
1.672965557756923849e-01 1.280236209411359294e+00
1.682635316514438095e-01 1.274303789049453961e+00
1.692360966580649384e-01 1.269488219167267173e+00
1.702142831007917856e-01 1.265581503319183065e+00
1.711981234715850009e-01 1.263239282475077108e+00
1.721876504502090899e-01 1.262741899670344337e+00
1.731828969053178791e-01 1.266096972771360685e+00
1.741838958955464201e-01 1.281457058113885550e+00
1.751906806706090836e-01 1.307167227456715874e+00
1.762032846724038426e-01 1.332027324369639443e+00
1.772217415361232173e-01 1.342255323499692787e+00
1.782460850913716033e-01 1.341685594105180401e+00
1.792763493632887617e-01 1.340080404144451620e+00
1.803125685736800821e-01 1.336060646749837266e+00
1.813547771421535060e-01 1.329296240605469581e+00
1.824030096872625850e-01 1.319366671158256121e+00
1.834573010276564775e-01 1.301492541820899795e+00
1.845176861832364401e-01 1.282356868824265916e+00
1.855842003763193415e-01 1.272382082758440225e+00
1.866568790328071992e-01 1.269994645295722258e+00
1.877357577833641822e-01 1.266779743712403317e+00
1.888208724646001924e-01 1.259070310239043033e+00
1.899122591202609955e-01 1.251112185363316254e+00
1.910099540024255971e-01 1.252803286899408342e+00
1.921139935727104175e-01 1.267268083193413775e+00
1.932244145034804905e-01 1.290988721317312571e+00
1.943412536790674328e-01 1.317680091284025412e+00
1.954645481969946030e-01 1.321880715153087804e+00
1.965943353692096995e-01 1.304015629139453791e+00
1.977306527233236300e-01 1.286788097448249957e+00
1.988735380038573475e-01 1.273390413353489681e+00
2.000230291734956534e-01 1.260802106731885752e+00
2.011791644143479663e-01 1.250216896314797044e+00
2.023419821292166965e-01 1.244194042715667692e+00
2.035115209428728922e-01 1.244139782773333147e+00
2.046878197033392410e-01 1.245758537719645842e+00
2.058709174831803157e-01 1.248521273116844021e+00
2.070608535808005912e-01 1.255502719030549663e+00
2.082576675217497619e-01 1.262606249814507864e+00
2.094613990600355524e-01 1.271206450674526200e+00
2.106720881794442723e-01 1.282899468247610919e+00
2.118897750948690872e-01 1.291463495812739559e+00
2.131145002536455058e-01 1.292788342738073748e+00
2.143463043368951104e-01 1.288610327178317139e+00
2.155852282608767823e-01 1.281140541783601039e+00
2.168313131783459469e-01 1.273101026994372553e+00
2.180846004799212312e-01 1.267417298034833495e+00
2.193451317954595303e-01 1.263515103848610988e+00
2.206129489954388734e-01 1.256248793237649153e+00
2.218880941923488948e-01 1.243732833205824395e+00
2.231706097420899648e-01 1.228707350841029111e+00
2.244605382453801201e-01 1.217213286389837501e+00
2.257579225491697927e-01 1.208093094415780389e+00
2.270628057480653939e-01 1.198715167715634244e+00
2.283752311857605299e-01 1.192877702252814309e+00
2.296952424564759343e-01 1.192787269015590068e+00
2.310228834064072811e-01 1.198064048407620374e+00
2.323581981351817149e-01 1.207166153734232639e+00
2.337012309973229007e-01 1.215282536775101452e+00
2.350520266037238737e-01 1.216928421692581308e+00
2.364106298231291869e-01 1.217665452575958263e+00
2.377770857836252472e-01 1.226030527019193794e+00
2.391514398741393099e-01 1.228838479035004205e+00
2.405337377459470793e-01 1.222286590998113320e+00
2.419240253141889951e-01 1.218592393257506012e+00
2.433223487593957901e-01 1.209458636297865208e+00
2.447287545290218747e-01 1.180492870414964646e+00
2.461432893389885190e-01 1.147118484217386047e+00
2.475660001752356676e-01 1.120431635912534585e+00
2.489969342952823017e-01 1.103204104221330750e+00
2.504361392297964617e-01 1.093681484341625820e+00
2.518836627841739007e-01 1.086428738716247899e+00
2.533395530401260642e-01 1.076612210815564463e+00
2.548038583572773130e-01 1.061880636471747907e+00
2.562766273747711931e-01 1.041135251852524091e+00
2.577579090128856998e-01 1.017021229146700012e+00
2.592477524746588102e-01 9.947791744514161705e-01
2.607462072475227322e-01 9.770678249410631455e-01
2.622533231049470337e-01 9.679657196144507703e-01
2.637691501080930423e-01 9.681782377219275704e-01
2.652937386074759596e-01 9.731701524167015727e-01
2.668271392446371348e-01 9.837960577905410231e-01
2.683694029538270520e-01 1.005662814551344653e+00
2.699205809636965880e-01 1.032991738840487672e+00
2.714807247989985406e-01 1.054677629126842930e+00
2.730498862822996475e-01 1.068428002846777414e+00
2.746281175357012105e-01 1.069834239685613086e+00
2.762154709825712651e-01 1.056739506935554074e+00
2.778119993492854656e-01 1.040393699307285758e+00
2.794177556669779627e-01 1.023975545089238492e+00
2.810327932733039380e-01 1.007512174252578774e+00
2.826571658142107979e-01 9.929433797357656299e-01
2.842909272457196934e-01 9.847229984720887730e-01
2.859341318357184192e-01 9.754626349803341423e-01
2.875868341657639160e-01 9.581491917137674452e-01
2.892490891328946545e-01 9.351972361062740324e-01
2.909209519514548425e-01 9.116529427949622288e-01
2.926024781549284581e-01 8.953297434760001394e-01
2.942937235977828858e-01 8.851695692738650312e-01
2.959947444573255426e-01 8.695653141908351591e-01
2.977055972355692748e-01 8.520981344209872521e-01
2.994263387611086902e-01 8.385421921610847207e-01
3.011570261910088142e-01 8.289155740585721910e-01
3.028977170127025720e-01 8.273058624359820312e-01
3.046484690459013711e-01 8.363084912016478523e-01
3.064093404445150659e-01 8.432356771730190603e-01
3.081803896985833569e-01 8.363130128635090088e-01
3.099616756362194026e-01 8.280971532616935304e-01
3.117532574255635347e-01 8.249907715630433458e-01
3.135551945767480198e-01 8.267270897177474431e-01
3.153675469438748658e-01 8.322389955265603323e-01
3.171903747270033436e-01 8.416576171834573294e-01
3.190237384741493876e-01 8.493308773619278051e-01
3.208676990832974307e-01 8.493489640093726534e-01
3.227223178044230090e-01 8.417751803918487319e-01
3.245876562415266342e-01 8.306518922132762883e-01
3.264637763546810456e-01 8.179008057646687258e-01
3.283507404620888970e-01 8.031375797878235190e-01
3.302486112421523790e-01 7.862672593836552704e-01
3.321574517355558864e-01 7.711920387383865982e-01
3.340773253473591775e-01 7.628631375900409850e-01
3.360082958491044103e-01 7.633695637184962912e-01
3.379504273809338932e-01 7.689945110738394263e-01
3.399037844537201591e-01 7.763331682745805429e-01
3.418684319512097503e-01 7.874609781150142540e-01
3.438444351321779946e-01 8.003431927575967997e-01
3.458318596325960503e-01 8.084414891510208756e-01
3.478307714678123830e-01 8.106932767579027033e-01
3.498412370347446232e-01 8.102863271903939513e-01
3.518633231140849693e-01 8.073336819950248655e-01
3.538970968725191901e-01 8.033365329097167384e-01
3.559426258649572294e-01 7.999271998663656236e-01
3.579999780367765227e-01 7.934612234048377122e-01
3.600692217260801353e-01 7.850464106811290144e-01
3.621504256659661136e-01 7.772013273519324805e-01
3.642436589868098817e-01 7.736653877764676501e-01
3.663489912185618480e-01 7.758267421461252367e-01
3.684664922930561692e-01 7.820078539103970661e-01
3.705962325463332818e-01 7.832106159654783628e-01
3.727382827209774208e-01 7.768667243742031214e-01
3.748927139684648524e-01 7.703600529559243570e-01
3.770595978515288715e-01 7.588795534903164386e-01
3.792390063465359562e-01 7.501843977312128153e-01
3.814310118458763554e-01 7.522146239068953077e-01
3.836356871603694985e-01 7.538695521480975881e-01
3.858531055216822825e-01 7.444418871674781668e-01
3.880833405847607942e-01 7.378809558068649688e-01
3.903264664302779630e-01 7.400423101765225553e-01
3.925825575670940371e-01 7.490991988845228100e-01
3.948516889347303827e-01 7.547648411966167981e-01
3.971339359058604912e-01 7.566006359122674496e-01
3.994293742888124776e-01 7.606656099254937020e-01
4.017380803300868997e-01 7.696863253386043713e-01
4.040601307168905088e-01 7.800002360440205784e-01
4.063956025796829352e-01 7.893239028018320669e-01
4.087445734947380283e-01 7.974176775333949863e-01
4.111071214867221824e-01 7.982632283014409191e-01
4.134833250312844322e-01 7.985028763800849916e-01
4.158732630576643108e-01 8.006597090878814216e-01
4.182770149513134750e-01 8.055250172505414863e-01
4.206946605565314856e-01 8.034269661469408685e-01
4.231262801791195738e-01 7.900971069800987179e-01
4.255719545890473410e-01 7.775721036245516471e-01
4.280317650231349469e-01 7.678776605941209921e-01
4.305057931877529498e-01 7.614388141037603530e-01
4.329941212615355806e-01 7.579164395138791033e-01
4.354968318981098929e-01 7.506591722266395816e-01
4.380140082288422887e-01 7.356653414948728376e-01
4.405457338655994204e-01 7.222586140763901374e-01
4.430920929035247480e-01 7.167738382387444096e-01
4.456531699238333033e-01 7.218109695521305325e-01
4.482290499966203323e-01 7.301443923623375243e-01
4.508198186836865351e-01 7.359502061921289195e-01
4.534255620413813470e-01 7.349690055682467360e-01
4.560463666234608748e-01 7.274766118642245205e-01
4.586823194839622087e-01 7.203142994760705076e-01
4.613335081800964965e-01 7.203369077853766234e-01
4.640000207751556194e-01 7.248676129703073290e-01
4.666819458414390720e-01 7.267395809808475660e-01
4.693793724631949438e-01 7.264321079742853682e-01
4.720923902395786631e-01 7.314195010071982139e-01
4.748210892876304490e-01 7.393866692066473068e-01
4.775655602452679171e-01 7.482219964834483372e-01
4.803258942742961168e-01 7.562479462870932423e-01
4.831021830634371073e-01 7.550768358650401524e-01
4.858945188313745223e-01 7.488821591151847423e-01
4.887029943298164536e-01 7.407793410598995099e-01
4.915277028465775411e-01 7.347971824175207889e-01
4.943687382086768833e-01 7.330201693060659496e-01
4.972261947854541564e-01 7.284171175313559621e-01
5.001001674917054940e-01 7.142281426108840758e-01
5.029907517908354109e-01 6.972131290271572635e-01
5.058980436980275996e-01 6.871976480045807190e-01
5.088221397834349347e-01 6.862707073230330801e-01
5.117631371753864622e-01 6.876317275432567433e-01
5.147211335636141527e-01 6.866867002142641452e-01
5.176962272024980827e-01 6.862571423374493884e-01
5.206885169143288250e-01 6.839556164500943947e-01
5.236981020925914887e-01 6.772454702480611433e-01
5.267250827052667450e-01 6.748580327853431760e-01
5.297695592981502832e-01 6.779779794695769413e-01
5.328316329981945820e-01 6.831417173150768907e-01
5.359114055168668900e-01 6.924156457924152130e-01
5.390089791535270791e-01 7.067131405975559666e-01
5.421244567988269258e-01 7.236241559584750682e-01
5.452579419381275994e-01 7.335763337149946439e-01
5.484095386549359130e-01 7.434742515291795639e-01
5.515793516343632241e-01 7.577536596868754692e-01
5.547674861666017643e-01 7.699937983451665691e-01
5.579740481504216199e-01 7.731815699573183487e-01
5.611991440966896949e-01 7.649250153987519063e-01
5.644428811319066597e-01 7.567001124732140038e-01
5.677053670017649933e-01 7.496056250129781162e-01
5.709867100747291202e-01 7.371981848658225589e-01
5.742870193456336425e-01 7.147300470774783365e-01
5.776064044393048880e-01 6.860174942588053160e-01
5.809449756142023302e-01 6.650279398990763813e-01
5.843028437660793273e-01 6.593532542632598581e-01
5.876801204316687288e-01 6.681343215977264549e-01
5.910769177923870243e-01 6.774263367225096255e-01
5.944933486780595855e-01 6.814234858078177526e-01
5.979295265706701112e-01 6.810165362403088896e-01
6.013855656081297241e-01 6.751926357630726461e-01
6.048615805880666052e-01 6.680212800511962090e-01
6.083576869716416091e-01 6.597692471544910342e-01
6.118740008873820857e-01 6.486550022996409037e-01
6.154106391350390171e-01 6.429757950019633350e-01
6.189677191894675801e-01 6.416961646952412668e-01
6.225453592045292472e-01 6.401814079717365047e-01
6.261436780170150929e-01 6.360531306924532835e-01
6.297627951505950783e-01 6.274257998612677856e-01
6.334028308197864332e-01 6.178308333917836848e-01
6.370639059339481269e-01 6.109036474204125877e-01
6.407461421012968783e-01 6.116316349800671182e-01
6.444496616329448146e-01 6.177991817587552559e-01
6.481745875469649976e-01 6.184729093760753527e-01
6.519210435724759334e-01 6.163522499631686191e-01
6.556891541537508417e-01 6.120747578424655666e-01
6.594790444543533470e-01 6.066713719183215447e-01
6.632908403612935988e-01 6.034338620256964880e-01
6.671246684892090384e-01 6.013222459365121786e-01
6.709806561845721440e-01 6.027782210558212395e-01
6.748589315299192704e-01 6.103520046733451609e-01
6.787596233481042463e-01 6.207744352634303464e-01
6.826828612065795054e-01 6.304236616752489919e-01
6.866287754216984229e-01 6.402899278564055940e-01
6.905974970630435195e-01 6.486730889470857520e-01
6.945891579577818664e-01 6.524079816444438018e-01
6.986038906950429173e-01 6.440971671435429258e-01
7.026418286303216520e-01 6.327477958719099904e-01
7.067031058899108098e-01 6.227051848781662846e-01
7.107878573753529938e-01 6.101078349328399320e-01
7.148962187679240854e-01 6.018919753310243426e-01
7.190283265331394169e-01 6.014036358500138846e-01
7.231843179252852583e-01 6.012770293179000580e-01
7.273643309919801681e-01 5.959912066021475496e-01
7.315685045787596597e-01 5.897287049243740142e-01
7.357969783336865133e-01 5.856501659255640702e-01
7.400498927119919523e-01 5.832491634772625222e-01
7.443273889807401344e-01 5.822001379254621023e-01
7.486296092235191768e-01 5.893534069898936911e-01
7.529566963451627126e-01 5.982882108276412758e-01
7.573087940764960946e-01 6.006033017005799612e-01
7.616860469791092436e-01 6.015211990584053980e-01
7.660886004501606950e-01 5.973567484842323694e-01
7.705166007272060691e-01 5.947794012233436067e-01
7.749701948930545203e-01 5.924597886885438758e-01
7.794495308806568268e-01 5.863284152047453235e-01
7.839547574780165728e-01 5.809566809136298415e-01
7.884860243331343055e-01 5.730482943183764499e-01
7.930434819589780027e-01 5.667089243889623651e-01
7.976272817384808533e-01 5.596415668998937498e-01
8.022375759295721220e-01 5.516834420241670811e-01
8.068745176702336597e-01 5.481203724775349784e-01
8.115382609835852801e-01 5.499109505745733983e-01
8.162289607830032212e-01 5.547626937516499934e-01
8.209467728772645856e-01 5.613507550834305748e-01
8.256918539757219788e-01 5.603921627688542850e-01
8.304643616935105666e-01 5.541341827529420172e-01
8.352644545567829981e-01 5.518643084986154523e-01
8.400922920079733069e-01 5.512674491329360160e-01
8.449480344110958940e-01 5.526510776624656840e-01
8.498318430570707127e-01 5.620335260244729847e-01
8.547438801690798726e-01 5.665913611805709627e-01
8.596843089079587719e-01 5.549480818879595212e-01
8.646532933776126528e-01 5.382857579294068051e-01
8.696509986304700179e-01 5.301648532266767244e-01
8.746775906729644667e-01 5.247388589932266978e-01
8.797332364710471753e-01 5.194168629825844929e-01
8.848181039557355687e-01 5.188742635592394903e-01
8.899323620286901937e-01 5.234592286865047406e-01
8.950761805678236760e-01 5.265520453995712336e-01
9.002497304329459826e-01 5.315936983748185130e-01
9.054531834714387717e-01 5.446748661392941671e-01
9.106867125239620497e-01 5.573716926455671850e-01
9.159504914301977996e-01 5.637020192512588457e-01
9.212446950346235841e-01 5.589226226639616435e-01
9.265694991923183466e-01 5.428888097041169036e-01
9.319250807748065135e-01 5.271715130745567857e-01
9.373116176759319629e-01 5.191365199471895675e-01
9.427292888177655206e-01 5.158492717740911226e-01
9.481782741565508710e-01 5.189420884871576156e-01
9.536587546886805544e-01 5.236581818083978490e-01
9.591709124567069367e-01 5.200589389668760498e-01
9.647149305553922582e-01 5.146781613520381438e-01
9.702909931377862174e-01 5.198871158161501027e-01
9.758992854213467405e-01 5.263304839683720093e-01
9.815399936940907288e-01 5.350120747418919409e-01
9.872133053207802211e-01 5.421472571588787925e-01
9.929194087491489684e-01 5.392850452007338369e-01
9.986584935161608723e-01 5.330270651848215691e-01
1.004430750254303728e+00 5.280125421807414510e-01
1.010236370697924935e+00 5.183678374307840730e-01
1.016075547689597958e+00 5.103011926703885370e-01
1.021948475186527761e+00 5.057117058812620192e-01
1.027855348266994762e+00 4.964287340802013282e-01
1.033796363136834096e+00 4.883756543053892618e-01
1.039771717135951290e+00 4.917352490682670441e-01
1.045781608744880131e+00 5.036498280725510979e-01
1.051826237591374280e+00 5.107307505472032938e-01
1.057905804457035748e+00 5.085332228826560108e-01
1.064020511283988890e+00 5.007785727906837181e-01
1.070170561181583713e+00 4.972335898914963526e-01
1.076356158433145582e+00 4.986533917159158280e-01
1.082577508502760022e+00 4.982554854721295001e-01
1.088834818042095476e+00 4.950179755795043324e-01
1.095128294897270704e+00 4.929289677996260277e-01
1.101458148115757263e+00 4.945160711129102382e-01
1.107824587953321727e+00 5.022164612625479307e-01
1.114227825881013212e+00 5.194666012630577701e-01
1.120668074592185315e+00 5.411570132112740739e-01
1.127145548009560017e+00 5.555268546061942203e-01
1.133660461292336441e+00 5.675454318332858739e-01
1.140213030843336250e+00 5.720218770758821458e-01
1.146803474316190341e+00 5.607267657465837551e-01
1.153432010622570836e+00 5.393347834812071140e-01
1.160098859939462601e+00 5.188697418973783337e-01
1.166804243716473621e+00 5.076695854671652297e-01
1.173548384683194445e+00 5.010589158260786435e-01
1.180331506856595603e+00 4.910841297602531186e-01
1.187153835548465874e+00 4.874170619908131386e-01
1.194015597372901416e+00 4.955877049740166074e-01
1.200917020253827294e+00 5.052324097239738743e-01
1.207858333432573428e+00 5.179834961725814368e-01
1.214839767475487387e+00 5.268640400679945879e-01
1.221861554281590267e+00 5.217003022224946385e-01
1.228923927090283863e+00 5.033966150083233337e-01
1.236027120489096909e+00 4.898044994535311059e-01
1.243171370421473965e+00 4.996210273542144309e-01
1.250356914194617142e+00 5.169299489589198604e-01
1.257583990487367132e+00 5.204884968436908066e-01
1.264852839358128644e+00 5.175448949720442560e-01
1.272163702252848472e+00 5.116260395957225038e-01
1.279516822013033517e+00 5.139275654830774975e-01
1.286912442883815677e+00 5.148138112078743944e-01
1.294350810522067352e+00 5.094194686074527967e-01
1.301832172004561583e+00 5.044999005024581873e-01
1.309356775836174380e+00 5.046943319624901392e-01
1.316924871958146337e+00 5.147821595748458545e-01
1.324536711756377994e+00 5.195389478528370519e-01
1.332192548069784932e+00 5.148952011213761004e-01
1.339892635198694837e+00 5.192043448751076928e-01
1.347637228913291185e+00 5.331265417457681233e-01
1.355426586462114891e+00 5.366760463068166453e-01
1.363260966580605249e+00 5.305311078374346234e-01
1.371140629499693731e+00 5.333074082202164945e-01
1.379065836954451285e+00 5.401622476018083097e-01
1.387036852192779834e+00 5.366082213788985200e-01
1.395053939984155722e+00 5.254125866105467946e-01
1.403117366628427343e+00 5.124535037163235884e-01
1.411227399964658957e+00 4.983775703423821146e-01
1.419384309380025577e+00 4.852873592541840364e-01
1.427588365818764915e+00 4.857847420589168630e-01
1.435839841791175742e+00 4.924315849948932011e-01
1.444139011382666204e+00 4.931550508926864640e-01
1.452486150262864761e+00 4.987890415717520787e-01
1.460881535694769973e+00 5.047259835955185681e-01
1.469325446543965796e+00 5.039392144316683364e-01
1.477818163287882181e+00 4.958002230814933520e-01
1.486359968025109168e+00 4.891714667929619176e-01
1.494951144484772509e+00 4.970888967119377333e-01
1.503591978035954568e+00 5.020310731262384030e-01
1.512282755697172298e+00 4.937745185676720161e-01
1.521023766145914724e+00 4.868970708767741962e-01
1.529815299728230382e+00 4.852873592541840364e-01
1.538657648468367833e+00 4.767821132932511530e-01
1.547551106078482119e+00 4.587090308340014411e-01
1.556495967968387184e+00 4.490367439466906863e-01
1.565492531255366693e+00 4.552499595101771046e-01
1.574541094774047689e+00 4.593691934657378462e-01
1.583641959086324214e+00 4.496159688311114899e-01
1.592795426491339539e+00 4.429948993677441105e-01
1.602001801035530804e+00 4.411907562851219988e-01
1.611261388522727822e+00 4.410293329566768450e-01
1.620574496524306296e+00 4.483734161516514383e-01
1.629941434389411858e+00 4.613542030228082735e-01
1.639362513255227638e+00 4.794679804388088940e-01
1.648838046057315765e+00 4.939372983946754836e-01
1.658368347540009280e+00 5.059784839310733640e-01
1.667953734266863997e+00 5.101791078001358670e-01
1.677594524631179640e+00 5.026279324919179503e-01
1.687291038866571835e+00 4.860605634324505764e-01
1.697043599057607821e+00 4.813761217442387719e-01
1.706852529150509445e+00 4.860922150654790608e-01
1.716718154963911225e+00 4.849346696290097736e-01
1.726640804199680579e+00 4.704337000401146440e-01
1.736620806453807120e+00 4.613722896702531218e-01
1.746658493227349673e+00 4.572485340528311126e-01
1.756754197937443251e+00 4.583292112376599614e-01
1.766908255928380411e+00 4.563442016805894230e-01
1.777121004482747679e+00 4.582613863097417806e-01
1.787392782832625482e+00 4.676393130098878692e-01
1.797723932170862682e+00 4.834199129055050115e-01
1.808114795662403074e+00 4.946788509399137057e-01
1.818565718455690483e+00 4.941000782216790621e-01
1.829077047694130043e+00 4.975727145310869792e-01
1.839649132527616748e+00 5.059920489166569446e-01
1.850282324124138622e+00 5.124308954070175837e-01
1.860976975681438272e+00 5.212843093312634624e-01
1.871733442438742401e+00 5.355230225322085147e-01
1.882552081688566581e+00 5.546315655576748993e-01
1.893433252788581767e+00 5.739209750575896551e-01
1.904377317173546302e+00 5.777146493591435172e-01
1.915384638367318981e+00 5.631187248711629900e-01
1.926455581994929611e+00 5.429159396752841760e-01
1.937590515794722412e+00 5.319599529855763009e-01
1.948789809630575354e+00 5.262626590404538840e-01
1.960053835504184105e+00 5.313088336775624310e-01
1.971382967567415045e+00 5.435218423646860364e-01
1.982777582134739092e+00 5.443266981759811163e-01
1.994238057695728816e+00 5.374175988520547564e-01
2.005764774927627947e+00 5.437117521628568317e-01
2.017358116708002580e+00 5.381908030303215185e-01
2.029018468127450348e+00 4.989201697657270618e-01
2.040746216502401289e+00 4.753351814976644607e-01
2.052541751387976898e+00 4.729793956679749223e-01
2.064405464590929995e+00 4.782787833693110668e-01
2.076337750182662312e+00 4.878918364862400159e-01
2.088339004512313135e+00 4.965508189504539427e-01
2.100409626219920778e+00 5.020084648169323982e-01
2.112550016249669760e+00 5.138280889221310543e-01
2.124760577863207711e+00 5.101158045340790093e-01
2.137041716653034662e+00 5.022074179388256177e-01
2.149393840555982482e+00 4.986398267303322474e-01
2.161817359866763155e+00 4.904601404234062989e-01
2.174312687251592546e+00 4.906003119411037616e-01
2.186880237761905654e+00 4.917307274064058320e-01
2.199520428848138476e+00 4.876974050262080640e-01
2.212233680373592026e+00 4.856536138649418799e-01
2.225020414628386511e+00 4.857485687640272776e-01
2.237881056343477670e+00 4.902973605964028314e-01
2.250816032704775704e+00 5.010860457972459159e-01
2.263825773367328598e+00 5.059694406073508288e-01
2.276910710469592924e+00 5.075701089062186755e-01
2.290071278647793029e+00 5.034553966125190350e-01
2.303307915050354371e+00 5.042602524238141148e-01
2.316621059352423018e+00 5.196610327230897219e-01
2.330011153770474852e+00 5.185803555382608732e-01
2.343478643077001600e+00 5.218676037113594290e-01
2.357023974615280792e+00 5.266650869461014794e-01
2.370647598314243876e+00 5.340399174417321815e-01
2.384349966703414481e+00 5.334747097090811740e-01
2.398131534927939956e+00 5.287450514022572490e-01
2.411992760763713051e+00 5.469356970698983078e-01
2.425934104632577970e+00 5.661301516707277770e-01
2.439956029617617261e+00 5.773393514246630831e-01
2.454059001478542612e+00 5.834255082898495148e-01
2.468243488667162033e+00 5.744228795241838048e-01
2.482509962342935861e+00 5.498928639271285501e-01
2.496858896388636673e+00 5.339494842045080514e-01
2.511290767426078485e+00 5.262129207599804959e-01
2.525806054831960523e+00 5.147052913232053051e-01
2.540405240753779381e+00 5.071857676480159283e-01
2.555088810125852206e+00 5.044049456033727896e-01
2.569857250685421590e+00 4.969758551654074874e-01
2.584711052988855506e+00 4.885926940747272740e-01
2.599650710427946265e+00 4.975953228403930950e-01
2.614676719246288084e+00 5.118114277320320316e-01
2.629789578555775442e+00 5.171153370952293882e-01
2.644989790353173831e+00 5.191048683141610276e-01
2.660277859536794409e+00 5.332712349253267980e-01
2.675654293923265481e+00 5.347995566344151408e-01
2.691119604264405218e+00 5.330180218610990339e-01
2.706674304264172548e+00 5.501822502862458997e-01
2.722318910595750374e+00 5.374175988520547564e-01
2.738053942918694972e+00 5.121550740334839258e-01
2.753879923896200843e+00 5.016648185154805040e-01
2.769797379212459720e+00 5.064080418078881207e-01
2.785806837590128815e+00 5.132719245132023600e-01
2.801908830807877226e+00 4.982600071339906567e-01
2.818103893718070019e+00 4.913509078100643523e-01
2.834392564264522019e+00 4.895060697706913877e-01
2.850775383500368410e+00 4.980294023790690083e-01
2.867252895606037466e+00 5.049158933936893634e-01
2.883825647907329426e+00 5.085920044868517120e-01
2.900494190893583735e+00 5.120691624581209522e-01
2.917259078235983960e+00 5.110517885393490722e-01
2.934120866805935979e+00 5.034373099650742978e-01
2.951080116693567401e+00 4.999104137133317804e-01
2.968137391226336685e+00 4.937564319202271679e-01
2.985293256987731514e+00 4.949637156371697877e-01
3.002548283836107057e+00 4.919929837943559092e-01
3.019903044923603730e+00 5.058473557370982698e-01
3.037358116715186629e+00 5.188968718685454951e-01
3.054914079007794214e+00 5.159668349824825251e-01
3.072571514949601568e+00 5.237983533260953672e-01
3.090331011059376021e+00 5.280261071663251427e-01
3.108193157245980220e+00 5.346503417929953095e-01
3.126158546827951579e+00 5.512674491329360160e-01
3.144227776553216724e+00 5.549932985065715307e-01
3.162401446618910317e+00 5.413017063908327486e-01
3.180680160691316427e+00 5.259642293576141103e-01
3.199064525925907621e+00 5.517693535995300547e-01
3.217555152987530587e+00 5.641044471569064411e-01
3.236152656070678812e+00 5.588683627216272098e-01
3.254857652919894928e+00 5.428345497617824700e-01
3.273670764850296955e+00 5.476862929388589540e-01
3.292592616768199143e+00 5.286953131217838608e-01
3.311623837191892683e+00 4.944527678468533249e-01
3.330765058272506351e+00 4.915046443133454512e-01
3.350016915815009710e+00 4.829044434533271701e-01
3.369380049299332214e+00 4.884841741900582401e-01
3.388855101901607103e+00 4.995441591025738814e-01
3.408442720515521884e+00 5.223468998686474629e-01
3.428143555773827789e+00 5.480751558589228578e-01
3.447958262069935831e+00 5.501279903439114660e-01
3.467887497579658529e+00 5.545366106585895016e-01
3.487931924283071528e+00 5.661934549367846348e-01
3.508092207986506228e+00 5.682779410548016719e-01
3.528369018344649444e+00 5.680021196812680140e-01
3.548763028882812254e+00 5.719766604572700253e-01
3.569274917019284565e+00 5.653026875501265813e-01
3.589905364087840223e+00 5.807170328349857691e-01
3.610655055360374899e+00 5.905245174119466700e-01
3.631524680069651456e+00 6.160583419421901130e-01
3.652514931432215839e+00 6.337787347762655621e-01
3.673626506671410219e+00 6.078017873836236706e-01
3.694860107040534913e+00 6.091944592368758737e-01
3.716216437846141751e+00 6.239712501993046612e-01
3.737696208471465109e+00 6.130559584663477501e-01
3.759300132399972405e+00 6.335571733450663379e-01
3.781028927239082016e+00 6.740848286070766360e-01
3.802883314743989107e+00 6.878713756219008157e-01
3.824864020841640233e+00 6.634770098806818117e-01
3.846971775654848713e+00 6.518834688685436474e-01
3.869207313526548564e+00 6.228815296907534993e-01
3.891571373044171445e+00 6.093075007834060086e-01
3.914064697064205678e+00 6.116858949224016628e-01
3.936688032736852527e+00 6.043653243691053945e-01
3.959442131530850340e+00 6.118351097638216052e-01
3.982327749258438132e+00 6.148962748438595582e-01
4.005345646100446189e+00 6.158277371872684647e-01
4.028496586631570509e+00 6.164833781571436022e-01
4.051781339845751617e+00 6.205845254652596621e-01
4.075200679181723906e+00 6.228950946763370800e-01
4.098755382548707082e+00 6.099179251346692476e-01
4.122446232352245943e+00 5.836877646777997031e-01
4.146274015520188705e+00 5.820554447459035385e-01
4.170239523528843861e+00 5.856275576162580654e-01
4.194343552429258715e+00 5.445256512978743357e-01
4.218586902873665778e+00 5.574576042209301585e-01
4.242970380142073950e+00 5.739933216473690480e-01
4.267494794169023997e+00 5.616627497518538181e-01
4.292160959570472833e+00 5.570777846245885678e-01
4.316969695670882068e+00 5.603198161790750031e-01
4.341921826530410478e+00 5.715244942711492637e-01
4.367018180972294772e+00 5.857089475297597714e-01
4.392259592610382235e+00 5.948291395038169949e-01
4.417646899876805477e+00 5.966649342194675354e-01
4.443180946049855251e+00 5.943905383032798140e-01
4.468862579281975833e+00 5.969317122692788802e-01
4.494692652627942486e+00 5.469583053792044236e-01
4.520672024073195239e+00 5.402436375153100157e-01
4.546801556562344082e+00 5.786370683788299996e-01
4.573082118027814502e+00 5.854738211129769665e-01
4.599514581418703507e+00 5.896020983922601877e-01
4.626099824729760002e+00 5.801020868218614845e-01
4.652838731030551678e+00 5.862334603056599258e-01
4.679732188494796219e+00 5.970854487725599791e-01
4.706781090429870140e+00 5.919307542507824538e-01
4.733986335306464177e+00 6.047903605840588837e-01
4.761348826788450062e+00 5.955119104448595158e-01
4.788869473762884077e+00 5.932601228379776881e-01
4.816549190370198019e+00 5.897874865285697155e-01
4.844388896034566017e+00 5.716104058465122373e-01
4.872389515494448098e+00 5.707965067114947333e-01
4.900551978833287414e+00 5.816665818258395237e-01
4.928877221510434836e+00 6.009740779731991278e-01
4.957366184392200559e+00 5.774388279856097483e-01
4.986019813783113541e+00 5.542607892850558438e-01
5.014839061457356806e+00 5.763445858151973189e-01
5.043824884690362609e+00 5.856863392204537666e-01
5.072978246290641202e+00 5.951999157764360504e-01
5.102300114631742822e+00 5.958826867174784603e-01
5.131791463684423960e+00 5.787636749109437151e-01
5.161453273049005475e+00 5.848860050710198433e-01
5.191286527987911903e+00 5.912027666911279233e-01
5.221292219458380401e+00 5.729578610811523198e-01
5.251471344145405951e+00 5.841761041588101611e-01
5.281824904494829553e+00 5.932239495430879916e-01
5.312353908746639597e+00 5.905471257212527858e-01
5.343059370968462396e+00 5.747981774586640169e-01
5.373942311089249912e+00 5.646244382709453280e-01
5.405003754933139781e+00 5.793198393198724094e-01
5.436244734253559585e+00 5.868619713043679020e-01
5.467666286767478567e+00 5.864278917656918777e-01
5.499269456189878724e+00 6.017382388277432437e-01
5.531055292268432844e+00 6.076525725422037283e-01
5.563024850818350409e+00 6.044286276351622522e-01
5.595179193757479297e+00 6.167908511637058000e-01
5.627519389141558470e+00 6.160673852659124261e-01
5.660046511199702479e+00 6.201594892503060619e-01
5.692761640370078702e+00 6.283210889097871066e-01
5.725665863335805739e+00 6.193229818059825531e-01
5.758760273061025892e+00 6.283979571614276560e-01
5.792045968827241431e+00 6.421754608525294117e-01
5.825524056269808071e+00 6.523130267453584041e-01
5.859195647414667363e+00 6.582364037835414239e-01
5.893061860715279821e+00 6.532716190599346939e-01
5.927123821089786304e+00 6.388203877515128415e-01
5.961382659958350594e+00 6.144667169670448015e-01
5.995839515280771082e+00 5.952134807620197421e-01
6.030495531594262104e+00 5.888560241851608090e-01
6.065351860051475086e+00 5.836199397498815777e-01
6.100409658458743500e+00 5.689019303916483805e-01
6.135670091314512575e+00 5.674323902867557390e-01
6.171134329848062094e+00 5.710632847613059671e-01
6.206803552058381079e+00 5.625716037859567198e-01
6.242678942753306259e+00 5.809521592517686850e-01
6.278761693588877257e+00 6.007208649089714747e-01
6.315053003108923591e+00 6.030856940623833262e-01
6.351554076784851510e+00 6.276835345873567062e-01
6.388266127055725718e+00 6.253503570669732836e-01
6.425190373368511843e+00 6.096240171136906305e-01
6.462328042218596025e+00 6.061468591424215013e-01
6.499680367190518560e+00 6.010057296062275567e-01
6.537248588998957999e+00 5.955119104448595158e-01
6.575033955529916874e+00 5.942096718288314428e-01
6.613037721882214726e+00 5.860842454642400945e-01
6.651261150409145451e+00 5.923377038182912058e-01
6.689705510760421525e+00 6.072501446365563549e-01
6.728372079924347382e+00 5.998527058316194260e-01
6.767262142270216607e+00 5.934274243268424787e-01
6.806376989591010229e+00 5.992332381566338739e-01
6.845717921146279750e+00 5.995587978106409199e-01
6.885286243705309062e+00 5.883541197185666594e-01
6.925083271590525058e+00 5.796092256789897590e-01
6.965110326721157818e+00 5.654745107008525284e-01
7.005368738657123728e+00 5.534197601788710674e-01
7.045859844643230119e+00 5.674549985960617438e-01
7.086584989653569089e+00 5.789761930184206262e-01
7.127545526436194656e+00 5.808074660722098992e-01
7.168742815558059256e+00 5.754719050759841137e-01
7.210178225450215805e+00 5.752774736159521618e-01
7.251853132453240036e+00 5.752006053643116124e-01
7.293768920862992111e+00 5.698424360587798221e-01
7.335926982976571864e+00 5.888786324944668138e-01
7.378328719138569802e+00 5.947839228852048743e-01
7.420975537787583676e+00 6.023034465603943621e-01
7.463868855503007715e+00 6.123234492448320632e-01
7.507010097052058128e+00 6.326437976491022797e-01
7.550400695437144982e+00 6.400186281447330927e-01
7.594042091943437711e+00 6.269736336751470240e-01
7.637935736186750368e+00 6.278282277669153810e-01
7.682083086161699548e+00 6.411445219481739510e-01
7.726485608290103890e+00 6.420398109966931610e-01
7.771144777469737974e+00 6.327658825193549497e-01
7.816062077123293150e+00 6.309979127316224234e-01
7.861238999247660786e+00 6.314274706084371802e-01
7.906677044463489068e+00 6.430662282391874651e-01
7.952377722065040011e+00 9.860704537067288555e-01
7.998342550070284496e+00 8.701033919523188942e-01
