2.511886431509579437e-02 7.149754300035382482e-01
2.526405161860213050e-02 7.157919829888316210e-01
2.541007810627042562e-02 7.162560349586157837e-01
2.555694862859406516e-02 7.170673822327096048e-01
2.570466806410236227e-02 7.178400585093215325e-01
2.585324131952258450e-02 7.187004882032963504e-01
2.600267332994290678e-02 7.196129750092663535e-01
2.615296905897638788e-02 7.206065221753428229e-01
2.630413349892583852e-02 7.216744366442693348e-01
2.645617167094958117e-02 7.228263861654162792e-01
2.660908862522835469e-02 7.240646017578694638e-01
2.676288944113292337e-02 7.253533871162604063e-01
2.691757922739292791e-02 7.266310173792239757e-01
2.707316312226650673e-02 7.279086476421875451e-01
2.722964629371095457e-02 7.292219742105192637e-01
2.738703393955444973e-02 7.305858705447888513e-01
2.754533128766867636e-02 7.320144664325379802e-01
2.770454359614242176e-02 7.335137112579946939e-01
2.786467615345633933e-02 7.350888107323584331e-01
2.802573427865854422e-02 7.366534987843230686e-01
2.818772332154127064e-02 7.381408448413238066e-01
2.835064866281864979e-02 7.396014186692984049e-01
2.851451571430539678e-02 7.410738912657290900e-01
2.867932991909653145e-02 7.425850348596417794e-01
2.884509675174826843e-02 7.441489792385779234e-01
2.901182171845980567e-02 7.457776231709937198e-01
2.917951035725619563e-02 7.474211405639794581e-01
2.934816823817239240e-02 7.489531070026901327e-01
2.951780096343814899e-02 7.503883959476957966e-01
2.968841416766421215e-02 7.518088114321315185e-01
2.986001351802944001e-02 7.532441003771371824e-01
3.003260471446899879e-02 7.547240097038527828e-01
3.020619348986378766e-02 7.562559761425634575e-01
3.038078561023081769e-02 7.578251262326992643e-01
3.055638687491469066e-02 7.592975988291299494e-01
3.073300311678033025e-02 7.606808306621405391e-01
3.091064020240668481e-02 7.620789359557211817e-01
3.108930403228154019e-02 7.635067881704418191e-01
3.126900054099761295e-02 7.650015709577274725e-01
3.144973569744963920e-02 7.665781577781481948e-01
3.163151550503255638e-02 7.682142384408489066e-01
3.181434600184106232e-02 7.698577558338346449e-01
3.199823326087009728e-02 7.715533303388154573e-01
3.218318339021652985e-02 7.733455823375011695e-01
3.236920253328214730e-02 7.752568220207470828e-01
3.255629686897762443e-02 7.773019228491230281e-01
3.274447261192782455e-02 7.794957582831990583e-01
3.293373601267822470e-02 7.818606385138301418e-01
3.312409335790250653e-02 7.844411839227262151e-01
3.331555097061136145e-02 7.872299577796024739e-01
3.350811521036261426e-02 7.902418335450289710e-01
3.370179247347232510e-02 7.934768112190054845e-01
3.389658919322740410e-02 7.969423275318170408e-01
3.409251184009919750e-02 8.007053130560286558e-01
3.428956692195841288e-02 8.048773187459156153e-01
3.448776098429136294e-02 8.094583446014776973e-01
3.468710061041735404e-02 8.144409538924298753e-01
3.488759242170727526e-02 8.198251466187722603e-01
3.508924307780367929e-02 8.256109227805050743e-01
3.529205927684192501e-02 8.319321435227579054e-01
3.549604775567258980e-02 8.389970372935111609e-01
3.570121529008542238e-02 8.468650979350447194e-01
3.590756869503420462e-02 8.555140152565036127e-01
3.611511482486330638e-02 8.649809729093128619e-01
3.632386057353523962e-02 8.752808443540425198e-01
3.653381287485973905e-02 8.864136295906925866e-01
3.674497870272393912e-02 8.983867653495479777e-01
3.695736507132423021e-02 9.113118025848839787e-01
3.717097903539903075e-02 9.253077289812602357e-01
3.738582769046329413e-02 9.405009689535220874e-01
3.760191817304411876e-02 9.570105101862297348e-01
3.781925766091774610e-02 9.720996359345015492e-01
3.803785337334809891e-02 9.838794167059469187e-01
3.825771257132654091e-02 9.938966923998463487e-01
3.847884255781295476e-02 1.002813332011565528e+00
3.870125067797849233e-02 1.011447375872454479e+00
3.892494431944945599e-02 1.019969868779068145e+00
3.914993091255265789e-02 1.028321316889126980e+00
3.937621793056233360e-02 1.037334633994551281e+00
3.960381288994833243e-02 1.047954284841535966e+00
3.983272335062570252e-02 1.060775207852881818e+00
4.006295691620595512e-02 1.076206423194263850e+00
4.029452123424955012e-02 1.093615808791456701e+00
4.052742399651988042e-02 1.112348932379380262e+00
4.076167293923887297e-02 1.132963548729409631e+00
4.099727584334383890e-02 1.155563772065534955e+00
4.123424053474603751e-02 1.180521438902006226e+00
4.147257488459059338e-02 1.195313095438877982e+00
4.171228680951784978e-02 1.190702322662175794e+00
4.195338427192649156e-02 1.174936454457968571e+00
4.219587528023795858e-02 1.153845887369699064e+00
4.243976788916238585e-02 1.132271932812904280e+00
4.268507019996626434e-02 1.113776784594100899e+00
4.293179036074151744e-02 1.098382752904143889e+00
4.317993656667604152e-02 1.084974328200282834e+00
4.342951706032609216e-02 1.073187110698552438e+00
4.368054013188996804e-02 1.062835182141827817e+00
4.393301411948334623e-02 1.054126770978088823e+00
4.418694740941636612e-02 1.046816465107930361e+00
4.444234843647213579e-02 1.040629105510807673e+00
4.469922568418681352e-02 1.035505198344440325e+00
4.495758768513159753e-02 1.031392686496833466e+00
4.521744302119593689e-02 1.028075904789721884e+00
4.547880032387276866e-02 1.025383808426550747e+00
4.574166827454511502e-02 1.023383327979884960e+00
4.600605560477452616e-02 1.022059589989154249e+00
4.627197109659098723e-02 1.021204366006378761e+00
4.653942358278480296e-02 1.020468129708163474e+00
4.680842194719982141e-02 1.019888064745933187e+00
4.707897512502866311e-02 1.019590595534533017e+00
4.735109210310945588e-02 1.019635215916243176e+00
4.762478192022426976e-02 1.019821134173368282e+00
4.790005366739954334e-02 1.020096293193913262e+00
4.817691648820784933e-02 1.020654047965288580e+00
4.845537957907175564e-02 1.021561329060059142e+00
4.873545218956924774e-02 1.022966871083924589e+00
4.901714362274099679e-02 1.024997098451730482e+00
4.930046323539925834e-02 1.027644574433191682e+00
4.958542043843887359e-02 1.030916735758593328e+00
4.987202469714965836e-02 1.034865639539930049e+00
5.016028553153097091e-02 1.039573089810337025e+00
5.045021251660784106e-02 1.044994466188104543e+00
5.074181528274907677e-02 1.051092585021807357e+00
5.103510351598705003e-02 1.057718711705745385e+00
5.133008695833959217e-02 1.064173793593128359e+00
5.162677540813340182e-02 1.070264475696546036e+00
5.192517872032970105e-02 1.076355157799963935e+00
5.222530680685147364e-02 1.082274795106826559e+00
5.252716963691266006e-02 1.086179078506453344e+00
5.283077723734942721e-02 1.087725918405733960e+00
5.313613969295318679e-02 1.088283673177109279e+00
5.344326714680543849e-02 1.087807722438869140e+00
5.375216980061491706e-02 1.084193471520357610e+00
5.406285791505632127e-02 1.077478104072999487e+00
5.437534181011107609e-02 1.069810835149160866e+00
5.468963186541032917e-02 1.061504007420812190e+00
5.500573852057948770e-02 1.052297335327978089e+00
5.532367227558519784e-02 1.043425316097968958e+00
5.564344369108398941e-02 1.036717385380895973e+00
5.596506338877313413e-02 1.031705029168803689e+00
5.628854205174332881e-02 1.024275735614085248e+00
5.661389042483377931e-02 1.012332346776369851e+00
5.694111931498885282e-02 9.970275558498329360e-01
5.727023959161724881e-02 9.777441142208191938e-01
5.760126218695296035e-02 9.553521193326738326e-01
5.793419809641841417e-02 9.327816429176886137e-01
5.826905837898961604e-02 9.118769940865441015e-01
5.860585415756369709e-02 8.939619108299710071e-01
5.894459661932811845e-02 8.785455689491590281e-01
5.928529701613251268e-02 8.650181565607378831e-01
5.962796666486229469e-02 8.534242940464176197e-01
5.997261694781454155e-02 8.440019567753183072e-01
6.031925931307623168e-02 8.370039935771301787e-01
6.066790527490428103e-02 8.327501838541082613e-01
6.101856641410823012e-02 8.297754917401068964e-01
6.137125437843479747e-02 8.253952576022399734e-01
6.172598088295483398e-02 8.195276774073722015e-01
6.208275771045231733e-02 8.122322449977840142e-01
6.244159671181598315e-02 8.044757353105254083e-01
6.280250980643269088e-02 7.973885313489171844e-01
6.316550898258359303e-02 7.917291796020295980e-01
6.353060629784218483e-02 7.878918267749678295e-01
6.389781387947492119e-02 7.858244157557369158e-01
6.426714392484385308e-02 7.854377057809167617e-01
6.463860870181208085e-02 7.872671414310276061e-01
6.501222054915094251e-02 7.915655715357595712e-01
6.538799187695008841e-02 7.979685963111474711e-01
6.576593516702965159e-02 8.060151384795211094e-01
6.614606297335466623e-02 8.149243413609551512e-01
6.652838792245242827e-02 8.246590213040245754e-01
6.691292271383147972e-02 8.341334156871188510e-01
6.729968012040381253e-02 8.407372321802017989e-01
6.768867298890894613e-02 8.453405682266189602e-01
6.807991424034069705e-02 8.509999199735064357e-01
6.847341687037629410e-02 8.600578574606405624e-01
6.886919394980822728e-02 8.731985598742415533e-01
6.926725862497820629e-02 8.902584191480393816e-01
6.966762411821400547e-02 9.110292068340538618e-01
7.007030372826857090e-02 9.351837067997448294e-01
7.047531083076181979e-02 9.624988171365622680e-01
7.088265887862478520e-02 9.905799106927348774e-01
7.129236140254673060e-02 1.019969868779068145e+00
7.170443201142430445e-02 1.052661735111943164e+00
7.211888439281383123e-02 1.084847903785437717e+00
7.253573231338585059e-02 1.114632008576876387e+00
7.295498961938230720e-02 1.139344263313942340e+00
7.337667023707672431e-02 1.142906457120459018e+00
7.380078817323644513e-02 1.124500549665075733e+00
7.422735751558823258e-02 1.094716444873637284e+00
7.465639243328600627e-02 1.058663176451940746e+00
7.508790717738160481e-02 1.022654528411954589e+00
7.552191608129793510e-02 9.926175747908259073e-01
7.595843356130543844e-02 9.715865015448362785e-01
7.639747411700059665e-02 9.597397902008258930e-01
7.683905233178781047e-02 9.523997374095275470e-01
7.728318287336367887e-02 9.388946352119614813e-01
7.772988049420428980e-02 9.197227445372228027e-01
7.817916003205507836e-02 9.053326714357411431e-01
7.863103641042397396e-02 8.983942020798331152e-01
7.908552463907676799e-02 8.981190430592879137e-01
7.954263981453599253e-02 9.063961238664967057e-01
8.000239712058217212e-02 9.232254445014593802e-01
8.046481182875830918e-02 9.427171145784531969e-01
8.092989929887701994e-02 9.568692123108145653e-01
8.139767497953076525e-02 9.641348977992628688e-01
8.186815440860513438e-02 9.577021261027349741e-01
8.234135321379483508e-02 9.411702746791724694e-01
8.281728711312283386e-02 9.258877939434906335e-01
8.329597191546232737e-02 9.155507388473358432e-01
8.377742352106211376e-02 9.099062605610183097e-01
8.426165792207447602e-02 9.080916983714775181e-01
8.474869120308657633e-02 9.090212896571028267e-01
8.523853954165466762e-02 9.122785775219344195e-01
8.573121920884146929e-02 9.175065989122918042e-01
8.622674656975649887e-02 9.247499742098850284e-01
8.672513808409994251e-02 9.337484178547390545e-01
8.722641030670905127e-02 9.444201258137190358e-01
8.773057988810836760e-02 9.563412044605793527e-01
8.823766357506258873e-02 9.688869684513800040e-01
8.874767821113291322e-02 9.817450751141508780e-01
8.926064073723644077e-02 9.930637786079260509e-01
8.977656819220893036e-02 1.002761274899570454e+00
9.029547771337091688e-02 1.009833605400608736e+00
9.081738653709675591e-02 1.014280770111040564e+00
9.134231199938727674e-02 1.018266857543802528e+00
9.187027153644546085e-02 1.022944560893069621e+00
9.240128268525588107e-02 1.030708507310613253e+00
9.293536308416693037e-02 1.044667250055564489e+00
9.347253047347692245e-02 1.067929342387055058e+00
9.401280269602330097e-02 1.098308385601293846e+00
9.455619769777530437e-02 1.127757837529907325e+00
9.510273352842993355e-02 1.158211248046995934e+00
9.565242834201181932e-02 1.200489059717240403e+00
9.620530039747586526e-02 1.257655205418061195e+00
9.676136805931405405e-02 1.310708839271275350e+00
9.732064979816532069e-02 1.351082847988558600e+00
9.788316419142908953e-02 1.397235196137289526e+00
9.844892992388228070e-02 1.464656592901130372e+00
9.901796578830000806e-02 1.516840129310998986e+00
9.959029068607995472e-02 1.477827042235871247e+00
1.001659236278700377e-01 1.380457932614322036e+00
1.007448837341998471e-01 1.270022487882021878e+00
1.013271902361159299e-01 1.176951808365204633e+00
1.019128624758204177e-01 1.101268204254725269e+00
1.025019199073136378e-01 1.039781318258317322e+00
1.030943820970401520e-01 9.905352903110248297e-01
1.036902687245389171e-01 9.507190363651168985e-01
1.042895995830967204e-01 9.174768519911516984e-01
1.048923945804057928e-01 8.883917998465035160e-01
1.054986737392250712e-01 8.618947298410365443e-01
1.061084571980452224e-01 8.383649152192858001e-01
1.067217652117575799e-01 8.180254578898016327e-01
1.073386181523270227e-01 8.012630678274039742e-01
1.079590365094685589e-01 7.880628715715228827e-01
1.085830408913279893e-01 7.784546160432985751e-01
1.092106520251663743e-01 7.724159910518758609e-01
1.098418907580486492e-01 7.701403515846647618e-01
1.104767780575359459e-01 7.719920974256306856e-01
1.111153350123821049e-01 7.786777179518487024e-01
1.117575828332342536e-01 7.914912042329095287e-01
1.124035428533372433e-01 8.124032897943390674e-01
1.130532365292423180e-01 8.453033845751939390e-01
1.137066854415197809e-01 8.948022613521763313e-01
1.143639112954759340e-01 9.611378954944066466e-01
1.150249359218739331e-01 1.012793424054039937e+00
1.156897812776589568e-01 1.024588078286055470e+00
1.163584694466876512e-01 1.012518265033494957e+00
1.170310226404614878e-01 9.841768859173469775e-01
1.177074631988646730e-01 9.468668100774850771e-01
1.183878135909062629e-01 8.992791729837483761e-01
1.190720964154663303e-01 8.395027349528912941e-01
1.197603344020467531e-01 7.790941748478088513e-01
1.204525504115261381e-01 7.252061398566174155e-01
1.211487674369193246e-01 6.825036908870995012e-01
1.218490086041408849e-01 6.512753730743132685e-01
1.225532971727734816e-01 6.296158961192409587e-01
1.232616565368404721e-01 6.156385615485771012e-01
1.239741102255828148e-01 6.075228577885528614e-01
1.246906819042407494e-01 6.039026574858132879e-01
1.254113953748399735e-01 6.040751896284253242e-01
1.261362745769819826e-01 6.077876053866990702e-01
1.268653435886395453e-01 6.143259786532739852e-01
1.275986266269562852e-01 6.224944831983217908e-01
1.283361480490512463e-01 6.308994757664325714e-01
1.290779323528278288e-01 6.381153351619713865e-01
1.298240041777875831e-01 6.440186116622069745e-01
1.305743883058487209e-01 6.458168130451208411e-01
1.313291096621690413e-01 6.416663738730604694e-01
1.320881933159741561e-01 6.325764584457007622e-01
1.328516644813900749e-01 6.191501855891557993e-01
1.336195485182806453e-01 6.031411363046289553e-01
1.343918709330900185e-01 5.843916519100784690e-01
1.351686573796898327e-01 5.626570639791276252e-01
1.359499336602315311e-01 5.390335465557858363e-01
1.367357257260030934e-01 5.141970984229600194e-01
1.375260596782912625e-01 4.895540052775443352e-01
1.383209617692485738e-01 4.663499194422768279e-01
1.391204584027652402e-01 4.445945086665279433e-01
1.399245761353461737e-01 4.240572343114626386e-01
1.407333416769932510e-01 4.051024961610460440e-01
1.415467818920924381e-01 3.884315778811539555e-01
1.423649238003061035e-01 3.745985158780191226e-01
1.431877945774705507e-01 3.636107468819266275e-01
1.440154215564987683e-01 3.554392676447649668e-01
1.448478322282882313e-01 3.500915148968190560e-01
1.456850542426340045e-01 3.478768566179449850e-01
1.465271154091474515e-01 3.501279548752155302e-01
1.473740436981796631e-01 3.571616143787716968e-01
1.482258672417506584e-01 3.652245173537723710e-01
1.490826143344838317e-01 3.613975759491096507e-01
1.499443134345459228e-01 3.429701019758997771e-01
1.508109931645919832e-01 3.241060919349602054e-01
1.516826823127164214e-01 3.099963835652232991e-01
1.525594098334091819e-01 3.008611040831251637e-01
1.534412048485173929e-01 2.950649164989935236e-01
1.543280966482127869e-01 2.917890368084495312e-01
1.552201146919646169e-01 2.907828472008885390e-01
1.561172886095181789e-01 2.918693534955275615e-01
1.570196482018790252e-01 2.946097886055513149e-01
1.579272234423027277e-01 2.985698474823156312e-01
1.588400444772908315e-01 3.030512211520586252e-01
1.597581416275917487e-01 3.074954111703767090e-01
1.606815453892082024e-01 3.119827342243476909e-01
1.616102864344102497e-01 3.169772422837559556e-01
1.625443956127538836e-01 3.232084785895603107e-01
1.634839039521058524e-01 3.324865432931304876e-01
1.644288426596743347e-01 3.445571002187194920e-01
1.653792431230455828e-01 3.497776848787918502e-01
1.663351369112262834e-01 3.466527708130334728e-01
1.672965557756923849e-01 3.422859227896794532e-01
1.682635316514438095e-01 3.399329413275044010e-01
1.692360966580649384e-01 3.408647636322152952e-01
1.702142831007917856e-01 3.453334948604738774e-01
1.711981234715850009e-01 3.535919838419701033e-01
1.721876504502090899e-01 3.665006602706789574e-01
1.731828969053178791e-01 3.830369737324125223e-01
1.741838958955464201e-01 3.975876802080500760e-01
1.751906806706090836e-01 4.048161820450733583e-01
1.762032846724038426e-01 4.064433386314321162e-01
1.772217415361232173e-01 4.093347393662413736e-01
1.782460850913716033e-01 4.175716618299111227e-01
1.792763493632887617e-01 4.312901981866568701e-01
1.803125685736800821e-01 4.461510163151791719e-01
1.813547771421535060e-01 4.536755000175455299e-01
1.824030096872625850e-01 4.494410257932646147e-01
1.834573010276564775e-01 4.393657436031420671e-01
1.845176861832364401e-01 4.311295648125008095e-01
1.855842003763193415e-01 4.275844754856397145e-01
1.866568790328071992e-01 4.286330544558251687e-01
1.877357577833641822e-01 4.337636546794490511e-01
1.888208724646001924e-01 4.424534740174754233e-01
1.899122591202609955e-01 4.530701501723462532e-01
1.910099540024255971e-01 4.616261083652426489e-01
1.921139935727104175e-01 4.604406935578131410e-01
1.932244145034804905e-01 4.482585856779491285e-01
1.943412536790674328e-01 4.358399897750219742e-01
1.954645481969946030e-01 4.212424318985887872e-01
1.965943353692096995e-01 3.978814310543077326e-01
1.977306527233236300e-01 3.760858619350198606e-01
1.988735380038573475e-01 3.611477018115335502e-01
2.000230291734956534e-01 3.533086444181114949e-01
2.011791644143479663e-01 3.505979562292277363e-01
2.023419821292166965e-01 3.522318058728429735e-01
2.035115209428728922e-01 3.581797027547887202e-01
2.046878197033392410e-01 3.674756156110429162e-01
2.058709174831803157e-01 3.798451290940890179e-01
2.070608535808005912e-01 3.972322045004269553e-01
2.082576675217497619e-01 4.165334942821246611e-01
2.094613990600355524e-01 4.280425780711959449e-01
2.106720881794442723e-01 4.266481911427578155e-01
2.118897750948690872e-01 4.173649207279880868e-01
2.131145002536455058e-01 4.077886431399891931e-01
2.143463043368951104e-01 4.017262206116544165e-01
2.155852282608767823e-01 3.998826551740021218e-01
2.168313131783459469e-01 4.018318221817014924e-01
2.180846004799212312e-01 4.073863160315705501e-01
2.193451317954595303e-01 4.171648726833214749e-01
2.206129489954388734e-01 4.318881113015711759e-01
2.218880941923488948e-01 4.472040573235355754e-01
2.231706097420899648e-01 4.537223514183410522e-01
2.244605382453801201e-01 4.512712051164039506e-01
2.257579225491697927e-01 4.447618350979405388e-01
2.270628057480653939e-01 4.386064534410432647e-01
2.283752311857605299e-01 4.340231965663956526e-01
2.296952424564759343e-01 4.307666523745926623e-01
2.310228834064072811e-01 4.290673595044693922e-01
2.323581981351817149e-01 4.298809377976487434e-01
2.337012309973229007e-01 4.341607760766681423e-01
2.350520266037238737e-01 4.418049911366231930e-01
2.364106298231291869e-01 4.509781979431747856e-01
2.377770857836252472e-01 4.593958329527701445e-01
2.391514398741393099e-01 4.664956793558628356e-01
2.405337377459470793e-01 4.730511571020933892e-01
2.419240253141889951e-01 4.794958275670772596e-01
2.433223487593957901e-01 4.845342123351670804e-01
2.447287545290218747e-01 4.874717207977434241e-01
2.461432893389885190e-01 4.923293930199076351e-01
2.475660001752356676e-01 5.017085972553538831e-01
2.489969342952823017e-01 5.117779300612483873e-01
2.504361392297964617e-01 5.157417073031552723e-01
2.518836627841739007e-01 5.043136838741905104e-01
2.533395530401260642e-01 4.741607172606158715e-01
2.548038583572773130e-01 4.419470326850667430e-01
2.562766273747711931e-01 4.230830226441271713e-01
2.577579090128856998e-01 4.197610352258161481e-01
2.592477524746588102e-01 4.241234212109991630e-01
2.607462072475227322e-01 4.279607740380608760e-01
2.622533231049470337e-01 4.323253910423294211e-01
2.637691501080930423e-01 4.401919643378059410e-01
2.652937386074759596e-01 4.494692853683476819e-01
2.668271392446371348e-01 4.561422634530811759e-01
2.683694029538270520e-01 4.599119420345493814e-01
2.699205809636965880e-01 4.653095208754048917e-01
2.714807247989985406e-01 4.790756523059745975e-01
2.730498862822996475e-01 5.082343280804443308e-01
2.746281175357012105e-01 5.407254026956240800e-01
2.762154709825712651e-01 5.538289214578000497e-01
2.778119993492854656e-01 5.605234660603600760e-01
2.794177556669779627e-01 5.672254473932051289e-01
2.810327932733039380e-01 5.684517642172022267e-01
2.826571658142107979e-01 5.584173840436471581e-01
2.842909272457196934e-01 5.450364752418405123e-01
2.859341318357184192e-01 5.296074909195440661e-01
2.875868341657639160e-01 5.137122236083778715e-01
2.892490891328946545e-01 5.046312322573601739e-01
2.909209519514548425e-01 4.960648626420647855e-01
2.926024781549284581e-01 4.766170692737525250e-01
2.942937235977828858e-01 4.450533549251126653e-01
2.959947444573255426e-01 4.072160149080439884e-01
2.977055972355692748e-01 3.684684191040908940e-01
2.994263387611086902e-01 3.329743927998267128e-01
3.011570261910088142e-01 3.037837390851314545e-01
3.028977170127025720e-01 2.818394353601434976e-01
3.046484690459013711e-01 2.670358800548157663e-01
3.064093404445150659e-01 2.574105200469359311e-01
3.081803896985833569e-01 2.495551018468868676e-01
3.099616756362194026e-01 2.477859037120845598e-01
3.117532574255635347e-01 2.561730481275113491e-01
3.135551945767480198e-01 2.764976319964255747e-01
3.153675469438748658e-01 3.036335171333743865e-01
3.171903747270033436e-01 3.235394130872429330e-01
3.190237384741493876e-01 3.352373898255532891e-01
3.208676990832974307e-01 3.463337350838068263e-01
3.227223178044230090e-01 3.533012076878264685e-01
3.245876562415266342e-01 3.485937574174193254e-01
3.264637763546810456e-01 3.348811704449016213e-01
3.283507404620888970e-01 3.183820406345930776e-01
3.302486112421523790e-01 3.029790848682941129e-01
3.321574517355558864e-01 2.891519722493873235e-01
3.340773253473591775e-01 2.791815479562833047e-01
3.360082958491044103e-01 2.766552906784676691e-01
3.379504273809338932e-01 2.841106127891835365e-01
3.399037844537201591e-01 2.968698109391638140e-01
3.418684319512097503e-01 3.028645592219050275e-01
3.438444351321779946e-01 3.077713138639502910e-01
3.458318596325960503e-01 3.168151215635428564e-01
3.478307714678123830e-01 3.285391268578507495e-01
3.498412370347446232e-01 3.421252894155233926e-01
3.518633231140849693e-01 3.597391850955538595e-01
3.538970968725191901e-01 3.832444585073641052e-01
3.559426258649572294e-01 4.096991391502065594e-01
3.579999780367765227e-01 4.279622613841179146e-01
3.600692217260801353e-01 4.274052502857711433e-01
3.621504256659661136e-01 4.095742020814185369e-01
3.642436589868098817e-01 3.832563572758200254e-01
3.663489912185618480e-01 3.607148841089463653e-01
3.684664922930561692e-01 3.474046242448473043e-01
3.705962325463332818e-01 3.375189786769923206e-01
3.727382827209774208e-01 3.284409620180887002e-01
3.748927139684648524e-01 3.192506507318814690e-01
3.770595978515288715e-01 3.039317300178030479e-01
3.792390063465359562e-01 2.859422794583799110e-01
3.814310118458763554e-01 2.718972706421224905e-01
3.836356871603694985e-01 2.608418274004364878e-01
3.858531055216822825e-01 2.545592776556656056e-01
3.880833405847607942e-01 2.587922645338895378e-01
3.903264664302779630e-01 2.754364105847555977e-01
3.925825575670940371e-01 3.003323525598614041e-01
3.948516889347303827e-01 3.229124967242171795e-01
3.971339359058604912e-01 3.246683087445064175e-01
3.994293742888124776e-01 3.022183073601382719e-01
4.017380803300868997e-01 2.787509612727815944e-01
4.040601307168905088e-01 2.705653522480783724e-01
4.063956025796829352e-01 2.715663361444398127e-01
4.087445734947380283e-01 2.694639724928693525e-01
4.111071214867221824e-01 2.697926759714665557e-01
4.134833250312844322e-01 2.589343060823330878e-01
4.158732630576643108e-01 2.314630244095306211e-01
4.182770149513134750e-01 2.065945983364793626e-01
4.206946605565314856e-01 1.916073557931119997e-01
4.231262801791195738e-01 1.840486631314345867e-01
4.255719545890473410e-01 1.788422082589037343e-01
4.280317650231349469e-01 1.737822569729874089e-01
4.305057931877529498e-01 1.697493181394300887e-01
4.329941212615355806e-01 1.683147728674529442e-01
4.354968318981098929e-01 1.672260355537284471e-01
4.380140082288422887e-01 1.646395407606042749e-01
4.405457338655994204e-01 1.618552289418989931e-01
4.430920929035247480e-01 1.600146381963606645e-01
4.456531699238333033e-01 1.575776216819650688e-01
4.482290499966203323e-01 1.515903101295088817e-01
4.508198186836865351e-01 1.430194784760424609e-01
4.534255620413813470e-01 1.363427820261664258e-01
4.560463666234608748e-01 1.343839472690965264e-01
4.586823194839622087e-01 1.352079369846748980e-01
4.613335081800964965e-01 1.373742565166964080e-01
4.640000207751556194e-01 1.428826426387984072e-01
4.666819458414390720e-01 1.520127164096970462e-01
4.693793724631949438e-01 1.630183335584735604e-01
4.720923902395786631e-01 1.680388701738793344e-01
4.748210892876304490e-01 1.640453460108325101e-01
4.775655602452679171e-01 1.571195190964088662e-01
4.803258942742961168e-01 1.507045955525649350e-01
4.831021830634371073e-01 1.471528131684473328e-01
4.858945188313745223e-01 1.443000834311200242e-01
4.887029943298164536e-01 1.447076162507382191e-01
4.915277028465775411e-01 1.490462046990091993e-01
4.943687382086768833e-01 1.565766377856036007e-01
4.972261947854541564e-01 1.655074071848641748e-01
5.001001674917054940e-01 1.762757926375490836e-01
5.029907517908354109e-01 1.797487456806456385e-01
5.058980436980275996e-01 1.729924762167200647e-01
5.088221397834349347e-01 1.580550597662622736e-01
5.117631371753864622e-01 1.463355165101254685e-01
5.147211335636141527e-01 1.405794872695328435e-01
5.176962272024980827e-01 1.415432875144692904e-01
5.206885169143288250e-01 1.476428936942290604e-01
5.236981020925914887e-01 1.519963556030700380e-01
5.267250827052667450e-01 1.525585724126162779e-01
5.297695592981502832e-01 1.542630709939390443e-01
5.328316329981945820e-01 1.598963941848291215e-01
5.359114055168668900e-01 1.675034255933590954e-01
5.390089791535270791e-01 1.731040271709951284e-01
5.421244567988269258e-01 1.782234722991914433e-01
5.452579419381275994e-01 1.851069098509905697e-01
5.484095386549359130e-01 1.942079803737777333e-01
5.515793516343632241e-01 2.054723957364723297e-01
5.547674861666017643e-01 2.183215783229011664e-01
5.579740481504216199e-01 2.315872178052901798e-01
5.611991440966896949e-01 2.423072645111225554e-01
5.644428811319066597e-01 2.525178951924321735e-01
5.677053670017649933e-01 2.597582957979114870e-01
5.709867100747291202e-01 2.543919512242530656e-01
5.742870193456336425e-01 2.434644197434690793e-01
5.776064044393048880e-01 2.401327645757875828e-01
5.809449756142023302e-01 2.411092072622085247e-01
5.843028437660793273e-01 2.394084270460282160e-01
5.876801204316687288e-01 2.299288269517344441e-01
5.910769177923870243e-01 2.147504604400425621e-01
5.944933486780595855e-01 1.975559963480862102e-01
5.979295265706701112e-01 1.878532943452423110e-01
6.013855656081297241e-01 1.870865674528584544e-01
6.048615805880666052e-01 1.894678084901165460e-01
6.083576869716416091e-01 1.892536306579084560e-01
6.118740008873820857e-01 1.826394027424264321e-01
6.154106391350390171e-01 1.718658115785420826e-01
6.189677191894675801e-01 1.552038173749920036e-01
6.225453592045292472e-01 1.369667236970782132e-01
6.261436780170150929e-01 1.218158730874408374e-01
6.297627951505950783e-01 1.123303236089190221e-01
6.334028308197864332e-01 1.076124619161128865e-01
6.370639059339481269e-01 1.052431196473108121e-01
6.407461421012968783e-01 1.059458906592436189e-01
6.444496616329448146e-01 1.084282712283777539e-01
6.481745875469649976e-01 1.151756166159613182e-01
6.519210435724759334e-01 1.263634336567203975e-01
6.556891541537508417e-01 1.365688586268305471e-01
6.594790444543533470e-01 1.419850292933984848e-01
6.632908403612935988e-01 1.448206545510702936e-01
6.671246684892090384e-01 1.452809881557119709e-01
6.709806561845721440e-01 1.435861573237597333e-01
6.748589315299192704e-01 1.367681629984686120e-01
6.787596233481042463e-01 1.348301510861967256e-01
6.826828612065795054e-01 1.396885669813894559e-01
6.866287754216984229e-01 1.448139614938137587e-01
6.905974970630435195e-01 1.468769104748737231e-01
6.945891579577818664e-01 1.461696774247698838e-01
6.986038906950429173e-01 1.467943627687101904e-01
7.026418286303216520e-01 1.540399690853889725e-01
7.067031058899108098e-01 1.500940399961661620e-01
7.107878573753529938e-01 1.289670329295000695e-01
7.148962187679240854e-01 1.174430756798588299e-01
7.190283265331394169e-01 1.157653493275620782e-01
7.231843179252852583e-01 1.203374511067821506e-01
7.273643309919801681e-01 1.264333389213994352e-01
7.315685045787596597e-01 1.294920660876213159e-01
7.357969783336865133e-01 1.310619598507855310e-01
7.400498927119919523e-01 1.350197877084643172e-01
7.443273889807401344e-01 1.451984404495484382e-01
7.486296092235191768e-01 1.605166174905984233e-01
7.529566963451627126e-01 1.771763806750629722e-01
7.573087940764960946e-01 1.807460112118645934e-01
7.616860469791092436e-01 1.696429728963545491e-01
7.660886004501606950e-01 1.665835020571041492e-01
7.705166007272060691e-01 1.775192139412016257e-01
7.749701948930545203e-01 2.015324160314775348e-01
7.794495308806568268e-01 2.227992336275017027e-01
7.839547574780165728e-01 2.361065187994867420e-01
7.884860243331343055e-01 2.569040787145271953e-01
7.930434819589780027e-01 2.763987234836350337e-01
7.976272817384808533e-01 2.765705119532186340e-01
8.022375759295721220e-01 2.681833675377918169e-01
8.068745176702336597e-01 2.452797256060384179e-01
8.115382609835852801e-01 2.036868367950430136e-01
8.162289607830032212e-01 1.641554096190505629e-01
8.209467728772645856e-01 1.479953947097382150e-01
8.256918539757219788e-01 1.433563623579531265e-01
8.304643616935105666e-01 1.384168861026538744e-01
8.352644545567829981e-01 1.306655821265948481e-01
8.400922920079733069e-01 1.213659509051981250e-01
8.449480344110958940e-01 1.153674842573143983e-01
8.498318430570707127e-01 1.135953114303980965e-01
8.547438801690798726e-01 1.112252254885675168e-01
8.596843089079587719e-01 1.074168759096172931e-01
8.646532933776126528e-01 1.060098465396946410e-01
8.696509986304700179e-01 1.065787564064974158e-01
8.746775906729644667e-01 1.122976019956650057e-01
8.797332364710471753e-01 1.236572075060076575e-01
8.848181039557355687e-01 1.320190670384654708e-01
8.899323620286901937e-01 1.351729843523353791e-01
8.950761805678236760e-01 1.338261924977212913e-01
9.002497304329459826e-01 1.299263711362655116e-01
9.054531834714387717e-01 1.278901943842316036e-01
9.106867125239620497e-01 1.277236116258475274e-01
9.159504914301977996e-01 1.321655706250800255e-01
9.212446950346235841e-01 1.405809746155898543e-01
9.265694991923183466e-01 1.440740068304559307e-01
9.319250807748065135e-01 1.430685608959234856e-01
9.373116176759319629e-01 1.388147511729015682e-01
9.427292888177655206e-01 1.348874139093912683e-01
9.481782741565508710e-01 1.316970566171248025e-01
9.536587546886805544e-01 1.249036035017742352e-01
9.591709124567069367e-01 1.183444073904012517e-01
9.647149305553922582e-01 1.163193857337948278e-01
9.702909931377862174e-01 1.200169280314985071e-01
9.758992854213467405e-01 1.277964915826405590e-01
9.815399936940907288e-01 1.294690122237378005e-01
9.872133053207802211e-01 1.244031115535935011e-01
9.929194087491489684e-01 1.201366593890870749e-01
9.986584935161608723e-01 1.218954461014903623e-01
1.004430750254303728e+00 1.279296090547420994e-01
1.010236370697924935e+00 1.294191861308282843e-01
1.016075547689597958e+00 1.320837665919449844e-01
1.021948475186527761e+00 1.414942050945882657e-01
1.027855348266994762e+00 1.445038498409291217e-01
1.033796363136834096e+00 1.407438390088314173e-01
1.039771717135951290e+00 1.394862879176373416e-01
1.045781608744880131e+00 1.423464543852496489e-01
1.051826237591374280e+00 1.513538221064457401e-01
1.057905804457035748e+00 1.657468699000412826e-01
1.064020511283988890e+00 1.785700239304726100e-01
1.070170561181583713e+00 1.817871534517650489e-01
1.076356158433145582e+00 1.730809733071115852e-01
1.082577508502760022e+00 1.638832252906194387e-01
1.088834818042095476e+00 1.583027028847528994e-01
1.095128294897270704e+00 1.482110598880033159e-01
1.101458148115757263e+00 1.395160348387773641e-01
1.107824587953321727e+00 1.355262290408730530e-01
1.114227825881013212e+00 1.376613143056975297e-01
1.120668074592185315e+00 1.427710916845233435e-01
1.127145548009560017e+00 1.449232814290033200e-01
1.133660461292336441e+00 1.451091996861283984e-01
1.140213030843336250e+00 1.454252607232410510e-01
1.146803474316190341e+00 1.549777407743279101e-01
1.153432010622570836e+00 1.782078551655929266e-01
1.160098859939462601e+00 1.869430385583579213e-01
1.166804243716473621e+00 1.771042443912984321e-01
1.173548384683194445e+00 1.694280513911179398e-01
1.180331506856595603e+00 1.648856965330378899e-01
1.187153835548465874e+00 1.748717379597404253e-01
1.194015597372901416e+00 1.888869998548577955e-01
1.200917020253827294e+00 1.856423544315108365e-01
1.207858333432573428e+00 1.771771243480914637e-01
1.214839767475487387e+00 1.715609056368569141e-01
1.221861554281590267e+00 1.729895015246060708e-01
1.228923927090283863e+00 1.777014138331842186e-01
1.236027120489096909e+00 1.781067156337169111e-01
1.243171370421473965e+00 1.880198771036263872e-01
1.250356914194617142e+00 1.958663712273334689e-01
1.257583990487367132e+00 1.961028592503965828e-01
1.264852839358128644e+00 1.901460382921088543e-01
1.272163702252848472e+00 1.801577658463208442e-01
1.279516822013033517e+00 1.758816459324438752e-01
1.286912442883815677e+00 1.726221270485269188e-01
1.294350810522067352e+00 1.662228206382815043e-01
1.301832172004561583e+00 1.573701369070134859e-01
1.309356775836174380e+00 1.510154508784781191e-01
1.316924871958146337e+00 1.498449095316185808e-01
1.324536711756377994e+00 1.404880154870273012e-01
1.332192548069784932e+00 1.319618042152709281e-01
1.339892635198694837e+00 1.332639756881750237e-01
1.347637228913291185e+00 1.386771716626289952e-01
1.355426586462114891e+00 1.469839993909777542e-01
1.363260966580605249e+00 1.540265829708759582e-01
1.371140629499693731e+00 1.594799372888689171e-01
1.379065836954451285e+00 1.614298479695968347e-01
1.387036852192779834e+00 1.588731000976126573e-01
1.395053939984155722e+00 1.500724734783396852e-01
1.403117366628427343e+00 1.409825580509800336e-01
1.411227399964658957e+00 1.393858920587898176e-01
1.419384309380025577e+00 1.453055293656524971e-01
1.427588365818764915e+00 1.515070187503168020e-01
1.435839841791175742e+00 1.476689222502265697e-01
1.444139011382666204e+00 1.404515755086307993e-01
1.452486150262864761e+00 1.369317710647386943e-01
1.460881535694769973e+00 1.356400110142336191e-01
1.469325446543965796e+00 1.494953832082233924e-01
1.477818163287882181e+00 1.712797972320838080e-01
1.486359968025109168e+00 1.722547525724477391e-01
1.494951144484772509e+00 1.540206335866479426e-01
1.503591978035954568e+00 1.314144608662946856e-01
1.512282755697172298e+00 1.188515923958384929e-01
1.521023766145914724e+00 1.144713582579714867e-01
1.529815299728230382e+00 1.119860029967233578e-01
1.538657648468367833e+00 1.105923597413137199e-01
1.547551106078482119e+00 1.213257925616591099e-01
1.556495967968387184e+00 1.290607357310911141e-01
1.565492531255366693e+00 1.295463542187018369e-01
1.574541094774047689e+00 1.308604244600619360e-01
1.583641959086324214e+00 1.359731765310017715e-01
1.592795426491339539e+00 1.439884844321784041e-01
1.602001801035530804e+00 1.462447884006484178e-01
1.611261388522727822e+00 1.394468732471268457e-01
1.620574496524306296e+00 1.336105273194561904e-01
1.629941434389411858e+00 1.332282793828070133e-01
1.639362513255227638e+00 1.312865491053926137e-01
1.648838046057315765e+00 1.214566790146751618e-01
1.658368347540009280e+00 1.096196354200352913e-01
1.667953734266863997e+00 1.056536271590429871e-01
1.677594524631179640e+00 1.140920850134363174e-01
1.687291038866571835e+00 1.251713257920343547e-01
1.697043599057607821e+00 1.318628957024803872e-01
1.706852529150509445e+00 1.344270803047495633e-01
1.716718154963911225e+00 1.310240325263320182e-01
1.726640804199680579e+00 1.287692159039189876e-01
1.736620806453807120e+00 1.246120836746020949e-01
1.746658493227349673e+00 1.201269916397165738e-01
1.756754197937443251e+00 1.181317169042501586e-01
1.766908255928380411e+00 1.196517845745048436e-01
1.777121004482747679e+00 1.241041549961363760e-01
1.787392782832625482e+00 1.227268725473537464e-01
1.797723932170862682e+00 1.125660679589536167e-01
1.808114795662403074e+00 1.081769097447446426e-01
1.818565718455690483e+00 1.092738274617826300e-01
1.829077047694130043e+00 1.128999771487502884e-01
1.839649132527616748e+00 1.183131731232042322e-01
1.850282324124138622e+00 1.228205753489447910e-01
1.860976975681438272e+00 1.288896909345360331e-01
1.871733442438742401e+00 1.300453588208255740e-01
1.882552081688566581e+00 1.265426588565889687e-01
1.893433252788581767e+00 1.191215457051841009e-01
1.904377317173546302e+00 1.083107708898746885e-01
1.915384638367318981e+00 9.756915766621580832e-02
1.926455581994929611e+00 9.805700717291204738e-02
1.937590515794722412e+00 1.037111532086000959e-01
1.948789809630575354e+00 1.041536386605578096e-01
1.960053835504184105e+00 1.079300102992825222e-01
1.971382967567415045e+00 1.215726920071212164e-01
1.982777582134739092e+00 1.259202045317341923e-01
1.994238057695728816e+00 1.217214266128212874e-01
2.005764774927627947e+00 1.163930093636163648e-01
2.017358116708002580e+00 1.091310422403105607e-01
2.029018468127450348e+00 1.085599013544223113e-01
2.040746216502401289e+00 1.079381907025960263e-01
2.052541751387976898e+00 1.088581142388509310e-01
2.064405464590929995e+00 1.107440690391277988e-01
2.076337750182662312e+00 1.192278909482596544e-01
2.088339004512313135e+00 1.252605665554543946e-01
2.100409626219920778e+00 1.305198222130087848e-01
2.112550016249669760e+00 1.416139364521768196e-01
2.124760577863207711e+00 1.406560855914683883e-01
2.137041716653034662e+00 1.327486102794242784e-01
2.149393840555982482e+00 1.235902769334426415e-01
2.161817359866763155e+00 1.167313805915840275e-01
2.174312687251592546e+00 1.137209921722146522e-01
2.186880237761905654e+00 1.085836988913343182e-01
2.199520428848138476e+00 1.102852227805430907e-01
2.212233680373592026e+00 1.176579971850954393e-01
2.225020414628386511e+00 1.202325932097636080e-01
2.237881056343477670e+00 1.252174335198013855e-01
2.250816032704775704e+00 1.366372765454525462e-01
2.263825773367328598e+00 1.520171784478680510e-01
2.276910710469592924e+00 1.614670316210218282e-01
2.290071278647793029e+00 1.760229438078589614e-01
2.303307915050354371e+00 1.783365105995234901e-01
2.316621059352423018e+00 1.754019768290611681e-01
2.330011153770474852e+00 1.700237334869467154e-01
2.343478643077001600e+00 1.529177664853819396e-01
2.357023974615280792e+00 1.451724118935509289e-01
2.370647598314243876e+00 1.507417792039899840e-01
2.384349966703414481e+00 1.588760747897266512e-01
2.398131534927939956e+00 1.515895664564803624e-01
2.411992760763713051e+00 1.471966898771288612e-01
2.425934104632577970e+00 1.465459759771910453e-01
2.439956029617617261e+00 1.472480033160953883e-01
2.454059001478542612e+00 1.585295231584455122e-01
2.468243488667162033e+00 1.616588992623749221e-01
2.482509962342935861e+00 1.647176264285968306e-01
2.496858896388636673e+00 1.763434668831425911e-01
2.511290767426078485e+00 1.765658251186641992e-01
2.525806054831960523e+00 1.699136698787286903e-01
2.540405240753779381e+00 1.641286373900245343e-01
2.555088810125852206e+00 1.620121439509125683e-01
2.569857250685421590e+00 1.535089865430397382e-01
2.584711052988855506e+00 1.507782191823864859e-01
2.599650710427946265e+00 1.445417771653826344e-01
2.614676719246288084e+00 1.412354068806701557e-01
2.629789578555775442e+00 1.593996206017908868e-01
2.644989790353173831e+00 1.747252343731258428e-01
2.660277859536794409e+00 1.695262162308800169e-01
2.675654293923265481e+00 1.714337375489833615e-01
2.691119604264405218e+00 1.663061120174735286e-01
2.706674304264172548e+00 1.580215944799797934e-01
2.722318910595750374e+00 1.565989479764586245e-01
2.738053942918694972e+00 1.468620370143036979e-01
2.753879923896200843e+00 1.405080946587968227e-01
2.769797379212459720e+00 1.414689202116192757e-01
2.785806837590128815e+00 1.393353222928517821e-01
2.801908830807877226e+00 1.541827543068610140e-01
2.818103893718070019e+00 1.747296964112968476e-01
2.834392564264522019e+00 1.717304630873549842e-01
2.850775383500368410e+00 1.698883849957596726e-01
2.867252895606037466e+00 1.914236685550724515e-01
2.883825647907329426e+00 1.896187741149021333e-01
2.900494190893583735e+00 1.582989845196104139e-01
2.917259078235983960e+00 1.461555476372283779e-01
2.934120866805935979e+00 1.428045569708058793e-01
2.951080116693567401e+00 1.358802174024392184e-01
2.968137391226336685e+00 1.287573171354629842e-01
2.985293256987731514e+00 1.289714949676710742e-01
3.002548283836107057e+00 1.288324281113415182e-01
3.019903044923603730e+00 1.260518346577787496e-01
3.037358116715186629e+00 1.366528936790510629e-01
3.054914079007794214e+00 1.571730635544608956e-01
3.072571514949601568e+00 1.627647410557549190e-01
3.090331011059376021e+00 1.675086313045585917e-01
3.108193157245980220e+00 1.685267196805755596e-01
3.126158546827951579e+00 1.642729099575536145e-01
3.144227776553216724e+00 1.550811113252894280e-01
3.162401446618910317e+00 1.570890285022403521e-01
3.180680160691316427e+00 1.552261275658469997e-01
3.199064525925907621e+00 1.505878388870903750e-01
3.217555152987530587e+00 1.620879985998196215e-01
3.236152656070678812e+00 1.688606288703722036e-01
3.254857652919894928e+00 1.606013962158474306e-01
3.273670764850296955e+00 1.520974951349460813e-01
3.292592616768199143e+00 1.653237199468245711e-01
3.311623837191892683e+00 1.749364375132199390e-01
3.330765058272506351e+00 1.885724261638021537e-01
3.350016915815009710e+00 1.855895536464872986e-01
3.369380049299332214e+00 1.647332435621953195e-01
3.388855101901607103e+00 1.691871013298838489e-01
3.408442720515521884e+00 1.799220214962861941e-01
3.428143555773827789e+00 1.798826068257756983e-01
3.447958262069935831e+00 1.818644954467290853e-01
3.467887497579658529e+00 1.742299481361446467e-01
3.487931924283071528e+00 1.714486110095533589e-01
3.508092207986506228e+00 1.708283877037840848e-01
3.528369018344649444e+00 1.461079525634043641e-01
3.548763028882812254e+00 1.377981501429415834e-01
3.569274917019284565e+00 1.339273320295973346e-01
3.589905364087840223e+00 1.259060747441926864e-01
3.610655055360374899e+00 1.420006464269970015e-01
3.631524680069651456e+00 1.486230547457924878e-01
3.652514931432215839e+00 1.447314137876502260e-01
3.673626506671410219e+00 1.621043594064466298e-01
3.694860107040534913e+00 1.753662805236931577e-01
3.716216437846141751e+00 1.681102627846153830e-01
3.737696208471465109e+00 1.658219808759197889e-01
3.759300132399972405e+00 1.719795935519026209e-01
3.781028927239082016e+00 1.737971304335574341e-01
3.802883314743989107e+00 1.627305320964439195e-01
3.824864020841640233e+00 1.482028794846898256e-01
3.846971775654848713e+00 1.542511722254830686e-01
3.869207313526548564e+00 1.563624599533955106e-01
3.891571373044171445e+00 1.565059888478960715e-01
3.914064697064205678e+00 1.509455456137990537e-01
3.936688032736852527e+00 1.483025316705088581e-01
3.959442131530850340e+00 1.477380838418770881e-01
3.982327749258438132e+00 1.434307296608031412e-01
4.005345646100446189e+00 1.448437084149537812e-01
4.028496586631570509e+00 1.469497904316667547e-01
4.051781339845751617e+00 1.462373516703634191e-01
4.075200679181723906e+00 1.443566025812860754e-01
4.098755382548707082e+00 1.454341847995830606e-01
4.122446232352245943e+00 1.389047356093500996e-01
4.146274015520188705e+00 1.341920796277434602e-01
4.170239523528843861e+00 1.332319977479494988e-01
4.194343552429258715e+00 1.306388098975688195e-01
4.218586902873665778e+00 1.303034133617151924e-01
4.242970380142073950e+00 1.407215288179764212e-01
4.267494794169023997e+00 1.428171994122903743e-01
4.292160959570472833e+00 1.481352052390962903e-01
4.316969695670882068e+00 1.529423076953224658e-01
4.341921826530410478e+00 1.444086596932810940e-01
4.367018180972294772e+00 1.455866377704256309e-01
4.392259592610382235e+00 1.492172494955642525e-01
4.417646899876805477e+00 1.511560050808646583e-01
4.443180946049855251e+00 1.506733612853679294e-01
4.468862579281975833e+00 1.491183409827737394e-01
4.494692652627942486e+00 1.539663454555674216e-01
4.520672024073195239e+00 1.591683382899272969e-01
4.546801556562344082e+00 1.607107161510369919e-01
4.573082118027814502e+00 1.695730676316755114e-01
4.599514581418703507e+00 1.735978260619193414e-01
4.626099824729760002e+00 1.682619720824294063e-01
4.652838731030551678e+00 1.700571987732292234e-01
4.679732188494796219e+00 1.804403615971509611e-01
4.706781090429870140e+00 1.888810504706297799e-01
4.733986335306464177e+00 1.995356539499541504e-01
4.761348826788450062e+00 1.918646666609731266e-01
4.788869473762884077e+00 1.866403636357582829e-01
4.816549190370198019e+00 1.944719842988953118e-01
4.844388896034566017e+00 1.692614686327338636e-01
4.872389515494448098e+00 1.604006044981523549e-01
4.900551978833287414e+00 1.768618069840073026e-01
4.928877221510434836e+00 1.865831008125637402e-01
4.957366184392200559e+00 2.063462115449602174e-01
4.986019813783113541e+00 2.319412061668563729e-01
5.014839061457356806e+00 2.376355105460834227e-01
5.043824884690362609e+00 2.757472659106687263e-01
5.072978246290641202e+00 2.342287444025233922e-01
5.102300114631742822e+00 2.013271622756114265e-01
5.131791463684423960e+00 1.951628565423721429e-01
5.161453273049005475e+00 1.758786712403299091e-01
5.191286527987911903e+00 1.627848202275244405e-01
5.221292219458380401e+00 1.649146997811493931e-01
5.251471344145405951e+00 1.768231359865252983e-01
5.281824904494829553e+00 1.826438647805974647e-01
5.312353908746639597e+00 1.832142619934571948e-01
5.343059370968462396e+00 1.807103149064965830e-01
5.373942311089249912e+00 1.796104224973445740e-01
5.405003754933139781e+00 1.790169714206013007e-01
5.436244734253559585e+00 1.811409015899982933e-01
5.467666286767478567e+00 1.741578118523801066e-01
5.499269456189878724e+00 1.617674755245359919e-01
5.531055292268432844e+00 1.408799311730469794e-01
5.563024850818350409e+00 1.296854210750313929e-01
5.595179193757479297e+00 1.342456240857954619e-01
5.627519389141558470e+00 1.376323110575860265e-01
5.660046511199702479e+00 1.359709455119162691e-01
5.692761640370078702e+00 1.333651152200510948e-01
5.725665863335805739e+00 1.309853615288499862e-01
5.758760273061025892e+00 1.362081772080078745e-01
5.792045968827241431e+00 1.348338694513392388e-01
5.825524056269808071e+00 1.306425282627113327e-01
5.859195647414667363e+00 1.306008825731153067e-01
5.893061860715279821e+00 1.242469402176084314e-01
5.927123821089786304e+00 1.240230946360298264e-01
5.961382659958350594e+00 1.283527590079587832e-01
5.995839515280771082e+00 1.304900752918687623e-01
6.030495531594262104e+00 1.253892219893849580e-01
6.065351860051475086e+00 1.368098086880646380e-01
6.100409658458743500e+00 1.542957926071930885e-01
6.135670091314512575e+00 1.530531149765690102e-01
6.171134329848062094e+00 1.520290772163240267e-01
6.206803552058381079e+00 1.588396348113301215e-01
6.242678942753306259e+00 1.512326034028001753e-01
6.278761693588877257e+00 1.421426879754405515e-01
6.315053003108923591e+00 1.358065937726176953e-01
6.351554076784851510e+00 1.309742064334224743e-01
6.388266127055725718e+00 1.261626419390252940e-01
6.425190373368511843e+00 1.260629897532062615e-01
6.462328042218596025e+00 1.319982441936674578e-01
6.499680367190518560e+00 1.370589391526122469e-01
6.537248588998957999e+00 1.489911728949001590e-01
6.575033955529916874e+00 1.436040054764437246e-01
6.613037721882214726e+00 1.281274260803232090e-01
6.651261150409145451e+00 1.221215227021544558e-01
6.689705510760421525e+00 1.286137882409624233e-01
6.728372079924347382e+00 1.261269456336572836e-01
6.767262142270216607e+00 1.225967297673661860e-01
6.806376989591010229e+00 1.247422264545896692e-01
6.845717921146279750e+00 1.188158960904704686e-01
6.885286243705309062e+00 1.171292456618317074e-01
6.925083271590525058e+00 1.225007959466896390e-01
6.965110326721157818e+00 1.276544500341969812e-01
7.005368738657123728e+00 1.284724903655473649e-01
7.045859844643230119e+00 1.311236847121510507e-01
7.086584989653569089e+00 1.307072278161908740e-01
7.127545526436194656e+00 1.148372453879936556e-01
7.168742815558059256e+00 1.117383598782327597e-01
7.210178225450215805e+00 1.129892179121703144e-01
7.251853132453240036e+00 1.093905841272571899e-01
7.293768920862992111e+00 1.146795867059515889e-01
7.335926982976571864e+00 1.157222162919090552e-01
7.378328719138569802e+00 1.205181636527077327e-01
7.420975537787583676e+00 1.232771905884439967e-01
7.463868855503007715e+00 1.118558602167357974e-01
7.507010097052058128e+00 1.141270376457758362e-01
7.550400695437144982e+00 1.280597518347296460e-01
7.594042091943437711e+00 1.266675959253770467e-01
7.637935736186750368e+00 1.184500089604482997e-01
7.682083086161699548e+00 1.251653764078063669e-01
7.726485608290103890e+00 1.288562256482535251e-01
7.771144777469737974e+00 1.089205827732449838e-01
7.816062077123293150e+00 9.920598200194506722e-02
7.861238999247660786e+00 9.423229678733480164e-02
7.906677044463489068e+00 9.412966990940176137e-02
7.952377722065040011e+00 1.560635033959383855e-01
7.998342550070284496e+00 1.624055469829892573e-01
