2.511886431509579437e-02 1.003295958245605801e+00
2.526405161860213050e-02 9.970942931541457721e-01
2.541007810627042562e-02 9.939542095635334196e-01
2.555694862859406516e-02 9.888123226839052871e-01
2.570466806410236227e-02 9.838961293123523744e-01
2.585324131952258450e-02 9.786306016413437447e-01
2.600267332994290678e-02 9.734396509556124677e-01
2.615296905897638788e-02 9.682938389714960126e-01
2.630413349892583852e-02 9.632687239503938681e-01
2.645617167094958117e-02 9.583760812057705580e-01
2.660908862522835469e-02 9.536355362600676955e-01
2.676288944113292337e-02 9.488753657919233309e-01
2.691757922739292791e-02 9.437540857108587256e-01
2.707316312226650673e-02 9.383129096140002678e-01
2.722964629371095457e-02 9.327579054869821196e-01
2.738703393955444973e-02 9.271636503150813002e-01
2.754533128766867636e-02 9.216017772552089760e-01
2.770454359614242176e-02 9.161056496955147788e-01
2.786467615345633933e-02 9.106988182629287554e-01
2.802573427865854422e-02 9.051389077553002593e-01
2.818772332154127064e-02 8.992610637841222943e-01
2.835064866281864979e-02 8.932340658423901791e-01
2.851451571430539678e-02 8.871854798259728447e-01
2.867932991909653145e-02 8.811859576156586549e-01
2.884509675174826843e-02 8.752786753608187142e-01
2.901182171845980567e-02 8.694714832704295571e-01
2.917951035725619563e-02 8.637555498593925130e-01
2.934816823817239240e-02 8.581014368440457174e-01
2.951780096343814899e-02 8.525326948513187730e-01
2.968841416766421215e-02 8.470954438589486379e-01
2.986001351802944001e-02 8.418024404565221941e-01
3.003260471446899879e-02 8.366674225097485706e-01
3.020619348986378766e-02 8.316933338469938430e-01
3.038078561023081769e-02 8.268890059533565706e-01
3.055638687491469066e-02 8.222750456274001696e-01
3.073300311678033025e-02 8.178514528691246399e-01
3.091064020240668481e-02 8.136005647083328629e-01
3.108930403228154019e-02 8.095164934882923546e-01
3.126900054099761295e-02 8.055962953806370397e-01
3.144973569744963920e-02 8.018331014525121869e-01
3.163151550503255638e-02 7.982573312637021301e-01
3.181434600184106232e-02 7.949062733068452680e-01
3.199823326087009728e-02 7.917269386713499113e-01
3.218318339021652985e-02 7.886633946182585175e-01
3.236920253328214730e-02 7.857264351849136963e-01
3.255629686897762443e-02 7.829209667519257954e-01
3.274447261192782455e-02 7.802489518715388650e-01
3.293373601267822470e-02 7.777604356259784080e-01
3.312409335790250653e-02 7.754652307764650088e-01
3.331555097061136145e-02 7.733299739348484803e-01
3.350811521036261426e-02 7.713154140562461514e-01
3.370179247347232510e-02 7.693921128569958245e-01
3.389658919322740410e-02 7.675718456505626897e-01
3.409251184009919750e-02 7.659017136908055079e-01
3.428956692195841288e-02 7.644288182315838176e-01
3.448776098429136294e-02 7.631433465116768122e-01
3.468710061041735404e-02 7.620227291802769143e-01
3.488759242170727526e-02 7.610581347522855644e-01
3.508924307780367929e-02 7.602220874962850594e-01
3.529205927684192501e-02 7.595293065541061095e-01
3.549604775567258980e-02 7.590337621124625400e-01
3.570121529008542238e-02 7.587334916191101897e-01
3.590756869503420462e-02 7.586255512456829830e-01
3.611511482486330638e-02 7.587069971638145116e-01
3.632386057353523962e-02 7.589758668212607251e-01
3.653381287485973905e-02 7.594076283149698847e-01
3.674497870272393912e-02 7.599767684657684486e-01
3.695736507132423021e-02 7.607146881095623314e-01
3.717097903539903075e-02 7.616498442538917057e-01
3.738582769046329413e-02 7.627979373167094179e-01
3.760191817304411876e-02 7.641766302682128087e-01
3.781925766091774610e-02 7.656220499960166848e-01
3.803785337334809891e-02 7.670704135521867473e-01
3.825771257132654091e-02 7.686502681087136191e-01
3.847884255781295476e-02 7.704057710910905410e-01
3.870125067797849233e-02 7.723918739621529195e-01
3.892494431944945599e-02 7.744888610350089131e-01
3.914993091255265789e-02 7.764445443462874019e-01
3.937621793056233360e-02 7.783040625976032079e-01
3.960381288994833243e-02 7.802469893192947037e-01
3.983272335062570252e-02 7.823322010786859515e-01
4.006295691620595512e-02 7.846077804057580707e-01
4.029452123424955012e-02 7.866880857845388597e-01
4.052742399651988042e-02 7.885368099985120560e-01
4.076167293923887297e-02 7.905013247948889932e-01
4.099727584334383890e-02 7.926679824724117696e-01
4.123424053474603751e-02 7.951457046806295059e-01
4.147257488459059338e-02 7.976342209261898519e-01
4.171228680951784978e-02 8.001109618582855632e-01
4.195338427192649156e-02 8.028938609404661086e-01
4.219587528023795858e-02 8.060908585461584730e-01
4.243976788916238585e-02 8.097922320785930772e-01
4.268507019996626434e-02 8.138527526717039828e-01
4.293179036074151744e-02 8.182351318328526801e-01
4.317993656667604152e-02 8.230865609803490468e-01
4.342951706032609216e-02 8.284668979576393921e-01
4.368054013188996804e-02 8.344173563618502154e-01
4.393301411948334623e-02 8.411440041786156785e-01
4.418694740941636612e-02 8.486811860722078826e-01
4.444234843647213579e-02 8.569160552885894955e-01
4.469922568418681352e-02 8.658701999024456253e-01
4.495758768513159753e-02 8.754356795403492875e-01
4.521744302119593689e-02 8.850423727753796710e-01
4.547880032387276866e-02 8.946853732269266501e-01
4.574166827454511502e-02 9.048445249186803929e-01
4.600605560477452616e-02 9.158063604782845646e-01
4.627197109659098723e-02 9.271037924716353240e-01
4.653942358278480296e-02 9.379822195608638058e-01
4.680842194719982141e-02 9.487399496870783100e-01
4.707897512502866311e-02 9.598430890082598754e-01
4.735109210310945588e-02 9.712455175466717661e-01
4.762478192022426976e-02 9.783146307300385480e-01
4.790005366739954334e-02 9.793400642775980103e-01
4.817691648820784933e-02 9.782479039537379517e-01
4.845537957907175564e-02 9.770281777340092955e-01
4.873545218956924774e-02 9.778082922510522579e-01
4.901714362274099679e-02 9.807933342143783095e-01
4.930046323539925834e-02 9.852993541669073929e-01
4.958542043843887359e-02 9.909711301524514182e-01
4.987202469714965836e-02 9.978106247232544357e-01
5.016028553153097091e-02 1.005974842058847019e+00
5.045021251660784106e-02 1.015404905591905438e+00
5.074181528274907677e-02 1.025963436665340289e+00
5.103510351598705003e-02 1.037797626697461784e+00
5.133008695833959217e-02 1.051604181734936416e+00
5.162677540813340182e-02 1.067687297375605082e+00
5.192517872032970105e-02 1.085821280111392895e+00
5.222530680685147364e-02 1.106457516958450071e+00
5.252716963691266006e-02 1.132284704491238747e+00
5.283077723734942721e-02 1.165098578013140207e+00
5.313613969295318679e-02 1.204388873940680282e+00
5.344326714680543849e-02 1.253815752209166634e+00
5.375216980061491706e-02 1.333171552200679288e+00
5.406285791505632127e-02 1.462160298446312234e+00
5.437534181011107609e-02 1.646699085962125775e+00
5.468963186541032917e-02 1.900172521053106633e+00
5.500573852057948770e-02 2.114336034694106026e+00
5.532367227558519784e-02 2.125856216367166152e+00
5.564344369108398941e-02 1.947784038495770087e+00
5.596506338877313413e-02 1.733502771720122793e+00
5.628854205174332881e-02 1.591649495514198653e+00
5.661389042483377931e-02 1.503481835946529621e+00
5.694111931498885282e-02 1.445076281161135512e+00
5.727023959161724881e-02 1.415549682648156393e+00
5.760126218695296035e-02 1.410751242411251605e+00
5.793419809641841417e-02 1.425077873793421546e+00
5.826905837898961604e-02 1.456253016191472183e+00
5.860585415756369709e-02 1.472915084744160108e+00
5.894459661932811845e-02 1.447303777958226290e+00
5.928529701613251268e-02 1.396768057671804897e+00
5.962796666486229469e-02 1.336890588703311122e+00
5.997261694781454155e-02 1.281615304747308892e+00
6.031925931307623168e-02 1.233140264317226897e+00
6.066790527490428103e-02 1.191377152562079322e+00
6.101856641410823012e-02 1.158602530085060422e+00
6.137125437843479747e-02 1.133256167852084495e+00
6.172598088295483398e-02 1.112561054437703145e+00
6.208275771045231733e-02 1.095320032972996183e+00
6.244159671181598315e-02 1.080071002036083749e+00
6.280250980643269088e-02 1.066421451178139357e+00
6.316550898258359303e-02 1.053890555099351145e+00
6.353060629784218483e-02 1.038955532521500080e+00
6.389781387947492119e-02 1.021871515236323358e+00
6.426714392484385308e-02 1.005896339969081899e+00
6.463860870181208085e-02 9.900487305977088148e-01
6.501222054915094251e-02 9.742344846144862514e-01
6.538799187695008841e-02 9.599892991504478390e-01
6.576593516702965159e-02 9.467577719205039211e-01
6.614606297335466623e-02 9.339354368334618073e-01
6.652838792245242827e-02 9.226880499223363286e-01
6.691292271383147972e-02 9.134669982032781466e-01
6.729968012040381253e-02 9.057904751003524879e-01
6.768867298890894613e-02 9.005308350860762312e-01
6.807991424034069705e-02 8.994798883593431160e-01
6.847341687037629410e-02 9.055520250026902751e-01
6.886919394980822728e-02 9.225545963697352470e-01
6.926725862497820629e-02 9.534235806177012718e-01
6.966762411821400547e-02 9.904412410465355254e-01
7.007030372826857090e-02 1.009399495724859097e+00
7.047531083076181979e-02 1.012088192299321010e+00
7.088265887862478520e-02 1.025482611365527763e+00
7.129236140254673060e-02 1.053870929576909976e+00
7.170443201142430445e-02 1.080326133827820945e+00
7.211888439281383123e-02 1.080610703903220227e+00
7.253573231338585059e-02 1.057295583242921611e+00
7.295498961938230720e-02 1.026100815322429582e+00
7.337667023707672431e-02 9.941504647879465528e-01
7.380078817323644513e-02 9.628526628746376659e-01
7.422735751558823258e-02 9.351738072995097184e-01
7.465639243328600627e-02 9.140381009063208717e-01
7.508790717738160481e-02 8.989490179773053091e-01
7.552191608129793510e-02 8.896779211760215134e-01
7.595843356130543844e-02 8.863975150999534591e-01
7.639747411700059665e-02 8.880539091940015117e-01
7.683905233178781047e-02 8.936000818359211006e-01
7.728318287336367887e-02 9.022402180907159730e-01
7.772988049420428980e-02 9.133816271806582954e-01
7.817916003205507836e-02 9.193683928013856033e-01
7.863103641042397396e-02 9.162440096287260971e-01
7.908552463907676799e-02 9.129547720675594835e-01
7.954263981453599253e-02 9.178022761105675276e-01
8.000239712058217212e-02 9.342445388119127170e-01
8.046481182875830918e-02 9.603180266513400287e-01
8.092989929887701994e-02 9.894599649244689710e-01
8.139767497953076525e-02 1.016337117907868626e+00
8.186815440860513438e-02 1.023107923150126997e+00
8.234135321379483508e-02 1.007662636988801541e+00
8.281728711312283386e-02 9.936009501595893800e-01
8.329597191546232737e-02 9.907650621668173674e-01
8.377742352106211376e-02 9.972709228561178474e-01
8.426165792207447602e-02 1.012745647301105612e+00
8.474869120308657633e-02 1.036364963559244678e+00
8.523853954165466762e-02 1.068845203199643601e+00
8.573121920884146929e-02 1.114101657949347679e+00
8.622674656975649887e-02 1.174724896770611871e+00
8.672513808409994251e-02 1.250587353767568022e+00
8.722641030670905127e-02 1.342297420135897035e+00
8.773057988810836760e-02 1.420701382289005110e+00
8.823766357506258873e-02 1.415304363617639893e+00
8.874767821113291322e-02 1.355054009722760799e+00
8.926064073723644077e-02 1.318786044251185396e+00
8.977656819220893036e-02 1.313153519310523931e+00
9.029547771337091688e-02 1.324045684265461320e+00
9.081738653709675591e-02 1.339167149306505156e+00
9.134231199938727674e-02 1.348940659482286808e+00
9.187027153644546085e-02 1.343671206706789967e+00
9.240128268525588107e-02 1.329315137040958161e+00
9.293536308416693037e-02 1.312927825802448600e+00
9.347253047347692245e-02 1.297276471655488983e+00
9.401280269602330097e-02 1.280486837206932460e+00
9.455619769777530437e-02 1.260458991555556407e+00
9.510273352842993355e-02 1.236496228654693885e+00
9.565242834201181932e-02 1.207479893725189379e+00
9.620530039747586526e-02 1.175509917668265070e+00
9.676136805931405405e-02 1.141116189589836516e+00
9.732064979816532069e-02 1.105525304642486883e+00
9.788316419142908953e-02 1.067471416628750447e+00
9.844892992388228070e-02 1.027700295401398067e+00
9.901796578830000806e-02 9.894010883571451309e-01
9.959029068607995472e-02 9.541821070600586818e-01
1.001659236278700377e-01 9.236526443503276784e-01
1.007448837341998471e-01 8.977332168620649755e-01
1.013271902361159299e-01 8.763355097442842023e-01
1.019128624758204177e-01 8.592289231083000134e-01
1.025019199073136378e-01 8.451485920327688195e-01
1.030943820970401520e-01 8.334046794038776351e-01
1.036902687245389171e-01 8.220817342313531118e-01
1.042895995830967204e-01 8.099521800864899479e-01
1.048923945804057928e-01 7.975792694633543345e-01
1.054986737392250712e-01 7.857676487820405287e-01
1.061084571980452224e-01 7.755672834931599535e-01
1.067217652117575799e-01 7.671489156419519784e-01
1.073386181523270227e-01 7.584813036557391808e-01
1.079590365094685589e-01 7.474753106706419903e-01
1.085830408913279893e-01 7.352407599807176952e-01
1.092106520251663743e-01 7.232152211047935264e-01
1.098418907580486492e-01 7.147644711415573893e-01
1.104767780575359459e-01 7.114114506324564768e-01
1.111153350123821049e-01 7.142865896701110495e-01
1.117575828332342536e-01 7.242190665776675473e-01
1.124035428533372433e-01 7.412667766463276742e-01
1.130532365292423180e-01 7.652874348383919001e-01
1.137066854415197809e-01 7.938317759531825502e-01
1.143639112954759340e-01 8.237283155641805799e-01
1.150249359218739331e-01 8.502620219048568906e-01
1.156897812776589568e-01 8.666993782255917322e-01
1.163584694466876512e-01 8.672106230851884812e-01
1.170310226404614878e-01 8.539849835119770471e-01
1.177074631988646730e-01 8.349492080200102695e-01
1.183878135909062629e-01 8.204675350105539167e-01
1.190720964154663303e-01 8.170693757998376272e-01
1.197603344020467531e-01 8.182292441761201962e-01
1.204525504115261381e-01 8.117400651808949208e-01
1.211487674369193246e-01 7.799575128632851850e-01
1.218490086041408849e-01 7.315040605078887426e-01
1.225532971727734816e-01 6.871170164023355786e-01
1.232616565368404721e-01 6.523278340467143499e-01
1.239741102255828148e-01 6.262553274834090633e-01
1.246906819042407494e-01 6.069644201997050903e-01
1.254113953748399735e-01 5.924964850559576446e-01
1.261362745769819826e-01 5.802001139703429899e-01
1.268653435886395453e-01 5.662139854025302066e-01
1.275986266269562852e-01 5.465541182969291256e-01
1.283361480490512463e-01 5.285643831510852264e-01
1.290779323528278288e-01 5.147902102256386447e-01
1.298240041777875831e-01 5.039265022782410952e-01
1.305743883058487209e-01 4.949782453211172828e-01
1.313291096621690413e-01 4.873605987855155752e-01
1.320881933159741561e-01 4.808753448947785114e-01
1.328516644813900749e-01 4.756461244402864774e-01
1.336195485182806453e-01 4.719889083333448365e-01
1.343918709330900185e-01 4.704041473962076170e-01
1.351686573796898327e-01 4.713177154658514945e-01
1.359499336602315311e-01 4.748748414083422964e-01
1.367357257260030934e-01 4.798351922053881724e-01
1.375260596782912625e-01 4.837828660444613571e-01
1.383209617692485738e-01 4.850104424731665476e-01
1.391204584027652402e-01 4.827809831238315530e-01
1.399245761353461737e-01 4.785938779109740193e-01
1.407333416769932510e-01 4.740957081674214701e-01
1.415467818920924381e-01 4.697987000288926240e-01
1.423649238003061035e-01 4.661140081905331134e-01
1.431877945774705507e-01 4.638678671471230808e-01
1.440154215564987683e-01 4.638001590947004593e-01
1.448478322282882313e-01 4.670491643348624877e-01
1.456850542426340045e-01 4.753958990291595188e-01
1.465271154091474515e-01 4.928812582482613447e-01
1.473740436981796631e-01 5.216022290650238480e-01
1.482258672417506584e-01 5.491966948936540804e-01
1.490826143344838317e-01 5.515144690939749461e-01
1.499443134345459228e-01 5.281071084782023028e-01
1.508109931645919832e-01 5.027803717676675443e-01
1.516826823127164214e-01 4.820244192337183042e-01
1.525594098334091819e-01 4.658157002494249799e-01
1.534412048485173929e-01 4.525478658029646883e-01
1.543280966482127869e-01 4.418921883934452399e-01
1.552201146919646169e-01 4.343373435296557505e-01
1.561172886095181789e-01 4.305339172805262571e-01
1.570196482018790252e-01 4.300923430255964020e-01
1.579272234423027277e-01 4.311452523045736784e-01
1.588400444772908315e-01 4.307605920647236131e-01
1.597581416275917487e-01 4.294761016209386884e-01
1.606815453892082024e-01 4.308871766844701856e-01
1.616102864344102497e-01 4.385646810635179804e-01
1.625443956127538836e-01 4.559470062898027809e-01
1.634839039521058524e-01 4.829576128258035173e-01
1.644288426596743347e-01 5.071735449661590733e-01
1.653792431230455828e-01 5.028706491708977433e-01
1.663351369112262834e-01 4.750642276999010871e-01
1.672965557756923849e-01 4.458143490533448272e-01
1.682635316514438095e-01 4.235020925897982069e-01
1.692360966580649384e-01 4.097809085749432589e-01
1.702142831007917856e-01 4.035988690059247319e-01
1.711981234715850009e-01 4.041395521491832898e-01
1.721876504502090899e-01 4.111566576980803522e-01
1.731828969053178791e-01 4.228632818343329158e-01
1.741838958955464201e-01 4.341881895591017115e-01
1.751906806706090836e-01 4.406803123826932289e-01
1.762032846724038426e-01 4.443856110196160447e-01
1.772217415361232173e-01 4.505391935810946769e-01
1.782460850913716033e-01 4.615461678423138925e-01
1.792763493632887617e-01 4.770326676007663469e-01
1.803125685736800821e-01 4.944522813196897126e-01
1.813547771421535060e-01 5.121123076885193415e-01
1.824030096872625850e-01 5.305848306864200392e-01
1.834573010276564775e-01 5.520090322594964904e-01
1.845176861832364401e-01 5.726128869945253941e-01
1.855842003763193415e-01 5.846766956392102088e-01
1.866568790328071992e-01 5.934551918272165105e-01
1.877357577833641822e-01 6.066808314004279445e-01
1.888208724646001924e-01 6.268234863580856020e-01
1.899122591202609955e-01 6.521109720237375784e-01
1.910099540024255971e-01 6.768832877253048164e-01
1.921139935727104175e-01 6.954637510966327207e-01
1.932244145034804905e-01 7.090043803050274374e-01
1.943412536790674328e-01 7.178250713662825966e-01
1.954645481969946030e-01 7.107539956306718754e-01
1.965943353692096995e-01 6.881552065394819229e-01
1.977306527233236300e-01 6.647066323265824472e-01
1.988735380038573475e-01 6.488668731641860088e-01
2.000230291734956534e-01 6.437691437100508951e-01
2.011791644143479663e-01 6.513259511260844903e-01
2.023419821292166965e-01 6.741366958596408665e-01
2.035115209428728922e-01 7.118765755143159346e-01
2.046878197033392410e-01 7.464636149887915462e-01
2.058709174831803157e-01 7.419988086333891841e-01
2.070608535808005912e-01 6.932862993817673347e-01
2.082576675217497619e-01 6.287899637067067005e-01
2.094613990600355524e-01 5.750013130756350677e-01
2.106720881794442723e-01 5.410138333117420206e-01
2.118897750948690872e-01 5.243694277292512140e-01
2.131145002536455058e-01 5.218092783267798129e-01
2.143463043368951104e-01 5.319723551230219893e-01
2.155852282608767823e-01 5.505488933898616821e-01
2.168313131783459469e-01 5.649491204811866174e-01
2.180846004799212312e-01 5.686161493493488983e-01
2.193451317954595303e-01 5.588603021437643648e-01
2.206129489954388734e-01 5.361457224701704494e-01
2.218880941923488948e-01 5.124282785998247602e-01
2.231706097420899648e-01 4.945533527602625767e-01
2.244605382453801201e-01 4.808429627827502939e-01
2.257579225491697927e-01 4.687909294515303360e-01
2.270628057480653939e-01 4.588672840290725641e-01
2.283752311857605299e-01 4.532337778122891292e-01
2.296952424564759343e-01 4.541816905462052745e-01
2.310228834064072811e-01 4.627717817187749216e-01
2.323581981351817149e-01 4.783583716416781040e-01
2.337012309973229007e-01 4.985834537935893707e-01
2.350520266037238737e-01 5.180186086672371459e-01
2.364106298231291869e-01 5.342126085096996491e-01
2.377770857836252472e-01 5.492712718789310999e-01
2.391514398741393099e-01 5.653190615792055285e-01
2.405337377459470793e-01 5.834373438970402725e-01
2.419240253141889951e-01 6.019707060145089716e-01
2.433223487593957901e-01 6.070164278341746433e-01
2.447287545290218747e-01 5.878040226402359014e-01
2.461432893389885190e-01 5.563060403980253366e-01
2.475660001752356676e-01 5.278117443654601892e-01
2.489969342952823017e-01 5.106874947592788816e-01
2.504361392297964617e-01 4.971723787300578734e-01
2.518836627841739007e-01 4.780355317975182872e-01
2.533395530401260642e-01 4.523555356830396557e-01
2.548038583572773130e-01 4.238327826429346135e-01
2.562766273747711931e-01 4.039432969247699901e-01
2.577579090128856998e-01 3.941432922936924932e-01
2.592477524746588102e-01 3.910630665465260059e-01
2.607462072475227322e-01 3.913554868309018220e-01
2.622533231049470337e-01 3.936909240014199174e-01
2.637691501080930423e-01 3.960263611719380128e-01
2.652937386074759596e-01 3.990810737399308472e-01
2.668271392446371348e-01 4.010926897901670451e-01
2.683694029538270520e-01 4.013154394698761340e-01
2.699205809636965880e-01 4.069558146195140225e-01
2.714807247989985406e-01 4.201510346329412893e-01
2.730498862822996475e-01 4.309205400726204283e-01
2.746281175357012105e-01 4.407990467934632117e-01
2.762154709825712651e-01 4.517481257634805014e-01
2.778119993492854656e-01 4.504498974539866141e-01
2.794177556669779627e-01 4.360192508028776226e-01
2.810327932733039380e-01 4.146843453569092341e-01
2.826571658142107979e-01 3.952648909012144163e-01
2.842909272457196934e-01 3.834140191750181614e-01
2.859341318357184192e-01 3.820490640892237333e-01
2.875868341657639160e-01 3.868425979455182850e-01
2.892490891328946545e-01 3.849271469552446034e-01
2.909209519514548425e-01 3.773055753151545733e-01
2.926024781549284581e-01 3.702668816915720695e-01
2.942937235977828858e-01 3.651161633268453222e-01
2.959947444573255426e-01 3.597613395287287963e-01
2.977055972355692748e-01 3.521113108810988712e-01
2.994263387611086902e-01 3.436792051641819890e-01
3.011570261910088142e-01 3.385186740382346016e-01
3.028977170127025720e-01 3.408678490744616596e-01
3.046484690459013711e-01 3.430610012072801140e-01
3.064093404445150659e-01 3.338105112045598455e-01
3.081803896985833569e-01 3.263076739752399091e-01
3.099616756362194026e-01 3.311522341898818778e-01
3.117532574255635347e-01 3.472530128007479400e-01
3.135551945767480198e-01 3.627395125592004499e-01
3.153675469438748658e-01 3.714758138739578941e-01
3.171903747270033436e-01 3.822001806120219336e-01
3.190237384741493876e-01 4.009082098792185467e-01
3.208676990832974307e-01 4.271671589057163265e-01
3.227223178044230090e-01 4.534683028054629639e-01
3.245876562415266342e-01 4.656969658386548860e-01
3.264637763546810456e-01 4.624558108074694474e-01
3.283507404620888970e-01 4.554357614302061985e-01
3.302486112421523790e-01 4.526705253182229938e-01
3.321574517355558864e-01 4.579311466086211646e-01
3.340773253473591775e-01 4.718269977732039155e-01
3.360082958491044103e-01 4.848818953011758137e-01
3.379504273809338932e-01 4.903662475474050986e-01
3.399037844537201591e-01 4.918322740737723353e-01
3.418684319512097503e-01 4.888992397449157812e-01
3.438444351321779946e-01 4.839192634254286252e-01
3.458318596325960503e-01 4.796301054958762022e-01
3.478307714678123830e-01 4.790334896136598242e-01
3.498412370347446232e-01 4.765106287038269883e-01
3.518633231140849693e-01 4.671031345215760910e-01
3.538970968725191901e-01 4.481841308881352459e-01
3.559426258649572294e-01 4.233823769029060879e-01
3.579999780367765227e-01 4.000211362648704583e-01
3.600692217260801353e-01 3.808234502127627596e-01
3.621504256659661136e-01 3.648747694008169784e-01
3.642436589868098817e-01 3.545576322534105262e-01
3.663489912185618480e-01 3.541199831029688272e-01
3.684664922930561692e-01 3.657588991867988248e-01
3.705962325463332818e-01 3.810726943477675821e-01
3.727382827209774208e-01 3.890210309365057517e-01
3.748927139684648524e-01 3.894547549824590726e-01
3.770595978515288715e-01 3.903810796416898321e-01
3.792390063465359562e-01 4.022191947782992605e-01
3.814310118458763554e-01 4.185201537180669451e-01
3.836356871603694985e-01 4.255794541402128095e-01
3.858531055216822825e-01 4.312276794988272877e-01
3.880833405847607942e-01 4.388992962211426541e-01
3.903264664302779630e-01 4.362233562362675121e-01
3.925825575670940371e-01 4.167950702954741349e-01
3.948516889347303827e-01 3.909031185386291907e-01
3.971339359058604912e-01 3.682817600966316052e-01
3.994293742888124776e-01 3.514450243942157659e-01
4.017380803300868997e-01 3.417823984202275622e-01
4.040601307168905088e-01 3.400779217961981682e-01
4.063956025796829352e-01 3.476622049436496331e-01
4.087445734947380283e-01 3.650572867595213156e-01
4.111071214867221824e-01 3.898021267296706283e-01
4.134833250312844322e-01 4.127953888219312861e-01
4.158732630576643108e-01 4.201176712447911021e-01
4.182770149513134750e-01 4.115413179379303621e-01
4.206946605565314856e-01 4.015156197987777009e-01
4.231262801791195738e-01 4.025930609808066607e-01
4.255719545890473410e-01 4.172219254085730022e-01
4.280317650231349469e-01 4.340017470959091073e-01
4.305057931877529498e-01 4.329792573767158870e-01
4.329941212615355806e-01 4.171816930875683616e-01
4.354968318981098929e-01 4.000181924365042718e-01
4.380140082288422887e-01 3.864873759893301952e-01
4.405457338655994204e-01 3.777638312641596330e-01
4.430920929035247480e-01 3.684417081045284759e-01
4.456531699238333033e-01 3.567537282145951671e-01
4.482290499966203323e-01 3.435202384324071989e-01
4.508198186836865351e-01 3.291435619680118663e-01
4.534255620413813470e-01 3.163987476946130140e-01
4.560463666234608748e-01 3.106896832164305344e-01
4.586823194839622087e-01 3.169188240393082112e-01
4.613335081800964965e-01 3.326633994178641585e-01
4.640000207751556194e-01 3.481037791985795438e-01
4.666819458414390720e-01 3.605591170159687664e-01
4.693793724631949438e-01 3.674643570869502995e-01
4.720923902395786631e-01 3.730949194753674925e-01
4.748210892876304490e-01 3.837201773251028292e-01
4.775655602452679171e-01 3.845444492676386994e-01
4.803258942742961168e-01 3.606837390834712331e-01
4.831021830634371073e-01 3.400494647886582733e-01
4.858945188313745223e-01 3.365463090328810747e-01
4.887029943298164536e-01 3.455701242514040428e-01
4.915277028465775411e-01 3.570952123050742943e-01
4.943687382086768833e-01 3.593178027215547798e-01
4.972261947854541564e-01 3.540189116623960186e-01
5.001001674917054940e-01 3.536421016315224874e-01
5.029907517908354109e-01 3.558077780329231277e-01
5.058980436980275996e-01 3.454621838779767251e-01
5.088221397834349347e-01 3.327526955449722212e-01
5.117631371753864622e-01 3.221451006654340588e-01
5.147211335636141527e-01 3.200500761448222264e-01
5.176962272024980827e-01 3.332403897776392565e-01
5.206885169143288250e-01 3.679805083271572852e-01
5.236981020925914887e-01 4.001055260113681733e-01
5.267250827052667450e-01 4.017678077621487098e-01
5.297695592981502832e-01 4.073326246503874426e-01
5.328316329981945820e-01 4.304760219893243312e-01
5.359114055168668900e-01 4.474491550727074940e-01
5.390089791535270791e-01 4.494960970633380404e-01
5.421244567988269258e-01 4.366717994240518763e-01
5.452579419381275994e-01 4.221126056009520955e-01
5.484095386549359130e-01 4.198821649754951868e-01
5.515793516343632241e-01 4.295958173078307518e-01
5.547674861666017643e-01 4.402092998441013427e-01
5.579740481504216199e-01 4.354736612790087169e-01
5.611991440966896949e-01 4.274821485408996646e-01
5.644428811319066597e-01 4.260857926191990996e-01
5.677053670017649933e-01 4.148334993274633842e-01
5.709867100747291202e-01 4.005284560199788291e-01
5.742870193456336425e-01 3.903437911490513224e-01
5.776064044393048880e-01 3.890151432797733233e-01
5.809449756142023302e-01 3.812120355571010921e-01
5.843028437660793273e-01 3.614815165707112588e-01
5.876801204316687288e-01 3.543780587230723200e-01
5.910769177923870243e-01 3.633174841950975731e-01
5.944933486780595855e-01 3.719625268305028487e-01
5.979295265706701112e-01 3.824445183664164638e-01
6.013855656081297241e-01 3.920060728998318589e-01
6.048615805880666052e-01 3.928381950513441523e-01
6.083576869716416091e-01 3.998768886749267115e-01
6.118740008873820857e-01 4.194278341309783387e-01
6.154106391350390171e-01 4.209704001948667562e-01
6.189677191894675801e-01 4.040708628206386988e-01
6.225453592045292472e-01 3.839056385121734638e-01
6.261436780170150929e-01 3.640053587566661197e-01
6.297627951505950783e-01 3.494147640976603131e-01
6.334028308197864332e-01 3.443072218823045039e-01
6.370639059339481269e-01 3.461147324991508678e-01
6.407461421012968783e-01 3.454504085645119238e-01
6.444496616329448146e-01 3.433808972230737999e-01
6.481745875469649976e-01 3.356131154407959172e-01
6.519210435724759334e-01 3.236847229009562898e-01
6.556891541537508417e-01 3.163035639107725783e-01
6.594790444543533470e-01 3.091510422570303285e-01
6.632908403612935988e-01 2.990752990356522201e-01
6.671246684892090384e-01 2.922740742336097375e-01
6.709806561845721440e-01 2.903056343327444777e-01
6.748589315299192704e-01 2.877827734229116419e-01
6.787596233481042463e-01 2.911593445589422680e-01
6.826828612065795054e-01 3.082315865306540781e-01
6.866287754216984229e-01 3.277933260240484814e-01
6.905974970630435195e-01 3.280582705770063723e-01
6.945891579577818664e-01 3.160150687308850292e-01
6.986038906950429173e-01 3.015304518930623789e-01
7.026418286303216520e-01 2.960951634529364607e-01
7.067031058899108098e-01 3.091265103539787007e-01
7.107878573753529938e-01 3.254549450251641440e-01
7.148962187679240854e-01 3.279630867931659921e-01
7.190283265331394169e-01 3.253460233756148012e-01
7.231843179252852583e-01 3.313426017575628046e-01
7.273643309919801681e-01 3.402054876920668214e-01
7.315685045787596597e-01 3.396088718098503878e-01
7.357969783336865133e-01 3.250349588449197302e-01
7.400498927119919523e-01 3.166126658892234880e-01
7.443273889807401344e-01 3.170248018604914231e-01
7.486296092235191768e-01 3.147943612350344034e-01
7.529566963451627126e-01 3.121517846383095041e-01
7.573087940764960946e-01 3.111391076803369238e-01
7.616860469791092436e-01 3.091480984286641420e-01
7.660886004501606950e-01 3.175399718245763281e-01
7.705166007272060691e-01 3.485149338937253982e-01
7.749701948930545203e-01 4.006040142813779847e-01
7.794495308806568268e-01 4.423023618124690137e-01
7.839547574780165728e-01 4.307203597437188614e-01
7.884860243331343055e-01 3.922788676617663395e-01
7.930434819589780027e-01 3.601440372163347003e-01
7.976272817384808533e-01 3.405881853796727254e-01
8.022375759295721220e-01 3.283634474509690704e-01
8.068745176702336597e-01 3.093168779216595721e-01
8.115382609835852801e-01 2.944583948813296326e-01
8.162289607830032212e-01 2.939010300439958701e-01
8.209467728772645856e-01 3.075024983719587546e-01
8.256918539757219788e-01 3.226651770101292560e-01
8.304643616935105666e-01 3.288982429374952554e-01
8.352644545567829981e-01 3.224708843379601175e-01
8.400922920079733069e-01 3.063171168165024771e-01
8.449480344110958940e-01 2.963758084238474200e-01
8.498318430570707127e-01 2.945368969710949192e-01
8.547438801690798726e-01 3.014323242808557568e-01
8.596843089079587719e-01 3.058127408897603483e-01
8.646532933776126528e-01 3.042269986765009371e-01
8.696509986304700179e-01 2.928441956605303265e-01
8.746775906729644667e-01 2.835024469784578893e-01
8.797332364710471753e-01 2.920415117926799531e-01
8.848181039557355687e-01 3.184319518195347087e-01
8.899323620286901937e-01 3.444583384051027597e-01
8.950761805678236760e-01 3.608446683674901290e-01
9.002497304329459826e-01 3.731812717741093688e-01
9.054531834714387717e-01 3.866787248331332028e-01
9.106867125239620497e-01 4.072138902396174598e-01
9.159504914301977996e-01 4.165683955112767789e-01
9.212446950346235841e-01 3.989221070081560572e-01
9.265694991923183466e-01 3.875952367311432112e-01
9.319250807748065135e-01 3.914379140251553757e-01
9.373116176759319629e-01 3.879141514708148164e-01
9.427292888177655206e-01 3.773516952928916979e-01
9.481782741565508710e-01 3.801453884124148530e-01
9.536587546886805544e-01 3.762467783794448684e-01
9.591709124567069367e-01 3.645637048701219074e-01
9.647149305553922582e-01 3.717289831134510392e-01
9.702909931377862174e-01 3.915154348387986372e-01
9.758992854213467405e-01 3.917764542872682609e-01
9.815399936940907288e-01 3.807596672648284608e-01
9.872133053207802211e-01 3.656745094403011098e-01
9.929194087491489684e-01 3.462177664919678377e-01
9.986584935161608723e-01 3.421248637868287701e-01
1.004430750254303728e+00 3.507650000416236979e-01
1.010236370697924935e+00 3.627630631861299970e-01
1.016075547689597958e+00 3.763880821410224842e-01
1.021948475186527761e+00 3.793848994178133371e-01
1.027855348266994762e+00 3.687684730531765598e-01
1.033796363136834096e+00 3.750093891895190934e-01
1.039771717135951290e+00 3.907902717845915253e-01
1.045781608744880131e+00 4.118886896851419177e-01
1.051826237591374280e+00 4.456612699783024101e-01
1.057905804457035748e+00 4.617767677309994601e-01
1.064020511283988890e+00 4.541915033074259700e-01
1.070170561181583713e+00 4.563915243730988780e-01
1.076356158433145582e+00 4.575700369957007019e-01
1.082577508502760022e+00 4.497473037505870797e-01
1.088834818042095476e+00 4.543808895989848162e-01
1.095128294897270704e+00 4.596591738595801613e-01
1.101458148115757263e+00 4.490456913233095149e-01
1.107824587953321727e+00 4.279070411017544262e-01
1.114227825881013212e+00 4.206377475894862994e-01
1.120668074592185315e+00 4.512221617620529313e-01
1.127145548009560017e+00 4.871594371804919832e-01
1.133660461292336441e+00 4.789510624194062149e-01
1.140213030843336250e+00 4.870524780831868017e-01
1.146803474316190341e+00 5.167272492905977677e-01
1.153432010622570836e+00 5.311235512774344913e-01
1.160098859939462601e+00 5.633516029544624049e-01
1.166804243716473621e+00 5.780619133003603860e-01
1.173548384683194445e+00 5.293915989219871721e-01
1.180331506856595603e+00 4.858356956918243319e-01
1.187153835548465874e+00 4.817663436136148114e-01
1.194015597372901416e+00 4.715561655635135407e-01
1.200917020253827294e+00 4.399551493284861725e-01
1.207858333432573428e+00 4.198164194753166711e-01
1.214839767475487387e+00 4.127237556650204531e-01
1.221861554281590267e+00 4.174888325137751099e-01
1.228923927090283863e+00 4.064435884837953039e-01
1.236027120489096909e+00 3.784909568706108507e-01
1.243171370421473965e+00 3.522594835755308851e-01
1.250356914194617142e+00 3.436360290148111063e-01
1.257583990487367132e+00 3.512173683338963293e-01
1.264852839358128644e+00 3.669805879587715314e-01
1.272163702252848472e+00 3.646441695121313553e-01
1.279516822013033517e+00 3.428235323857400929e-01
1.286912442883815677e+00 3.193131377771503132e-01
1.294350810522067352e+00 2.991616513343940409e-01
1.301832172004561583e+00 2.888101695227152099e-01
1.309356775836174380e+00 2.836211813892279276e-01
1.316924871958146337e+00 2.864551068297557790e-01
1.324536711756377994e+00 2.891408595758516165e-01
1.332192548069784932e+00 2.966525282902701677e-01
1.339892635198694837e+00 3.068970510046437616e-01
1.347637228913291185e+00 3.077438922979870428e-01
1.355426586462114891e+00 3.031034375167349082e-01
1.363260966580605249e+00 3.025254658808377850e-01
1.371140629499693731e+00 3.104620271561110978e-01
1.379065836954451285e+00 3.271888599328555136e-01
1.387036852192779834e+00 3.496061129414632651e-01
1.395053939984155722e+00 3.498494694197357147e-01
1.403117366628427343e+00 3.118897839137177441e-01
1.411227399964658957e+00 2.896746737862557208e-01
1.419384309380025577e+00 2.936576735657234205e-01
1.427588365818764915e+00 3.139965837477943778e-01
1.435839841791175742e+00 3.429216599979467150e-01
1.444139011382666204e+00 3.551189221952325004e-01
1.452486150262864761e+00 3.364687882192378132e-01
1.460881535694769973e+00 3.023252855519362181e-01
1.469325446543965796e+00 2.842639172491814303e-01
1.477818163287882181e+00 2.876718892211181378e-01
1.486359968025109168e+00 2.838743506287210727e-01
1.494951144484772509e+00 2.595612721522809752e-01
1.503591978035954568e+00 2.420739503809350435e-01
1.512282755697172298e+00 2.549698811771321516e-01
1.521023766145914724e+00 2.777256744478527328e-01
1.529815299728230382e+00 2.909405199837214462e-01
1.538657648468367833e+00 3.133322598131554337e-01
1.547551106078482119e+00 3.298795190595617544e-01
1.556495967968387184e+00 3.267472856779256030e-01
1.565492531255366693e+00 3.139072876206863705e-01
1.574541094774047689e+00 3.147521663617855459e-01
1.583641959086324214e+00 3.133361849176437008e-01
1.592795426491339539e+00 3.174565633542006382e-01
1.602001801035530804e+00 3.194230407028217922e-01
1.611261388522727822e+00 3.206457107509165794e-01
1.620574496524306296e+00 3.227897990776317227e-01
1.629941434389411858e+00 3.230439495932468930e-01
1.639362513255227638e+00 3.311836350257880146e-01
1.648838046057315765e+00 3.342373663176587129e-01
1.658368347540009280e+00 3.254755518237275602e-01
1.667953734266863997e+00 3.178471112507831320e-01
1.677594524631179640e+00 3.340224668469262137e-01
1.687291038866571835e+00 3.619623418705237849e-01
1.697043599057607821e+00 3.728280123701654403e-01
1.706852529150509445e+00 3.469340980610763903e-01
1.716718154963911225e+00 3.054270993737882578e-01
1.726640804199680579e+00 2.942170009553012888e-01
1.736620806453807120e+00 3.014823693630811485e-01
1.746658493227349673e+00 2.879250584606112828e-01
1.756754197937443251e+00 2.583807969774350455e-01
1.766908255928380411e+00 2.647865675022847420e-01
1.777121004482747679e+00 2.941443865222683751e-01
1.787392782832625482e+00 2.970008813136037484e-01
1.797723932170862682e+00 2.958066682730489116e-01
1.808114795662403074e+00 3.005727263979255381e-01
1.818565718455690483e+00 3.122351931086851384e-01
1.829077047694130043e+00 3.157648433197581261e-01
1.839649132527616748e+00 3.010044878916348088e-01
1.850282324124138622e+00 2.904812827585943613e-01
1.860976975681438272e+00 3.037687427274959329e-01
1.871733442438742401e+00 3.096789688107020599e-01
1.882552081688566581e+00 2.939412623650005663e-01
1.893433252788581767e+00 2.799600401777980196e-01
1.904377317173546302e+00 2.762360972945558935e-01
1.915384638367318981e+00 2.821100161612455914e-01
1.926455581994929611e+00 2.966839291261763045e-01
1.937590515794722412e+00 3.189804851717698009e-01
1.948789809630575354e+00 3.284115299809503008e-01
1.960053835504184105e+00 3.375511357818770652e-01
1.971382967567415045e+00 3.579940612328871286e-01
1.982777582134739092e+00 3.499466157558203117e-01
1.994238057695728816e+00 3.258376427127700481e-01
2.005764774927627947e+00 3.186095627976286981e-01
2.017358116708002580e+00 3.254245254653800878e-01
2.029018468127450348e+00 3.161504848357302166e-01
2.040746216502401289e+00 3.151486019151003570e-01
2.052541751387976898e+00 3.217869348808798380e-01
2.064405464590929995e+00 3.221558947027768349e-01
2.076337750182662312e+00 3.293162665654955634e-01
2.088339004512313135e+00 3.261467446912210133e-01
2.100409626219920778e+00 3.325642905295354557e-01
2.112550016249669760e+00 3.442140006507082295e-01
2.124760577863207711e+00 3.490340289622985148e-01
2.137041716653034662e+00 3.602696405599591922e-01
2.149393840555982482e+00 3.661710351580667600e-01
2.161817359866763155e+00 3.601302993506257932e-01
2.174312687251592546e+00 3.630123073211349305e-01
2.186880237761905654e+00 3.634695819940178541e-01
2.199520428848138476e+00 3.459282900359582635e-01
2.212233680373592026e+00 3.506472469069757403e-01
2.225020414628386511e+00 3.519346811791269070e-01
2.237881056343477670e+00 3.489977217457820302e-01
2.250816032704775704e+00 3.611783022489927220e-01
2.263825773367328598e+00 3.712334386718074697e-01
2.276910710469592924e+00 3.768414317094171961e-01
2.290071278647793029e+00 3.825033949337404704e-01
2.303307915050354371e+00 4.142064638854628389e-01
2.316621059352423018e+00 4.407323200171627264e-01
2.330011153770474852e+00 4.230075294242767181e-01
2.343478643077001600e+00 3.840390920647744899e-01
2.357023974615280792e+00 3.917254279289208441e-01
2.370647598314243876e+00 3.712874088585211285e-01
2.384349966703414481e+00 3.390937018457655383e-01
2.398131534927939956e+00 3.153517260723681659e-01
2.411992760763713051e+00 3.021044984244712350e-01
2.425934104632577970e+00 3.028797065609037942e-01
2.439956029617617261e+00 3.191777216723051258e-01
2.454059001478542612e+00 3.493843445378762014e-01
2.468243488667162033e+00 3.584385793161832257e-01
2.482509962342935861e+00 3.625098939466368519e-01
2.496858896388636673e+00 3.520318275152114484e-01
2.511290767426078485e+00 3.199529298087376850e-01
2.525806054831960523e+00 3.000359683591551918e-01
2.540405240753779381e+00 2.945261029337521985e-01
2.555088810125852206e+00 2.942611583807942521e-01
2.569857250685421590e+00 3.010290197946864366e-01
2.584711052988855506e+00 3.150180921908655729e-01
2.599650710427946265e+00 3.089665623460818855e-01
2.614676719246288084e+00 2.922878120993186446e-01
2.629789578555775442e+00 3.179766396988958355e-01
2.644989790353173831e+00 3.624951748048058642e-01
2.660277859536794409e+00 3.972097801751501289e-01
2.675654293923265481e+00 4.226022623858632921e-01
2.691119604264405218e+00 4.160463566143374203e-01
2.706674304264172548e+00 3.945024393543688501e-01
2.722318910595750374e+00 3.816094523865379839e-01
2.738053942918694972e+00 3.772437549194643802e-01
2.753879923896200843e+00 3.668167148463864491e-01
2.769797379212459720e+00 3.879210204036692700e-01
2.785806837590128815e+00 3.577899557994973501e-01
2.801908830807877226e+00 3.733088376699780220e-01
2.818103893718070019e+00 4.076662585318900356e-01
2.834392564264522019e+00 4.491555942489809938e-01
2.850775383500368410e+00 5.344049386296245707e-01
2.867252895606037466e+00 5.761248742354011521e-01
2.883825647907329426e+00 5.774574472091673627e-01
2.900494190893583735e+00 5.174710565911242455e-01
2.917259078235983960e+00 4.932688623164775965e-01
2.934120866805935979e+00 5.430804008248140136e-01
2.951080116693567401e+00 5.354627542892123060e-01
2.968137391226336685e+00 4.459242519790163062e-01
2.985293256987731514e+00 4.120299934467195335e-01
3.002548283836107057e+00 4.050658768084140493e-01
3.019903044923603730e+00 3.909256878894367127e-01
3.037358116715186629e+00 3.902348694995019240e-01
3.054914079007794214e+00 4.087378120571866225e-01
3.072571514949601568e+00 3.799403017029029939e-01
3.090331011059376021e+00 3.553357842182091608e-01
3.108193157245980220e+00 3.532672541528931176e-01
3.126158546827951579e+00 3.585210065104368349e-01
3.144227776553216724e+00 3.753754051830499039e-01
3.162401446618910317e+00 3.814642235204721565e-01
3.180680160691316427e+00 3.732793993863159909e-01
3.199064525925907621e+00 3.525911549047893168e-01
3.217555152987530587e+00 3.603550115825789879e-01
3.236152656070678812e+00 3.716691252700049519e-01
3.254857652919894928e+00 3.461431895066908182e-01
3.273670764850296955e+00 3.560197336752894959e-01
3.292592616768199143e+00 3.992881230016868677e-01
3.311623837191892683e+00 3.992498532329262217e-01
3.330765058272506351e+00 4.001222077054433224e-01
3.350016915815009710e+00 3.942993151971010968e-01
3.369380049299332214e+00 3.678843432671947133e-01
3.388855101901607103e+00 3.545252501413822532e-01
3.408442720515521884e+00 3.344787602436870566e-01
3.428143555773827789e+00 3.049766936337597323e-01
3.447958262069935831e+00 2.925714008985958459e-01
3.467887497579658529e+00 2.936949620583619303e-01
3.487931924283071528e+00 3.172897464134493140e-01
3.508092207986506228e+00 3.388248321883193248e-01
3.528369018344649444e+00 3.471470349795647836e-01
3.548763028882812254e+00 3.377424846256800728e-01
3.569274917019284565e+00 3.517933774175493467e-01
3.589905364087840223e+00 3.710999851192064436e-01
3.610655055360374899e+00 3.450588793918074049e-01
3.631524680069651456e+00 3.193317820234695681e-01
3.652514931432215839e+00 3.100744230878948460e-01
3.673626506671410219e+00 3.465504190973483500e-01
3.694860107040534913e+00 3.384941421351829738e-01
3.716216437846141751e+00 3.434417363426419123e-01
3.737696208471465109e+00 3.426959664898714397e-01
3.759300132399972405e+00 3.114688164573512497e-01
3.781028927239082016e+00 2.969802745150403878e-01
3.802883314743989107e+00 3.051543046118537772e-01
3.824864020841640233e+00 3.245139012241024523e-01
3.846971775654848713e+00 3.391280465100378616e-01
3.869207313526548564e+00 3.398443780791463587e-01
3.891571373044171445e+00 3.219311824708235847e-01
3.914064697064205678e+00 3.172455889879563506e-01
3.936688032736852527e+00 2.973757287922331183e-01
3.959442131530850340e+00 2.877798295945454554e-01
3.982327749258438132e+00 2.879299648412216306e-01
4.005345646100446189e+00 2.921523959944734572e-01
4.028496586631570509e+00 3.209302808263158058e-01
4.051781339845751617e+00 3.624225603717729505e-01
4.075200679181723906e+00 3.378494437229852543e-01
4.098755382548707082e+00 3.261006247134838887e-01
4.122446232352245943e+00 3.449067815928870684e-01
4.146274015520188705e+00 3.442149819268302546e-01
4.170239523528843861e+00 3.481960191540537930e-01
4.194343552429258715e+00 3.273036692391373403e-01
4.218586902873665778e+00 3.242332562531914375e-01
4.242970380142073950e+00 3.262085650869111508e-01
4.267494794169023997e+00 3.586387596450847925e-01
4.292160959570472833e+00 4.185594047629495607e-01
4.316969695670882068e+00 3.997493227790580583e-01
4.341921826530410478e+00 3.787146878264419647e-01
4.367018180972294772e+00 4.041169827983758234e-01
4.392259592610382235e+00 4.371084672983713837e-01
4.417646899876805477e+00 4.368955303798829903e-01
4.443180946049855251e+00 4.779079659016495785e-01
4.468862579281975833e+00 4.812305668509666012e-01
4.494692652627942486e+00 4.236885350529908112e-01
4.520672024073195239e+00 4.111733393921555568e-01
4.546801556562344082e+00 4.697084226256625361e-01
4.573082118027814502e+00 4.799814023475760250e-01
4.599514581418703507e+00 4.470272063402189744e-01
4.626099824729760002e+00 4.094570874546613060e-01
4.652838731030551678e+00 3.985874918505314390e-01
4.679732188494796219e+00 4.104471950618263087e-01
4.706781090429870140e+00 4.027098328393324822e-01
4.733986335306464177e+00 4.379366643453954655e-01
4.761348826788450062e+00 4.439420742124420838e-01
4.788869473762884077e+00 4.471253339524255410e-01
4.816549190370198019e+00 4.948781551566665549e-01
4.844388896034566017e+00 5.179872078313311201e-01
4.872389515494448098e+00 5.026999071256580409e-01
4.900551978833287414e+00 4.640287964311419766e-01
4.928877221510434836e+00 4.720114776841524140e-01
4.957366184392200559e+00 5.068389298085342887e-01
4.986019813783113541e+00 5.540608806307373291e-01
5.014839061457356806e+00 5.560391332928232844e-01
5.043824884690362609e+00 5.317682496896320998e-01
5.072978246290641202e+00 5.309920602770775711e-01
5.102300114631742822e+00 5.975245439054259755e-01
5.131791463684423960e+00 5.636322479253733642e-01
5.161453273049005475e+00 4.701411653954938319e-01
5.191286527987911903e+00 4.738631457264917413e-01
5.221292219458380401e+00 4.938046390791258067e-01
5.251471344145405951e+00 5.062746960383460726e-01
5.281824904494829553e+00 4.826426231906201791e-01
5.312353908746639597e+00 5.048646022509366560e-01
5.343059370968462396e+00 5.049548796541667439e-01
5.373942311089249912e+00 4.971301838568090159e-01
5.405003754933139781e+00 4.972214425361612400e-01
5.436244734253559585e+00 4.649845593740347116e-01
5.467666286767478567e+00 4.462372790619553720e-01
5.499269456189878724e+00 4.299824400999249785e-01
5.531055292268432844e+00 4.174338810509393705e-01
5.563024850818350409e+00 4.154320777619238680e-01
5.595179193757479297e+00 4.335562477364908740e-01
5.627519389141558470e+00 4.412906661306185696e-01
5.660046511199702479e+00 4.591292847536642130e-01
5.692761640370078702e+00 4.718750803031852015e-01
5.725665863335805739e+00 5.144467635829154117e-01
5.758760273061025892e+00 4.692570356095119855e-01
5.792045968827241431e+00 4.160012179127223764e-01
5.825524056269808071e+00 3.942404386297770902e-01
5.859195647414667363e+00 3.664261669498040108e-01
5.893061860715279821e+00 3.718820621884934008e-01
5.927123821089786304e+00 3.678745305059740733e-01
5.961382659958350594e+00 3.325162079995542252e-01
5.995839515280771082e+00 3.411190557617106434e-01
6.030495531594262104e+00 3.440746594413747750e-01
6.065351860051475086e+00 3.770425933144407327e-01
6.100409658458743500e+00 3.958821135819943215e-01
6.135670091314512575e+00 3.952148458189891356e-01
6.171134329848062094e+00 4.223343740045391592e-01
6.206803552058381079e+00 4.576034003838510000e-01
6.242678942753306259e+00 4.696436584016061566e-01
6.278761693588877257e+00 4.469742174296273407e-01
6.315053003108923591e+00 4.632506444663433420e-01
6.351554076784851510e+00 4.632418129812447272e-01
6.388266127055725718e+00 4.090214008564638237e-01
6.425190373368511843e+00 4.006069581097441712e-01
6.462328042218596025e+00 4.476434477448766325e-01
6.499680367190518560e+00 4.406704996214725334e-01
6.537248588998957999e+00 4.297096453379904424e-01
6.575033955529916874e+00 4.083855339293647746e-01
6.613037721882214726e+00 4.036626519538590308e-01
6.651261150409145451e+00 3.738161574250863373e-01
6.689705510760421525e+00 3.768865704110322401e-01
6.728372079924347382e+00 4.211450673445946147e-01
6.767262142270216607e+00 4.203541587902090981e-01
6.806376989591010229e+00 4.387020597206072736e-01
6.845717921146279750e+00 4.295114275613330368e-01
6.885286243705309062e+00 3.669678313691847049e-01
6.925083271590525058e+00 3.502566990103933020e-01
6.965110326721157818e+00 3.350518254989738876e-01
7.005368738657123728e+00 3.244599310373887935e-01
7.045859844643230119e+00 3.181483630202574520e-01
7.086584989653569089e+00 3.205966469448132128e-01
7.127545526436194656e+00 3.224228018079788871e-01
7.168742815558059256e+00 3.517747331712300918e-01
7.210178225450215805e+00 3.394499050780756533e-01
7.251853132453240036e+00 3.159189036709225129e-01
7.293768920862992111e+00 3.139180816580290911e-01
7.335926982976571864e+00 3.040366311088200657e-01
7.378328719138569802e+00 2.976956248080268042e-01
7.420975537787583676e+00 2.809736984118926806e-01
7.463868855503007715e+00 2.665185198577320058e-01
7.507010097052058128e+00 2.988633433932857963e-01
7.550400695437144982e+00 2.808274882697047725e-01
7.594042091943437711e+00 2.711825252659137986e-01
7.637935736186750368e+00 2.694839362986167774e-01
7.682083086161699548e+00 2.517620895340969556e-01
7.726485608290103890e+00 2.518347039671298693e-01
7.771144777469737974e+00 2.299237894375084357e-01
7.816062077123293150e+00 2.110793627893446101e-01
7.861238999247660786e+00 1.982697842918893782e-01
7.906677044463489068e+00 1.897513262762306752e-01
7.952377722065040011e+00 2.982029445631351194e-01
7.998342550070284496e+00 3.694789169655526839e-01
