2.511886431509579437e-02 3.422468551871635234e-01
2.526405161860213050e-02 3.432572766259606167e-01
2.541007810627042562e-02 3.437355271445560190e-01
2.555694862859406516e-02 3.447482929486402892e-01
2.570466806410236227e-02 3.455547546074481668e-01
2.585324131952258450e-02 3.463893486497027774e-01
2.600267332994290678e-02 3.472215983266702111e-01
2.615296905897638788e-02 3.481335564234035451e-01
2.630413349892583852e-02 3.491369447663389414e-01
2.645617167094958117e-02 3.502481739124869708e-01
2.660908862522835469e-02 3.514719325924221538e-01
2.676288944113292337e-02 3.527097574640807309e-01
2.691757922739292791e-02 3.537600331127607745e-01
2.707316312226650673e-02 3.546813686706429825e-01
2.722964629371095457e-02 3.556449028036954285e-01
2.738703393955444973e-02 3.567444101234073517e-01
2.754533128766867636e-02 3.580642877801190616e-01
2.770454359614242176e-02 3.596608005407241349e-01
2.786467615345633933e-02 3.615855244415417946e-01
2.802573427865854422e-02 3.635758905704019051e-01
2.818772332154127064e-02 3.650739399889432191e-01
2.835064866281864979e-02 3.660327853914212004e-01
2.851451571430539678e-02 3.667384393428780864e-01
2.867932991909653145e-02 3.674980136959413168e-01
2.884509675174826843e-02 3.684943689430149605e-01
2.901182171845980567e-02 3.698025247732905640e-01
2.917951035725619563e-02 3.714693684925126083e-01
2.934816823817239240e-02 3.735300655799896896e-01
2.951780096343814899e-02 3.759377287299771053e-01
2.968841416766421215e-02 3.786665699243154104e-01
2.986001351802944001e-02 3.817353440853023527e-01
3.003260471446899879e-02 3.851674948658102560e-01
3.020619348986378766e-02 3.889958433798603732e-01
3.038078561023081769e-02 3.929765756375805941e-01
3.055638687491469066e-02 3.956843175443337524e-01
3.073300311678033025e-02 3.966009643716415511e-01
3.091064020240668481e-02 3.966290967550882840e-01
3.108930403228154019e-02 3.962657201355673231e-01
3.126900054099761295e-02 3.959562639176527066e-01
3.144973569744963920e-02 3.959070322466207714e-01
3.163151550503255638e-02 3.962938525190141115e-01
3.181434600184106232e-02 3.971542345794283335e-01
3.199823326087009728e-02 3.983264172230444045e-01
3.218318339021652985e-02 3.996908378202135292e-01
3.236920253328214730e-02 4.012381189097867229e-01
3.255629686897762443e-02 4.029565386653279901e-01
3.274447261192782455e-02 4.048531301826988060e-01
3.293373601267822470e-02 4.068247413892610576e-01
3.312409335790250653e-02 4.088174518834084559e-01
3.331555097061136145e-02 4.109062813543322701e-01
3.350811521036261426e-02 4.131334283772027938e-01
3.370179247347232510e-02 4.155340584313285679e-01
3.389658919322740410e-02 4.181269264390073404e-01
3.409251184009919750e-02 4.209096880349519898e-01
3.428956692195841288e-02 4.238706213927262434e-01
3.448776098429136294e-02 4.270355145304896016e-01
3.468710061041735404e-02 4.304395329275507720e-01
3.488759242170727526e-02 4.341201864285053058e-01
3.508924307780367929e-02 4.380540313804808794e-01
3.529205927684192501e-02 4.421683924595733450e-01
3.549604775567258980e-02 4.463343295749848672e-01
3.570121529008542238e-02 4.505026110556837327e-01
3.590756869503420462e-02 4.547412234949995136e-01
3.611511482486330638e-02 4.591017429292513774e-01
3.632386057353523962e-02 4.636451228559073101e-01
3.653381287485973905e-02 4.682541450106057490e-01
3.674497870272393912e-02 4.727600150926660194e-01
3.695736507132423021e-02 4.772729182705879314e-01
3.717097903539903075e-02 4.819522713839033412e-01
3.738582769046329413e-02 4.868988821399631850e-01
3.760191817304411876e-02 4.921737040362356153e-01
3.781925766091774610e-02 4.978306574743268098e-01
3.803785337334809891e-02 5.039002192029709004e-01
3.825771257132654091e-02 5.104128659709019633e-01
3.847884255781295476e-02 5.173967301615666203e-01
3.870125067797849233e-02 5.248752554278371951e-01
3.892494431944945599e-02 5.327640446193735446e-01
3.914993091255265789e-02 5.407231647695267540e-01
3.937621793056233360e-02 5.487408940518607725e-01
3.960381288994833243e-02 5.571665428941732223e-01
3.983272335062570252e-02 5.662837794962192195e-01
4.006295691620595512e-02 5.762379545058069485e-01
4.029452123424955012e-02 5.869141940238622457e-01
4.052742399651988042e-02 5.981319819232682189e-01
4.076167293923887297e-02 6.100249470253971129e-01
4.099727584334383890e-02 6.227454730739189204e-01
4.123424053474603751e-02 6.365303409628439990e-01
4.147257488459059338e-02 6.506340425308327902e-01
4.171228680951784978e-02 6.644235991503324446e-01
4.195338427192649156e-02 6.785905985810765095e-01
4.219587528023795858e-02 6.938149067563622596e-01
4.243976788916238585e-02 7.107857670706358988e-01
4.268507019996626434e-02 7.281129709085689683e-01
4.293179036074151744e-02 7.435553050555673282e-01
4.317993656667604152e-02 7.577246488515986256e-01
4.342951706032609216e-02 7.720393432954382185e-01
4.368054013188996804e-02 7.880794905906808312e-01
4.393301411948334623e-02 8.059013555042198185e-01
4.418694740941636612e-02 8.237325978789076242e-01
4.444234843647213579e-02 8.414302114322232962e-01
4.469922568418681352e-02 8.600468161781340548e-01
4.495758768513159753e-02 8.809773094625429346e-01
4.521744302119593689e-02 9.047397960139282880e-01
4.547880032387276866e-02 9.315476130734281490e-01
4.574166827454511502e-02 9.618110245663082924e-01
4.600605560477452616e-02 9.961372211019617895e-01
4.627197109659098723e-02 1.032235757794762954e+00
4.653942358278480296e-02 1.062778148756823748e+00
4.680842194719982141e-02 1.086629721189123821e+00
4.707897512502866311e-02 1.108101762854883265e+00
4.735109210310945588e-02 1.131918169807874852e+00
4.762478192022426976e-02 1.157654611931109745e+00
4.790005366739954334e-02 1.178580416484944271e+00
4.817691648820784933e-02 1.193741426797474636e+00
4.845537957907175564e-02 1.210543492811067656e+00
4.873545218956924774e-02 1.234125463235336229e+00
4.901714362274099679e-02 1.256061689227967459e+00
4.930046323539925834e-02 1.274075792095059612e+00
4.958542043843887359e-02 1.292118027345598552e+00
4.987202469714965836e-02 1.314844304440027090e+00
5.016028553153097091e-02 1.342564079596260340e+00
5.045021251660784106e-02 1.372042128717917864e+00
5.074181528274907677e-02 1.403665272077392556e+00
5.103510351598705003e-02 1.441470506699298770e+00
5.133008695833959217e-02 1.482527375974595829e+00
5.162677540813340182e-02 1.522627744212702305e+00
5.192517872032970105e-02 1.563257939005722852e+00
5.222530680685147364e-02 1.604816502452487637e+00
5.252716963691266006e-02 1.633413070226145791e+00
5.283077723734942721e-02 1.636404480332653844e+00
5.313613969295318679e-02 1.627636554158405691e+00
5.344326714680543849e-02 1.615954581932127709e+00
5.375216980061491706e-02 1.603370029070265268e+00
5.406285791505632127e-02 1.585243396669386184e+00
5.437534181011107609e-02 1.566228249824646035e+00
5.468963186541032917e-02 1.554342317818378838e+00
5.500573852057948770e-02 1.547649154923330883e+00
5.532367227558519784e-02 1.534919251413660479e+00
5.564344369108398941e-02 1.516065865773739141e+00
5.596506338877313413e-02 1.499139548399922806e+00
5.628854205174332881e-02 1.488482063804165367e+00
5.661389042483377931e-02 1.483118156026978163e+00
5.694111931498885282e-02 1.484733423709881261e+00
5.727023959161724881e-02 1.493691243472395458e+00
5.760126218695296035e-02 1.499833480524943585e+00
5.793419809641841417e-02 1.486402611794390483e+00
5.826905837898961604e-02 1.458356969863231933e+00
5.860585415756369709e-02 1.442241802878797996e+00
5.894459661932811845e-02 1.432057880071061273e+00
5.928529701613251268e-02 1.425435048134630511e+00
5.962796666486229469e-02 1.422300631745601063e+00
5.997261694781454155e-02 1.420275100137432522e+00
6.031925931307623168e-02 1.418718441586710455e+00
6.066790527490428103e-02 1.420268067041570825e+00
6.101856641410823012e-02 1.425371750271875237e+00
6.137125437843479747e-02 1.430843498852275131e+00
6.172598088295483398e-02 1.438596314857151892e+00
6.208275771045231733e-02 1.450538511630312666e+00
6.244159671181598315e-02 1.458938372454465560e+00
6.280250980643269088e-02 1.455803956065436111e+00
6.316550898258359303e-02 1.446691408193964579e+00
6.353060629784218483e-02 1.442016743811223689e+00
6.389781387947492119e-02 1.437808608120641818e+00
6.426714392484385308e-02 1.431265484603976956e+00
6.463860870181208085e-02 1.423676774169206460e+00
6.501222054915094251e-02 1.415525416065500197e+00
6.538799187695008841e-02 1.409397245204675242e+00
6.576593516702965159e-02 1.406980204593538897e+00
6.614606297335466623e-02 1.405779889566475926e+00
6.652838792245242827e-02 1.405550141768327155e+00
6.691292271383147972e-02 1.407988281667048591e+00
6.729968012040381253e-02 1.408548584970697126e+00
6.768867298890894613e-02 1.404797600511125788e+00
6.807991424034069705e-02 1.399661096166800123e+00
6.847341687037629410e-02 1.394121360993070491e+00
6.886919394980822728e-02 1.389085664356095595e+00
6.926725862497820629e-02 1.386753020895299615e+00
6.966762411821400547e-02 1.387442264289745930e+00
7.007030372826857090e-02 1.388459718824404776e+00
7.047531083076181979e-02 1.390051542854435329e+00
7.088265887862478520e-02 1.394651187547984783e+00
7.129236140254673060e-02 1.399611864495768021e+00
7.170443201142430445e-02 1.405775200835901462e+00
7.211888439281383123e-02 1.411099254403205716e+00
7.253573231338585059e-02 1.413921870209033482e+00
7.295498961938230720e-02 1.417677543399179285e+00
7.337667023707672431e-02 1.422882034336834689e+00
7.380078817323644513e-02 1.429218853708223325e+00
7.422735751558823258e-02 1.440305357151544285e+00
7.465639243328600627e-02 1.448644264478229138e+00
7.508790717738160481e-02 1.442260557801095855e+00
7.552191608129793510e-02 1.430248030069318110e+00
7.595843356130543844e-02 1.422513968986739208e+00
7.639747411700059665e-02 1.421519958104952686e+00
7.683905233178781047e-02 1.424373050659514472e+00
7.728318287336367887e-02 1.426508767436182934e+00
7.772988049420428980e-02 1.429483766985680360e+00
7.817916003205507836e-02 1.433598128064772936e+00
7.863103641042397396e-02 1.436596571267142908e+00
7.908552463907676799e-02 1.441958134679042880e+00
7.954263981453599253e-02 1.448632542651792754e+00
8.000239712058217212e-02 1.453480690065789060e+00
8.046481182875830918e-02 1.459125921677444149e+00
8.092989929887701994e-02 1.458572651469657311e+00
8.139767497953076525e-02 1.446937566549123977e+00
8.186815440860513438e-02 1.428093558370351790e+00
8.234135321379483508e-02 1.409387867743526312e+00
8.281728711312283386e-02 1.392834304450379923e+00
8.329597191546232737e-02 1.370157259026983043e+00
8.377742352106211376e-02 1.340050920008347468e+00
8.426165792207447602e-02 1.311391054371934262e+00
8.474869120308657633e-02 1.281575416648915500e+00
8.523853954165466762e-02 1.255349002180649043e+00
8.573121920884146929e-02 1.234542760256463367e+00
8.622674656975649887e-02 1.219374716848071305e+00
8.672513808409994251e-02 1.210379387240961391e+00
8.722641030670905127e-02 1.205102220979401784e+00
8.773057988810836760e-02 1.204546606406327713e+00
8.823766357506258873e-02 1.202429644551957111e+00
8.874767821113291322e-02 1.190372573879721951e+00
8.926064073723644077e-02 1.170025827551834041e+00
8.977656819220893036e-02 1.152391511861273532e+00
9.029547771337091688e-02 1.142158357382505152e+00
9.081738653709675591e-02 1.130694411127939780e+00
9.134231199938727674e-02 1.119415669731065766e+00
9.187027153644546085e-02 1.104922803525396402e+00
9.240128268525588107e-02 1.075304092486505159e+00
9.293536308416693037e-02 1.047169364674431780e+00
9.347253047347692245e-02 1.025172185184332285e+00
9.401280269602330097e-02 1.008780383096004929e+00
9.455619769777530437e-02 9.954479777075155855e-01
9.510273352842993355e-02 9.862205559369697783e-01
9.565242834201181932e-02 9.818037717358243377e-01
9.620530039747586526e-02 9.815880901293989602e-01
9.676136805931405405e-02 9.808308601416230177e-01
9.732064979816532069e-02 9.781911048281995980e-01
9.788316419142908953e-02 9.732937257431715228e-01
9.844892992388228070e-02 9.677938447793248411e-01
9.901796578830000806e-02 9.640123835710192601e-01
9.959029068607995472e-02 9.610092516380749350e-01
1.001659236278700377e-01 9.595487120641292833e-01
1.007448837341998471e-01 9.581163048736303089e-01
1.013271902361159299e-01 9.547474519558778461e-01
1.019128624758204177e-01 9.449667599775452009e-01
1.025019199073136378e-01 9.314210173479177124e-01
1.030943820970401520e-01 9.176127058061200881e-01
1.036902687245389171e-01 9.068192480237031727e-01
1.042895995830967204e-01 8.935688954202669620e-01
1.048923945804057928e-01 8.779483895114389425e-01
1.054986737392250712e-01 8.559066670808820332e-01
1.061084571980452224e-01 8.311032823419656212e-01
1.067217652117575799e-01 8.016322663161700168e-01
1.073386181523270227e-01 7.698450173865888368e-01
1.079590365094685589e-01 7.375443524591039912e-01
1.085830408913279893e-01 7.082468194645634707e-01
1.092106520251663743e-01 6.817742466411377267e-01
1.098418907580486492e-01 6.583868585357096626e-01
1.104767780575359459e-01 6.369570154451202892e-01
1.111153350123821049e-01 6.176652334964867208e-01
1.117575828332342536e-01 5.982492001876298371e-01
1.124035428533372433e-01 5.789761731612941276e-01
1.130532365292423180e-01 5.589974921835015875e-01
1.137066854415197809e-01 5.396822665819955844e-01
1.143639112954759340e-01 5.216634749843291896e-01
1.150249359218739331e-01 5.056866255518418507e-01
1.156897812776589568e-01 4.919697442562463996e-01
1.163584694466876512e-01 4.800228587525112722e-01
1.170310226404614878e-01 4.701929351031467474e-01
1.177074631988646730e-01 4.627050323757271322e-01
1.183878135909062629e-01 4.562275510871046658e-01
1.190720964154663303e-01 4.480996366362707262e-01
1.197603344020467531e-01 4.389331683631929049e-01
1.204525504115261381e-01 4.294009791053068348e-01
1.211487674369193246e-01 4.188654015044855350e-01
1.218490086041408849e-01 4.078773614032282779e-01
1.225532971727734816e-01 3.991633556305862474e-01
1.232616565368404721e-01 3.932625882026228870e-01
1.239741102255828148e-01 3.866280344397559077e-01
1.246906819042407494e-01 3.785446629293792720e-01
1.254113953748399735e-01 3.686889512618552467e-01
1.261362745769819826e-01 3.576915336994491157e-01
1.268653435886395453e-01 3.471020356970213605e-01
1.275986266269562852e-01 3.367704178761892209e-01
1.283361480490512463e-01 3.266990246022397626e-01
1.290779323528278288e-01 3.167448495926519225e-01
1.298240041777875831e-01 3.066875225104259139e-01
1.305743883058487209e-01 2.969068305320932688e-01
1.313291096621690413e-01 2.882233015081853145e-01
1.320881933159741561e-01 2.808338621228295140e-01
1.328516644813900749e-01 2.744689103679941455e-01
1.336195485182806453e-01 2.683126071237224575e-01
1.343918709330900185e-01 2.623297869107059088e-01
1.351686573796898327e-01 2.551443073053393240e-01
1.359499336602315311e-01 2.461231896800699093e-01
1.367357257260030934e-01 2.365300469247158532e-01
1.375260596782912625e-01 2.272060373043360559e-01
1.383209617692485738e-01 2.183755165769185880e-01
1.391204584027652402e-01 2.106918593480151258e-01
1.399245761353461737e-01 2.043126069649276733e-01
1.407333416769932510e-01 1.986036086174598758e-01
1.415467818920924381e-01 1.931344388388759326e-01
1.423649238003061035e-01 1.881484427459905739e-01
1.431877945774705507e-01 1.838167590047716793e-01
1.440154215564987683e-01 1.804926834640051547e-01
1.448478322282882313e-01 1.781635565511399955e-01
1.456850542426340045e-01 1.764132534276924569e-01
1.465271154091474515e-01 1.745872273054673018e-01
1.473740436981796631e-01 1.718330669660269594e-01
1.482258672417506584e-01 1.686259752530933353e-01
1.490826143344838317e-01 1.659435524914422977e-01
1.499443134345459228e-01 1.641311236878830737e-01
1.508109931645919832e-01 1.626818370673161485e-01
1.516826823127164214e-01 1.617424498967222346e-01
1.525594098334091819e-01 1.615286437825266541e-01
1.534412048485173929e-01 1.621332555901038308e-01
1.543280966482127869e-01 1.640926760971724852e-01
1.552201146919646169e-01 1.682684595467904276e-01
1.561172886095181789e-01 1.723258525494031634e-01
1.570196482018790252e-01 1.693363179351246861e-01
1.579272234423027277e-01 1.610879031085269975e-01
1.588400444772908315e-01 1.538977347725859202e-01
1.597581416275917487e-01 1.493353654871033831e-01
1.606815453892082024e-01 1.457845898230615278e-01
1.616102864344102497e-01 1.422356896512494695e-01
1.625443956127538836e-01 1.390379753994647749e-01
1.634839039521058524e-01 1.366171838038688358e-01
1.644288426596743347e-01 1.347325485494628994e-01
1.653792431230455828e-01 1.330514042019886878e-01
1.663351369112262834e-01 1.312014655538338015e-01
1.672965557756923849e-01 1.294307664523873247e-01
1.682635316514438095e-01 1.279575673058906404e-01
1.692360966580649384e-01 1.261439663196878003e-01
1.702142831007917856e-01 1.237853004042035326e-01
1.711981234715850009e-01 1.212510415287055415e-01
1.721876504502090899e-01 1.188565068243266076e-01
1.731828969053178791e-01 1.167869011487580461e-01
1.741838958955464201e-01 1.147545708812564708e-01
1.751906806706090836e-01 1.127499041241442346e-01
1.762032846724038426e-01 1.112790493429347688e-01
1.772217415361232173e-01 1.105290868875491855e-01
1.782460850913716033e-01 1.102456531243228288e-01
1.792763493632887617e-01 1.096879286224902994e-01
1.803125685736800821e-01 1.089067861087845424e-01
1.813547771421535060e-01 1.077932125973492528e-01
1.824030096872625850e-01 1.060400962355570187e-01
1.834573010276564775e-01 1.039887766092288668e-01
1.845176861832364401e-01 1.021013281164782488e-01
1.855842003763193415e-01 1.002642834774031128e-01
1.866568790328071992e-01 9.845630896788966357e-02
1.877357577833641822e-01 9.688511535238665540e-02
1.888208724646001924e-01 9.523679211893371077e-02
1.899122591202609955e-01 9.316015334750345211e-02
1.910099540024255971e-01 9.075764780114792263e-02
1.921139935727104175e-01 8.800536295393734942e-02
1.932244145034804905e-01 8.518978024397150239e-02
1.943412536790674328e-01 8.273616753435431015e-02
1.954645481969946030e-01 8.084121707268453194e-02
1.965943353692096995e-01 7.946108922809096142e-02
1.977306527233236300e-01 7.844551018566198186e-02
1.988735380038573475e-01 7.777291178475506661e-02
2.000230291734956534e-01 7.699059708840569338e-02
2.011791644143479663e-01 7.581067803934174454e-02
2.023419821292166965e-01 7.448329841371088833e-02
2.035115209428728922e-01 7.306566072452158611e-02
2.046878197033392410e-01 7.168881499133013258e-02
2.058709174831803157e-01 7.047349602642896671e-02
2.070608535808005912e-01 6.917354547465873194e-02
2.082576675217497619e-01 6.768604569990990805e-02
2.094613990600355524e-01 6.645150293965344790e-02
2.106720881794442723e-01 6.565465317852324512e-02
2.118897750948690872e-01 6.515014576871086538e-02
2.131145002536455058e-01 6.487726164927705430e-02
2.143463043368951104e-01 6.465618800269105904e-02
2.155852282608767823e-01 6.446512223178163525e-02
2.168313131783459469e-01 6.449442679787203980e-02
2.180846004799212312e-01 6.485967890962281157e-02
2.193451317954595303e-01 6.538973990106600187e-02
2.206129489954388734e-01 6.602693838613570010e-02
2.218880941923488948e-01 6.657505099029058238e-02
2.231706097420899648e-01 6.691943825098499443e-02
2.244605382453801201e-01 6.720099652198158191e-02
2.257579225491697927e-01 6.755194800548024181e-02
2.270628057480653939e-01 6.796408742297564698e-02
2.283752311857605299e-01 6.815796643222975237e-02
2.296952424564759343e-01 6.806677062255642174e-02
2.310228834064072811e-01 6.800300388674371255e-02
2.323581981351817149e-01 6.783327183994809773e-02
2.337012309973229007e-01 6.738010602992611231e-02
2.350520266037238737e-01 6.684535630790845728e-02
2.364106298231291869e-01 6.627614441616848373e-02
2.377770857836252472e-01 6.578265552320611276e-02
2.391514398741393099e-01 6.544342586614361468e-02
2.405337377459470793e-01 6.526853621571609976e-02
2.419240253141889951e-01 6.535879427927453189e-02
2.433223487593957901e-01 6.556767722636691609e-02
2.447287545290218747e-01 6.566074852827004371e-02
2.461432893389885190e-01 6.574045694803593021e-02
2.475660001752356676e-01 6.588791752460283757e-02
2.489969342952823017e-01 6.613431031629093959e-02
2.504361392297964617e-01 6.640391232432263369e-02
2.518836627841739007e-01 6.650659552390340845e-02
2.533395530401260642e-01 6.660177675456503688e-02
2.548038583572773130e-01 6.676471014202767229e-02
2.562766273747711931e-01 6.687301981829779640e-02
2.577579090128856998e-01 6.673657775858088392e-02
2.592477524746588102e-01 6.666577792690646376e-02
2.607462072475227322e-01 6.674689296584469800e-02
2.622533231049470337e-01 6.672063607462770662e-02
2.637691501080930423e-01 6.618424529690898617e-02
2.652937386074759596e-01 6.517921589827255224e-02
2.668271392446371348e-01 6.402930472488516100e-02
2.683694029538270520e-01 6.305100109052318158e-02
2.699205809636965880e-01 6.231791806520568106e-02
2.714807247989985406e-01 6.195125933428256848e-02
2.730498862822996475e-01 6.199345790945274409e-02
2.746281175357012105e-01 6.224852485270360863e-02
2.762154709825712651e-01 6.270708270288621877e-02
2.778119993492854656e-01 6.346712592900689842e-02
2.794177556669779627e-01 6.427194653211369679e-02
2.810327932733039380e-01 6.504160165591202358e-02
2.826571658142107979e-01 6.565160550364983194e-02
2.842909272457196934e-01 6.605577407916865540e-02
2.859341318357184192e-01 6.634600650172800540e-02
2.875868341657639160e-01 6.653543121693636375e-02
2.892490891328946545e-01 6.665757264840115048e-02
2.909209519514548425e-01 6.656168810815336900e-02
2.926024781549284581e-01 6.625105970759509466e-02
2.942937235977828858e-01 6.599857156616019405e-02
2.959947444573255426e-01 6.605975950015695319e-02
2.977055972355692748e-01 6.651198756406404011e-02
2.994263387611086902e-01 6.681909941669145203e-02
3.011570261910088142e-01 6.677103992830320245e-02
3.028977170127025720e-01 6.660857541389800240e-02
3.046484690459013711e-01 6.656379803691186980e-02
3.064093404445150659e-01 6.647096117153747374e-02
3.081803896985833569e-01 6.612282292638349546e-02
3.099616756362194026e-01 6.597864446121871895e-02
3.117532574255635347e-01 6.625293519982489165e-02
3.135551945767480198e-01 6.676424126897022304e-02
3.153675469438748658e-01 6.703501545964553332e-02
3.171903747270033436e-01 6.673493670287981849e-02
3.190237384741493876e-01 6.622011408580363856e-02
3.208676990832974307e-01 6.613571693546327346e-02
3.227223178044230090e-01 6.607687336675374667e-02
3.245876562415266342e-01 6.563894593109877162e-02
3.264637763546810456e-01 6.497267731646740041e-02
3.283507404620888970e-01 6.461820928503789196e-02
3.302486112421523790e-01 6.461727153892299347e-02
3.321574517355558864e-01 6.469885545091867696e-02
3.340773253473591775e-01 6.460578414901556321e-02
3.360082958491044103e-01 6.378056756790984050e-02
3.379504273809338932e-01 6.248296138142682421e-02
3.399037844537201591e-01 6.146972670428507701e-02
3.418684319512097503e-01 6.082174413889410852e-02
3.438444351321779946e-01 6.033247510344875303e-02
3.458318596325960503e-01 6.006099760318726194e-02
3.478307714678123830e-01 5.971520372332051602e-02
3.498412370347446232e-01 5.932838345092720372e-02
3.518633231140849693e-01 5.913872429919012769e-02
3.538970968725191901e-01 5.920084997930178533e-02
3.559426258649572294e-01 5.940387201317608862e-02
3.579999780367765227e-01 5.962236685794611996e-02
3.600692217260801353e-01 5.962939995380782399e-02
3.621504256659661136e-01 5.961650594472804598e-02
3.642436589868098817e-01 5.985633451361189322e-02
3.663489912185618480e-01 6.037748691696360331e-02
3.684664922930561692e-01 6.100460463129821903e-02
3.705962325463332818e-01 6.174448631594869202e-02
3.727382827209774208e-01 6.233948622584822158e-02
3.748927139684648524e-01 6.239270331786838514e-02
3.770595978515288715e-01 6.222062690578553795e-02
3.792390063465359562e-01 6.228650357035676877e-02
3.814310118458763554e-01 6.281750230791485756e-02
3.836356871603694985e-01 6.356723032677170926e-02
3.858531055216822825e-01 6.396342806031395101e-02
3.880833405847607942e-01 6.402133388290857929e-02
3.903264664302779630e-01 6.413995876644253136e-02
3.925825575670940371e-01 6.443956865015079694e-02
3.948516889347303827e-01 6.467822503639103493e-02
3.971339359058604912e-01 6.482615448601539154e-02
3.994293742888124776e-01 6.504277383855563976e-02
4.017380803300868997e-01 6.548749993354358034e-02
4.040601307168905088e-01 6.614439108702603598e-02
4.063956025796829352e-01 6.670633544637559476e-02
4.087445734947380283e-01 6.738010602992611231e-02
4.111071214867221824e-01 6.825408540900626542e-02
4.134833250312844322e-01 6.868146320086869483e-02
4.158732630576643108e-01 6.855346085618581331e-02
4.182770149513134750e-01 6.833449713835833272e-02
4.206946605565314856e-01 6.825807082999456321e-02
4.231262801791195738e-01 6.851055897142946383e-02
4.255719545890473410e-01 6.916885674408426721e-02
4.280317650231349469e-01 7.035393339678013003e-02
4.305057931877529498e-01 7.185549936325234810e-02
4.329941212615355806e-01 7.310856260927793560e-02
4.354968318981098929e-01 7.384820985739969090e-02
4.380140082288422887e-01 7.416399586158986534e-02
4.405457338655994204e-01 7.374130680030190066e-02
4.430920929035247480e-01 7.306988058203861547e-02
4.456531699238333033e-01 7.279676202607605895e-02
4.482290499966203323e-01 7.282348779035051345e-02
4.508198186836865351e-01 7.279699646260477663e-02
4.534255620413813470e-01 7.305675213643010590e-02
4.560463666234608748e-01 7.352539075734781937e-02
4.586823194839622087e-01 7.373239821221042045e-02
4.613335081800964965e-01 7.387493562167413153e-02
4.640000207751556194e-01 7.425237843291851436e-02
4.666819458414390720e-01 7.474047528572025367e-02
4.693793724631949438e-01 7.533125533810276775e-02
4.720923902395786631e-01 7.560929706116850668e-02
4.748210892876304490e-01 7.580997472975556373e-02
4.775655602452679171e-01 7.676155259984311641e-02
4.803258942742961168e-01 7.816606184342390906e-02
4.831021830634371073e-01 7.964840401454081897e-02
4.858945188313745223e-01 8.075986759721759389e-02
4.887029943298164536e-01 8.097578364017167518e-02
4.915277028465775411e-01 8.024012181303821767e-02
4.943687382086768833e-01 7.855546091763317140e-02
4.972261947854541564e-01 7.659041393387515384e-02
5.001001674917054940e-01 7.488066832989673238e-02
5.029907517908354109e-01 7.353781589337014812e-02
5.058980436980275996e-01 7.313364731785131079e-02
5.088221397834349347e-01 7.343630487643298954e-02
5.117631371753864622e-01 7.374880876922103312e-02
5.147211335636141527e-01 7.408100533042183411e-02
5.176962272024980827e-01 7.467178538280436206e-02
5.206885169143288250e-01 7.525342241056666437e-02
5.236981020925914887e-01 7.542854649752289697e-02
5.267250827052667450e-01 7.551083371910474740e-02
5.297695592981502832e-01 7.590257715860124210e-02
5.328316329981945820e-01 7.675428506745268775e-02
5.359114055168668900e-01 7.738702925847665282e-02
5.390089791535270791e-01 7.784816591047523382e-02
5.421244567988269258e-01 7.838057126720565648e-02
5.452579419381275994e-01 7.852029543832468594e-02
5.484095386549359130e-01 7.825585103392489195e-02
5.515793516343632241e-01 7.803548069692507749e-02
5.547674861666017643e-01 7.788778568382945244e-02
5.579740481504216199e-01 7.786246653872734569e-02
5.611991440966896949e-01 7.786246653872734569e-02
5.644428811319066597e-01 7.736968095535114165e-02
5.677053670017649933e-01 7.672498050136229708e-02
5.709867100747291202e-01 7.600010275455010289e-02
5.742870193456336425e-01 7.512049689878058656e-02
5.776064044393048880e-01 7.457121211198208810e-02
5.809449756142023302e-01 7.432200608194931835e-02
5.843028437660793273e-01 7.456511676223528950e-02
5.876801204316687288e-01 7.503211432745193754e-02
5.910769177923870243e-01 7.548832781234732225e-02
5.944933486780595855e-01 7.552091448983984379e-02
5.979295265706701112e-01 7.511580816820612183e-02
6.013855656081297241e-01 7.436936226075140099e-02
6.048615805880666052e-01 7.347850345160317209e-02
6.083576869716416091e-01 7.256466986264006880e-02
6.118740008873820857e-01 7.170545998486947681e-02
6.154106391350390171e-01 7.128605303498364298e-02
6.189677191894675801e-01 7.154322990699300833e-02
6.225453592045292472e-01 7.204914393597772193e-02
6.261436780170150929e-01 7.223809977812863103e-02
6.297627951505950783e-01 7.157440996531320987e-02
6.334028308197864332e-01 7.061673674547885859e-02
6.370639059339481269e-01 6.990897286526347176e-02
6.407461421012968783e-01 6.979503671230397055e-02
6.444496616329448146e-01 6.996594094174320155e-02
6.481745875469649976e-01 6.998164818916766117e-02
6.519210435724759334e-01 6.961217621989986004e-02
6.556891541537508417e-01 6.890792888761532176e-02
6.594790444543533470e-01 6.857479458029963615e-02
6.632908403612935988e-01 6.854009797404859994e-02
6.671246684892090384e-01 6.799409529865221846e-02
6.709806561845721440e-01 6.690771642454883261e-02
6.748589315299192704e-01 6.590573470078581186e-02
6.787596233481042463e-01 6.539044321065216880e-02
6.826828612065795054e-01 6.562886516036368911e-02
6.866287754216984229e-01 6.607406012840907894e-02
6.905974970630435195e-01 6.593855581480705108e-02
6.945891579577818664e-01 6.464868603377191270e-02
6.986038906950429173e-01 6.316845379141351746e-02
7.026418286303216520e-01 6.225297914674934874e-02
7.067031058899108098e-01 6.163195678216154549e-02
7.107878573753529938e-01 6.130022909401819375e-02
7.148962187679240854e-01 6.152270935977652982e-02
7.190283265331394169e-01 6.210223645878031745e-02
7.231843179252852583e-01 6.279874738561699865e-02
7.273643309919801681e-01 6.349830598732707221e-02
7.315685045787596597e-01 6.377400334510557878e-02
7.357969783336865133e-01 6.377658214692154270e-02
7.400498927119919523e-01 6.375501398627900218e-02
7.443273889807401344e-01 6.337850892114951784e-02
7.486296092235191768e-01 6.304467130424765142e-02
7.529566963451627126e-01 6.354448998348555255e-02
7.573087940764960946e-01 6.457108754276451312e-02
7.616860469791092436e-01 6.541716897492660943e-02
7.660886004501606950e-01 6.597559678634531966e-02
7.705166007272060691e-01 6.613712355463562120e-02
7.749701948930545203e-01 6.576905820454016782e-02
7.794495308806568268e-01 6.494079394856104581e-02
7.839547574780165728e-01 6.392146392167248614e-02
7.884860243331343055e-01 6.335670632397825963e-02
7.930434819589780027e-01 6.306131629778699565e-02
7.976272817384808533e-01 6.240817612876411319e-02
8.022375759295721220e-01 6.088527643817810003e-02
8.068745176702336597e-01 5.943036334092180462e-02
8.115382609835852801e-01 5.893664001143071596e-02
8.162289607830032212e-01 5.876901789339360888e-02
8.209467728772645856e-01 5.808727646786649573e-02
8.256918539757219788e-01 5.651186299484647901e-02
8.304643616935105666e-01 5.506562404915294612e-02
8.352644545567829981e-01 5.442959774672685713e-02
8.400922920079733069e-01 5.467388060965644447e-02
8.449480344110958940e-01 5.586364599292678590e-02
8.498318430570707127e-01 5.706911862362155918e-02
8.547438801690798726e-01 5.707474510031092241e-02
8.596843089079587719e-01 5.627226886249134252e-02
8.646532933776126528e-01 5.541048018290480048e-02
8.696509986304700179e-01 5.531225127736977276e-02
8.746775906729644667e-01 5.602845487261920443e-02
8.797332364710471753e-01 5.731504254225221195e-02
8.848181039557355687e-01 5.837000692150669245e-02
8.899323620286901937e-01 5.817753453142494174e-02
8.950761805678236760e-01 5.703465645389925454e-02
9.002497304329459826e-01 5.574853765732367544e-02
9.054531834714387717e-01 5.454423720927251140e-02
9.106867125239620497e-01 5.361094538842538226e-02
9.159504914301977996e-01 5.266921385254422217e-02
9.212446950346235841e-01 5.153477549005257285e-02
9.265694991923183466e-01 5.019450185534193171e-02
9.319250807748065135e-01 4.902325695784073845e-02
9.373116176759319629e-01 4.858017191855385636e-02
9.427292888177655206e-01 4.868027631631867413e-02
9.481782741565508710e-01 4.874427748866010102e-02
9.536587546886805544e-01 4.813403920439356803e-02
9.591709124567069367e-01 4.771978985813964819e-02
9.647149305553922582e-01 4.804518776000746977e-02
9.702909931377862174e-01 4.868379286424952268e-02
9.758992854213467405e-01 4.979502201039756604e-02
9.815399936940907288e-01 5.106519912301996089e-02
9.872133053207802211e-01 5.222706655937223164e-02
9.929194087491489684e-01 5.298640647590673047e-02
9.986584935161608723e-01 5.314699549808213352e-02
1.004430750254303728e+00 5.231802793251683764e-02
1.010236370697924935e+00 5.141005525677181526e-02
1.016075547689597958e+00 5.062445844902031117e-02
1.021948475186527761e+00 5.017551249651535511e-02
1.027855348266994762e+00 4.990051844832301547e-02
1.033796363136834096e+00 4.942461229501488029e-02
1.039771717135951290e+00 4.914539838930553212e-02
1.045781608744880131e+00 4.900286097984182104e-02
1.051826237591374280e+00 4.925417693863311241e-02
1.057905804457035748e+00 4.966092431596789286e-02
1.064020511283988890e+00 4.946751417977122978e-02
1.070170561181583713e+00 4.881718724909303586e-02
1.076356158433145582e+00 4.843669676297524679e-02
1.082577508502760022e+00 4.830470899730407441e-02
1.088834818042095476e+00 4.779551285691725077e-02
1.095128294897270704e+00 4.718269577083475386e-02
1.101458148115757263e+00 4.608154739542180689e-02
1.107824587953321727e+00 4.488170124141637601e-02
1.114227825881013212e+00 4.434765482898488792e-02
1.120668074592185315e+00 4.436476869558168140e-02
1.127145548009560017e+00 4.397841729624581836e-02
1.133660461292336441e+00 4.302988710103168579e-02
1.140213030843336250e+00 4.247802351241723035e-02
1.146803474316190341e+00 4.225624655624506121e-02
1.153432010622570836e+00 4.201946566223461327e-02
1.160098859939462601e+00 4.195757441865168719e-02
1.166804243716473621e+00 4.221100030620147936e-02
1.173548384683194445e+00 4.231063583090885483e-02
1.180331506856595603e+00 4.220631157562702157e-02
1.187153835548465874e+00 4.190717056497619830e-02
1.194015597372901416e+00 4.164249172404767968e-02
1.200917020253827294e+00 4.171563592100932527e-02
1.207858333432573428e+00 4.230336829851843311e-02
1.214839767475487387e+00 4.289250729519987482e-02
1.221861554281590267e+00 4.309365383684439499e-02
1.228923927090283863e+00 4.303832681606571675e-02
1.236027120489096909e+00 4.244449908880980338e-02
1.243171370421473965e+00 4.121065963813951710e-02
1.250356914194617142e+00 4.040466685238908867e-02
1.257583990487367132e+00 4.033855575128914711e-02
1.264852839358128644e+00 4.032425512303702830e-02
1.272163702252848472e+00 3.986171185186612037e-02
1.279516822013033517e+00 3.961297469489078599e-02
1.286912442883815677e+00 3.982091989586827863e-02
1.294350810522067352e+00 3.965962756410670864e-02
1.301832172004561583e+00 3.897741726552214625e-02
1.309356775836174380e+00 3.804928304830692415e-02
1.316924871958146337e+00 3.716498846196295003e-02
1.324536711756377994e+00 3.611189957493825958e-02
1.332192548069784932e+00 3.533849346668035962e-02
1.339892635198694837e+00 3.530590678918783115e-02
1.347637228913291185e+00 3.538866288382713082e-02
1.355426586462114891e+00 3.517977993673474663e-02
1.363260966580605249e+00 3.545219518311112233e-02
1.371140629499693731e+00 3.637095193917741498e-02
1.379065836954451285e+00 3.706722842948537155e-02
1.387036852192779834e+00 3.681778796292387024e-02
1.395053939984155722e+00 3.651255160252623450e-02
1.403117366628427343e+00 3.651536484087091611e-02
1.411227399964658957e+00 3.643354649234650799e-02
1.419384309380025577e+00 3.653998067638684899e-02
1.427588365818764915e+00 3.639205122676249932e-02
1.435839841791175742e+00 3.558840280629931019e-02
1.444139011382666204e+00 3.490713025382963935e-02
1.452486150262864761e+00 3.482531190530523818e-02
1.460881535694769973e+00 3.479577290268610901e-02
1.469325446543965796e+00 3.432174224160777082e-02
1.477818163287882181e+00 3.397430730603995946e-02
1.486359968025109168e+00 3.438293017560452997e-02
1.494951144484772509e+00 3.492752623182855676e-02
1.503591978035954568e+00 3.526370821401765554e-02
1.512282755697172298e+00 3.536873577888565573e-02
1.521023766145914724e+00 3.484312908148820553e-02
1.529815299728230382e+00 3.448115908113955769e-02
1.538657648468367833e+00 3.445490218992255244e-02
1.547551106078482119e+00 3.435010906158327687e-02
1.556495967968387184e+00 3.382919109476029140e-02
1.565492531255366693e+00 3.340251661248403586e-02
1.574541094774047689e+00 3.339149809563404098e-02
1.583641959086324214e+00 3.354083416443073146e-02
1.592795426491339539e+00 3.357951619167005852e-02
1.602001801035530804e+00 3.343275892468933197e-02
1.611261388522727822e+00 3.329725461108730411e-02
1.620574496524306296e+00 3.308462067953534674e-02
1.629941434389411858e+00 3.307430547227152573e-02
1.639362513255227638e+00 3.308907497358108685e-02
1.648838046057315765e+00 3.298123417036841198e-02
1.658368347540009280e+00 3.311040869769490275e-02
1.667953734266863997e+00 3.340017224719680350e-02
1.677594524631179640e+00 3.322411041412566546e-02
1.687291038866571835e+00 3.299178381416095762e-02
1.697043599057607821e+00 3.304570421576729505e-02
1.706852529150509445e+00 3.299178381416095762e-02
1.716718154963911225e+00 3.291934292678547896e-02
1.726640804199680579e+00 3.302155725330880448e-02
1.736620806453807120e+00 3.320816873017248122e-02
1.746658493227349673e+00 3.378089716984331026e-02
1.756754197937443251e+00 3.451116695681612223e-02
1.766908255928380411e+00 3.435221899034178461e-02
1.777121004482747679e+00 3.365008158681574713e-02
1.787392782832625482e+00 3.350449650247862982e-02
1.797723932170862682e+00 3.386224664531026218e-02
1.808114795662403074e+00 3.406057994861010768e-02
1.818565718455690483e+00 3.409902753932071012e-02
1.829077047694130043e+00 3.425352121174931458e-02
1.839649132527616748e+00 3.484008140661480624e-02
1.850282324124138622e+00 3.516477599889646088e-02
1.860976975681438272e+00 3.496105065543598373e-02
1.871733442438742401e+00 3.448912992311614634e-02
1.882552081688566581e+00 3.382333018154220355e-02
1.893433252788581767e+00 3.388381480595279577e-02
1.904377317173546302e+00 3.423687621820996341e-02
1.915384638367318981e+00 3.381746926832412264e-02
1.926455581994929611e+00 3.340861196223083446e-02
1.937590515794722412e+00 3.363929750649448380e-02
1.948789809630575354e+00 3.371103508428378165e-02
1.960053835504184105e+00 3.331788502561494614e-02
1.971382967567415045e+00 3.306703793988111095e-02
1.982777582134739092e+00 3.315612382079593384e-02
1.994238057695728816e+00 3.328787714993838159e-02
2.005764774927627947e+00 3.336852331581915965e-02
2.017358116708002580e+00 3.308907497358108685e-02
2.029018468127450348e+00 3.247836781625711156e-02
2.040746216502401289e+00 3.236255617106783417e-02
2.052541751387976898e+00 3.255924841866662117e-02
2.064405464590929995e+00 3.316550128194485636e-02
2.076337750182662312e+00 3.387138966993046701e-02
2.088339004512313135e+00 3.442254994895874859e-02
2.100409626219920778e+00 3.425305233869186533e-02
2.112550016249669760e+00 3.418201807048873442e-02
2.124760577863207711e+00 3.455359996851502941e-02
2.137041716653034662e+00 3.447412598527786060e-02
2.149393840555982482e+00 3.449827294773635117e-02
2.161817359866763155e+00 3.469824730673725516e-02
2.174312687251592546e+00 3.449452196327677800e-02
2.186880237761905654e+00 3.424039276614081195e-02
2.199520428848138476e+00 3.377667731232628784e-02
2.212233680373592026e+00 3.340157886636913737e-02
2.225020414628386511e+00 3.361468167097854398e-02
2.237881056343477670e+00 3.436370638024922181e-02
2.250816032704775704e+00 3.491181898440410408e-02
2.263825773367328598e+00 3.492752623182855676e-02
2.276910710469592924e+00 3.422867093970465013e-02
2.290071278647793029e+00 3.387443734480386631e-02
2.303307915050354371e+00 3.396633646406337081e-02
2.316621059352423018e+00 3.390866507799746021e-02
2.330011153770474852e+00 3.417381279198341421e-02
2.343478643077001600e+00 3.460541044136285910e-02
2.357023974615280792e+00 3.417686046685682044e-02
2.370647598314243876e+00 3.348785150893927864e-02
2.384349966703414481e+00 3.342033378866699628e-02
2.398131534927939956e+00 3.325083617840011302e-02
2.411992760763713051e+00 3.326818448152563112e-02
2.425934104632577970e+00 3.342853906717230955e-02
2.439956029617617261e+00 3.389623994197512452e-02
2.454059001478542612e+00 3.424414375060038512e-02
2.468243488667162033e+00 3.402939989028992002e-02
2.482509962342935861e+00 3.374549725400610017e-02
2.496858896388636673e+00 3.443005191787789493e-02
2.511290767426078485e+00 3.466988048676174911e-02
2.525806054831960523e+00 3.417639159379937119e-02
2.540405240753779381e+00 3.475029221611380947e-02
2.555088810125852206e+00 3.559191935423015873e-02
2.569857250685421590e+00 3.622489798178284842e-02
2.584711052988855506e+00 3.739028196606596077e-02
2.599650710427946265e+00 3.763714363081150510e-02
2.614676719246288084e+00 3.705691322222155054e-02
2.629789578555775442e+00 3.699338092293755903e-02
2.644989790353173831e+00 3.654795151836343764e-02
2.660277859536794409e+00 3.571030980123538617e-02
2.675654293923265481e+00 3.587207100605440541e-02
2.691119604264405218e+00 3.582401151766614195e-02
2.706674304264172548e+00 3.536053050038034939e-02
2.722318910595750374e+00 3.591989605791394424e-02
2.738053942918694972e+00 3.591520732733947258e-02
2.753879923896200843e+00 3.582190158890763421e-02
2.769797379212459720e+00 3.521682090827300826e-02
2.785806837590128815e+00 3.403971509755374103e-02
2.801908830807877226e+00 3.357529633415304304e-02
2.818103893718070019e+00 3.350355875636373826e-02
2.834392564264522019e+00 3.350848192346692761e-02
2.850775383500368410e+00 3.359428569297961964e-02
2.867252895606037466e+00 3.350074551801905665e-02
2.883825647907329426e+00 3.344096420319463830e-02
2.900494190893583735e+00 3.386834199505706078e-02
2.917259078235983960e+00 3.340697090652976903e-02
2.934120866805935979e+00 3.267716999261439936e-02
2.951080116693567401e+00 3.225026107380941920e-02
2.968137391226336685e+00 3.177693372231724100e-02
2.985293256987731514e+00 3.234216019306891676e-02
3.002548283836107057e+00 3.251025118416346615e-02
3.019903044923603730e+00 3.206153966818722778e-02
3.037358116715186629e+00 3.227300141709556897e-02
3.054914079007794214e+00 3.284221330883554252e-02
3.072571514949601568e+00 3.310876764199383732e-02
3.090331011059376021e+00 3.317862972755335899e-02
3.108193157245980220e+00 3.323512893097565341e-02
3.126158546827951579e+00 3.324263089989479975e-02
3.144227776553216724e+00 3.303515457197474942e-02
3.162401446618910317e+00 3.290504229853336710e-02
3.180680160691316427e+00 3.286893907310999008e-02
3.199064525925907621e+00 3.260050924772190523e-02
3.217555152987530587e+00 3.241624213614545391e-02
3.236152656070678812e+00 3.230183711012852427e-02
3.254857652919894928e+00 3.208498332105955142e-02
3.273670764850296955e+00 3.174176824300876248e-02
3.292592616768199143e+00 3.172254444765345432e-02
3.311623837191892683e+00 3.184890573663527041e-02
3.330765058272506351e+00 3.219516848955945865e-02
3.350016915815009710e+00 3.200879144922450653e-02
3.369380049299332214e+00 3.204184699977447731e-02
3.388855101901607103e+00 3.256675038758576057e-02
3.408442720515521884e+00 3.253838356761024758e-02
3.428143555773827789e+00 3.183272961615336849e-02
3.447958262069935831e+00 3.167307834009285700e-02
3.467887497579658529e+00 3.182311771847571441e-02
3.487931924283071528e+00 3.196424850876709162e-02
3.508092207986506228e+00 3.226315508288919720e-02
3.528369018344649444e+00 3.180389392312041319e-02
3.548763028882812254e+00 3.110175651959437224e-02
3.569274917019284565e+00 3.104385069699974048e-02
3.589905364087840223e+00 3.136221550300586497e-02
3.610655055360374899e+00 3.129258785397507486e-02
3.631524680069651456e+00 3.060615769787349352e-02
3.652514931432215839e+00 3.071235744538510989e-02
3.673626506671410219e+00 3.078643938846164704e-02
3.694860107040534913e+00 3.098008396118702434e-02
3.716216437846141751e+00 3.170871269245878477e-02
3.737696208471465109e+00 3.260121255730807216e-02
3.759300132399972405e+00 3.261316882027295860e-02
3.781028927239082016e+00 3.272569835406009819e-02
3.802883314743989107e+00 3.253861800413897221e-02
3.824864020841640233e+00 3.212108654648292150e-02
3.846971775654848713e+00 3.215320435091800766e-02
3.869207313526548564e+00 3.255971729172406348e-02
3.891571373044171445e+00 3.277821213649410176e-02
3.914064697064205678e+00 3.261856086043359026e-02
3.936688032736852527e+00 3.256932918940171756e-02
3.959442131530850340e+00 3.309259152151194233e-02
3.982327749258438132e+00 3.275031418957604495e-02
4.005345646100446189e+00 3.250017041342836283e-02
4.028496586631570509e+00 3.292872038793440842e-02
4.051781339845751617e+00 3.321074753198843821e-02
4.075200679181723906e+00 3.286448477906424998e-02
4.098755382548707082e+00 3.264716211693782094e-02
4.122446232352245943e+00 3.249571611938262966e-02
4.146274015520188705e+00 3.175770992696193978e-02
4.170239523528843861e+00 3.058974714086287044e-02
4.194343552429258715e+00 2.987401241867088456e-02
4.218586902873665778e+00 3.025755057966206946e-02
4.242970380142073950e+00 3.059795241936818025e-02
4.267494794169023997e+00 3.067695752954790675e-02
4.292160959570472833e+00 3.124124625418469095e-02
4.316969695670882068e+00 3.148482580752811483e-02
4.341921826530410478e+00 3.083473331337862819e-02
4.367018180972294772e+00 3.120842514016343786e-02
4.392259592610382235e+00 3.143746962872602524e-02
4.417646899876805477e+00 3.199753849584578702e-02
4.443180946049855251e+00 3.216351955818182867e-02
4.468862579281975833e+00 3.176380527670873838e-02
4.494692652627942486e+00 3.214476463588396976e-02
4.520672024073195239e+00 3.257636228526340771e-02
4.546801556562344082e+00 3.299178381416095762e-02
4.573082118027814502e+00 3.271210103539416020e-02
4.599514581418703507e+00 3.262770388505380204e-02
4.626099824729760002e+00 3.232434301688595635e-02
4.652838731030551678e+00 3.217453807503181662e-02
4.679732188494796219e+00 3.256135834742512891e-02
4.706781090429870140e+00 3.249313731756667267e-02
4.733986335306464177e+00 3.172020008236622196e-02
4.761348826788450062e+00 3.181163032856827722e-02
4.788869473762884077e+00 3.219587179914563252e-02
4.816549190370198019e+00 3.200574377435110723e-02
4.844388896034566017e+00 3.301897845149284749e-02
4.872389515494448098e+00 3.315729600343954309e-02
4.900551978833287414e+00 3.186578516670333927e-02
4.928877221510434836e+00 3.205216220703829832e-02
4.957366184392200559e+00 3.301593077661944819e-02
4.986019813783113541e+00 3.396070998737401453e-02
5.014839061457356806e+00 3.338423056324361926e-02
5.043824884690362609e+00 3.257964439666553857e-02
5.072978246290641202e+00 3.241835206490396165e-02
5.102300114631742822e+00 3.182288328194699673e-02
5.131791463684423960e+00 3.159383879338440587e-02
5.161453273049005475e+00 3.208849986899039303e-02
5.191286527987911903e+00 3.183624616408421704e-02
5.221292219458380401e+00 3.160509174676312538e-02
5.251471344145405951e+00 3.168315911082796033e-02
5.281824904494829553e+00 3.171527691526303261e-02
5.312353908746639597e+00 3.227417359973918515e-02
5.343059370968462396e+00 3.318683500605867226e-02
5.373942311089249912e+00 3.402283566748566523e-02
5.405003754933139781e+00 3.545242961963984696e-02
5.436244734253559585e+00 3.584909622623953102e-02
5.467666286767478567e+00 3.466964605023302448e-02
5.499269456189878724e+00 3.412997316111217316e-02
5.531055292268432844e+00 3.395156696275380970e-02
5.563024850818350409e+00 3.322692365247034013e-02
5.595179193757479297e+00 3.251306442250814083e-02
5.627519389141558470e+00 3.152116346948020953e-02
5.660046511199702479e+00 3.124804491351766342e-02
5.692761640370078702e+00 3.112355911676563391e-02
5.725665863335805739e+00 3.143465639038134363e-02
5.758760273061025892e+00 3.253392927356451442e-02
5.792045968827241431e+00 3.258151988889532169e-02
5.825524056269808071e+00 3.244718775793691695e-02
5.859195647414667363e+00 3.359545787562324276e-02
5.893061860715279821e+00 3.375979788225821204e-02
5.927123821089786304e+00 3.253322596397834054e-02
5.961382659958350594e+00 3.187914804884056652e-02
5.995839515280771082e+00 3.172090339195239583e-02
6.030495531594262104e+00 3.269991033590054913e-02
6.065351860051475086e+00 3.285604506403021208e-02
6.100409658458743500e+00 3.234638005058593918e-02
6.135670091314512575e+00 3.273015264810584524e-02
6.171134329848062094e+00 3.249219957145177418e-02
6.206803552058381079e+00 3.178021583371936493e-02
6.242678942753306259e+00 3.276695918311538919e-02
6.278761693588877257e+00 3.277680551732176095e-02
6.315053003108923591e+00 3.211944549078186301e-02
6.351554076784851510e+00 3.180272174047679701e-02
6.388266127055725718e+00 3.237427799750400292e-02
6.425190373368511843e+00 3.315987480525550007e-02
6.462328042218596025e+00 3.281736303679087807e-02
6.499680367190518560e+00 3.248329098336030091e-02
6.537248588998957999e+00 3.211217795839144129e-02
6.575033955529916874e+00 3.207701247908296277e-02
6.613037721882214726e+00 3.282041071166428431e-02
6.651261150409145451e+00 3.273695130743881770e-02
6.689705510760421525e+00 3.275922277766751822e-02
6.728372079924347382e+00 3.293505017420993858e-02
6.767262142270216607e+00 3.294794418328971658e-02
6.806376989591010229e+00 3.284526098370894182e-02
6.845717921146279750e+00 3.226385839247536413e-02
6.885286243705309062e+00 3.229316295856576868e-02
6.925083271590525058e+00 3.297115339963331559e-02
6.965110326721157818e+00 3.339665569926594801e-02
7.005368738657123728e+00 3.353614543385626673e-02
7.045859844643230119e+00 3.306797568599600251e-02
7.086584989653569089e+00 3.234895885240189617e-02
7.127545526436194656e+00 3.279462269350472831e-02
7.168742815558059256e+00 3.311322193603958436e-02
7.210178225450215805e+00 3.305601942303111607e-02
7.251853132453240036e+00 3.279298163780366981e-02
7.293768920862992111e+00 3.248891746004965025e-02
7.335926982976571864e+00 3.200996363186811577e-02
7.378328719138569802e+00 3.153288529591637135e-02
7.420975537787583676e+00 3.180787934410871098e-02
7.463868855503007715e+00 3.186977058769163706e-02
7.507010097052058128e+00 3.200785370310960803e-02
7.550400695437144982e+00 3.186601960323206389e-02
7.594042091943437711e+00 3.213374611903397488e-02
7.637935736186750368e+00 3.218063342477862215e-02
7.682083086161699548e+00 3.128391370241231234e-02
7.726485608290103890e+00 3.142363787353134874e-02
7.771144777469737974e+00 3.114747164269540333e-02
7.816062077123293150e+00 3.128039715448146380e-02
7.861238999247660786e+00 3.194127372895221723e-02
7.906677044463489068e+00 3.173450071061834077e-02
7.952377722065040011e+00 4.368044846823861127e-02
7.998342550070284496e+00 4.601778065960909075e-02
