2.511886431509579437e-02 4.221752971960783252e-01
2.526405161860213050e-02 4.258491811819908879e-01
2.541007810627042562e-02 4.276892331218878351e-01
2.555694862859406516e-02 4.312159129526086376e-01
2.570466806410236227e-02 4.350546241263767988e-01
2.585324131952258450e-02 4.397402775169876876e-01
2.600267332994290678e-02 4.449090093323827544e-01
2.615296905897638788e-02 4.506406415440392665e-01
2.630413349892583852e-02 4.568667553192624631e-01
2.645617167094958117e-02 4.636080836376568204e-01
2.660908862522835469e-02 4.708635898502421258e-01
2.676288944113292337e-02 4.784342373528153725e-01
2.691757922739292791e-02 4.858255445818099316e-01
2.707316312226650673e-02 4.929545796188078977e-01
2.722964629371095457e-02 5.000255623129133964e-01
2.738703393955444973e-02 5.071048381988606524e-01
2.754533128766867636e-02 5.142888156318105031e-01
2.770454359614242176e-02 5.216459134444576540e-01
2.786467615345633933e-02 5.292393672245958580e-01
2.802573427865854422e-02 5.350549680036504885e-01
2.818772332154127064e-02 5.373812083152722519e-01
2.835064866281864979e-02 5.374807266173737830e-01
2.851451571430539678e-02 5.365415226412911798e-01
2.867932991909653145e-02 5.353203501425877198e-01
2.884509675174826843e-02 5.342722980235816710e-01
2.901182171845980567e-02 5.335922562925549117e-01
2.917951035725619563e-02 5.333631568679254586e-01
2.934816823817239240e-02 5.335435337904843589e-01
2.951780096343814899e-02 5.341168006765480980e-01
2.968841416766421215e-02 5.351721093384157468e-01
2.986001351802944001e-02 5.367540356822370073e-01
3.003260471446899879e-02 5.388957524753790196e-01
3.020619348986378766e-02 5.416065895586639201e-01
3.038078561023081769e-02 5.447631857034449521e-01
3.055638687491469066e-02 5.477259284889239854e-01
3.073300311678033025e-02 5.502812682251753129e-01
3.091064020240668481e-02 5.528303880675452531e-01
3.108930403228154019e-02 5.555858010569797445e-01
3.126900054099761295e-02 5.587444704997210909e-01
3.144973569744963920e-02 5.624121345917523218e-01
3.163151550503255638e-02 5.668241126515841666e-01
3.181434600184106232e-02 5.722976192671650475e-01
3.199823326087009728e-02 5.788005183201079262e-01
3.218318339021652985e-02 5.861856056552211536e-01
3.236920253328214730e-02 5.944580645174057931e-01
3.255629686897762443e-02 6.036064917678795050e-01
3.274447261192782455e-02 6.136495470882861181e-01
3.293373601267822470e-02 6.240284766782852044e-01
3.312409335790250653e-02 6.341523906191492976e-01
3.331555097061136145e-02 6.443167338702421310e-01
3.350811521036261426e-02 6.548283545297098884e-01
3.370179247347232510e-02 6.659961739936590686e-01
3.389658919322740410e-02 6.780016058336291174e-01
3.409251184009919750e-02 6.907482416944591419e-01
3.428956692195841288e-02 7.039997256086579780e-01
3.448776098429136294e-02 7.179115549232591986e-01
3.468710061041735404e-02 7.327636248629232352e-01
3.488759242170727526e-02 7.487591186277741118e-01
3.508924307780367929e-02 7.660981094709946593e-01
3.529205927684192501e-02 7.842902624249394883e-01
3.549604775567258980e-02 8.022657557420173058e-01
3.570121529008542238e-02 8.203075945938297364e-01
3.590756869503420462e-02 8.393632761483006410e-01
3.611511482486330638e-02 8.601200986793186010e-01
3.632386057353523962e-02 8.832000515750176861e-01
3.653381287485973905e-02 9.089079096355838772e-01
3.674497870272393912e-02 9.374033168039713759e-01
3.695736507132423021e-02 9.694969325827150763e-01
3.717097903539903075e-02 1.006451395429727613e+00
3.738582769046329413e-02 1.049710757374460179e+00
3.760191817304411876e-02 1.100817552099485619e+00
3.781925766091774610e-02 1.150970629762705588e+00
3.803785337334809891e-02 1.191451772440438761e+00
3.825771257132654091e-02 1.228698570299874060e+00
3.847884255781295476e-02 1.271439607754494938e+00
3.870125067797849233e-02 1.329844411300294738e+00
3.892494431944945599e-02 1.400492039302536185e+00
3.914993091255265789e-02 1.440009098428661316e+00
3.937621793056233360e-02 1.417057690006509940e+00
3.960381288994833243e-02 1.350567024414965678e+00
3.983272335062570252e-02 1.269376676283849870e+00
4.006295691620595512e-02 1.195577635381728898e+00
4.029452123424955012e-02 1.136727072774432523e+00
4.052742399651988042e-02 1.083940906701444717e+00
4.076167293923887297e-02 1.035453723949444349e+00
4.099727584334383890e-02 9.919320898127151898e-01
4.123424053474603751e-02 9.521579417394944178e-01
4.147257488459059338e-02 9.198891322830929917e-01
4.171228680951784978e-02 8.968516819955829611e-01
4.195338427192649156e-02 8.816803241700099658e-01
4.219587528023795858e-02 8.750768701659853432e-01
4.243976788916238585e-02 8.778675292207474001e-01
4.268507019996626434e-02 8.872730454183165305e-01
4.293179036074151744e-02 8.956325827948399265e-01
4.317993656667604152e-02 9.019779112027888068e-01
4.342951706032609216e-02 9.091473755500154574e-01
4.368054013188996804e-02 9.214534355942504140e-01
4.393301411948334623e-02 9.177152793715640522e-01
4.418694740941636612e-02 8.820338214722661663e-01
4.444234843647213579e-02 8.318071417314504279e-01
4.469922568418681352e-02 7.794760645607808902e-01
4.495758768513159753e-02 7.354692787013069610e-01
4.521744302119593689e-02 7.053888352421575636e-01
4.547880032387276866e-02 6.843780337109847123e-01
4.574166827454511502e-02 6.679450740764795169e-01
4.600605560477452616e-02 6.550118413992094268e-01
4.627197109659098723e-02 6.440503150823246870e-01
4.653942358278480296e-02 6.332214798349085072e-01
4.680842194719982141e-02 6.226362570978448696e-01
4.707897512502866311e-02 6.132276309533351011e-01
4.735109210310945588e-02 6.054527636016577841e-01
4.762478192022426976e-02 5.971056660128970517e-01
4.790005366739954334e-02 5.864323281125144449e-01
4.817691648820784933e-02 5.752935348200113319e-01
4.845537957907175564e-02 5.650545528423425168e-01
4.873545218956924774e-02 5.571863870824450560e-01
4.901714362274099679e-02 5.516683045607145841e-01
4.930046323539925834e-02 5.478845357828983076e-01
4.958542043843887359e-02 5.455655520141380332e-01
4.987202469714965836e-02 5.437711126293708341e-01
5.016028553153097091e-02 5.398359931004419465e-01
5.045021251660784106e-02 5.336026227823571499e-01
5.074181528274907677e-02 5.273039435785182860e-01
5.103510351598705003e-02 5.223010755999589749e-01
5.133008695833959217e-02 5.176465216787549117e-01
5.162677540813340182e-02 5.116526172751016954e-01
5.192517872032970105e-02 5.047267654382275870e-01
5.222530680685147364e-02 4.973085053357472196e-01
5.252716963691266006e-02 4.897710306005411129e-01
5.283077723734942721e-02 4.824201526817752383e-01
5.313613969295318679e-02 4.756964473960447193e-01
5.344326714680543849e-02 4.698227942740975660e-01
5.375216980061491706e-02 4.651796434916758427e-01
5.406285791505632127e-02 4.616197908935879002e-01
5.437534181011107609e-02 4.588363883816873878e-01
5.468963186541032917e-02 4.567921165926864258e-01
5.500573852057948770e-02 4.555128917510903874e-01
5.532367227558519784e-02 4.549645044405520866e-01
5.564344369108398941e-02 4.550930489140997959e-01
5.596506338877313413e-02 4.558425461268015288e-01
5.628854205174332881e-02 4.570751217642874398e-01
5.661389042483377931e-02 4.588602313082325579e-01
5.694111931498885282e-02 4.613709951383341834e-01
5.727023959161724881e-02 4.639315181194865745e-01
5.760126218695296035e-02 4.657404705899768627e-01
5.793419809641841417e-02 4.675929623176365291e-01
5.826905837898961604e-02 4.707360820256745737e-01
5.860585415756369709e-02 4.741466571706103306e-01
5.894459661932811845e-02 4.756093688817059073e-01
5.928529701613251268e-02 4.759524996941599251e-01
5.962796666486229469e-02 4.758291384655133349e-01
5.997261694781454155e-02 4.745633900606602285e-01
6.031925931307623168e-02 4.717696210589575334e-01
6.066790527490428103e-02 4.683289830935952747e-01
6.101856641410823012e-02 4.648904184261934969e-01
6.137125437843479747e-02 4.616187542446076320e-01
6.172598088295483398e-02 4.589037705654019361e-01
6.208275771045231733e-02 4.571891531521120600e-01
6.244159671181598315e-02 4.567485773355169365e-01
6.280250980643269088e-02 4.575478336992694350e-01
6.316550898258359303e-02 4.595620426678439507e-01
6.353060629784218483e-02 4.628751728086387129e-01
6.389781387947492119e-02 4.674405749175436497e-01
6.426714392484385308e-02 4.732499558027168929e-01
6.463860870181208085e-02 4.795496716555359695e-01
6.501222054915094251e-02 4.854533875979096247e-01
6.538799187695008841e-02 4.914649150342265127e-01
6.576593516702965159e-02 4.974256466705124780e-01
6.614606297335466623e-02 5.029530590330649753e-01
6.652838792245242827e-02 5.089086074244497659e-01
6.691292271383147972e-02 5.158707419756317636e-01
6.729968012040381253e-02 5.229676408942427468e-01
6.768867298890894613e-02 5.305196287151719980e-01
6.807991424034069705e-02 5.398359931004419465e-01
6.847341687037629410e-02 5.499184410820970870e-01
6.886919394980822728e-02 5.598184388432327907e-01
6.926725862497820629e-02 5.718757031322140305e-01
6.966762411821400547e-02 5.825117216693085354e-01
7.007030372826857090e-02 5.809878476683798532e-01
7.047531083076181979e-02 5.697288030941708437e-01
7.088265887862478520e-02 5.597220304880720088e-01
7.129236140254673060e-02 5.539116129539184419e-01
7.170443201142430445e-02 5.506067760049655480e-01
7.211888439281383123e-02 5.498780117718683469e-01
7.253573231338585059e-02 5.519492364343551172e-01
7.295498961938230720e-02 5.566245233351637678e-01
7.337667023707672431e-02 5.637079458170318746e-01
7.380078817323644513e-02 5.730315667451633121e-01
7.422735751558823258e-02 5.826641090694014702e-01
7.465639243328600627e-02 5.871071865986400296e-01
7.508790717738160481e-02 5.863514694920569648e-01
7.552191608129793510e-02 5.816253867912173359e-01
7.595843356130543844e-02 5.703912217925337647e-01
7.639747411700059665e-02 5.553349320037656023e-01
7.683905233178781047e-02 5.423363904407413338e-01
7.728318287336367887e-02 5.324892617775969228e-01
7.772988049420428980e-02 5.247610436300297332e-01
7.817916003205507836e-02 5.202008247660259155e-01
7.863103641042397396e-02 5.199333693291281477e-01
7.908552463907676799e-02 5.243588238257028689e-01
7.954263981453599253e-02 5.329619737125789181e-01
8.000239712058217212e-02 5.431532698371575041e-01
8.046481182875830918e-02 5.557122722325670283e-01
8.092989929887701994e-02 5.640355268947826461e-01
8.139767497953076525e-02 5.614770772115906805e-01
8.186815440860513438e-02 5.570402195762333974e-01
8.234135321379483508e-02 5.559652145837415960e-01
8.281728711312283386e-02 5.606042187702423574e-01
8.329597191546232737e-02 5.713096927890118915e-01
8.377742352106211376e-02 5.877654587010819887e-01
8.426165792207447602e-02 6.079573075378781333e-01
8.474869120308657633e-02 6.302369674208446737e-01
8.523853954165466762e-02 6.536165118718284539e-01
8.573121920884146929e-02 6.733905911695943214e-01
8.622674656975649887e-02 6.891113729546859412e-01
8.672513808409994251e-02 6.994892658957048148e-01
8.722641030670905127e-02 7.053515158788694617e-01
8.773057988810836760e-02 7.064804266183331016e-01
8.823766357506258873e-02 6.932704086633431073e-01
8.874767821113291322e-02 6.670120899942784121e-01
8.926064073723644077e-02 6.340953749252370431e-01
8.977656819220893036e-02 6.001067648106443997e-01
9.029547771337091688e-02 5.709385724540918527e-01
9.081738653709675591e-02 5.466353737617287711e-01
9.134231199938727674e-02 5.276097550276842574e-01
9.187027153644546085e-02 5.139508680642574934e-01
9.240128268525588107e-02 5.048698229974984963e-01
9.293536308416693037e-02 4.984581490548151694e-01
9.347253047347692245e-02 4.926290718390176626e-01
9.401280269602330097e-02 4.875826646032890288e-01
9.455619769777530437e-02 4.840487282297066263e-01
9.510273352842993355e-02 4.814467392893452269e-01
9.565242834201181932e-02 4.765910754659777315e-01
9.620530039747586526e-02 4.695750351678241175e-01
9.676136805931405405e-02 4.599487127374673467e-01
9.732064979816532069e-02 4.483911132569539659e-01
9.788316419142908953e-02 4.365577651477011156e-01
9.844892992388228070e-02 4.252665844551052343e-01
9.901796578830000806e-02 4.146896549098833540e-01
9.959029068607995472e-02 4.039188720053597526e-01
1.001659236278700377e-01 3.940914396728396052e-01
1.007448837341998471e-01 3.857837347453273447e-01
1.013271902361159299e-01 3.793648042597825287e-01
1.019128624758204177e-01 3.746604911875276445e-01
1.025019199073136378e-01 3.706828690504095913e-01
1.030943820970401520e-01 3.666192050479328834e-01
1.036902687245389171e-01 3.621854573595163496e-01
1.042895995830967204e-01 3.568819611766921307e-01
1.048923945804057928e-01 3.535159619379059648e-01
1.054986737392250712e-01 3.523248522596290622e-01
1.061084571980452224e-01 3.539886738728879600e-01
1.067217652117575799e-01 3.597638453417139615e-01
1.073386181523270227e-01 3.679627021263026654e-01
1.079590365094685589e-01 3.760226479475415329e-01
1.085830408913279893e-01 3.817667199469607087e-01
1.092106520251663743e-01 3.814484687100320737e-01
1.098418907580486492e-01 3.790921655779837529e-01
1.104767780575359459e-01 3.779964276058873085e-01
1.111153350123821049e-01 3.770375272991804971e-01
1.117575828332342536e-01 3.699478849234310029e-01
1.124035428533372433e-01 3.641768600505259634e-01
1.130532365292423180e-01 3.600976463133458982e-01
1.137066854415197809e-01 3.529136688803961031e-01
1.143639112954759340e-01 3.403432633462041834e-01
1.150249359218739331e-01 3.259525022027396357e-01
1.156897812776589568e-01 3.084787469920898806e-01
1.163584694466876512e-01 2.857554013455876341e-01
1.170310226404614878e-01 2.629190609602410356e-01
1.177074631988646730e-01 2.443423112346333470e-01
1.183878135909062629e-01 2.306699478344637344e-01
1.190720964154663303e-01 2.209949029020364941e-01
1.197603344020467531e-01 2.141260667590746403e-01
1.204525504115261381e-01 2.092890626173511126e-01
1.211487674369193246e-01 2.059914822112597077e-01
1.218490086041408849e-01 2.043639433123085880e-01
1.225532971727734816e-01 2.049019641330446506e-01
1.232616565368404721e-01 2.066259113871565800e-01
1.239741102255828148e-01 2.074790734978806395e-01
1.246906819042407494e-01 2.081871047513733919e-01
1.254113953748399735e-01 2.093398584173820631e-01
1.261362745769819826e-01 2.086743297720785040e-01
1.268653435886395453e-01 2.057084770396586382e-01
1.275986266269562852e-01 2.027809803195070870e-01
1.283361480490512463e-01 1.998555568973159891e-01
1.290779323528278288e-01 1.939819037753688080e-01
1.298240041777875831e-01 1.841264819203826675e-01
1.305743883058487209e-01 1.722278249253756943e-01
1.313291096621690413e-01 1.605157647468089810e-01
1.320881933159741561e-01 1.500932958996404887e-01
1.328516644813900749e-01 1.412662298330361610e-01
1.336195485182806453e-01 1.343932470941534285e-01
1.343918709330900185e-01 1.292431749604023572e-01
1.351686573796898327e-01 1.244103174145997498e-01
1.359499336602315311e-01 1.210536480166355955e-01
1.367357257260030934e-01 1.195515436442915469e-01
1.375260596782912625e-01 1.201227372323947634e-01
1.383209617692485738e-01 1.227796685687079503e-01
1.391204584027652402e-01 1.262420761626549259e-01
1.399245761353461737e-01 1.284180023721443464e-01
1.407333416769932510e-01 1.294308084258228575e-01
1.415467818920924381e-01 1.301108501568495612e-01
1.423649238003061035e-01 1.306385044877833856e-01
1.431877945774705507e-01 1.316046613373518248e-01
1.440154215564987683e-01 1.302134784058917027e-01
1.448478322282882313e-01 1.238961395204088156e-01
1.456850542426340045e-01 1.161575548830393323e-01
1.465271154091474515e-01 1.097469175893363291e-01
1.473740436981796631e-01 1.051421228191829066e-01
1.482258672417506584e-01 1.006713667621724206e-01
1.490826143344838317e-01 9.443073990122607952e-02
1.499443134345459228e-01 8.712257192044543797e-02
1.508109931645919832e-01 8.022916719665229568e-02
1.516826823127164214e-01 7.355273310441995394e-02
1.525594098334091819e-01 6.733418686675239628e-02
1.534412048485173929e-01 6.137552852842689116e-02
1.543280966482127869e-01 5.589538735937263358e-02
1.552201146919646169e-01 5.117469523323021213e-02
1.561172886095181789e-01 4.731379977128528230e-02
1.570196482018790252e-01 4.422531146450497941e-02
1.579272234423027277e-01 4.179727222302516421e-02
1.588400444772908315e-01 3.996084855455898227e-02
1.597581416275917487e-01 3.865073157335234544e-02
1.606815453892082024e-01 3.765845116948227100e-02
1.616102864344102497e-01 3.687391522124901927e-02
1.625443956127538836e-01 3.635134047031828020e-02
1.634839039521058524e-01 3.612338135956710133e-02
1.644288426596743347e-01 3.621626510819514477e-02
1.653792431230455828e-01 3.663403464722526925e-02
1.663351369112262834e-01 3.735098108194793987e-02
1.672965557756923849e-01 3.826478715801508168e-02
1.682635316514438095e-01 3.923177332676769380e-02
1.692360966580649384e-01 4.028428303638875718e-02
1.702142831007917856e-01 4.141381576524044011e-02
1.711981234715850009e-01 4.248177154466684091e-02
1.721876504502090899e-01 4.330279753700396611e-02
1.731828969053178791e-01 4.389119949817889971e-02
1.741838958955464201e-01 4.439791351971221489e-02
1.751906806706090836e-01 4.485797833713546512e-02
1.762032846724038426e-01 4.543881276075477371e-02
1.772217415361232173e-01 4.634256334171374392e-02
1.782460850913716033e-01 4.758415782532759986e-02
1.792763493632887617e-01 4.924839409817863972e-02
1.803125685736800821e-01 5.134854126721371398e-02
1.813547771421535060e-01 5.339685598723760418e-02
1.824030096872625850e-01 5.492176663714658236e-02
1.834573010276564775e-01 5.602154754026584388e-02
1.845176861832364401e-01 5.690891906733728384e-02
1.855842003763193415e-01 5.783734189402557624e-02
1.866568790328071992e-01 5.909147983030014345e-02
1.877357577833641822e-01 6.091494538651353458e-02
1.888208724646001924e-01 6.354502751423893314e-02
1.899122591202609955e-01 6.677024982151072430e-02
1.910099540024255971e-01 6.952835809829374658e-02
1.921139935727104175e-01 6.986620200094863231e-02
1.932244145034804905e-01 6.764818784286212583e-02
1.943412536790674328e-01 6.491713610446293858e-02
1.954645481969946030e-01 6.197595561777242273e-02
1.965943353692096995e-01 5.799242458146703499e-02
1.977306527233236300e-01 5.379544752013359910e-02
1.988735380038573475e-01 5.025736455063031100e-02
2.000230291734956534e-01 4.764998503557180132e-02
2.011791644143479663e-01 4.595247233045558766e-02
2.023419821292166965e-01 4.497740029965723030e-02
2.035115209428728922e-01 4.439438891317945557e-02
2.046878197033392410e-01 4.403456805214382708e-02
2.058709174831803157e-01 4.373466550216512788e-02
2.070608535808005912e-01 4.312314626873120504e-02
2.082576675217497619e-01 4.223225013512700576e-02
2.094613990600355524e-01 4.140127231257973578e-02
2.106720881794442723e-01 4.092949336167995417e-02
2.118897750948690872e-01 4.110541269362390226e-02
2.131145002536455058e-01 4.203342086072010819e-02
2.143463043368951104e-01 4.343134201055168925e-02
2.155852282608767823e-01 4.493209873922145853e-02
2.168313131783459469e-01 4.633188585721743913e-02
2.180846004799212312e-01 4.725896104023144528e-02
2.193451317954595303e-01 4.717727310058981993e-02
2.206129489954388734e-01 4.676707109911532739e-02
2.218880941923488948e-01 4.679682292484774880e-02
2.231706097420899648e-01 4.775572323155461568e-02
2.244605382453801201e-01 5.015566928567037619e-02
2.257579225491697927e-01 5.367529990332567391e-02
2.270628057480653939e-01 5.602082188597969081e-02
2.283752311857605299e-01 5.681800495177167371e-02
2.296952424564759343e-01 5.693307298857649273e-02
2.310228834064072811e-01 5.667183744556014008e-02
2.323581981351817149e-01 5.617953284485192877e-02
2.337012309973229007e-01 5.559413716571964120e-02
2.350520266037238737e-01 5.477010489133986998e-02
2.364106298231291869e-01 5.345169471829144120e-02
2.377770857836252472e-01 5.164605952453790033e-02
2.391514398741393099e-01 4.928135953574975386e-02
2.405337377459470793e-01 4.679651193015368221e-02
2.419240253141889951e-01 4.465344749333734209e-02
2.433223487593957901e-01 4.299024786946652882e-02
2.447287545290218747e-01 4.155054976573194225e-02
2.461432893389885190e-01 3.973475541197220989e-02
2.475660001752356676e-01 3.773806581116345010e-02
2.489969342952823017e-01 3.615655412693426218e-02
2.504361392297964617e-01 3.533075954928811130e-02
2.518836627841739007e-01 3.545308412895449568e-02
2.533395530401260642e-01 3.654426084553790560e-02
2.548038583572773130e-01 3.852851065858397400e-02
2.562766273747711931e-01 4.088388080655010887e-02
2.577579090128856998e-01 4.297604577843746471e-02
2.592477524746588102e-01 4.479349877056555684e-02
2.607462072475227322e-01 4.602130582274243514e-02
2.622533231049470337e-01 4.677121769503622684e-02
2.637691501080930423e-01 4.733670971374821790e-02
2.652937386074759596e-01 4.701286057232634957e-02
2.668271392446371348e-01 4.604722204724803064e-02
2.683694029538270520e-01 4.500072490171226625e-02
2.699205809636965880e-01 4.395702670842310811e-02
2.714807247989985406e-01 4.291426149921613586e-02
2.730498862822996475e-01 4.198666799171202335e-02
2.746281175357012105e-01 4.126619695045659342e-02
2.762154709825712651e-01 4.093726822903162588e-02
2.778119993492854656e-01 4.125780009371678159e-02
2.794177556669779627e-01 4.240537051482435454e-02
2.810327932733039380e-01 4.421826225143946076e-02
2.826571658142107979e-01 4.615969846160229012e-02
2.842909272457196934e-01 4.779812217484576131e-02
2.859341318357184192e-01 4.914586951403452503e-02
2.875868341657639160e-01 5.087417069386337976e-02
2.892490891328946545e-01 5.369966115436092952e-02
2.909209519514548425e-01 5.758087493631824927e-02
2.926024781549284581e-01 6.066552764187171931e-02
2.942937235977828858e-01 6.155787508404823166e-02
2.959947444573255426e-01 6.114145318869239343e-02
2.977055972355692748e-01 6.032053086125329505e-02
2.994263387611086902e-01 5.973793413436760680e-02
3.011570261910088142e-01 5.947441796359476118e-02
3.028977170127025720e-01 5.924293424631081606e-02
3.046484690459013711e-01 5.872917101171197529e-02
3.064093404445150659e-01 5.822888421385604557e-02
3.081803896985833569e-01 5.865505060962599576e-02
3.099616756362194026e-01 6.048794967155941144e-02
3.117532574255635347e-01 6.299228627798368618e-02
3.135551945767480198e-01 6.412130068234525582e-02
3.153675469438748658e-01 6.398467034675177356e-02
3.171903747270033436e-01 6.492491097181461723e-02
3.190237384741493876e-01 6.708000053680156227e-02
3.208676990832974307e-01 6.954515181177337024e-02
3.227223178044230090e-01 7.025110976730566947e-02
3.245876562415266342e-01 6.935212777165573883e-02
3.264637763546810456e-01 6.815158458765872840e-02
3.283507404620888970e-01 6.716272512542340034e-02
3.302486112421523790e-01 6.739099523086863885e-02
3.321574517355558864e-01 6.933616337736028812e-02
3.340773253473591775e-01 7.268682021123913650e-02
3.360082958491044103e-01 7.672114704757548864e-02
3.379504273809338932e-01 8.172774696246359882e-02
3.399037844537201591e-01 8.850027841516266980e-02
3.418684319512097503e-01 9.511285493021323645e-02
3.438444351321779946e-01 9.656157188007578884e-02
3.458318596325960503e-01 9.548335327574516973e-02
3.478307714678123830e-01 9.372042801997684802e-02
3.498412370347446232e-01 9.115409980453520467e-02
3.518633231140849693e-01 8.753930481049534973e-02
3.538970968725191901e-01 8.289719067705388078e-02
3.559426258649572294e-01 7.808931637167465523e-02
3.579999780367765227e-01 7.456947842422330386e-02
3.600692217260801353e-01 7.304436044451827204e-02
3.621504256659661136e-01 7.245336686089277889e-02
3.642436589868098817e-01 7.140697338025503438e-02
3.663489912185618480e-01 7.046932437764275026e-02
3.684664922930561692e-01 7.056987932872443858e-02
3.705962325463332818e-01 7.210888840476446793e-02
3.727382827209774208e-01 7.450831613439011514e-02
3.748927139684648524e-01 7.515684373641801086e-02
3.770595978515288715e-01 7.274881182025651205e-02
3.792390063465359562e-01 6.918750791359622176e-02
3.814310118458763554e-01 6.572541131434332662e-02
3.836356871603694985e-01 6.313669148092884709e-02
3.858531055216822825e-01 6.139315156109069471e-02
3.880833405847607942e-01 6.020577381914253567e-02
3.903264664302779630e-01 6.025449632121304688e-02
3.925825575670940371e-01 6.203628858842143851e-02
3.948516889347303827e-01 6.401452583738222180e-02
3.971339359058604912e-01 6.545049200478800233e-02
3.994293742888124776e-01 6.665248649735731890e-02
4.017380803300868997e-01 6.720574605810268609e-02
4.040601307168905088e-01 6.694378486080015955e-02
4.063956025796829352e-01 6.562216107591303804e-02
4.087445734947380283e-01 6.388701801281471138e-02
4.111071214867221824e-01 6.145586882439423027e-02
4.134833250312844322e-01 5.796795966553375257e-02
4.158732630576643108e-01 5.485106717669533533e-02
4.182770149513134750e-01 5.322072932549760937e-02
4.206946605565314856e-01 5.325213978959838362e-02
4.231262801791195738e-01 5.465337821616668423e-02
4.255719545890473410e-01 5.591612033897710304e-02
4.280317650231349469e-01 5.729704044553302067e-02
4.305057931877529498e-01 5.864509877941584404e-02
4.329941212615355806e-01 6.037526592740910525e-02
4.354968318981098929e-01 6.326927888549944978e-02
4.380140082288422887e-01 6.679201945009541341e-02
4.405457338655994204e-01 7.037841026207714012e-02
4.430920929035247480e-01 7.281557201458292716e-02
4.456531699238333033e-01 7.248301502172717348e-02
4.482290499966203323e-01 7.154235973707223639e-02
4.508198186836865351e-01 7.152535869379657296e-02
4.534255620413813470e-01 7.175134817148533239e-02
4.560463666234608748e-01 7.196303189324700089e-02
4.586823194839622087e-01 7.232026113183206983e-02
4.613335081800964965e-01 7.274082962310879363e-02
4.640000207751556194e-01 7.346088600477214403e-02
4.666819458414390720e-01 7.421173086114811468e-02
4.693793724631949438e-01 7.483268360030208288e-02
4.720923902395786631e-01 7.432368895101226780e-02
4.748210892876304490e-01 7.368034459388547730e-02
4.775655602452679171e-01 7.212246850640539886e-02
4.803258942742961168e-01 6.846485990948231182e-02
4.831021830634371073e-01 6.457131000466034831e-02
4.858945188313745223e-01 6.178759649806579712e-02
4.887029943298164536e-01 5.965790483309434122e-02
4.915277028465775411e-01 5.816917323259516992e-02
4.943687382086768833e-01 5.794390940919257743e-02
4.972261947854541564e-01 5.725837343857067413e-02
5.001001674917054940e-01 5.678752747175309923e-02
5.029907517908354109e-01 5.751940165179098702e-02
5.058980436980275996e-01 5.901767042290822357e-02
5.088221397834349347e-01 6.058777896835494670e-02
5.117631371753864622e-01 6.188576715649296567e-02
5.147211335636141527e-01 6.180387188705530749e-02
5.176962272024980827e-01 6.059866378264729125e-02
5.206885169143288250e-01 6.009630368683092222e-02
5.236981020925914887e-01 6.092769616897027868e-02
5.267250827052667450e-01 6.208573674477811666e-02
5.297695592981502832e-01 6.206272313741714730e-02
5.328316329981945820e-01 5.991955503570278729e-02
5.359114055168668900e-01 5.756459954732873890e-02
5.390089791535270791e-01 5.556469633468129332e-02
5.421244567988269258e-01 5.404486526477540742e-02
5.452579419381275994e-01 5.392057105204659667e-02
5.484095386549359130e-01 5.558853926122643563e-02
5.515793516343632241e-01 5.843642133969682850e-02
5.547674861666017643e-01 6.176738184295143402e-02
5.579740481504216199e-01 6.475261991130144834e-02
5.611991440966896949e-01 6.659598912793512904e-02
5.644428811319066597e-01 6.675946867211640656e-02
5.677053670017649933e-01 6.542374646109823388e-02
5.709867100747291202e-01 6.292075749834825926e-02
5.742870193456336425e-01 5.952428077954351887e-02
5.776064044393048880e-01 5.762897544900063423e-02
5.809449756142023302e-01 5.871434693129477800e-02
5.843028437660793273e-01 6.135427722433230840e-02
5.876801204316687288e-01 6.329675008347536436e-02
5.910769177923870243e-01 6.306754699394791219e-02
5.944933486780595855e-01 6.167522374860955059e-02
5.979295265706701112e-01 6.021707329302697365e-02
6.013855656081297241e-01 5.848286321401084675e-02
6.048615805880666052e-01 5.676285522602377009e-02
6.083576869716416091e-01 5.670262592027278115e-02
6.118740008873820857e-01 5.694395780286884423e-02
6.154106391350390171e-01 5.681779762197562700e-02
6.189677191894675801e-01 5.587102610833737104e-02
6.225453592045292472e-01 5.408322127704368737e-02
6.261436780170150929e-01 5.248128760790408964e-02
6.297627951505950783e-01 5.201541755619158020e-02
6.334028308197864332e-01 5.278668439747797453e-02
6.370639059339481269e-01 5.512204722012579300e-02
6.407461421012968783e-01 5.824370829427324286e-02
6.444496616329448146e-01 5.958357710121230111e-02
6.481745875469649976e-01 5.746300794726682398e-02
6.519210435724759334e-01 5.437265367232212848e-02
6.556891541537508417e-01 5.220906358569736561e-02
6.594790444543533470e-01 5.084815080445976437e-02
6.632908403612935988e-01 5.059437913410100990e-02
6.671246684892090384e-01 5.116049314220114108e-02
6.709806561845721440e-01 5.145034019707167561e-02
6.748589315299192704e-01 5.047982942178629723e-02
6.787596233481042463e-01 4.906044963806408671e-02
6.826828612065795054e-01 4.885560779957189709e-02
6.866287754216984229e-01 4.921262970836091932e-02
6.905974970630435195e-01 4.970773326131573688e-02
6.945891579577818664e-01 4.875287588563174263e-02
6.986038906950429173e-01 4.606660738317821385e-02
7.026418286303216520e-01 4.390042567410289143e-02
7.067031058899108098e-01 4.242361553687629128e-02
7.107878573753529938e-01 4.079659496241528488e-02
7.148962187679240854e-01 3.917890422877629009e-02
7.190283265331394169e-01 3.802501024888935155e-02
7.231843179252852583e-01 3.813448038120097194e-02
7.273643309919801681e-01 3.970769887358836792e-02
7.315685045787596597e-01 4.145372675097904608e-02
7.357969783336865133e-01 4.291633479717658906e-02
7.400498927119919523e-01 4.447991245404790683e-02
7.443273889807401344e-01 4.678262083381868469e-02
7.486296092235191768e-01 4.931339198923865436e-02
7.529566963451627126e-01 4.995041278758609316e-02
7.573087940764960946e-01 4.994979079819795303e-02
7.616860469791092436e-01 5.013794258810854582e-02
7.660886004501606950e-01 4.960126941104676251e-02
7.705166007272060691e-01 4.836216288498544624e-02
7.749701948930545203e-01 4.668123656355280954e-02
7.794495308806568268e-01 4.553418446693534294e-02
7.839547574780165728e-01 4.532612901660446753e-02
7.884860243331343055e-01 4.505525263807202280e-02
7.930434819589780027e-01 4.477587573790175329e-02
7.976272817384808533e-01 4.446519203852872942e-02
8.022375759295721220e-01 4.302476828050797591e-02
8.068745176702336597e-01 4.138002100848514608e-02
8.115382609835852801e-01 4.064773216885516488e-02
8.162289607830032212e-01 4.124898857738488328e-02
8.209467728772645856e-01 4.208846692156999192e-02
8.256918539757219788e-01 4.252126787081335346e-02
8.304643616935105666e-01 4.284698298039962133e-02
8.352644545567829981e-01 4.255786157981525375e-02
8.400922920079733069e-01 4.189160728022551378e-02
8.449480344110958940e-01 4.138085032766932597e-02
8.498318430570707127e-01 4.060854683740271198e-02
8.547438801690798726e-01 3.965659207886334386e-02
8.596843089079587719e-01 3.870671061828442200e-02
8.646532933776126528e-01 3.823192538534198742e-02
8.696509986304700179e-01 3.934383508152987374e-02
8.746775906729644667e-01 4.107462421891126120e-02
8.797332364710471753e-01 4.190435806268227176e-02
8.848181039557355687e-01 4.204679363256499242e-02
8.899323620286901937e-01 4.142895084035170400e-02
8.950761805678236760e-01 4.037799610420097357e-02
9.002497304329459826e-01 3.965420778620883102e-02
9.054531834714387717e-01 3.860159441168974082e-02
9.106867125239620497e-01 3.712084500833828793e-02
9.159504914301977996e-01 3.493714393149718878e-02
9.212446950346235841e-01 3.365190652581592085e-02
9.265694991923183466e-01 3.391376405822040668e-02
9.319250807748065135e-01 3.477967695140121718e-02
9.373116176759319629e-01 3.518635434634295039e-02
9.427292888177655206e-01 3.557343907555846063e-02
9.481782741565508710e-01 3.772593701809483224e-02
9.536587546886805544e-01 4.029039926537207605e-02
9.591709124567069367e-01 4.116201372794411895e-02
9.647149305553922582e-01 4.118233204795650193e-02
9.702909931377862174e-01 4.177477694015431509e-02
9.758992854213467405e-01 4.338614411501393736e-02
9.815399936940907288e-01 4.539548083338142831e-02
9.872133053207802211e-01 4.697523021434423657e-02
9.929194087491489684e-01 4.803748442437939803e-02
9.986584935161608723e-01 4.665925960517206678e-02
1.004430750254303728e+00 4.439200462052494273e-02
1.010236370697924935e+00 4.315839233405880521e-02
1.016075547689597958e+00 4.286077041183659897e-02
1.021948475186527761e+00 4.304747089317487868e-02
1.027855348266994762e+00 4.342657342524265662e-02
1.033796363136834096e+00 4.422375649103463952e-02
1.039771717135951290e+00 4.433882452783946548e-02
1.045781608744880131e+00 4.355605088287260035e-02
1.051826237591374280e+00 4.272051180481233751e-02
1.057905804457035748e+00 4.199693081661623473e-02
1.064020511283988890e+00 4.195608684679542205e-02
1.070170561181583713e+00 4.253090870632943860e-02
1.076356158433145582e+00 4.368366237233813065e-02
1.082577508502760022e+00 4.536811330030352668e-02
1.088834818042095476e+00 4.586943674713967606e-02
1.095128294897270704e+00 4.516731439283420274e-02
1.101458148115757263e+00 4.372232937930047025e-02
1.107824587953321727e+00 4.156941677717200523e-02
1.114227825881013212e+00 4.038711861522694541e-02
1.120668074592185315e+00 4.063290808843796759e-02
1.127145548009560017e+00 4.061393741209987779e-02
1.133660461292336441e+00 4.008949669300473917e-02
1.140213030843336250e+00 3.907969692136888801e-02
1.146803474316190341e+00 3.828064788741250557e-02
1.153432010622570836e+00 3.812525420527698022e-02
1.160098859939462601e+00 3.847937349692137632e-02
1.166804243716473621e+00 3.872692527339878510e-02
1.173548384683194445e+00 3.883919435795699787e-02
1.180331506856595603e+00 3.770510037359233596e-02
1.187153835548465874e+00 3.681949114978727566e-02
1.194015597372901416e+00 3.696524399640672282e-02
1.200917020253827294e+00 3.744334650608586307e-02
1.207858333432573428e+00 3.871521113992225371e-02
1.214839767475487387e+00 3.946159840568327221e-02
1.221861554281590267e+00 3.945631149588413322e-02
1.228923927090283863e+00 3.895001213394290451e-02
1.236027120489096909e+00 3.806917149544688378e-02
1.243171370421473965e+00 3.871832108686292656e-02
1.250356914194617142e+00 4.077669130199498837e-02
1.257583990487367132e+00 4.314895882833877372e-02
1.264852839358128644e+00 4.685269830488180548e-02
1.272163702252848472e+00 5.146910354361372564e-02
1.279516822013033517e+00 5.284318176690016439e-02
1.286912442883815677e+00 5.109881252787783212e-02
1.294350810522067352e+00 4.831395870740504833e-02
1.301832172004561583e+00 4.542740962197230892e-02
1.309356775836174380e+00 4.294847091556352331e-02
1.316924871958146337e+00 3.984495119856998335e-02
1.324536711756377994e+00 3.744604179343444944e-02
1.332192548069784932e+00 3.535346216195500019e-02
1.339892635198694837e+00 3.431733150622147399e-02
1.347637228913291185e+00 3.419936085227202188e-02
1.355426586462114891e+00 3.339543956810858694e-02
1.363260966580605249e+00 3.291858103720571305e-02
1.371140629499693731e+00 3.393014311210794387e-02
1.379065836954451285e+00 3.610472167792307813e-02
1.387036852192779834e+00 3.807539138932822254e-02
1.395053939984155722e+00 3.809000813994937312e-02
1.403117366628427343e+00 3.764953598825235281e-02
1.411227399964658957e+00 3.763699253559164154e-02
1.419384309380025577e+00 3.702713194052607848e-02
1.427588365818764915e+00 3.856448237819773417e-02
1.435839841791175742e+00 4.058449658106152297e-02
1.444139011382666204e+00 4.078560648322491350e-02
1.452486150262864761e+00 3.990507683942295242e-02
1.460881535694769973e+00 3.851513788673908978e-02
1.469325446543965796e+00 3.793741341006045403e-02
1.477818163287882181e+00 3.870588129910024211e-02
1.486359968025109168e+00 4.007985585748865404e-02
1.494951144484772509e+00 4.123696344921428530e-02
1.503591978035954568e+00 4.032502334131154997e-02
1.512282755697172298e+00 3.808399557586408107e-02
1.521023766145914724e+00 3.614307769019135114e-02
1.529815299728230382e+00 3.470773351217369684e-02
1.538657648468367833e+00 3.349578718939423549e-02
1.547551106078482119e+00 3.297145013519711676e-02
1.556495967968387184e+00 3.162069651396571396e-02
1.565492531255366693e+00 3.092323908007124644e-02
1.574541094774047689e+00 3.112061704590582747e-02
1.583641959086324214e+00 3.135189343339372242e-02
1.592795426491339539e+00 3.064821610561791268e-02
1.602001801035530804e+00 3.045301510264180472e-02
1.611261388522727822e+00 3.160690908252873632e-02
1.620574496524306296e+00 3.302950247808963957e-02
1.629941434389411858e+00 3.362609396620834523e-02
1.639362513255227638e+00 3.255855284637404479e-02
1.648838046057315765e+00 3.184357604471379360e-02
1.658368347540009280e+00 3.386690752431430196e-02
1.667953734266863997e+00 3.677211629139105764e-02
1.677594524631179640e+00 3.862647398721510972e-02
1.687291038866571835e+00 3.973060881605131045e-02
1.697043599057607821e+00 4.068432587785705823e-02
1.706852529150509445e+00 3.731386904845593322e-02
1.716718154963911225e+00 3.165096666418824173e-02
1.726640804199680579e+00 2.791550572885037260e-02
1.736620806453807120e+00 2.705622738914299427e-02
1.746658493227349673e+00 2.969366972462798848e-02
1.756754197937443251e+00 3.133852066154883820e-02
1.766908255928380411e+00 3.061898260437560804e-02
1.777121004482747679e+00 3.033079418787343676e-02
1.787392782832625482e+00 2.925921013701625675e-02
1.797723932170862682e+00 2.827107632906708176e-02
1.808114795662403074e+00 2.611256582244541463e-02
1.818565718455690483e+00 2.302501049974731498e-02
1.829077047694130043e+00 2.115531039901595578e-02
1.839649132527616748e+00 1.965445000544816662e-02
1.850282324124138622e+00 1.788157291946969318e-02
1.860976975681438272e+00 1.730447043217919409e-02
1.871733442438742401e+00 1.771995934345282561e-02
1.882552081688566581e+00 1.811668490818441404e-02
1.893433252788581767e+00 1.814125348901571635e-02
1.904377317173546302e+00 1.836143773241522004e-02
1.915384638367318981e+00 1.944193696450231823e-02
1.926455581994929611e+00 2.085095025842229402e-02
1.937590515794722412e+00 2.312670576470725672e-02
1.948789809630575354e+00 2.551379737146823937e-02
1.960053835504184105e+00 2.552768846780323342e-02
1.971382967567415045e+00 2.500231476462589503e-02
1.982777582134739092e+00 2.467970960198029653e-02
1.994238057695728816e+00 2.614563492491454866e-02
2.005764774927627947e+00 2.874503224282532951e-02
2.017358116708002580e+00 3.041455542547550836e-02
2.029018468127450348e+00 3.005867383056472913e-02
2.040746216502401289e+00 2.954978284617294088e-02
2.052541751387976898e+00 2.950365196655299269e-02
2.064405464590929995e+00 2.927361955784136410e-02
2.076337750182662312e+00 2.949929804083605001e-02
2.088339004512313135e+00 2.924594103006939588e-02
2.100409626219920778e+00 2.777825340386876063e-02
2.112550016249669760e+00 2.700169965278323078e-02
2.124760577863207711e+00 2.827066166947499182e-02
2.137041716653034662e+00 3.018390102737574660e-02
2.149393840555982482e+00 3.069600562360622412e-02
2.161817359866763155e+00 2.954366661718962547e-02
2.174312687251592546e+00 2.859233384803838707e-02
2.186880237761905654e+00 2.885211808248243012e-02
2.199520428848138476e+00 2.776104503079705049e-02
2.212233680373592026e+00 2.610416896570560280e-02
2.225020414628386511e+00 2.662207879622533607e-02
2.237881056343477670e+00 2.719721165045340880e-02
2.250816032704775704e+00 2.731725560236330716e-02
2.263825773367328598e+00 2.810718212529372123e-02
2.276910710469592924e+00 2.888497985515552091e-02
2.290071278647793029e+00 2.891379869680573908e-02
2.303307915050354371e+00 2.993334296885568832e-02
2.316621059352423018e+00 3.157145568740508945e-02
2.330011153770474852e+00 3.069787159177062366e-02
2.343478643077001600e+00 2.813859258939449548e-02
2.357023974615280792e+00 2.700470593482588028e-02
2.370647598314243876e+00 2.718508285738479094e-02
2.384349966703414481e+00 2.768495499564863419e-02
2.398131534927939956e+00 2.969252941074973853e-02
2.411992760763713051e+00 3.119815838962656032e-02
2.425934104632577970e+00 3.017021726083679231e-02
2.439956029617617261e+00 2.878846783509670174e-02
2.454059001478542612e+00 2.978043724427270264e-02
2.468243488667162033e+00 3.057181507577543325e-02
2.482509962342935861e+00 3.010822565181942023e-02
2.496858896388636673e+00 2.980687179326840450e-02
2.511290767426078485e+00 2.865131917501311312e-02
2.525806054831960523e+00 2.607545378895340452e-02
2.540405240753779381e+00 2.558584447559377958e-02
2.555088810125852206e+00 2.762607333357193148e-02
2.569857250685421590e+00 2.926874730763431159e-02
2.584711052988855506e+00 2.874005632772025712e-02
2.599650710427946265e+00 2.853998307453709318e-02
2.614676719246288084e+00 2.832726270379520156e-02
2.629789578555775442e+00 2.936515566279511436e-02
2.644989790353173831e+00 3.193397183578929738e-02
2.660277859536794409e+00 3.332297780439096024e-02
2.675654293923265481e+00 3.236863875319707234e-02
2.691119604264405218e+00 3.021271986902596476e-02
2.706674304264172548e+00 2.742931735712548363e-02
2.722318910595750374e+00 2.629905897398764417e-02
2.738053942918694972e+00 2.671371856607710274e-02
2.753879923896200843e+00 2.845114225693192930e-02
2.769797379212459720e+00 2.921421957127455157e-02
2.785806837590128815e+00 2.775036754630074570e-02
2.801908830807877226e+00 2.457272742722121581e-02
2.818103893718070019e+00 2.336337272689231401e-02
2.834392564264522019e+00 2.385899460433723793e-02
2.850775383500368410e+00 2.474439649834625152e-02
2.867252895606037466e+00 2.537395342403606785e-02
2.883825647907329426e+00 2.537229478566771154e-02
2.900494190893583735e+00 2.544465288448731835e-02
2.917259078235983960e+00 2.372640719976663176e-02
2.934120866805935979e+00 2.187795840312985879e-02
2.951080116693567401e+00 2.207585469345454965e-02
2.968137391226336685e+00 2.282763253391273395e-02
2.985293256987731514e+00 2.448326462022791528e-02
3.002548283836107057e+00 2.624567155150612716e-02
3.019903044923603730e+00 2.748488174246547025e-02
3.037358116715186629e+00 2.905519761770824355e-02
3.054914079007794214e+00 3.028300466988512532e-02
3.072571514949601568e+00 3.060405485906038739e-02
3.090331011059376021e+00 2.984470948104657115e-02
3.108193157245980220e+00 2.979070006917691749e-02
3.126158546827951579e+00 2.991095135088285908e-02
3.144227776553216724e+00 3.208107232608303078e-02
3.162401446618910317e+00 3.404572947340287620e-02
3.180680160691316427e+00 3.275406484404422280e-02
3.199064525925907621e+00 3.185933310921319761e-02
3.217555152987530587e+00 3.282901456531438916e-02
3.236152656070678812e+00 3.432531370336919241e-02
3.254857652919894928e+00 3.500908737072470911e-02
3.273670764850296955e+00 3.373432011974369232e-02
3.292592616768199143e+00 3.336755371054057201e-02
3.311623837191892683e+00 3.332826471419009229e-02
3.330765058272506351e+00 3.136930913626147926e-02
3.350016915815009710e+00 3.132037930439492829e-02
3.369380049299332214e+00 3.147535832693836022e-02
3.388855101901607103e+00 3.158348081557568049e-02
3.408442720515521884e+00 3.243685025609578665e-02
3.428143555773827789e+00 3.294625956497768821e-02
3.447958262069935831e+00 3.285482712492195784e-02
3.467887497579658529e+00 3.132048296929294123e-02
3.487931924283071528e+00 3.037257114177644574e-02
3.508092207986506228e+00 3.064013024357217091e-02
3.528369018344649444e+00 3.152107454696621847e-02
3.548763028882812254e+00 3.300949515277133012e-02
3.569274917019284565e+00 3.259784184272451757e-02
3.589905364087840223e+00 2.867951602727519811e-02
3.610655055360374899e+00 2.368380092667944289e-02
3.631524680069651456e+00 2.310514346591860391e-02
3.652514931432215839e+00 2.337923345628973443e-02
3.673626506671410219e+00 2.270665559792063581e-02
3.694860107040534913e+00 2.226856773887812488e-02
3.716216437846141751e+00 2.234683473688500732e-02
3.737696208471465109e+00 2.392451081988736933e-02
3.759300132399972405e+00 2.452016932392387868e-02
3.781028927239082016e+00 2.481136402246869599e-02
3.802883314743989107e+00 2.416770867064783543e-02
3.824864020841640233e+00 2.332605336360426412e-02
3.846971775654848713e+00 2.418978929392660154e-02
3.869207313526548564e+00 2.671257825219885973e-02
3.891571373044171445e+00 2.859036421497596417e-02
3.914064697064205678e+00 3.014461203102527034e-02
3.936688032736852527e+00 2.747181996531465262e-02
3.959442131530850340e+00 2.548995444492309359e-02
3.982327749258438132e+00 2.524354298232393129e-02
4.005345646100446189e+00 2.540826650528147171e-02
4.028496586631570509e+00 2.673320756690530584e-02
4.051781339845751617e+00 2.666364842033229834e-02
4.075200679181723906e+00 2.480586978287351030e-02
4.098755382548707082e+00 2.408249612447345075e-02
4.122446232352245943e+00 2.396483646521807218e-02
4.146274015520188705e+00 2.292352256458342341e-02
4.170239523528843861e+00 2.212219290287054801e-02
4.194343552429258715e+00 2.350342400412052876e-02
4.218586902873665778e+00 2.542226126651448911e-02
4.242970380142073950e+00 2.475901324896740557e-02
4.267494794169023997e+00 2.525650109457672904e-02
4.292160959570472833e+00 2.560149787519515677e-02
4.316969695670882068e+00 2.494384776214127880e-02
4.341921826530410478e+00 2.394203018765314953e-02
4.367018180972294772e+00 2.378591085123147111e-02
4.392259592610382235e+00 2.316558010146564303e-02
4.417646899876805477e+00 2.311198534918808278e-02
4.443180946049855251e+00 2.371065013526723469e-02
4.468862579281975833e+00 2.279549641552580316e-02
4.494692652627942486e+00 2.279207547389106719e-02
4.520672024073195239e+00 2.255882945334074588e-02
4.546801556562344082e+00 2.378902079817214049e-02
4.573082118027814502e+00 2.557609997517967804e-02
4.599514581418703507e+00 2.664799502073092463e-02
4.626099824729760002e+00 2.715522736675435311e-02
4.652838731030551678e+00 2.721089541699236308e-02
4.679732188494796219e+00 2.888415053597134449e-02
4.706781090429870140e+00 3.112942856223772925e-02
4.733986335306464177e+00 3.077458361630717662e-02
4.761348826788450062e+00 3.045716169856269723e-02
4.788869473762884077e+00 2.782780522512345173e-02
4.816549190370198019e+00 2.477425198897668934e-02
4.844388896034566017e+00 2.577337427611623571e-02
4.872389515494448098e+00 2.710577921039768190e-02
4.900551978833287414e+00 2.580322976674668048e-02
4.928877221510434836e+00 2.514765295165324877e-02
4.957366184392200559e+00 2.706503890547489605e-02
4.986019813783113541e+00 2.853334852106366448e-02
5.014839061457356806e+00 2.784936752391210454e-02
5.043824884690362609e+00 2.670324841137684466e-02
5.072978246290641202e+00 2.548518585961406444e-02
5.102300114631742822e+00 2.465897662237582014e-02
5.131791463684423960e+00 2.503113360627611320e-02
5.161453273049005475e+00 2.415589087227328763e-02
5.191286527987911903e+00 2.310659477449091698e-02
5.221292219458380401e+00 2.236922635485784350e-02
5.251471344145405951e+00 2.068467176199442065e-02
5.281824904494829553e+00 1.902613705853461665e-02
5.312353908746639597e+00 1.861883767420474678e-02
5.343059370968462396e+00 1.899286062626943938e-02
5.373942311089249912e+00 1.900975800464708293e-02
5.405003754933139781e+00 1.886369416333357266e-02
5.436244734253559585e+00 1.959556834337146392e-02
5.467666286767478567e+00 1.961868561563044969e-02
5.499269456189878724e+00 1.983544891739521393e-02
5.531055292268432844e+00 1.948589088126380028e-02
5.563024850818350409e+00 1.847132252431892344e-02
5.595179193757479297e+00 1.882253919881869339e-02
5.627519389141558470e+00 1.800845875464906695e-02
5.660046511199702479e+00 1.681040352820460312e-02
5.692761640370078702e+00 1.685135116292343568e-02
5.725665863335805739e+00 1.762323999359796320e-02
5.758760273061025892e+00 1.794003992195430594e-02
5.792045968827241431e+00 1.878387219185635032e-02
5.825524056269808071e+00 1.943478408653877623e-02
5.859195647414667363e+00 1.907143861897039189e-02
5.893061860715279821e+00 1.968534214505883104e-02
5.927123821089786304e+00 1.978216515981172027e-02
5.961382659958350594e+00 1.874841879673270345e-02
5.995839515280771082e+00 1.945365109797884615e-02
6.030495531594262104e+00 2.051663096230017108e-02
6.065351860051475086e+00 2.081653351227887028e-02
6.100409658458743500e+00 1.957960394907602014e-02
6.135670091314512575e+00 1.833438119403138153e-02
6.171134329848062094e+00 1.958945211438814504e-02
6.206803552058381079e+00 2.160148412010421196e-02
6.242678942753306259e+00 2.232807139034296076e-02
6.278761693588877257e+00 2.416812333023992884e-02
6.315053003108923591e+00 2.799999262073860073e-02
6.351554076784851510e+00 3.152739810574558404e-02
6.388266127055725718e+00 2.866168566481534785e-02
6.425190373368511843e+00 2.612946320082306165e-02
6.462328042218596025e+00 2.424182907273382884e-02
6.499680367190518560e+00 2.218221487882549720e-02
6.537248588998957999e+00 2.252057710597049275e-02
6.575033955529916874e+00 2.282027232615314871e-02
6.613037721882214726e+00 2.244065146959525053e-02
6.651261150409145451e+00 2.303724295771395619e-02
6.689705510760421525e+00 2.147117734329010222e-02
6.728372079924347382e+00 1.991133162274758353e-02
6.767262142270216607e+00 2.033386974708674064e-02
6.806376989591010229e+00 2.090599631927217081e-02
6.845717921146279750e+00 2.156644538457265156e-02
6.885286243705309062e+00 2.192616258071025670e-02
6.925083271590525058e+00 2.176724429204197203e-02
6.965110326721157818e+00 2.389310035578659508e-02
7.005368738657123728e+00 2.499485089196828297e-02
7.045859844643230119e+00 2.352457164331708817e-02
7.086584989653569089e+00 2.230878971931080437e-02
7.127545526436194656e+00 2.201085680239453155e-02
7.168742815558059256e+00 2.179181287287327087e-02
7.210178225450215805e+00 2.071214295997034910e-02
7.251853132453240036e+00 2.322663872640081187e-02
7.293768920862992111e+00 2.428505733520915436e-02
7.335926982976571864e+00 2.308109320957741836e-02
7.378328719138569802e+00 2.394534746438986908e-02
7.420975537787583676e+00 2.478016088816396845e-02
7.463868855503007715e+00 2.799149209910076555e-02
7.507010097052058128e+00 2.928564468601195861e-02
7.550400695437144982e+00 3.058435852843613759e-02
7.594042091943437711e+00 3.262334340763801965e-02
7.637935736186750368e+00 3.333448460807143798e-02
7.682083086161699548e+00 3.432469171398105923e-02
7.726485608290103890e+00 3.686064611430216187e-02
7.771144777469737974e+00 3.485784028451008321e-02
7.816062077123293150e+00 3.158845673068075982e-02
7.861238999247660786e+00 3.072244017260192944e-02
7.906677044463489068e+00 3.030249367071332842e-02
7.952377722065040011e+00 3.757209830942963985e-02
7.998342550070284496e+00 6.271664131414221577e-02
