2.511886431509579437e-02 5.386582364972970494e-01
2.526405161860213050e-02 5.423443699617817026e-01
2.541007810627042562e-02 5.439828509029084325e-01
2.555694862859406516e-02 5.470211293621939364e-01
2.570466806410236227e-02 5.478035802826005662e-01
2.585324131952258450e-02 5.471916175214568412e-01
2.600267332994290678e-02 5.457038840053626272e-01
2.615296905897638788e-02 5.440618138398302106e-01
2.630413349892583852e-02 5.426117671799940423e-01
2.645617167094958117e-02 5.415170537363057646e-01
2.660908862522835469e-02 5.408189495894292209e-01
2.676288944113292337e-02 5.405228385759724974e-01
2.691757922739292791e-02 5.405766769420555784e-01
2.707316312226650673e-02 5.409517508924339690e-01
2.722964629371095457e-02 5.416803634467576289e-01
2.738703393955444973e-02 5.428325044809344524e-01
2.754533128766867636e-02 5.444853423196833742e-01
2.770454359614242176e-02 5.467232237365345915e-01
2.786467615345633933e-02 5.496394685660318524e-01
2.802573427865854422e-02 5.526759524131145129e-01
2.818772332154127064e-02 5.547433456707028254e-01
2.835064866281864979e-02 5.557501231164554412e-01
2.851451571430539678e-02 5.560910994349812508e-01
2.867932991909653145e-02 5.562526145332303829e-01
2.884509675174826843e-02 5.566043585249728087e-01
2.901182171845980567e-02 5.574011663430016306e-01
2.917951035725619563e-02 5.586250918652890807e-01
2.934816823817239240e-02 5.598059466947101770e-01
2.951780096343814899e-02 5.608073403038544846e-01
2.968841416766421215e-02 5.618589830546762975e-01
2.986001351802944001e-02 5.630524001695167424e-01
3.003260471446899879e-02 5.645078306659612188e-01
3.020619348986378766e-02 5.662970590321204645e-01
3.038078561023081769e-02 5.681706341718099074e-01
3.055638687491469066e-02 5.687018393838290109e-01
3.073300311678033025e-02 5.675532875740577632e-01
3.091064020240668481e-02 5.656833016587740071e-01
3.108930403228154019e-02 5.635495077496833760e-01
3.126900054099761295e-02 5.615592828168141093e-01
3.144973569744963920e-02 5.598992665292540361e-01
3.163151550503255638e-02 5.586215026408836160e-01
3.181434600184106232e-02 5.576506174391863135e-01
3.199823326087009728e-02 5.570763415343006342e-01
3.218318339021652985e-02 5.569184156604571889e-01
3.236920253328214730e-02 5.570960822685311342e-01
3.255629686897762443e-02 5.575913952364950354e-01
3.274447261192782455e-02 5.583989707277404735e-01
3.293373601267822470e-02 5.595852093937697669e-01
3.312409335790250653e-02 5.612667610277629615e-01
3.331555097061136145e-02 5.635136155056280627e-01
3.350811521036261426e-02 5.664675471913834803e-01
3.370179247347232510e-02 5.702398220416008412e-01
3.389658919322740410e-02 5.749596521348796507e-01
3.409251184009919750e-02 5.802053036035691447e-01
3.428956692195841288e-02 5.847241371301380441e-01
3.448776098429136294e-02 5.880603212150828929e-01
3.468710061041735404e-02 5.906607142968931523e-01
3.488759242170727526e-02 5.931049761170625878e-01
3.508924307780367929e-02 5.958955980923662521e-01
3.529205927684192501e-02 5.990289909983983474e-01
3.549604775567258980e-02 6.021139293749558918e-01
3.570121529008542238e-02 6.052078408125270981e-01
3.590756869503420462e-02 6.085996578757578712e-01
3.611511482486330638e-02 6.124401279896805050e-01
3.632386057353523962e-02 6.168548740084887072e-01
3.653381287485973905e-02 6.212086032124028989e-01
3.674497870272393912e-02 6.246757939881498745e-01
3.695736507132423021e-02 6.275866549810388273e-01
3.717097903539903075e-02 6.305567381766191692e-01
3.738582769046329413e-02 6.340544373598132610e-01
3.760191817304411876e-02 6.385122540714878170e-01
3.781925766091774610e-02 6.435856227687117848e-01
3.803785337334809891e-02 6.487218028930326064e-01
3.825771257132654091e-02 6.543281714144786321e-01
3.847884255781295476e-02 6.612840883124057045e-01
3.870125067797849233e-02 6.706681155206773992e-01
3.892494431944945599e-02 6.817588189337808746e-01
3.914993091255265789e-02 6.887685741977912501e-01
3.937621793056233360e-02 6.891472373725751055e-01
3.960381288994833243e-02 6.868806421604796153e-01
3.983272335062570252e-02 6.860479420983954801e-01
4.006295691620595512e-02 6.895617927914143852e-01
4.029452123424955012e-02 6.950802253149246379e-01
4.052742399651988042e-02 6.949043533190534250e-01
4.076167293923887297e-02 6.891544158213861460e-01
4.099727584334383890e-02 6.816870344456702480e-01
4.123424053474603751e-02 6.764395883647777996e-01
4.147257488459059338e-02 6.761147635560770253e-01
4.171228680951784978e-02 6.782772712604119292e-01
4.195338427192649156e-02 6.800485535045435181e-01
4.219587528023795858e-02 6.815434654694488836e-01
4.243976788916238585e-02 6.843304982203469722e-01
4.268507019996626434e-02 6.895923011988615015e-01
4.293179036074151744e-02 6.968317668248258379e-01
4.317993656667604152e-02 7.057312487383503585e-01
4.342951706032609216e-02 7.166245448091494996e-01
4.368054013188996804e-02 7.300087626173901167e-01
4.393301411948334623e-02 7.428653644380169840e-01
4.418694740941636612e-02 7.508693348623605157e-01
4.444234843647213579e-02 7.547726164033798923e-01
4.469922568418681352e-02 7.561078078822389692e-01
4.495758768513159753e-02 7.572527704676047522e-01
4.521744302119593689e-02 7.590186688751280331e-01
4.547880032387276866e-02 7.611345166621910074e-01
4.574166827454511502e-02 7.637887481100842368e-01
4.600605560477452616e-02 7.670334069726880699e-01
4.627197109659098723e-02 7.700645069831624223e-01
4.653942358278480296e-02 7.717604155147778089e-01
4.680842194719982141e-02 7.727097653700418789e-01
4.707897512502866311e-02 7.737955057527162728e-01
4.735109210310945588e-02 7.754357813060458460e-01
4.762478192022426976e-02 7.767440536018632713e-01
4.790005366739954334e-02 7.773362756287766073e-01
4.817691648820784933e-02 7.780307905512477973e-01
4.845537957907175564e-02 7.790608979556362668e-01
4.873545218956924774e-02 7.797446452048907295e-01
4.901714362274099679e-02 7.794664803134618847e-01
4.930046323539925834e-02 7.791057632607055750e-01
4.958542043843887359e-02 7.795526216991945923e-01
4.987202469714965836e-02 7.803925002100898789e-01
5.016028553153097091e-02 7.783089554426767531e-01
5.045021251660784106e-02 7.721947116678475886e-01
5.074181528274907677e-02 7.650844581204824246e-01
5.103510351598705003e-02 7.595749986579859447e-01
5.133008695833959217e-02 7.560790940869946963e-01
5.162677540813340182e-02 7.534463979855346993e-01
5.192517872032970105e-02 7.517881763101773585e-01
5.222530680685147364e-02 7.511851866100475172e-01
5.252716963691266006e-02 7.493098168581554530e-01
5.283077723734942721e-02 7.447389395777064269e-01
5.313613969295318679e-02 7.392671669714679927e-01
5.344326714680543849e-02 7.339389633414510339e-01
5.375216980061491706e-02 7.280544299285761634e-01
5.406285791505632127e-02 7.206157623481046492e-01
5.437534181011107609e-02 7.126925494728857391e-01
5.468963186541032917e-02 7.049021379006715771e-01
5.500573852057948770e-02 6.975585847669467654e-01
5.532367227558519784e-02 6.908126374967433758e-01
5.564344369108398941e-02 6.850896191821175263e-01
5.596506338877313413e-02 6.805456610847100407e-01
5.628854205174332881e-02 6.767392886026399879e-01
5.661389042483377931e-02 6.732954277855290881e-01
5.694111931498885282e-02 6.704222536488981810e-01
5.727023959161724881e-02 6.688322272372461130e-01
5.760126218695296035e-02 6.690547591503893665e-01
5.793419809641841417e-02 6.710503679198668303e-01
5.826905837898961604e-02 6.747867505260289889e-01
5.860585415756369709e-02 6.805474556969128841e-01
5.894459661932811845e-02 6.884114463694404051e-01
5.928529701613251268e-02 6.982620727504316172e-01
5.962796666486229469e-02 7.089077123372489186e-01
5.997261694781454155e-02 7.177120798040267369e-01
6.031925931307623168e-02 7.251489527722954076e-01
6.066790527490428103e-02 7.336159331449528809e-01
6.101856641410823012e-02 7.431812161857040966e-01
6.137125437843479747e-02 7.537245628769636552e-01
6.172598088295483398e-02 7.666350030636736035e-01
6.208275771045231733e-02 7.773703732606291883e-01
6.244159671181598315e-02 7.766686798893471799e-01
6.280250980643269088e-02 7.656677070863818768e-01
6.316550898258359303e-02 7.521273580165005468e-01
6.353060629784218483e-02 7.413937824317475833e-01
6.389781387947492119e-02 7.331780477674776364e-01
6.426714392484385308e-02 7.268358882428970213e-01
6.463860870181208085e-02 7.222883409210839600e-01
6.501222054915094251e-02 7.186937326789405445e-01
6.538799187695008841e-02 7.160987234337387042e-01
6.576593516702965159e-02 7.147814780769072840e-01
6.614606297335466623e-02 7.149340201141424211e-01
6.652838792245242827e-02 7.168129790904401721e-01
6.691292271383147972e-02 7.207754828341509379e-01
6.729968012040381253e-02 7.269292080774409914e-01
6.768867298890894613e-02 7.352580033104852975e-01
6.807991424034069705e-02 7.455680504153850974e-01
6.847341687037629410e-02 7.568435988853736696e-01
6.886919394980822728e-02 7.690738810472347309e-01
6.926725862497820629e-02 7.827524152567292282e-01
6.966762411821400547e-02 7.951370340680282700e-01
7.007030372826857090e-02 8.049679197147890930e-01
7.047531083076181979e-02 8.132374927451421209e-01
7.088265887862478520e-02 8.153030913905275900e-01
7.129236140254673060e-02 8.115649141721626991e-01
7.170443201142430445e-02 8.083328175949783256e-01
7.211888439281383123e-02 8.085445818349049629e-01
7.253573231338585059e-02 8.115182542548907696e-01
7.295498961938230720e-02 8.174099661165767916e-01
7.337667023707672431e-02 8.225946007703722751e-01
7.380078817323644513e-02 8.240302905325862515e-01
7.422735751558823258e-02 8.260653807705247154e-01
7.465639243328600627e-02 8.316430354967263572e-01
7.508790717738160481e-02 8.411132040907308705e-01
7.552191608129793510e-02 8.532932371109144265e-01
7.595843356130543844e-02 8.646979976595023931e-01
7.639747411700059665e-02 8.749416441128997635e-01
7.683905233178781047e-02 8.819226855816656441e-01
7.728318287336367887e-02 8.843005467503327610e-01
7.772988049420428980e-02 8.862477009903355629e-01
7.817916003205507836e-02 8.887493904009935441e-01
7.863103641042397396e-02 8.918863725314312152e-01
7.908552463907676799e-02 8.985228484572657104e-01
7.954263981453599253e-02 9.113471472582429511e-01
8.000239712058217212e-02 9.331857831537214709e-01
8.046481182875830918e-02 9.596347777981101279e-01
8.092989929887701994e-02 9.711131174470114535e-01
8.139767497953076525e-02 9.684642698357265322e-01
8.186815440860513438e-02 9.783741184194091334e-01
8.234135321379483508e-02 1.007604761978087460e+00
8.281728711312283386e-02 1.051228195402961862e+00
8.329597191546232737e-02 1.071877003408005624e+00
8.377742352106211376e-02 1.011825689878996792e+00
8.426165792207447602e-02 9.639759447166049711e-01
8.474869120308657633e-02 9.336775068972797964e-01
8.523853954165466762e-02 9.140749578064495395e-01
8.573121920884146929e-02 9.060027921184010680e-01
8.622674656975649887e-02 8.948941425832697139e-01
8.672513808409994251e-02 8.840905771226088561e-01
8.722641030670905127e-02 8.698951945987173362e-01
8.773057988810836760e-02 8.572342055081920709e-01
8.823766357506258873e-02 8.476545655698187742e-01
8.874767821113291322e-02 8.408799045043711118e-01
8.926064073723644077e-02 8.324057456829025980e-01
8.977656819220893036e-02 8.200462514424422533e-01
9.029547771337091688e-02 8.031069068605191097e-01
9.081738653709675591e-02 7.797697697757295376e-01
9.134231199938727674e-02 7.556555656071416438e-01
9.187027153644546085e-02 7.326235125968225681e-01
9.240128268525588107e-02 7.115655330095477238e-01
9.293536308416693037e-02 6.906080517056280010e-01
9.347253047347692245e-02 6.679420995846733211e-01
9.401280269602330097e-02 6.473471299457126404e-01
9.455619769777530437e-02 6.313535459946479911e-01
9.510273352842993355e-02 6.190766039155150002e-01
9.565242834201181932e-02 6.071173081962718543e-01
9.620530039747586526e-02 5.944419622081243970e-01
9.676136805931405405e-02 5.821739931900052900e-01
9.732064979816532069e-02 5.704515862815274785e-01
9.788316419142908953e-02 5.561682677597002966e-01
9.844892992388228070e-02 5.389902397548089752e-01
9.901796578830000806e-02 5.231958577582516146e-01
9.959029068607995472e-02 5.104971818114681925e-01
1.001659236278700377e-01 5.014559255339251509e-01
1.007448837341998471e-01 4.957041934240550285e-01
1.013271902361159299e-01 4.908551512521770466e-01
1.019128624758204177e-01 4.856741058227870278e-01
1.025019199073136378e-01 4.790448083457636286e-01
1.030943820970401520e-01 4.698922861116489047e-01
1.036902687245389171e-01 4.618326827090197817e-01
1.042895995830967204e-01 4.551728768245492662e-01
1.048923945804057928e-01 4.502430771035467183e-01
1.054986737392250712e-01 4.469786775067124962e-01
1.061084571980452224e-01 4.450979239182120684e-01
1.067217652117575799e-01 4.452935366483137258e-01
1.073386181523270227e-01 4.483066905367604771e-01
1.079590365094685589e-01 4.534626113953117987e-01
1.085830408913279893e-01 4.556358867728633188e-01
1.092106520251663743e-01 4.448089913535664963e-01
1.098418907580486492e-01 4.278965659546848377e-01
1.104767780575359459e-01 4.054603241956845627e-01
1.111153350123821049e-01 3.830061363146566311e-01
1.117575828332342536e-01 3.639886308019286143e-01
1.124035428533372433e-01 3.497591506461844579e-01
1.130532365292423180e-01 3.396195917005476184e-01
1.137066854415197809e-01 3.328969743889803046e-01
1.143639112954759340e-01 3.284714606969554862e-01
1.150249359218739331e-01 3.232634960845239824e-01
1.156897812776589568e-01 3.159809597656930702e-01
1.163584694466876512e-01 3.084740969215163386e-01
1.170310226404614878e-01 3.019219677692118742e-01
1.177074631988646730e-01 2.969275620089097401e-01
1.183878135909062629e-01 2.926599741907284224e-01
1.190720964154663303e-01 2.875901947179100304e-01
1.197603344020467531e-01 2.816607959999659627e-01
1.204525504115261381e-01 2.744410711082319598e-01
1.211487674369193246e-01 2.656995150685511065e-01
1.218490086041408849e-01 2.563639423897541292e-01
1.225532971727734816e-01 2.480100225858710428e-01
1.232616565368404721e-01 2.416624792246821196e-01
1.239741102255828148e-01 2.374738543434226079e-01
1.246906819042407494e-01 2.326804451498304116e-01
1.254113953748399735e-01 2.248720874555886762e-01
1.261362745769819826e-01 2.154001242493813750e-01
1.268653435886395453e-01 2.065490968653316828e-01
1.275986266269562852e-01 1.999628700811746929e-01
1.283361480490512463e-01 1.943493231109176822e-01
1.290779323528278288e-01 1.870578137310730249e-01
1.298240041777875831e-01 1.794791663987855279e-01
1.305743883058487209e-01 1.730759900593108191e-01
1.313291096621690413e-01 1.680279253941458772e-01
1.320881933159741561e-01 1.643240252688538960e-01
1.328516644813900749e-01 1.617927247568502203e-01
1.336195485182806453e-01 1.602391289729143409e-01
1.343918709330900185e-01 1.595875052820894258e-01
1.351686573796898327e-01 1.591862299935505876e-01
1.359499336602315311e-01 1.577220058973125005e-01
1.367357257260030934e-01 1.555288103243102626e-01
1.375260596782912625e-01 1.536692331598025207e-01
1.383209617692485738e-01 1.529436714462235614e-01
1.391204584027652402e-01 1.526696341628609732e-01
1.399245761353461737e-01 1.514275830573255377e-01
1.407333416769932510e-01 1.501986326208702704e-01
1.415467818920924381e-01 1.493765207707824505e-01
1.423649238003061035e-01 1.484628836983534761e-01
1.431877945774705507e-01 1.464800166755155786e-01
1.440154215564987683e-01 1.441030528129499111e-01
1.448478322282882313e-01 1.424686994798894935e-01
1.456850542426340045e-01 1.412567978593605444e-01
1.465271154091474515e-01 1.402799904373941420e-01
1.473740436981796631e-01 1.395811684456364499e-01
1.482258672417506584e-01 1.394230631105726204e-01
1.490826143344838317e-01 1.398808686834986381e-01
1.499443134345459228e-01 1.407758417890188352e-01
1.508109931645919832e-01 1.420880622316824937e-01
1.516826823127164214e-01 1.428075222637719965e-01
1.525594098334091819e-01 1.418542242616618598e-01
1.534412048485173929e-01 1.402180763163986543e-01
1.543280966482127869e-01 1.389290063711507150e-01
1.552201146919646169e-01 1.384938129119795691e-01
1.561172886095181789e-01 1.391440009130422706e-01
1.570196482018790252e-01 1.404691425635658519e-01
1.579272234423027277e-01 1.410139868283260822e-01
1.588400444772908315e-01 1.389221868447801933e-01
1.597581416275917487e-01 1.349280979263006719e-01
1.606815453892082024e-01 1.314824424969869288e-01
1.616102864344102497e-01 1.285094879218821595e-01
1.625443956127538836e-01 1.264205593178606979e-01
1.634839039521058524e-01 1.251478203436579284e-01
1.644288426596743347e-01 1.242426179485819626e-01
1.653792431230455828e-01 1.244940431181896928e-01
1.663351369112262834e-01 1.261310883695542784e-01
1.672965557756923849e-01 1.283867364472128514e-01
1.682635316514438095e-01 1.300740308402549283e-01
1.692360966580649384e-01 1.322810449272185107e-01
1.702142831007917856e-01 1.328517316076985866e-01
1.711981234715850009e-01 1.296266340181049803e-01
1.721876504502090899e-01 1.246435343146802405e-01
1.731828969053178791e-01 1.191240250238482790e-01
1.741838958955464201e-01 1.139562597247587572e-01
1.751906806706090836e-01 1.097321015218844370e-01
1.762032846724038426e-01 1.067139227192699102e-01
1.772217415361232173e-01 1.043924123737697690e-01
1.782460850913716033e-01 1.022157272330329880e-01
1.792763493632887617e-01 1.004731587841456580e-01
1.803125685736800821e-01 9.920795718119451712e-02
1.813547771421535060e-01 9.774175901153339674e-02
1.824030096872625850e-01 9.570648931237468737e-02
1.834573010276564775e-01 9.307504943945658915e-02
1.845176861832364401e-01 8.946482807114905511e-02
1.855842003763193415e-01 8.483113936360316132e-02
1.866568790328071992e-01 8.031338260435606780e-02
1.877357577833641822e-01 7.673187503129280662e-02
1.888208724646001924e-01 7.390571973437441711e-02
1.899122591202609955e-01 7.155746966705305023e-02
1.910099540024255971e-01 6.924475292134646409e-02
1.921139935727104175e-01 6.705999202569722095e-02
1.932244145034804905e-01 6.549885887050969913e-02
1.943412536790674328e-01 6.461052583013975059e-02
1.954645481969946030e-01 6.423455457365993826e-02
1.965943353692096995e-01 6.364322985284802392e-02
1.977306527233236300e-01 6.316640139057268233e-02
1.988735380038573475e-01 6.342500500899149463e-02
2.000230291734956534e-01 6.431082559227756235e-02
2.011791644143479663e-01 6.528081348787344307e-02
2.023419821292166965e-01 6.590623584053793838e-02
2.035115209428728922e-01 6.616017346722954939e-02
2.046878197033392410e-01 6.626982427281864763e-02
2.058709174831803157e-01 6.626767073817532716e-02
2.070608535808005912e-01 6.599453076091410519e-02
2.082576675217497619e-01 6.586208838034986190e-02
2.094613990600355524e-01 6.632025287571642613e-02
2.106720881794442723e-01 6.752587335353568698e-02
2.118897750948690872e-01 6.840038787994431879e-02
2.131145002536455058e-01 6.735251381474832710e-02
2.143463043368951104e-01 6.600529843413072140e-02
2.155852282608767823e-01 6.538813129759894760e-02
2.168313131783459469e-01 6.501951795115047672e-02
2.180846004799212312e-01 6.481044562952806287e-02
2.193451317954595303e-01 6.476504194079803212e-02
2.206129489954388734e-01 6.527794210834900190e-02
2.218880941923488948e-01 6.625098084468959703e-02
2.231706097420899648e-01 6.720374046313890015e-02
2.244605382453801201e-01 6.796842472273817437e-02
2.257579225491697927e-01 6.828427647042525916e-02
2.270628057480653939e-01 6.821428659451732324e-02
2.283752311857605299e-01 6.818539333805277713e-02
2.296952424564759343e-01 6.804756712088021187e-02
2.310228834064072811e-01 6.744583364929224167e-02
2.323581981351817149e-01 6.683315304326739592e-02
2.337012309973229007e-01 6.623034280435777243e-02
2.350520266037238737e-01 6.564476084259471267e-02
2.364106298231291869e-01 6.544125181880086628e-02
2.377770857836252472e-01 6.606846878366813558e-02
2.391514398741393099e-01 6.727067949830213556e-02
2.405337377459470793e-01 6.851416629359978472e-02
2.419240253141889951e-01 7.052323465459808816e-02
2.433223487593957901e-01 7.402883013148428559e-02
2.447287545290218747e-01 7.544693269411122116e-02
2.461432893389885190e-01 7.176779821721740449e-02
2.475660001752356676e-01 6.941093401132274188e-02
2.489969342952823017e-01 6.928602900201012715e-02
2.504361392297964617e-01 6.985438268662662320e-02
2.518836627841739007e-01 6.948020604234957098e-02
2.533395530401260642e-01 6.810984016431625987e-02
2.548038583572773130e-01 6.714900479095448071e-02
2.562766273747711931e-01 6.646059154997284446e-02
2.577579090128856998e-01 6.566306588706292968e-02
2.592477524746588102e-01 6.463116387047157518e-02
2.607462072475227322e-01 6.330333030164385366e-02
2.622533231049470337e-01 6.150010396030298337e-02
2.637691501080930423e-01 5.922256161377064537e-02
2.652937386074759596e-01 5.724669357852354284e-02
2.668271392446371348e-01 5.610639698488503052e-02
2.683694029538270520e-01 5.615628720412196850e-02
2.699205809636965880e-01 5.739654369745463697e-02
2.714807247989985406e-01 5.949193290540606693e-02
2.730498862822996475e-01 6.162195812887090451e-02
2.746281175357012105e-01 6.315132664806943907e-02
2.762154709825712651e-01 6.412436538441002032e-02
2.778119993492854656e-01 6.516918860886129761e-02
2.794177556669779627e-01 6.640226665338290479e-02
2.810327932733039380e-01 6.695052068132839596e-02
2.826571658142107979e-01 6.688196649518267367e-02
2.842909272457196934e-01 6.682687190055770776e-02
2.859341318357184192e-01 6.710216541246225019e-02
2.875868341657639160e-01 6.787133620256843858e-02
2.892490891328946545e-01 6.875320863900842572e-02
2.909209519514548425e-01 6.964477198134336189e-02
2.926024781549284581e-01 7.082760088418747768e-02
2.942937235977828858e-01 7.148101918721513903e-02
2.959947444573255426e-01 7.114542670529760970e-02
2.977055972355692748e-01 6.977918843533065241e-02
2.994263387611086902e-01 6.748118750968676305e-02
3.011570261910088142e-01 6.548791173607282357e-02
3.028977170127025720e-01 6.417945997903497235e-02
3.046484690459013711e-01 6.333401817031117376e-02
3.064093404445150659e-01 6.305208459325638282e-02
3.081803896985833569e-01 6.333617170495449422e-02
3.099616756362194026e-01 6.326672021270739188e-02
3.117532574255635347e-01 6.253523627885931857e-02
3.135551945767480198e-01 6.212175762734167134e-02
3.153675469438748658e-01 6.217559599342470378e-02
3.171903747270033436e-01 6.244227536675595741e-02
3.190237384741493876e-01 6.292323143709767364e-02
3.208676990832974307e-01 6.343038884559978885e-02
3.227223178044230090e-01 6.345138580837217379e-02
3.245876562415266342e-01 6.245968310512280824e-02
3.264637763546810456e-01 6.150943594375737206e-02
3.283507404620888970e-01 6.179657389620018398e-02
3.302486112421523790e-01 6.325756769047327643e-02
3.321574517355558864e-01 6.518480173502537445e-02
3.340773253473591775e-01 6.635937542173675485e-02
3.360082958491044103e-01 6.640352288192483132e-02
3.379504273809338932e-01 6.552972620039730633e-02
3.399037844537201591e-01 6.367786586836143847e-02
3.418684319512097503e-01 6.244568512994122522e-02
3.438444351321779946e-01 6.149005413196748093e-02
3.458318596325960503e-01 6.081689509470936811e-02
3.478307714678123830e-01 6.068786247733037875e-02
3.498412370347446232e-01 6.082497084962182332e-02
3.518633231140849693e-01 6.130323500165937856e-02
3.538970968725191901e-01 6.215908556115923300e-02
3.559426258649572294e-01 6.336668011240154108e-02
3.579999780367765227e-01 6.479016651163678475e-02
3.600692217260801353e-01 6.638844813942158807e-02
3.621504256659661136e-01 6.745696024494940435e-02
3.642436589868098817e-01 6.811558292336511444e-02
3.663489912185618480e-01 6.906726577449276427e-02
3.684664922930561692e-01 7.024542868560966491e-02
3.705962325463332818e-01 7.124843744573647331e-02
3.727382827209774208e-01 7.244221348301746466e-02
3.748927139684648524e-01 7.350570067437753319e-02
3.770595978515288715e-01 7.468422250793499417e-02
3.792390063465359562e-01 7.647004111090902057e-02
3.814310118458763554e-01 7.739211286069100360e-02
3.836356871603694985e-01 7.674946223087991681e-02
3.858531055216822825e-01 7.623745936943032708e-02
3.880833405847607942e-01 7.559050167033262713e-02
3.903264664302779630e-01 7.423359538382005851e-02
3.925825575670940371e-01 7.238945188425609245e-02
3.948516889347303827e-01 7.082903657394967745e-02
3.971339359058604912e-01 7.044355387279520320e-02
3.994293742888124776e-01 7.085452006722897655e-02
4.017380803300868997e-01 7.149035117066954159e-02
4.040601307168905088e-01 7.185376014172997761e-02
4.063956025796829352e-01 7.229577312727161753e-02
4.087445734947380283e-01 7.328604014075877637e-02
4.111071214867221824e-01 7.486170965478872175e-02
4.134833250312844322e-01 7.685354973864046146e-02
4.158732630576643108e-01 7.936977550814086624e-02
4.182770149513134750e-01 8.090955277811545665e-02
4.206946605565314856e-01 8.006626450403496464e-02
4.231262801791195738e-01 7.769917100858453329e-02
4.255719545890473410e-01 7.500330455758708048e-02
4.280317650231349469e-01 7.331260040135972877e-02
4.305057931877529498e-01 7.338958926485845968e-02
4.329941212615355806e-01 7.514705299502874580e-02
4.354968318981098929e-01 7.727815498581525055e-02
4.380140082288422887e-01 7.903490087110444373e-02
4.405457338655994204e-01 8.062367105421457125e-02
4.430920929035247480e-01 8.192225244413718632e-02
4.456531699238333033e-01 8.233142402636819956e-02
4.482290499966203323e-01 8.058131820622925490e-02
4.508198186836865351e-01 7.789927026919311881e-02
4.534255620413813470e-01 7.651041988547128969e-02
4.560463666234608748e-01 7.602443890096181878e-02
4.586823194839622087e-01 7.544029262896098653e-02
4.613335081800964965e-01 7.571989321015216989e-02
4.640000207751556194e-01 7.725877317402536637e-02
4.666819458414390720e-01 7.932814050503665670e-02
4.693793724631949438e-01 8.137328057131058834e-02
4.720923902395786631e-01 8.264673739039446465e-02
4.748210892876304490e-01 8.300332683508439280e-02
4.775655602452679171e-01 8.397869856728856774e-02
4.803258942742961168e-01 8.519311264490138369e-02
4.831021830634371073e-01 8.676896162015160230e-02
4.858945188313745223e-01 8.877479967918491810e-02
4.887029943298164536e-01 8.994488683538938434e-02
4.915277028465775411e-01 8.959565530073079764e-02
4.943687382086768833e-01 8.787946765122417458e-02
4.972261947854541564e-01 8.573849529332244757e-02
5.001001674917054940e-01 8.429813953938118665e-02
5.029907517908354109e-01 8.327000620841563949e-02
5.058980436980275996e-01 8.288057536041508466e-02
5.088221397834349347e-01 8.351622700263536259e-02
5.117631371753864622e-01 8.379798111846986641e-02
5.147211335636141527e-01 8.347477146075144017e-02
5.176962272024980827e-01 8.350330579477542592e-02
5.206885169143288250e-01 8.408906721775877280e-02
5.236981020925914887e-01 8.537329171005925144e-02
5.267250827052667450e-01 8.660636975458085862e-02
5.297695592981502832e-01 8.624385808962181654e-02
5.328316329981945820e-01 8.475594511230720440e-02
5.359114055168668900e-01 8.409265644216430691e-02
5.390089791535270791e-01 8.536880517955232339e-02
5.421244567988269258e-01 8.773553975256220827e-02
5.452579419381275994e-01 8.932359209079124285e-02
5.484095386549359130e-01 8.798642653850911877e-02
5.515793516343632241e-01 8.526525605545264008e-02
5.547674861666017643e-01 8.235134422181891733e-02
5.579740481504216199e-01 8.015168804488670418e-02
5.611991440966896949e-01 7.951657478632725984e-02
5.644428811319066597e-01 7.988680328375821760e-02
5.677053670017649933e-01 8.051240509764298614e-02
5.709867100747291202e-01 8.026797891562603704e-02
5.742870193456336425e-01 7.845308759496719131e-02
5.776064044393048880e-01 7.569674271273646449e-02
5.809449756142023302e-01 7.258362892459555016e-02
5.843028437660793273e-01 7.067936591623887044e-02
5.876801204316687288e-01 7.186506619860739964e-02
5.910769177923870243e-01 7.457008517183898177e-02
5.944933486780595855e-01 7.618990214605698974e-02
5.979295265706701112e-01 7.549000338697764434e-02
6.013855656081297241e-01 7.483425208808637541e-02
6.048615805880666052e-01 7.571361206744248173e-02
6.083576869716416091e-01 7.833751456910895139e-02
6.118740008873820857e-01 7.989452011623010552e-02
6.154106391350390171e-01 7.860096364047523820e-02
6.189677191894675801e-01 7.677763764246336997e-02
6.225453592045292472e-01 7.490208842935099087e-02
6.261436780170150929e-01 7.383267901772179453e-02
6.297627951505950783e-01 7.298974966608186288e-02
6.334028308197864332e-01 7.167717030097764397e-02
6.370639059339481269e-01 7.120877651605531100e-02
6.407461421012968783e-01 7.116732097417137470e-02
6.444496616329448146e-01 7.215453714691381915e-02
6.481745875469649976e-01 7.389369583261588825e-02
6.519210435724759334e-01 7.481648542727896423e-02
6.556891541537508417e-01 7.389387529383616149e-02
6.594790444543533470e-01 7.181158675496493449e-02
6.632908403612935988e-01 7.018692432779945201e-02
6.671246684892090384e-01 7.024686437537187855e-02
6.709806561845721440e-01 7.076478945709060997e-02
6.748589315299192704e-01 7.053741209099995135e-02
6.787596233481042463e-01 7.067093123888586181e-02
6.826828612065795054e-01 7.121757011584886610e-02
6.866287754216984229e-01 7.288279077879690482e-02
6.905974970630435195e-01 7.463146090917363584e-02
6.945891579577818664e-01 7.737775596306886716e-02
6.986038906950429173e-01 7.932616643161360948e-02
7.026418286303216520e-01 7.992323391147437839e-02
7.067031058899108098e-01 7.933603679872884562e-02
7.107878573753529938e-01 7.737614081208636641e-02
7.148962187679240854e-01 7.478543863617109766e-02
7.190283265331394169e-01 7.337325829381328990e-02
7.231843179252852583e-01 7.448340540244530184e-02
7.273643309919801681e-01 7.643055964244813150e-02
7.315685045787596597e-01 7.719291090618379814e-02
7.357969783336865133e-01 7.610896513571217825e-02
7.400498927119919523e-01 7.397122307977543887e-02
7.443273889807401344e-01 7.173513627512703716e-02
7.486296092235191768e-01 7.036764177661813946e-02
7.529566963451627126e-01 6.912092467935550266e-02
7.573087940764960946e-01 6.822056773722701140e-02
7.616860469791092436e-01 6.880202209092370347e-02
7.660886004501606950e-01 7.062050263598809718e-02
7.705166007272060691e-01 7.249838484496409774e-02
7.749701948930545203e-01 7.374581978710782748e-02
7.794495308806568268e-01 7.378619856167009661e-02
7.839547574780165728e-01 7.262741746234308016e-02
7.884860243331343055e-01 7.170803763086525118e-02
7.930434819589780027e-01 7.102482876527162203e-02
7.976272817384808533e-01 7.054441107859074633e-02
8.022375759295721220e-01 7.076748137539476402e-02
8.068745176702336597e-01 7.197058939613014406e-02
8.115382609835852801e-01 7.260103666296238711e-02
8.162289607830032212e-01 7.278211303422163492e-02
8.209467728772645856e-01 7.328191253269242256e-02
8.256918539757219788e-01 7.356743533415273373e-02
8.304643616935105666e-01 7.129420005690703666e-02
8.352644545567829981e-01 6.823043810434223366e-02
8.400922920079733069e-01 6.628794985606660528e-02
8.449480344110958940e-01 6.540518011352523808e-02
8.498318430570707127e-01 6.671201671958058854e-02
8.547438801690798726e-01 6.953171141256900278e-02
8.596843089079587719e-01 7.034233774455911359e-02
8.646532933776126528e-01 6.718364080646790915e-02
8.696509986304700179e-01 6.412221184976669985e-02
8.746775906729644667e-01 6.272618301723378864e-02
8.797332364710471753e-01 6.209717144016375229e-02
8.848181039557355687e-01 6.224235556736765207e-02
8.899323620286901937e-01 6.278737929334816947e-02
8.950761805678236760e-01 6.265709044742724665e-02
9.002497304329459826e-01 6.211583540707254353e-02
9.054531834714387717e-01 6.216608454875002798e-02
9.106867125239620497e-01 6.208048154667802215e-02
9.159504914301977996e-01 6.087539945251958795e-02
9.212446950346235841e-01 5.894672971820527629e-02
9.265694991923183466e-01 5.733965449062690400e-02
9.319250807748065135e-01 5.758874666437104745e-02
9.373116176759319629e-01 5.967659850107084885e-02
9.427292888177655206e-01 6.213952428814906864e-02
9.481782741565508710e-01 6.299178562324339592e-02
9.536587546886805544e-01 6.175798973384068191e-02
9.591709124567069367e-01 6.063330626636623949e-02
9.647149305553922582e-01 6.239400029850151325e-02
9.702909931377862174e-01 6.610400210528293019e-02
9.758992854213467405e-01 6.764036961207225973e-02
9.815399936940907288e-01 6.807035869585537080e-02
9.872133053207802211e-01 6.931599902579634043e-02
9.929194087491489684e-01 6.998754291207197331e-02
9.986584935161608723e-01 6.915968830293528491e-02
1.004430750254303728e+00 6.828750677239024680e-02
1.010236370697924935e+00 6.735305219840916069e-02
1.016075547689597958e+00 6.625941552204260565e-02
1.021948475186527761e+00 6.431477373912365680e-02
1.027855348266994762e+00 6.483880050233178927e-02
1.033796363136834096e+00 6.795999004538516575e-02
1.039771717135951290e+00 7.109463917995928472e-02
1.045781608744880131e+00 7.103057152432049048e-02
1.051826237591374280e+00 6.832214278790366135e-02
1.057905804457035748e+00 6.595110114560713555e-02
1.064020511283988890e+00 6.639580604945294340e-02
1.070170561181583713e+00 6.801239272170597761e-02
1.076356158433145582e+00 6.713769873407705868e-02
1.082577508502760022e+00 6.508143207214596437e-02
1.088834818042095476e+00 6.283098836987542624e-02
1.095128294897270704e+00 6.104965629740832095e-02
1.101458148115757263e+00 5.995548123738093232e-02
1.107824587953321727e+00 6.047555985374297033e-02
1.114227825881013212e+00 6.252159722611828896e-02
1.120668074592185315e+00 6.364287093040747745e-02
1.127145548009560017e+00 6.326636129026683153e-02
1.133660461292336441e+00 6.239148784141763937e-02
1.140213030843336250e+00 6.212821823127163967e-02
1.146803474316190341e+00 6.043141239355488692e-02
1.153432010622570836e+00 5.840726929005333329e-02
1.160098859939462601e+00 5.585317720307451939e-02
1.166804243716473621e+00 5.350438875209231893e-02
1.173548384683194445e+00 5.251483958348627384e-02
1.180331506856595603e+00 5.333408005404967345e-02
1.187153835548465874e+00 5.516817372527813707e-02
1.194015597372901416e+00 5.625319626307141024e-02
1.200917020253827294e+00 5.585622804381921991e-02
1.207858333432573428e+00 5.461202340364046393e-02
1.214839767475487387e+00 5.333067029086440564e-02
1.221861554281590267e+00 5.383064925055545263e-02
1.228923927090283863e+00 5.359878535395788679e-02
1.236027120489096909e+00 5.235799047696438474e-02
1.243171370421473965e+00 5.110014678404459221e-02
1.250356914194617142e+00 5.110768415529621383e-02
1.257583990487367132e+00 5.232766153073761112e-02
1.264852839358128644e+00 5.296421047905927604e-02
1.272163702252848472e+00 5.282638426188672465e-02
1.279516822013033517e+00 5.138495174062380350e-02
1.286912442883815677e+00 4.928489654094517919e-02
1.294350810522067352e+00 4.958818600321290848e-02
1.301832172004561583e+00 5.161197018427390176e-02
1.309356775836174380e+00 5.361852608818833132e-02
1.316924871958146337e+00 5.310706161039956824e-02
1.324536711756377994e+00 5.080062600740267720e-02
1.332192548069784932e+00 4.845094025031908974e-02
1.339892635198694837e+00 4.766813040747187175e-02
1.347637228913291185e+00 4.846870691112648705e-02
1.355426586462114891e+00 4.950527491944504282e-02
1.363260966580605249e+00 5.072884151929197422e-02
1.371140629499693731e+00 5.204554849246255388e-02
1.379065836954451285e+00 5.340604400338064967e-02
1.387036852192779834e+00 5.393545460319708329e-02
1.395053939984155722e+00 5.301212662487316679e-02
1.403117366628427343e+00 5.322963362384859620e-02
1.411227399964658957e+00 5.317741040874805758e-02
1.419384309380025577e+00 5.321850702819144047e-02
1.427588365818764915e+00 5.215178953486638430e-02
1.435839841791175742e+00 5.159922843763425221e-02
1.444139011382666204e+00 5.177007551933772433e-02
1.452486150262864761e+00 5.078178257927361966e-02
1.460881535694769973e+00 5.019871307459443377e-02
1.469325446543965796e+00 5.031267094947017293e-02
1.477818163287882181e+00 4.870631356677291440e-02
1.486359968025109168e+00 4.750787153776472871e-02
1.494951144484772509e+00 4.792960540541510439e-02
1.503591978035954568e+00 4.993669969299036754e-02
1.512282755697172298e+00 5.145009616358426491e-02
1.521023766145914724e+00 5.255791027635269702e-02
1.529815299728230382e+00 5.259308467552693822e-02
1.538657648468367833e+00 5.134170158653710014e-02
1.547551106078482119e+00 5.127871069821995920e-02
1.556495967968387184e+00 5.272032268070316052e-02
1.565492531255366693e+00 5.405371954735947032e-02
1.574541094774047689e+00 5.568825234164017507e-02
1.583641959086324214e+00 5.830928346378223132e-02
1.592795426491339539e+00 5.708338386807169929e-02
1.602001801035530804e+00 5.497848321544560046e-02
1.611261388522727822e+00 5.420590266215415814e-02
1.620574496524306296e+00 5.466281092897878197e-02
1.629941434389411858e+00 5.425381880796804890e-02
1.639362513255227638e+00 5.338738003647187230e-02
1.648838046057315765e+00 5.220598682338997015e-02
1.658368347540009280e+00 5.178694487404373464e-02
1.667953734266863997e+00 5.237109114604458771e-02
1.677594524631179640e+00 5.187434248831851447e-02
1.687291038866571835e+00 5.043524296291919395e-02
1.697043599057607821e+00 4.925349082739675227e-02
1.706852529150509445e+00 4.972170515109881200e-02
1.716718154963911225e+00 4.731746318305108528e-02
1.726640804199680579e+00 4.362720211050011287e-02
1.736620806453807120e+00 4.154311895942612576e-02
1.746658493227349673e+00 4.168471386222448449e-02
1.756754197937443251e+00 4.251543985088560018e-02
1.766908255928380411e+00 4.353298496985481131e-02
1.777121004482747679e+00 4.419824771342075603e-02
1.787392782832625482e+00 4.462428865035777958e-02
1.797723932170862682e+00 4.386911583543318116e-02
1.808114795662403074e+00 4.225737461612762147e-02
1.818565718455690483e+00 4.140224190150887384e-02
1.829077047694130043e+00 4.083317037201126404e-02
1.839649132527616748e+00 4.086708854264357871e-02
1.850282324124138622e+00 4.249408396567266183e-02
1.860976975681438272e+00 4.436281365241454694e-02
1.871733442438742401e+00 4.378692259654642233e-02
1.882552081688566581e+00 4.231910927590282201e-02
1.893433252788581767e+00 4.286233838968056542e-02
1.904377317173546302e+00 4.354482941039308080e-02
1.915384638367318981e+00 4.337326448380849492e-02
1.926455581994929611e+00 4.410869656450265575e-02
1.937590515794722412e+00 4.455304254590791019e-02
1.948789809630575354e+00 4.454389002367378780e-02
1.960053835504184105e+00 4.472568423981414937e-02
1.971382967567415045e+00 4.481003101334422173e-02
1.982777582134739092e+00 4.479531519328153188e-02
1.994238057695728816e+00 4.488648149318212599e-02
2.005764774927627947e+00 4.605028750667689713e-02
2.017358116708002580e+00 4.642320792241199506e-02
2.029018468127450348e+00 4.572007886136766203e-02
2.040746216502401289e+00 4.680025594621346763e-02
2.052541751387976898e+00 4.755883852432332692e-02
2.064405464590929995e+00 4.776503946642131349e-02
2.076337750182662312e+00 4.729987598346396815e-02
2.088339004512313135e+00 4.675162195551846311e-02
2.100409626219920778e+00 4.837448977048118548e-02
2.112550016249669760e+00 4.986042867437274345e-02
2.124760577863207711e+00 4.889456838684323736e-02
2.137041716653034662e+00 4.870613410555264117e-02
2.149393840555982482e+00 5.074965902084407898e-02
2.161817359866763155e+00 5.071358731556845773e-02
2.174312687251592546e+00 5.137310730008553400e-02
2.186880237761905654e+00 5.148419379543684588e-02
2.199520428848138476e+00 4.951676043754275197e-02
2.212233680373592026e+00 4.967199439308214726e-02
2.225020414628386511e+00 5.060609004462267302e-02
2.237881056343477670e+00 5.178299672719765406e-02
2.250816032704775704e+00 5.146660659584972874e-02
2.263825773367328598e+00 4.959159576639816241e-02
2.276910710469592924e+00 4.911297269192004683e-02
2.290071278647793029e+00 4.994064783983645506e-02
2.303307915050354371e+00 5.070533209943571540e-02
2.316621059352423018e+00 4.970986071056054945e-02
2.330011153770474852e+00 4.767046340333546545e-02
2.343478643077001600e+00 4.690057476834817718e-02
2.357023974615280792e+00 4.760478059671417739e-02
2.370647598314243876e+00 4.796872795143544005e-02
2.384349966703414481e+00 4.861855703005758117e-02
2.398131534927939956e+00 4.964758766712450838e-02
2.411992760763713051e+00 4.915335146648231596e-02
2.425934104632577970e+00 4.968545398460291057e-02
2.439956029617617261e+00 4.957831563609767928e-02
2.454059001478542612e+00 4.538915237117732010e-02
2.468243488667162033e+00 4.261611759546086314e-02
2.482509962342935861e+00 4.315503963995196562e-02
2.496858896388636673e+00 4.450781831839816655e-02
2.511290767426078485e+00 4.552482505370655103e-02
2.525806054831960523e+00 4.578199298236314274e-02
2.540405240753779381e+00 4.613750565973140372e-02
2.555088810125852206e+00 4.562388764729932017e-02
2.569857250685421590e+00 4.555282100406972401e-02
2.584711052988855506e+00 4.479657142182347229e-02
2.599650710427946265e+00 4.346425132248882273e-02
2.614676719246288084e+00 4.315378341141002522e-02
2.629789578555775442e+00 4.276686502049333732e-02
2.644989790353173831e+00 4.260624722834564088e-02
2.660277859536794409e+00 4.327204835557241225e-02
2.675654293923265481e+00 4.398092017566560680e-02
2.691119604264405218e+00 4.307374370716659379e-02
2.706674304264172548e+00 4.307428209082742043e-02
2.722318910595750374e+00 4.284062358202708060e-02
2.738053942918694972e+00 4.217948844652751050e-02
2.753879923896200843e+00 4.258273780848938206e-02
2.769797379212459720e+00 4.424401032459133326e-02
2.785806837590128815e+00 4.601601041360403599e-02
2.801908830807877226e+00 4.565601120572886085e-02
2.818103893718070019e+00 4.513575312814654267e-02
2.834392564264522019e+00 4.655726545395873911e-02
2.850775383500368410e+00 4.486476668552863423e-02
2.867252895606037466e+00 4.330614598742499322e-02
2.883825647907329426e+00 4.348578666892202738e-02
2.900494190893583735e+00 4.397302388197342482e-02
2.917259078235983960e+00 4.506343025637500610e-02
2.934120866805935979e+00 4.383591550968198025e-02
2.951080116693567401e+00 4.303103193674072402e-02
2.968137391226336685e+00 4.322018406291242704e-02
2.985293256987731514e+00 4.323543826663595047e-02
3.002548283836107057e+00 4.418999249728802758e-02
3.019903044923603730e+00 4.359489909085029202e-02
3.037358116715186629e+00 4.383932527286724112e-02
3.054914079007794214e+00 4.465174621706012592e-02
3.072571514949601568e+00 4.491232390890197157e-02
3.090331011059376021e+00 4.491573367208723938e-02
3.108193157245980220e+00 4.483318151075992020e-02
3.126158546827951579e+00 4.455070955004430955e-02
3.144227776553216724e+00 4.452522605676501044e-02
3.162401446618910317e+00 4.381043201640268114e-02
3.180680160691316427e+00 4.321497968752440605e-02
3.199064525925907621e+00 4.154760548993303992e-02
3.217555152987530587e+00 4.065675999247921057e-02
3.236152656070678812e+00 4.218666689533857872e-02
3.254857652919894928e+00 4.314355412185424954e-02
3.273670764850296955e+00 4.303892823043289906e-02
3.292592616768199143e+00 4.206499218799093776e-02
3.311623837191892683e+00 4.273456200084352341e-02
3.330765058272506351e+00 4.498877438873988277e-02
3.350016915815009710e+00 4.550992977242358101e-02
3.369380049299332214e+00 4.578127513748203592e-02
3.388855101901607103e+00 4.458157687993190982e-02
3.408442720515521884e+00 4.306441172371219817e-02
3.428143555773827789e+00 4.434181668964216200e-02
3.447958262069935831e+00 4.605387673108243124e-02
3.467887497579658529e+00 4.668217046327136771e-02
3.487931924283071528e+00 4.811427100107988630e-02
3.508092207986506228e+00 4.961277219039082059e-02
3.528369018344649444e+00 4.814926593903386121e-02
3.548763028882812254e+00 4.994997982329084374e-02
3.569274917019284565e+00 4.979043879846480752e-02
3.589905364087840223e+00 4.652621866285086560e-02
3.610655055360374899e+00 4.574879265661194877e-02
3.631524680069651456e+00 4.532041872381132458e-02
3.652514931432215839e+00 4.474219467207960627e-02
3.673626506671410219e+00 4.391505790782403162e-02
3.694860107040534913e+00 4.549611125846226428e-02
3.716216437846141751e+00 4.811175854399601243e-02
3.737696208471465109e+00 4.666063511683814918e-02
3.759300132399972405e+00 4.552769643323098525e-02
3.781028927239082016e+00 4.478418859762437615e-02
3.802883314743989107e+00 4.477216469586583342e-02
3.824864020841640233e+00 4.498464678067350814e-02
3.846971775654848713e+00 4.581519330811434365e-02
3.869207313526548564e+00 4.569387752320725610e-02
3.891571373044171445e+00 4.607595046117647641e-02
3.914064697064205678e+00 4.723365479318183957e-02
3.936688032736852527e+00 5.107645790296805322e-02
3.959442131530850340e+00 5.382544487516743859e-02
3.982327749258438132e+00 5.138100359377771598e-02
4.005345646100446189e+00 5.230989486993020687e-02
4.028496586631570509e+00 5.204321549659895324e-02
4.051781339845751617e+00 5.036812446653569919e-02
4.075200679181723906e+00 5.191131149969552966e-02
4.098755382548707082e+00 5.186483104364385255e-02
4.122446232352245943e+00 5.182660580372490389e-02
4.146274015520188705e+00 5.033761605908864539e-02
4.170239523528843861e+00 4.962443716970880991e-02
4.194343552429258715e+00 5.139894971580538652e-02
4.218586902873665778e+00 5.059819375093049104e-02
4.242970380142073950e+00 4.823881708795196149e-02
4.267494794169023997e+00 5.048513318215613194e-02
4.292160959570472833e+00 5.267115030634732242e-02
4.316969695670882068e+00 5.240177901471191474e-02
4.341921826530410478e+00 5.229194874790253633e-02
4.367018180972294772e+00 5.218229794231343810e-02
4.392259592610382235e+00 5.037045746239929289e-02
4.417646899876805477e+00 5.084997784297878853e-02
4.443180946049855251e+00 5.611501112345831238e-02
4.468862579281975833e+00 5.727738144719086988e-02
4.494692652627942486e+00 5.400526501788474598e-02
4.520672024073195239e+00 5.305573570140041662e-02
4.546801556562344082e+00 5.139948809946622010e-02
4.573082118027814502e+00 4.993346939102538684e-02
4.599514581418703507e+00 5.017089658545154096e-02
4.626099824729760002e+00 4.916645213556251892e-02
4.652838731030551678e+00 4.745959646951027761e-02
4.679732188494796219e+00 4.633616923057777559e-02
4.706781090429870140e+00 4.617303898134619833e-02
4.733986335306464177e+00 4.857351226376811770e-02
4.761348826788450062e+00 5.122756425044108775e-02
4.788869473762884077e+00 5.286425057936511990e-02
4.816549190370198019e+00 5.075881154307818749e-02
4.844388896034566017e+00 5.038696789466474979e-02
4.872389515494448098e+00 5.083741555755941915e-02
4.900551978833287414e+00 4.852703180771643365e-02
4.928877221510434836e+00 4.805289526374523917e-02
4.957366184392200559e+00 4.928830630413044006e-02
4.986019813783113541e+00 4.991498488533687578e-02
5.014839061457356806e+00 4.938216452233518128e-02
5.043824884690362609e+00 5.014002925556393375e-02
5.072978246290641202e+00 5.223954607158172447e-02
5.102300114631742822e+00 5.239783086786582028e-02
5.131791463684423960e+00 5.204375388025977989e-02
5.161453273049005475e+00 5.375707015024198954e-02
5.191286527987911903e+00 5.694466034479776784e-02
5.221292219458380401e+00 5.869117694053117146e-02
5.251471344145405951e+00 6.033468279582571842e-02
5.281824904494829553e+00 6.411844316414087863e-02
5.312353908746639597e+00 6.472932915796296427e-02
5.343059370968462396e+00 6.219497780521459490e-02
5.373942311089249912e+00 5.910860373889490621e-02
5.405003754933139781e+00 5.866856482677629270e-02
5.436244734253559585e+00 5.851099787537330371e-02
5.467666286767478567e+00 5.768834764162464324e-02
5.499269456189878724e+00 5.677165972845096831e-02
5.531055292268432844e+00 5.563064528993134222e-02
5.563024850818350409e+00 5.609527038922786785e-02
5.595179193757479297e+00 5.461561262804599803e-02
5.627519389141558470e+00 5.376065937464752365e-02
5.660046511199702479e+00 5.439936185761250903e-02
5.692761640370078702e+00 5.442628104065402178e-02
5.725665863335805739e+00 5.313200672001804070e-02
5.758760273061025892e+00 5.325852688031315618e-02
5.792045968827241431e+00 5.343403995374382265e-02
5.825524056269808071e+00 5.241936621429903187e-02
5.859195647414667363e+00 5.027982954615952543e-02
5.893061860715279821e+00 5.024088646135946995e-02
5.927123821089786304e+00 5.235529855866023069e-02
5.961382659958350594e+00 5.458618098792060447e-02
5.995839515280771082e+00 5.462781599102481400e-02
6.030495531594262104e+00 5.109530133109711769e-02
6.065351860051475086e+00 5.083436471681470475e-02
6.100409658458743500e+00 5.044116518318833564e-02
6.135670091314512575e+00 5.183378425253597904e-02
6.171134329848062094e+00 5.384034015645040167e-02
6.206803552058381079e+00 5.237414198678929517e-02
6.242678942753306259e+00 5.240429147179578862e-02
6.278761693588877257e+00 5.445212345637386736e-02
6.315053003108923591e+00 5.477658934263424789e-02
6.351554076784851510e+00 5.527244069425892720e-02
6.388266127055725718e+00 5.616759326099939748e-02
6.425190373368511843e+00 5.613170101694404945e-02
6.462328042218596025e+00 5.630595786183278245e-02
6.499680367190518560e+00 5.737518781224170555e-02
6.537248588998957999e+00 5.630326594352862840e-02
6.575033955529916874e+00 5.556209110378561994e-02
6.613037721882214726e+00 5.578175163740437675e-02
6.651261150409145451e+00 5.432542383485848558e-02
6.689705510760421525e+00 5.619917843576810457e-02
6.728372079924347382e+00 5.769785908629931209e-02
6.767262142270216607e+00 5.666936683289321847e-02
6.806376989591010229e+00 5.702505897148174574e-02
6.845717921146279750e+00 5.752880661679860702e-02
6.885286243705309062e+00 5.860126686917251776e-02
6.925083271590525058e+00 5.947721708534337015e-02
6.965110326721157818e+00 5.856411839657522239e-02
7.005368738657123728e+00 5.937169388782063961e-02
7.045859844643230119e+00 5.919546296950885245e-02
7.086584989653569089e+00 6.026487238113805572e-02
7.127545526436194656e+00 6.223553604099713032e-02
7.168742815558059256e+00 6.230678214544701360e-02
7.210178225450215805e+00 6.575082242377827679e-02
7.251853132453240036e+00 6.871354770932726341e-02
7.293768920862992111e+00 6.955665652218746831e-02
7.335926982976571864e+00 6.849801478377488817e-02
7.378328719138569802e+00 6.737907407534929338e-02
7.420975537787583676e+00 6.763031978373675035e-02
7.463868855503007715e+00 6.943982726778730186e-02
7.507010097052058128e+00 7.076730191417447691e-02
7.550400695437144982e+00 6.695105906498922954e-02
7.594042091943437711e+00 6.304508560566558784e-02
7.637935736186750368e+00 6.611153947653454488e-02
7.682083086161699548e+00 6.990499075074466107e-02
7.726485608290103890e+00 7.328245091635324227e-02
7.771144777469737974e+00 7.597957359589263548e-02
7.816062077123293150e+00 7.149160739921148200e-02
7.861238999247660786e+00 7.083172849225383150e-02
7.906677044463489068e+00 7.419483176024029014e-02
7.952377722065040011e+00 1.072232336624153598e-01
7.998342550070284496e+00 1.164787666369688640e-01
