2.511886431509579437e-02 7.604529233158340285e-01
2.526405161860213050e-02 7.899959686963424765e-01
2.541007810627042562e-02 8.020986482258996020e-01
2.555694862859406516e-02 8.278821378376518547e-01
2.570466806410236227e-02 8.303615317595126610e-01
2.585324131952258450e-02 8.162356079317013569e-01
2.600267332994290678e-02 7.916403145169236266e-01
2.615296905897638788e-02 7.655367844434474156e-01
2.630413349892583852e-02 7.420046139417524333e-01
2.645617167094958117e-02 7.225078961585753579e-01
2.660908862522835469e-02 7.070024875819543864e-01
2.676288944113292337e-02 6.958856798195467430e-01
2.691757922739292791e-02 6.887896102716696278e-01
2.707316312226650673e-02 6.838823231919038959e-01
2.722964629371095457e-02 6.800160872692400105e-01
2.738703393955444973e-02 6.768929337979348038e-01
2.754533128766867636e-02 6.743068597221663074e-01
2.770454359614242176e-02 6.721879711479945563e-01
2.786467615345633933e-02 6.705031604414483093e-01
2.802573427865854422e-02 6.693738222604227461e-01
2.818772332154127064e-02 6.688661718728607930e-01
2.835064866281864979e-02 6.689029581328289620e-01
2.851451571430539678e-02 6.694510734063561230e-01
2.867932991909653145e-02 6.705252321974292107e-01
2.884509675174826843e-02 6.721438276360326425e-01
2.901182171845980567e-02 6.742663948362010995e-01
2.917951035725619563e-02 6.767237170020807824e-01
2.934816823817239240e-02 6.789419284781667008e-01
2.951780096343814899e-02 6.807260620866273371e-01
2.968841416766421215e-02 6.823704079072085982e-01
2.986001351802944001e-02 6.839411812078531883e-01
3.003260471446899879e-02 6.855634552724532149e-01
3.020619348986378766e-02 6.873181598729393160e-01
3.038078561023081769e-02 6.887270736297236295e-01
3.055638687491469066e-02 6.875646278147266033e-01
3.073300311678033025e-02 6.836174621201325241e-01
3.091064020240668481e-02 6.785409582445127707e-01
3.108930403228154019e-02 6.729972688672961612e-01
3.126900054099761295e-02 6.675602596439875747e-01
3.144973569744963920e-02 6.624874343943647492e-01
3.163151550503255638e-02 6.580510114421928014e-01
3.181434600184106232e-02 6.543907785753511064e-01
3.199823326087009728e-02 6.512749823560395335e-01
3.218318339021652985e-02 6.485049769804297481e-01
3.236920253328214730e-02 6.460623693185373329e-01
3.255629686897762443e-02 6.439214089883846803e-01
3.274447261192782455e-02 6.420894532419653133e-01
3.293373601267822470e-02 6.404083211614159943e-01
3.312409335790250653e-02 6.387566180888412104e-01
3.331555097061136145e-02 6.372447028041458017e-01
3.350811521036261426e-02 6.359020043153043034e-01
3.370179247347232510e-02 6.347505943782977278e-01
3.389658919322740410e-02 6.338750813910533077e-01
3.409251184009919750e-02 6.334078958894563405e-01
3.428956692195841288e-02 6.334667539054055219e-01
3.448776098429136294e-02 6.340626913168914136e-01
3.468710061041735404e-02 6.352030653759073164e-01
3.488759242170727526e-02 6.369356982204122941e-01
3.508924307780367929e-02 6.393047333623682604e-01
3.529205927684192501e-02 6.419643799580733168e-01
3.549604775567258980e-02 6.440428036462799710e-01
3.570121529008542238e-02 6.453303227451689938e-01
3.590756869503420462e-02 6.461764067244388787e-01
3.611511482486330638e-02 6.468569525338516701e-01
3.632386057353523962e-02 6.476846433831374705e-01
3.653381287485973905e-02 6.485196914844170157e-01
3.674497870272393912e-02 6.489353762220583244e-01
3.695736507132423021e-02 6.490310204979757858e-01
3.717097903539903075e-02 6.491818441638457227e-01
3.738582769046329413e-02 6.497520311933536741e-01
3.760191817304411876e-02 6.510027640322744169e-01
3.781925766091774610e-02 6.533534060442461877e-01
3.803785337334809891e-02 6.568517793672274951e-01
3.825771257132654091e-02 6.613286672053645399e-01
3.847884255781295476e-02 6.668208558186256019e-01
3.870125067797849233e-02 6.733761673449693008e-01
3.892494431944945599e-02 6.802772697150145653e-01
3.914993091255265789e-02 6.850925911448596528e-01
3.937621793056233360e-02 6.873144812469424991e-01
3.960381288994833243e-02 6.886167148498187895e-01
3.983272335062570252e-02 6.901874881504634907e-01
4.006295691620595512e-02 6.927809194782256208e-01
4.029452123424955012e-02 6.971621630404452041e-01
4.052742399651988042e-02 7.031840737972492317e-01
4.076167293923887297e-02 7.105155754089230724e-01
4.099727584334383890e-02 7.192486335253875929e-01
4.123424053474603751e-02 7.295046428045380837e-01
4.147257488459059338e-02 7.400475849114410698e-01
4.171228680951784978e-02 7.498069796810200582e-01
4.195338427192649156e-02 7.595663744505990467e-01
4.219587528023795858e-02 7.698039905997654531e-01
4.243976788916238585e-02 7.811341586699890316e-01
4.268507019996626434e-02 7.903196877840632517e-01
4.293179036074151744e-02 7.946825382162985285e-01
4.317993656667604152e-02 7.965917451086511614e-01
4.342951706032609216e-02 7.982802344411943363e-01
4.368054013188996804e-02 8.017381428782105468e-01
4.393301411948334623e-02 8.079145559268812171e-01
4.418694740941636612e-02 8.156286346422250144e-01
4.444234843647213579e-02 8.249723446741628052e-01
4.469922568418681352e-02 8.375973890952690404e-01
4.495758768513159753e-02 8.541144198210171012e-01
4.521744302119593689e-02 8.668167153880568243e-01
4.547880032387276866e-02 8.685088833465967051e-01
4.574166827454511502e-02 8.629651939693800955e-01
4.600605560477452616e-02 8.546735709725346020e-01
4.627197109659098723e-02 8.492439190012196493e-01
4.653942358278480296e-02 8.482874762420449244e-01
4.680842194719982141e-02 8.508661930658197869e-01
4.707897512502866311e-02 8.564135610690332134e-01
4.735109210310945588e-02 8.645911466599771611e-01
4.762478192022426976e-02 8.715768574279494363e-01
4.790005366739954334e-02 8.753327345707087037e-01
4.817691648820784933e-02 8.787317849917757329e-01
4.845537957907175564e-02 8.834992842836619786e-01
4.873545218956924774e-02 8.898191637462088410e-01
4.901714362274099679e-02 8.959072897709555727e-01
4.930046323539925834e-02 9.021425608355755354e-01
4.958542043843887359e-02 9.099265334448588538e-01
4.987202469714965836e-02 9.199434320342156912e-01
5.016028553153097091e-02 9.309057375047568028e-01
5.045021251660784106e-02 9.415627170175613347e-01
5.074181528274907677e-02 9.526390598940038812e-01
5.103510351598705003e-02 9.642377676619958704e-01
5.133008695833959217e-02 9.707415784243839108e-01
5.162677540813340182e-02 9.700021745990219380e-01
5.192517872032970105e-02 9.653156050790657750e-01
5.222530680685147364e-02 9.579105309474553742e-01
5.252716963691266006e-02 9.466833644051428909e-01
5.283077723734942721e-02 9.322521146195951181e-01
5.313613969295318679e-02 9.181298694177806308e-01
5.344326714680543849e-02 9.052068562909313387e-01
5.375216980061491706e-02 8.928944950795553170e-01
5.406285791505632127e-02 8.805600621121981719e-01
5.437534181011107609e-02 8.692924306839205917e-01
5.468963186541032917e-02 8.598236473680908043e-01
5.500573852057948770e-02 8.501194319884641803e-01
5.532367227558519784e-02 8.378144280290817925e-01
5.564344369108398941e-02 8.245493026845277518e-01
5.596506338877313413e-02 8.133773155321676329e-01
5.628854205174332881e-02 8.064467841541477222e-01
5.661389042483377931e-02 8.038864604603569441e-01
5.694111931498885282e-02 8.059759200265540491e-01
5.727023959161724881e-02 8.114901803957959014e-01
5.760126218695296035e-02 8.142712216493963595e-01
5.793419809641841417e-02 8.102983055728243400e-01
5.826905837898961604e-02 8.017970008941598392e-01
5.860585415756369709e-02 7.934980206453207119e-01
5.894459661932811845e-02 7.842830625232719566e-01
5.928529701613251268e-02 7.747811715734707061e-01
5.962796666486229469e-02 7.655588561994283170e-01
5.997261694781454155e-02 7.561562881515414558e-01
6.031925931307623168e-02 7.467058979656958639e-01
6.066790527490428103e-02 7.382082719130280690e-01
6.101856641410823012e-02 7.315352443547860073e-01
6.137125437843479747e-02 7.267088870469504691e-01
6.172598088295483398e-02 7.236960923555501024e-01
6.208275771045231733e-02 7.222540709647944368e-01
6.244159671181598315e-02 7.207200839241179047e-01
6.280250980643269088e-02 7.180310083204382021e-01
6.316550898258359303e-02 7.143339891936283381e-01
6.353060629784218483e-02 7.096768486816467103e-01
6.389781387947492119e-02 7.050013150396811090e-01
6.426714392484385308e-02 7.014551195787410709e-01
6.463860870181208085e-02 6.995606271903757056e-01
6.501222054915094251e-02 6.990787271847914708e-01
6.538799187695008841e-02 7.003515317796932260e-01
6.576593516702965159e-02 7.032245386832142175e-01
6.614606297335466623e-02 7.057112898570685466e-01
6.652838792245242827e-02 7.069436295660052050e-01
6.691292271383147972e-02 7.062814768865764981e-01
6.729968012040381253e-02 7.028309257015538103e-01
6.768867298890894613e-02 6.985048615292867025e-01
6.807991424034069705e-02 6.953191714160353865e-01
6.847341687037629410e-02 6.917692973290985314e-01
6.886919394980822728e-02 6.862844659678311032e-01
6.926725862497820629e-02 6.799682651312812798e-01
6.966762411821400547e-02 6.739610688784646308e-01
7.007030372826857090e-02 6.687263840849814178e-01
7.047531083076181979e-02 6.647865756423808614e-01
7.088265887862478520e-02 6.634990565434918386e-01
7.129236140254673060e-02 6.651544382420635504e-01
7.170443201142430445e-02 6.699366520379371748e-01
7.211888439281383123e-02 6.793465773378176698e-01
7.253573231338585059e-02 6.947526630125242519e-01
7.295498961938230720e-02 7.159341915022475744e-01
7.337667023707672431e-02 7.386055635206852932e-01
7.380078817323644513e-02 7.504360247264771910e-01
7.422735751558823258e-02 7.530294560542395432e-01
7.465639243328600627e-02 7.516131850454614849e-01
7.508790717738160481e-02 7.449291216092289725e-01
7.552191608129793510e-02 7.370752551060056890e-01
7.595843356130543844e-02 7.305604084656271979e-01
7.639747411700059665e-02 7.266610649089917384e-01
7.683905233178781047e-02 7.259474114656075949e-01
7.728318287336367887e-02 7.274225404903347236e-01
7.772988049420428980e-02 7.304463710597255410e-01
7.817916003205507836e-02 7.322820054321417249e-01
7.863103641042397396e-02 7.325505451299099136e-01
7.908552463907676799e-02 7.329588726155576994e-01
7.954263981453599253e-02 7.303507267838080796e-01
8.000239712058217212e-02 7.244649251888867214e-01
8.046481182875830918e-02 7.192228831434098746e-01
8.092989929887701994e-02 7.131163639886789474e-01
8.139767497953076525e-02 7.057260043610558142e-01
8.186815440860513438e-02 6.984901470252993239e-01
8.234135321379483508e-02 6.942486912509591157e-01
8.281728711312283386e-02 6.935571095635558736e-01
8.329597191546232737e-02 6.881495293482219333e-01
8.377742352106211376e-02 6.707018062452768659e-01
8.426165792207447602e-02 6.486999441582614878e-01
8.474869120308657633e-02 6.284233576637574537e-01
8.523853954165466762e-02 6.128296620632125435e-01
8.573121920884146929e-02 6.003039405440204757e-01
8.622674656975649887e-02 5.889001999538604482e-01
8.672513808409994251e-02 5.783756509769416576e-01
8.722641030670905127e-02 5.686346493373467537e-01
8.773057988810836760e-02 5.600524148867520591e-01
8.823766357506258873e-02 5.520514033436557666e-01
8.874767821113291322e-02 5.442196085964136065e-01
8.926064073723644077e-02 5.367078543108951827e-01
8.977656819220893036e-02 5.299465397287292934e-01
9.029547771337091688e-02 5.237958770620364524e-01
9.081738653709675591e-02 5.183294388307532197e-01
9.134231199938727674e-02 5.142204135922987529e-01
9.187027153644546085e-02 5.103247486616601103e-01
9.240128268525588107e-02 5.060575425053421839e-01
9.293536308416693037e-02 4.997597347987762784e-01
9.347253047347692245e-02 4.902652011009688282e-01
9.401280269602330097e-02 4.805205208353771074e-01
9.455619769777530437e-02 4.716991756949886483e-01
9.510273352842993355e-02 4.639115244597084020e-01
9.565242834201181932e-02 4.565837014740312672e-01
9.620530039747586526e-02 4.498407800218494623e-01
9.676136805931405405e-02 4.434178990313915603e-01
9.732064979816532069e-02 4.372157356007431717e-01
9.788316419142908953e-02 4.316720462235266176e-01
9.844892992388228070e-02 4.270185843375419177e-01
9.901796578830000806e-02 4.234392812426303054e-01
9.959029068607995472e-02 4.211511758726046994e-01
1.001659236278700377e-01 4.206104178510712277e-01
1.007448837341998471e-01 4.222547636716523778e-01
1.013271902361159299e-01 4.255397766868178611e-01
1.019128624758204177e-01 4.300681652889105644e-01
1.025019199073136378e-01 4.331508538742506187e-01
1.030943820970401520e-01 4.321465889771171631e-01
1.036902687245389171e-01 4.301674881908247872e-01
1.042895995830967204e-01 4.287769675640246692e-01
1.048923945804057928e-01 4.283134606884245743e-01
1.054986737392250712e-01 4.286335011501484216e-01
1.061084571980452224e-01 4.287181095480753767e-01
1.067217652117575799e-01 4.270847996054847329e-01
1.073386181523270227e-01 4.236232125424716499e-01
1.079590365094685589e-01 4.180942376692423634e-01
1.085830408913279893e-01 4.121127917984034883e-01
1.092106520251663743e-01 4.066941757050790418e-01
1.098418907580486492e-01 4.016618153414212578e-01
1.104767780575359459e-01 3.953971152688268154e-01
1.111153350123821049e-01 3.886652296946355167e-01
1.117575828332342536e-01 3.816059464067267371e-01
1.124035428533372433e-01 3.748335959465703415e-01
1.130532365292423180e-01 3.687785775557950174e-01
1.137066854415197809e-01 3.644319130779455351e-01
1.143639112954759340e-01 3.620481634320023567e-01
1.150249359218739331e-01 3.580848117830222055e-01
1.156897812776589568e-01 3.502011484092247273e-01
1.163584694466876512e-01 3.384405810973724615e-01
1.170310226404614878e-01 3.269823968424592775e-01
1.177074631988646730e-01 3.189140664436211914e-01
1.183878135909062629e-01 3.131996888201518670e-01
1.190720964154663303e-01 3.077483329554556724e-01
1.197603344020467531e-01 3.025066587725784850e-01
1.204525504115261381e-01 2.977097304727175930e-01
1.211487674369193246e-01 2.938453338630520051e-01
1.218490086041408849e-01 2.903888968764344325e-01
1.225532971727734816e-01 2.875192007363105984e-01
1.232616565368404721e-01 2.854827133844677900e-01
1.239741102255828148e-01 2.834940481705837678e-01
1.246906819042407494e-01 2.816139024236060662e-01
1.254113953748399735e-01 2.782214735293332408e-01
1.261362745769819826e-01 2.731137013327405438e-01
1.268653435886395453e-01 2.683553986058463403e-01
1.275986266269562852e-01 2.646959014642039643e-01
1.283361480490512463e-01 2.626947289219306869e-01
1.290779323528278288e-01 2.622963337264744288e-01
1.298240041777875831e-01 2.626469067839719562e-01
1.305743883058487209e-01 2.610143325665806313e-01
1.313291096621690413e-01 2.552580186067475720e-01
1.320881933159741561e-01 2.489329890678051715e-01
1.328516644813900749e-01 2.439440364909099546e-01
1.336195485182806453e-01 2.407881432482330553e-01
1.343918709330900185e-01 2.390396923119417483e-01
1.351686573796898327e-01 2.376763935175180698e-01
1.359499336602315311e-01 2.360684660943054847e-01
1.367357257260030934e-01 2.335250640801000976e-01
1.375260596782912625e-01 2.303103128214739892e-01
1.383209617692485738e-01 2.276734737069492087e-01
1.391204584027652402e-01 2.266765660618094147e-01
1.399245761353461737e-01 2.279449563055149508e-01
1.407333416769932510e-01 2.309849728292918403e-01
1.415467818920924381e-01 2.341279908809798527e-01
1.423649238003061035e-01 2.362612260965391564e-01
1.431877945774705507e-01 2.402492245396980475e-01
1.440154215564987683e-01 2.444995090164306661e-01
1.448478322282882313e-01 2.448015242107700606e-01
1.456850542426340045e-01 2.434485255691375138e-01
1.465271154091474515e-01 2.418972489862760700e-01
1.473740436981796631e-01 2.411766061534978689e-01
1.482258672417506584e-01 2.433981283929810002e-01
1.490826143344838317e-01 2.505331913764244356e-01
1.499443134345459228e-01 2.611868601258318101e-01
1.508109931645919832e-01 2.688722455584003912e-01
1.516826823127164214e-01 2.658708546075901347e-01
1.525594098334091819e-01 2.536269158397549961e-01
1.534412048485173929e-01 2.401682947677678814e-01
1.543280966482127869e-01 2.284106703567131136e-01
1.552201146919646169e-01 2.192611917774078545e-01
1.561172886095181789e-01 2.129251263604750033e-01
1.570196482018790252e-01 2.093910703653243943e-01
1.579272234423027277e-01 2.074667811063847789e-01
1.588400444772908315e-01 2.060247597156290855e-01
1.597581416275917487e-01 2.051349000869968631e-01
1.606815453892082024e-01 2.047019258071704761e-01
1.616102864344102497e-01 2.037933051859545097e-01
1.625443956127538836e-01 2.022795505882606648e-01
1.634839039521058524e-01 2.017799931778916922e-01
1.644288426596743347e-01 2.026242378441632241e-01
1.653792431230455828e-01 2.027629220442435654e-01
1.663351369112262834e-01 2.009015372898496909e-01
1.672965557756923849e-01 1.986708184853745174e-01
1.682635316514438095e-01 1.974649648836149796e-01
1.692360966580649384e-01 1.973700563328968649e-01
1.702142831007917856e-01 1.982933914581001544e-01
1.711981234715850009e-01 1.999697413248537059e-01
1.721876504502090899e-01 2.013411330964703927e-01
1.731828969053178791e-01 2.010968723302811456e-01
1.741838958955464201e-01 2.001216685785226213e-01
1.751906806706090836e-01 1.993933006311510991e-01
1.762032846724038426e-01 1.991758938347386876e-01
1.772217415361232173e-01 1.992645487212622024e-01
1.782460850913716033e-01 1.993638716231765085e-01
1.792763493632887617e-01 1.995069701744529855e-01
1.803125685736800821e-01 1.998523931555549749e-01
1.813547771421535060e-01 2.001488904108991163e-01
1.824030096872625850e-01 2.002735958321915366e-01
1.834573010276564775e-01 2.007275382801998465e-01
1.845176861832364401e-01 2.008474614876963604e-01
1.855842003763193415e-01 1.990375774972580614e-01
1.866568790328071992e-01 1.969963079316193466e-01
1.877357577833641822e-01 1.960681905926202062e-01
1.888208724646001924e-01 1.956164553202099921e-01
1.899122591202609955e-01 1.942572030143828454e-01
1.910099540024255971e-01 1.925407561242639121e-01
1.921139935727104175e-01 1.910748236645287979e-01
1.932244145034804905e-01 1.887723716531154727e-01
1.943412536790674328e-01 1.860590171178567176e-01
1.954645481969946030e-01 1.843304307619482441e-01
1.965943353692096995e-01 1.839176889251044056e-01
1.977306527233236300e-01 1.843293271741492101e-01
1.988735380038573475e-01 1.852861377959236222e-01
2.000230291734956534e-01 1.876978449994426423e-01
2.011791644143479663e-01 1.914772653485815324e-01
2.023419821292166965e-01 1.951875275289801093e-01
2.035115209428728922e-01 1.966946605998796394e-01
2.046878197033392410e-01 1.963963240315370617e-01
2.058709174831803157e-01 1.954189131041804417e-01
2.070608535808005912e-01 1.939908704922126415e-01
2.082576675217497619e-01 1.922582376477076638e-01
2.094613990600355524e-01 1.903093015945893363e-01
2.106720881794442723e-01 1.881459016458560396e-01
2.118897750948690872e-01 1.862889312426583566e-01
2.131145002536455058e-01 1.852762055057321777e-01
2.143463043368951104e-01 1.850793990149020019e-01
2.155852282608767823e-01 1.852898164219204391e-01
2.168313131783459469e-01 1.853449958118728313e-01
2.180846004799212312e-01 1.844838294660159084e-01
2.193451317954595303e-01 1.827236069265347485e-01
2.206129489954388734e-01 1.804755985798744689e-01
2.218880941923488948e-01 1.780418196203744918e-01
2.231706097420899648e-01 1.754785530257862158e-01
2.244605382453801201e-01 1.738926973585545876e-01
2.257579225491697927e-01 1.740505104138184156e-01
2.270628057480653939e-01 1.750816292807287067e-01
2.283752311857605299e-01 1.761506379954063117e-01
2.296952424564759343e-01 1.751960345492300231e-01
2.310228834064072811e-01 1.720441877951496001e-01
2.323581981351817149e-01 1.684556881352460012e-01
2.337012309973229007e-01 1.650268408436046108e-01
2.350520266037238737e-01 1.616035114909584736e-01
2.364106298231291869e-01 1.578104802256313222e-01
2.377770857836252472e-01 1.532390516993758500e-01
2.391514398741393099e-01 1.492826894397896453e-01
2.405337377459470793e-01 1.469268973514223642e-01
2.419240253141889951e-01 1.461727790220730683e-01
2.433223487593957901e-01 1.466410681114689862e-01
2.447287545290218747e-01 1.473422142264639856e-01
2.461432893389885190e-01 1.467363445247867881e-01
2.475660001752356676e-01 1.447848334334706499e-01
2.489969342952823017e-01 1.427156063102561212e-01
2.504361392297964617e-01 1.412662276675067385e-01
2.518836627841739007e-01 1.395556665789827178e-01
2.533395530401260642e-01 1.362301886778521376e-01
2.548038583572773130e-01 1.324441468019189605e-01
2.562766273747711931e-01 1.298584405887500681e-01
2.577579090128856998e-01 1.286522191243908986e-01
2.592477524746588102e-01 1.284616662977552948e-01
2.607462072475227322e-01 1.285602534744702541e-01
2.622533231049470337e-01 1.287967891260661524e-01
2.637691501080930423e-01 1.289700524105166501e-01
2.652937386074759596e-01 1.289431984407398146e-01
2.668271392446371348e-01 1.286463333227959582e-01
2.683694029538270520e-01 1.286912125599572465e-01
2.699205809636965880e-01 1.298260686799780073e-01
2.714807247989985406e-01 1.316955464115649177e-01
2.730498862822996475e-01 1.334885087224178535e-01
2.746281175357012105e-01 1.350210243126954979e-01
2.762154709825712651e-01 1.363920482217124697e-01
2.778119993492854656e-01 1.373712984620675259e-01
2.794177556669779627e-01 1.380680302258663339e-01
2.810327932733039380e-01 1.390053441298575720e-01
2.826571658142107979e-01 1.406434362862441223e-01
2.842909272457196934e-01 1.425942116523608583e-01
2.859341318357184192e-01 1.447829941204722415e-01
2.875868341657639160e-01 1.469136542978337900e-01
2.892490891328946545e-01 1.492620891342074096e-01
2.909209519514548425e-01 1.512706189284743208e-01
2.926024781549284581e-01 1.505411473933037647e-01
2.942937235977828858e-01 1.486503336309352719e-01
2.959947444573255426e-01 1.480341637764669427e-01
2.977055972355692748e-01 1.486039829433752624e-01
2.994263387611086902e-01 1.501633525034297423e-01
3.011570261910088142e-01 1.528270455877313583e-01
3.028977170127025720e-01 1.569294492993915380e-01
3.046484690459013711e-01 1.631650882266110214e-01
3.064093404445150659e-01 1.731786760525707014e-01
3.081803896985833569e-01 1.868455073559781299e-01
3.099616756362194026e-01 2.036542531232744813e-01
3.117532574255635347e-01 2.210052283625029701e-01
3.135551945767480198e-01 2.285033717318331048e-01
3.153675469438748658e-01 2.221982067732736210e-01
3.171903747270033436e-01 2.102735727419629275e-01
3.190237384741493876e-01 1.988337816170338557e-01
3.208676990832974307e-01 1.896703242589406757e-01
3.227223178044230090e-01 1.822932076849061167e-01
3.245876562415266342e-01 1.764110847159815754e-01
3.264637763546810456e-01 1.726588861992192081e-01
3.283507404620888970e-01 1.705536085412357461e-01
3.302486112421523790e-01 1.677582206462477910e-01
3.321574517355558864e-01 1.658291491735123246e-01
3.340773253473591775e-01 1.664239829971990436e-01
3.360082958491044103e-01 1.681327047727246560e-01
3.379504273809338932e-01 1.702313609039138309e-01
3.399037844537201591e-01 1.718926284040803720e-01
3.418684319512097503e-01 1.735064416288878975e-01
3.438444351321779946e-01 1.751467409608725156e-01
3.458318596325960503e-01 1.773230161005946992e-01
3.478307714678123830e-01 1.827243426517341229e-01
3.498412370347446232e-01 1.925966712394156510e-01
3.518633231140849693e-01 2.048170668008711115e-01
3.538970968725191901e-01 2.101448208320740030e-01
3.559426258649572294e-01 2.039474396152215208e-01
3.579999780367765227e-01 1.928578536851902892e-01
3.600692217260801353e-01 1.826092016580334598e-01
3.621504256659661136e-01 1.754616313462008248e-01
3.642436589868098817e-01 1.715994419121333603e-01
3.663489912185618480e-01 1.691101157000813038e-01
3.684664922930561692e-01 1.662864023849177919e-01
3.705962325463332818e-01 1.641178523597889294e-01
3.727382827209774208e-01 1.628189295203097131e-01
3.748927139684648524e-01 1.622027596658413839e-01
3.770595978515288715e-01 1.621122654663194607e-01
3.792390063465359562e-01 1.633137047168828349e-01
3.814310118458763554e-01 1.666292503278219428e-01
3.836356871603694985e-01 1.699013881519985669e-01
3.858531055216822825e-01 1.725003374187560057e-01
3.880833405847607942e-01 1.749127803474744003e-01
3.903264664302779630e-01 1.765615405192517695e-01
3.925825575670940371e-01 1.771968392289035854e-01
3.948516889347303827e-01 1.783066806921459468e-01
3.971339359058604912e-01 1.807798209498119313e-01
3.994293742888124776e-01 1.835818303715942013e-01
4.017380803300868997e-01 1.858279994052561002e-01
4.040601307168905088e-01 1.856190534486363841e-01
4.063956025796829352e-01 1.830020789144944371e-01
4.087445734947380283e-01 1.789471294781933286e-01
4.111071214867221824e-01 1.746037757637410315e-01
4.134833250312844322e-01 1.697546109747252174e-01
4.158732630576643108e-01 1.652468226782147775e-01
4.182770149513134750e-01 1.613599864499686010e-01
4.206946605565314856e-01 1.565884406694857678e-01
4.231262801791195738e-01 1.513107159518397304e-01
4.255719545890473410e-01 1.474669196477564059e-01
4.280317650231349469e-01 1.463953358948810179e-01
4.305057931877529498e-01 1.465244556673696019e-01
4.329941212615355806e-01 1.455212943580352081e-01
4.354968318981098929e-01 1.438302299872943613e-01
4.380140082288422887e-01 1.439052739576295870e-01
4.405457338655994204e-01 1.454227071813202765e-01
4.430920929035247480e-01 1.452170719880976901e-01
4.456531699238333033e-01 1.417569563754833006e-01
4.482290499966203323e-01 1.379940898433301422e-01
4.508198186836865351e-01 1.355853255406085645e-01
4.534255620413813470e-01 1.344158903362176471e-01
4.560463666234608748e-01 1.350471425572729312e-01
4.586823194839622087e-01 1.365487576891772636e-01
4.613335081800964965e-01 1.383207518318482765e-01
4.640000207751556194e-01 1.419191837819433200e-01
4.666819458414390720e-01 1.494235808154680545e-01
4.693793724631949438e-01 1.608722006427895090e-01
4.720923902395786631e-01 1.752832179853547889e-01
4.748210892876304490e-01 1.880388536293484125e-01
4.775655602452679171e-01 1.943440185879079241e-01
4.803258942742961168e-01 1.934475374324814423e-01
4.831021830634371073e-01 1.881172083630807956e-01
4.858945188313745223e-01 1.802055874317074480e-01
4.887029943298164536e-01 1.706702209853351304e-01
4.915277028465775411e-01 1.605352385014802430e-01
4.943687382086768833e-01 1.520471768764042608e-01
4.972261947854541564e-01 1.453833458831542136e-01
5.001001674917054940e-01 1.396204103965268672e-01
5.029907517908354109e-01 1.346413901098230670e-01
5.058980436980275996e-01 1.311077019772721453e-01
5.088221397834349347e-01 1.297753036412218341e-01
5.117631371753864622e-01 1.289016299669756838e-01
5.147211335636141527e-01 1.284318694271810168e-01
5.176962272024980827e-01 1.293647689799760636e-01
5.206885169143288250e-01 1.313037727429029744e-01
5.236981020925914887e-01 1.338696143756890056e-01
5.267250827052667450e-01 1.375592762505053190e-01
5.297695592981502832e-01 1.417319417187049013e-01
5.328316329981945820e-01 1.456783716880996615e-01
5.359114055168668900e-01 1.474488943803719532e-01
5.390089791535270791e-01 1.455606556562012432e-01
5.421244567988269258e-01 1.412058982011588082e-01
5.452579419381275994e-01 1.388990318385492917e-01
5.484095386549359130e-01 1.393982213863185771e-01
5.515793516343632241e-01 1.415995111828191599e-01
5.547674861666017643e-01 1.448488415258154249e-01
5.579740481504216199e-01 1.478130783540577142e-01
5.611991440966896949e-01 1.505017860951377018e-01
5.644428811319066597e-01 1.524864048204252753e-01
5.677053670017649933e-01 1.528413922291189664e-01
5.709867100747291202e-01 1.518772243553508927e-01
5.742870193456336425e-01 1.488247005031848036e-01
5.776064044393048880e-01 1.450073903062786274e-01
5.809449756142023302e-01 1.423521580617697346e-01
5.843028437660793273e-01 1.427534961580234352e-01
5.876801204316687288e-01 1.464538260482305398e-01
5.910769177923870243e-01 1.520383481740118781e-01
5.944933486780595855e-01 1.582397758794608922e-01
5.979295265706701112e-01 1.629531993691938907e-01
6.013855656081297241e-01 1.665490562810911235e-01
6.048615805880666052e-01 1.722832984849433091e-01
6.083576869716416091e-01 1.776872000742804603e-01
6.118740008873820857e-01 1.788441279502822057e-01
6.154106391350390171e-01 1.781650535912681632e-01
6.189677191894675801e-01 1.767671757124743281e-01
6.225453592045292472e-01 1.707838905286370723e-01
6.261436780170150929e-01 1.620041138620127996e-01
6.297627951505950783e-01 1.565354684551314990e-01
6.334028308197864332e-01 1.548521291989839732e-01
6.370639059339481269e-01 1.560377503577609626e-01
6.407461421012968783e-01 1.601037356720525495e-01
6.444496616329448146e-01 1.648693956509404701e-01
6.481745875469649976e-01 1.656411713850745038e-01
6.519210435724759334e-01 1.585778416085691922e-01
6.556891541537508417e-01 1.502910008255196050e-01
6.594790444543533470e-01 1.449875257258957661e-01
6.632908403612935988e-01 1.441955175487791563e-01
6.671246684892090384e-01 1.468676714728734678e-01
6.709806561845721440e-01 1.515542409928296030e-01
6.748589315299192704e-01 1.495111321141925353e-01
6.787596233481042463e-01 1.445585979346658834e-01
6.826828612065795054e-01 1.422715961524392281e-01
6.866287754216984229e-01 1.405341810941383995e-01
6.905974970630435195e-01 1.390410268020267903e-01
6.945891579577818664e-01 1.393213381029848874e-01
6.986038906950429173e-01 1.430065856266050650e-01
7.026418286303216520e-01 1.484564700409025662e-01
7.067031058899108098e-01 1.521317852743312438e-01
7.107878573753529938e-01 1.550713753083947932e-01
7.148962187679240854e-01 1.617723604242127800e-01
7.190283265331394169e-01 1.696140874616464400e-01
7.231843179252852583e-01 1.771409241137518187e-01
7.273643309919801681e-01 1.855182590963233569e-01
7.315685045787596597e-01 1.958287120402268378e-01
7.357969783336865133e-01 2.082164850845379112e-01
7.400498927119919523e-01 2.237369760277458652e-01
7.443273889807401344e-01 2.414782534852375762e-01
7.486296092235191768e-01 2.656839804069513478e-01
7.529566963451627126e-01 2.961819970962357718e-01
7.573087940764960946e-01 3.027836593101395080e-01
7.616860469791092436e-01 2.844902200905242151e-01
7.660886004501606950e-01 2.682031034895777100e-01
7.705166007272060691e-01 2.637460802318235542e-01
7.749701948930545203e-01 2.663829193463482792e-01
7.794495308806568268e-01 2.696510106819283714e-01
7.839547574780165728e-01 2.606674381350799763e-01
7.884860243331343055e-01 2.387722562019724826e-01
7.930434819589780027e-01 2.190294383396078071e-01
7.976272817384808533e-01 2.085630116534389067e-01
8.022375759295721220e-01 2.030962055595559868e-01
8.068745176702336597e-01 2.018605550872221988e-01
8.115382609835852801e-01 2.034979115184094023e-01
8.162289607830032212e-01 2.064636197970503850e-01
8.209467728772645856e-01 2.107690836637353682e-01
8.256918539757219788e-01 2.202959892703149625e-01
8.304643616935105666e-01 2.257933279599715071e-01
8.352644545567829981e-01 2.183187277970210505e-01
8.400922920079733069e-01 2.117310443619053184e-01
8.449480344110958940e-01 2.072074379736085770e-01
8.498318430570707127e-01 2.050624311548594203e-01
8.547438801690798726e-01 2.086134088295954203e-01
8.596843089079587719e-01 2.197464025463891912e-01
8.646532933776126528e-01 2.359312533446238924e-01
8.696509986304700179e-01 2.492030002159721924e-01
8.746775906729644667e-01 2.544329027956594991e-01
8.797332364710471753e-01 2.543093009621661960e-01
8.848181039557355687e-01 2.543556516497261777e-01
8.899323620286901937e-01 2.610941587507117356e-01
8.950761805678236760e-01 2.800865369097239599e-01
9.002497304329459826e-01 2.970836283280577916e-01
9.054531834714387717e-01 2.843765505472222732e-01
9.106867125239620497e-01 2.645333061951442577e-01
9.159504914301977996e-01 2.467000630877319023e-01
9.212446950346235841e-01 2.375443308442320156e-01
9.265694991923183466e-01 2.320263918489932353e-01
9.319250807748065135e-01 2.285342721902064445e-01
9.373116176759319629e-01 2.258937544496848748e-01
9.427292888177655206e-01 2.231130810586842150e-01
9.481782741565508710e-01 2.177154331335416082e-01
9.536587546886805544e-01 2.106958790063985232e-01
9.591709124567069367e-01 2.033529736541344612e-01
9.647149305553922582e-01 1.969072851824961723e-01
9.702909931377862174e-01 1.925716565826372517e-01
9.758992854213467405e-01 1.901746638831054992e-01
9.815399936940907288e-01 1.855664490968817748e-01
9.872133053207802211e-01 1.822564214249378367e-01
9.929194087491489684e-01 1.842233827454406170e-01
9.986584935161608723e-01 1.931061609399760404e-01
1.004430750254303728e+00 2.007753604181585494e-01
1.010236370697924935e+00 2.054700229153077207e-01
1.016075547689597958e+00 2.101775606034457511e-01
1.021948475186527761e+00 2.075513895043117618e-01
1.027855348266994762e+00 2.038153769419354666e-01
1.033796363136834096e+00 2.046842684023857106e-01
1.039771717135951290e+00 2.064533196442592533e-01
1.045781608744880131e+00 2.095095221224221871e-01
1.051826237591374280e+00 2.175064871769218922e-01
1.057905804457035748e+00 2.369958477081053061e-01
1.064020511283988890e+00 2.659756954484996383e-01
1.070170561181583713e+00 2.839329082520050673e-01
1.076356158433145582e+00 2.842290376447495492e-01
1.082577508502760022e+00 2.782008732237510329e-01
1.088834818042095476e+00 2.672628466847890572e-01
1.095128294897270704e+00 2.578433569573167494e-01
1.101458148115757263e+00 2.547978224945446346e-01
1.107824587953321727e+00 2.565760703014102750e-01
1.114227825881013212e+00 2.632851483944212423e-01
1.120668074592185315e+00 2.740120218011654618e-01
1.127145548009560017e+00 2.926438946124886864e-01
1.133660461292336441e+00 3.167399984794970758e-01
1.140213030843336250e+00 3.156669432762230221e-01
1.146803474316190341e+00 3.033196351178770178e-01
1.153432010622570836e+00 3.049908349082349757e-01
1.160098859939462601e+00 3.091951365600072443e-01
1.166804243716473621e+00 2.872385215727527585e-01
1.173548384683194445e+00 2.671638916454744384e-01
1.180331506856595603e+00 2.579518764242231255e-01
1.187153835548465874e+00 2.483363159311200441e-01
1.194015597372901416e+00 2.440801456527925128e-01
1.200917020253827294e+00 2.488892134184429450e-01
1.207858333432573428e+00 2.617618293691356679e-01
1.214839767475487387e+00 2.637648412244073537e-01
1.221861554281590267e+00 2.521179434558569743e-01
1.228923927090283863e+00 2.471348766805567254e-01
1.236027120489096909e+00 2.479585210412460217e-01
1.243171370421473965e+00 2.459378517811895704e-01
1.250356914194617142e+00 2.419388174600401731e-01
1.257583990487367132e+00 2.370845025946287654e-01
1.264852839358128644e+00 2.288789594461090593e-01
1.272163702252848472e+00 2.179390935941486473e-01
1.279516822013033517e+00 2.074134410294308228e-01
1.286912442883815677e+00 2.013786550816379917e-01
1.294350810522067352e+00 1.999708449126527676e-01
1.301832172004561583e+00 2.000870894941524647e-01
1.309356775836174380e+00 2.016854524897732925e-01
1.316924871958146337e+00 2.025282257056460755e-01
1.324536711756377994e+00 2.040283693871516590e-01
1.332192548069784932e+00 2.010700183605043379e-01
1.339892635198694837e+00 1.935921074341567238e-01
1.347637228913291185e+00 1.892756076894812622e-01
1.355426586462114891e+00 1.924395939093511976e-01
1.363260966580605249e+00 2.023641589861876477e-01
1.371140629499693731e+00 2.157102141026718545e-01
1.379065836954451285e+00 2.253728610085343198e-01
1.387036852192779834e+00 2.336707376695744132e-01
1.395053939984155722e+00 2.439101931317391447e-01
1.403117366628427343e+00 2.475424684410049980e-01
1.411227399964658957e+00 2.357116393726133852e-01
1.419384309380025577e+00 2.247563232914663034e-01
1.427588365818764915e+00 2.205593788916876963e-01
1.435839841791175742e+00 2.083132329482544065e-01
1.444139011382666204e+00 1.957911900550592110e-01
1.452486150262864761e+00 1.951143228716432643e-01
1.460881535694769973e+00 1.975723807627222939e-01
1.469325446543965796e+00 2.013676192036475132e-01
1.477818163287882181e+00 2.088793734891659093e-01
1.486359968025109168e+00 2.163046800637589140e-01
1.494951144484772509e+00 2.219980895190462877e-01
1.503591978035954568e+00 2.225053720440085814e-01
1.512282755697172298e+00 2.216728989809268746e-01
1.521023766145914724e+00 2.264139121656360276e-01
1.529815299728230382e+00 2.345653795120024310e-01
1.538657648468367833e+00 2.441680648141166532e-01
1.547551106078482119e+00 2.513516856607181937e-01
1.556495967968387184e+00 2.522720778851240131e-01
1.565492531255366693e+00 2.427631975459288438e-01
1.574541094774047689e+00 2.423559736480802307e-01
1.583641959086324214e+00 2.399700168265389844e-01
1.592795426491339539e+00 2.329236087296190638e-01
1.602001801035530804e+00 2.307090758795299068e-01
1.611261388522727822e+00 2.336707376695744132e-01
1.620574496524306296e+00 2.346231339401526061e-01
1.629941434389411858e+00 2.216291233315646481e-01
1.639362513255227638e+00 2.145492397380736049e-01
1.648838046057315765e+00 2.109673616049642930e-01
1.658368347540009280e+00 2.093995312051170898e-01
1.667953734266863997e+00 2.116313535973913529e-01
1.677594524631179640e+00 2.181958616887270663e-01
1.687291038866571835e+00 2.211836417233490337e-01
1.697043599057607821e+00 2.089271956271246677e-01
1.706852529150509445e+00 1.993962435319485416e-01
1.716718154963911225e+00 1.923800001682025862e-01
1.726640804199680579e+00 1.859151828413808660e-01
1.736620806453807120e+00 1.767785794530644661e-01
1.746658493227349673e+00 1.662908167361139555e-01
1.756754197937443251e+00 1.598083420045074421e-01
1.766908255928380411e+00 1.531919652866164938e-01
1.777121004482747679e+00 1.462103010072406950e-01
1.787392782832625482e+00 1.422984501222160914e-01
1.797723932170862682e+00 1.393927034473233240e-01
1.808114795662403074e+00 1.381382919824057087e-01
1.818565718455690483e+00 1.362566747850292859e-01
1.829077047694130043e+00 1.333792535303121030e-01
1.839649132527616748e+00 1.341021035386883720e-01
1.850282324124138622e+00 1.337552091071877169e-01
1.860976975681438272e+00 1.314836575541477592e-01
1.871733442438742401e+00 1.323102448156345257e-01
1.882552081688566581e+00 1.362408566932429288e-01
1.893433252788581767e+00 1.379374390029790287e-01
1.904377317173546302e+00 1.412941852250826080e-01
1.915384638367318981e+00 1.476416543826055972e-01
1.926455581994929611e+00 1.513118195396387644e-01
1.937590515794722412e+00 1.477468630861148435e-01
1.948789809630575354e+00 1.371947244142198707e-01
1.960053835504184105e+00 1.311073341146724580e-01
1.971382967567415045e+00 1.267091688728674559e-01
1.982777582134739092e+00 1.206085355197314829e-01
1.994238057695728816e+00 1.193813458871903765e-01
2.005764774927627947e+00 1.193662635206033940e-01
2.017358116708002580e+00 1.209355653708493045e-01
2.029018468127450348e+00 1.276567829296497980e-01
2.040746216502401289e+00 1.342635952199490446e-01
2.052541751387976898e+00 1.368890305938836593e-01
2.064405464590929995e+00 1.359796742474683184e-01
2.076337750182662312e+00 1.343688039234582632e-01
2.088339004512313135e+00 1.342540307923573151e-01
2.100409626219920778e+00 1.345670818646871880e-01
2.112550016249669760e+00 1.359480380638956043e-01
2.124760577863207711e+00 1.372811721251452899e-01
2.137041716653034662e+00 1.363475368471508964e-01
2.149393840555982482e+00 1.351056327106224808e-01
2.161817359866763155e+00 1.359590739418860827e-01
2.174312687251592546e+00 1.359667990564794315e-01
2.186880237761905654e+00 1.315535514480874191e-01
2.199520428848138476e+00 1.292775855438512700e-01
2.212233680373592026e+00 1.324393645881231096e-01
2.225020414628386511e+00 1.380621444242714213e-01
2.237881056343477670e+00 1.411871372085749810e-01
2.250816032704775704e+00 1.405945105604863299e-01
2.263825773367328598e+00 1.425107068422329093e-01
2.276910710469592924e+00 1.461738826098721022e-01
2.290071278647793029e+00 1.429076305872904185e-01
2.303307915050354371e+00 1.389383931367153269e-01
2.316621059352423018e+00 1.385425729794568794e-01
2.330011153770474852e+00 1.379102171706025060e-01
2.343478643077001600e+00 1.338339317035197873e-01
2.357023974615280792e+00 1.348429788144491215e-01
2.370647598314243876e+00 1.373323050265011780e-01
2.384349966703414481e+00 1.371413843372659147e-01
2.398131534927939956e+00 1.387537261116746912e-01
2.411992760763713051e+00 1.348793972118176865e-01
2.425934104632577970e+00 1.356526443963504969e-01
2.439956029617617261e+00 1.438776842626534047e-01
2.454059001478542612e+00 1.433041864697482681e-01
2.468243488667162033e+00 1.409932736185422475e-01
2.482509962342935861e+00 1.411705833915892772e-01
2.496858896388636673e+00 1.439755357141689895e-01
2.511290767426078485e+00 1.489350592830895881e-01
2.525806054831960523e+00 1.527442765028027838e-01
2.540405240753779381e+00 1.545225243096683687e-01
2.555088810125852206e+00 1.579318748835265851e-01
2.569857250685421590e+00 1.587878911529879422e-01
2.584711052988855506e+00 1.535870497186755668e-01
2.599650710427946265e+00 1.469982626957607730e-01
2.614676719246288084e+00 1.441234164792413730e-01
2.629789578555775442e+00 1.430201965427932986e-01
2.644989790353173831e+00 1.428042611967796360e-01
2.660277859536794409e+00 1.417061913367270998e-01
2.675654293923265481e+00 1.407751310969304892e-01
2.691119604264405218e+00 1.401100355167043676e-01
2.706674304264172548e+00 1.420438892032357403e-01
2.722318910595750374e+00 1.444876004529271341e-01
2.738053942918694972e+00 1.455661735951964686e-01
2.753879923896200843e+00 1.472013228507855487e-01
2.769797379212459720e+00 1.451354064909681774e-01
2.785806837590128815e+00 1.440645584632921639e-01
2.801908830807877226e+00 1.423760691307491000e-01
2.818103893718070019e+00 1.380838483176526910e-01
2.834392564264522019e+00 1.358354721083927241e-01
2.850775383500368410e+00 1.327185723012821728e-01
2.867252895606037466e+00 1.333016345217790666e-01
2.883825647907329426e+00 1.316087308380398113e-01
2.900494190893583735e+00 1.276255146086767989e-01
2.917259078235983960e+00 1.216959373643932002e-01
2.934120866805935979e+00 1.190863200822449286e-01
2.951080116693567401e+00 1.167364137954725739e-01
2.968137391226336685e+00 1.124467680205739617e-01
2.985293256987731514e+00 1.085864178995049056e-01
3.002548283836107057e+00 1.071922186467079013e-01
3.019903044923603730e+00 1.069674545983018421e-01
3.037358116715186629e+00 1.044295705230916943e-01
3.054914079007794214e+00 1.026369760748384596e-01
3.072571514949601568e+00 1.050457403775600235e-01
3.090331011059376021e+00 1.070053444460691561e-01
3.108193157245980220e+00 1.071414536079517005e-01
3.126158546827951579e+00 1.079422904874606931e-01
3.144227776553216724e+00 1.104540563180933938e-01
3.162401446618910317e+00 1.138641426171509569e-01
3.180680160691316427e+00 1.158575900448308854e-01
3.199064525925907621e+00 1.189292427521804751e-01
3.217555152987530587e+00 1.191076561130265388e-01
3.236152656070678812e+00 1.176490809052850722e-01
3.254857652919894928e+00 1.140289450618087452e-01
3.273670764850296955e+00 1.118191944255154530e-01
3.292592616768199143e+00 1.121833783992012140e-01
3.311623837191892683e+00 1.112409144188144378e-01
3.330765058272506351e+00 1.085831071361077621e-01
3.350016915815009710e+00 1.093269253126659540e-01
3.369380049299332214e+00 1.121977250405888499e-01
3.388855101901607103e+00 1.143059455993697404e-01
3.408442720515521884e+00 1.161287047807969541e-01
3.428143555773827789e+00 1.147598880473780503e-01
3.447958262069935831e+00 1.136511501719347367e-01
3.467887497579658529e+00 1.123614238974475904e-01
3.487931924283071528e+00 1.136986044472937940e-01
3.508092207986506228e+00 1.161095759256134535e-01
3.528369018344649444e+00 1.165488038696344680e-01
3.548763028882812254e+00 1.134491936047090088e-01
3.569274917019284565e+00 1.112898401445722302e-01
3.589905364087840223e+00 1.055136616043562681e-01
3.610655055360374899e+00 1.036732450181442888e-01
3.631524680069651456e+00 1.064263287141687664e-01
3.652514931432215839e+00 1.056718425222197832e-01
3.673626506671410219e+00 1.051869996158381337e-01
3.694860107040534913e+00 1.073202348313974513e-01
3.716216437846141751e+00 1.082891849189613759e-01
3.737696208471465109e+00 1.087607847717544513e-01
3.759300132399972405e+00 1.048927095360920603e-01
3.781028927239082016e+00 1.043872663241282028e-01
3.802883314743989107e+00 1.058543023716623371e-01
3.824864020841640233e+00 1.039811460140786237e-01
3.846971775654848713e+00 1.028245860006765655e-01
3.869207313526548564e+00 1.036430802849703237e-01
3.891571373044171445e+00 1.048754199939069820e-01
3.914064697064205678e+00 1.087861672911325517e-01
3.936688032736852527e+00 1.082487200329962929e-01
3.959442131530850340e+00 1.079349332354670454e-01
3.982327749258438132e+00 1.079205865940794234e-01
4.005345646100446189e+00 1.097661532566869547e-01
4.028496586631570509e+00 1.134628045208972563e-01
4.051781339845751617e+00 1.173654588409298039e-01
4.075200679181723906e+00 1.203881858225216012e-01
4.098755382548707082e+00 1.239711675434299887e-01
4.122446232352245943e+00 1.212129337710099591e-01
4.146274015520188705e+00 1.175515973163692024e-01
4.170239523528843861e+00 1.134984871930664607e-01
4.194343552429258715e+00 1.089748808047697193e-01
4.218586902873665778e+00 1.059208855022048951e-01
4.242970380142073950e+00 1.019446586622358153e-01
4.267494794169023997e+00 1.035444931082553921e-01
4.292160959570472833e+00 1.033557795946182106e-01
4.316969695670882068e+00 1.013130385785808302e-01
4.341921826530410478e+00 1.042103244136808743e-01
4.367018180972294772e+00 1.056913392400029572e-01
4.392259592610382235e+00 1.052955190827444820e-01
4.417646899876805477e+00 9.991479283718732174e-02
4.443180946049855251e+00 9.800080373103883802e-02
4.468862579281975833e+00 9.662205470742850355e-02
4.494692652627942486e+00 9.564905813126806100e-02
4.520672024073195239e+00 9.343342169337984227e-02
4.546801556562344082e+00 8.839002545173160752e-02
4.573082118027814502e+00 8.807623865420236009e-02
4.599514581418703507e+00 9.066562349336806936e-02
4.626099824729760002e+00 9.370196139114814193e-02
4.652838731030551678e+00 9.074544967749918756e-02
4.679732188494796219e+00 8.995270577518321709e-02
4.706781090429870140e+00 9.263405626426958472e-02
4.733986335306464177e+00 9.268077481442928145e-02
4.761348826788450062e+00 9.298720435996486733e-02
4.788869473762884077e+00 9.472572300606477147e-02
4.816549190370198019e+00 9.311338123165600889e-02
4.844388896034566017e+00 9.282276977790675232e-02
4.872389515494448098e+00 9.223382175581493203e-02
4.900551978833287414e+00 9.231953374154097669e-02
4.928877221510434836e+00 9.245601076602320834e-02
4.957366184392200559e+00 9.408895284601422049e-02
4.986019813783113541e+00 9.268482130302579947e-02
5.014839061457356806e+00 9.143923854050055311e-02
5.043824884690362609e+00 9.059683318722742962e-02
5.072978246290641202e+00 9.215399557168381384e-02
5.102300114631742822e+00 9.105408639863289688e-02
5.131791463684423960e+00 8.932182141672759257e-02
5.161453273049005475e+00 9.014141928882039856e-02
5.191286527987911903e+00 8.920778401082599118e-02
5.221292219458380401e+00 8.763517139718295101e-02
5.251471344145405951e+00 8.691084993840793305e-02
5.281824904494829553e+00 8.918828729304281722e-02
5.312353908746639597e+00 9.318916092719060906e-02
5.343059370968462396e+00 9.523778774482292986e-02
5.373942311089249912e+00 9.544673370144263203e-02
5.405003754933139781e+00 9.588522592026427205e-02
5.436244734253559585e+00 9.389288208038339134e-02
5.467666286767478567e+00 9.107689387981320051e-02
5.499269456189878724e+00 9.111588731537956232e-02
5.531055292268432844e+00 9.620526638198813318e-02
5.563024850818350409e+00 1.000726058924511497e-01
5.595179193757479297e+00 9.942479985441012025e-02
5.627519389141558470e+00 9.704546455966316099e-02
5.660046511199702479e+00 9.404959154784817144e-02
5.692761640370078702e+00 9.328701237870618002e-02
5.725665863335805739e+00 9.252921542336005334e-02
5.758760273061025892e+00 9.405290231124532885e-02
5.792045968827241431e+00 9.343378955597952951e-02
5.825524056269808071e+00 8.727061956089750272e-02
5.859195647414667363e+00 8.346802386797862183e-02
5.893061860715279821e+00 8.282941439492964852e-02
5.927123821089786304e+00 8.393925585817200996e-02
5.961382659958350594e+00 8.260097172052675851e-02
5.995839515280771082e+00 8.134361735481168698e-02
6.030495531594262104e+00 8.142381140154247854e-02
6.065351860051475086e+00 8.330800363711668433e-02
6.100409658458743500e+00 8.490820594573593449e-02
6.135670091314512575e+00 8.571603221463888755e-02
6.171134329848062094e+00 8.666033550802410002e-02
6.206803552058381079e+00 8.740415368458226419e-02
6.242678942753306259e+00 8.946933431920030266e-02
6.278761693588877257e+00 8.873434484503450737e-02
6.315053003108923591e+00 8.579622626136969299e-02
6.351554076784851510e+00 8.607028389813321800e-02
6.388266127055725718e+00 8.799310170667409836e-02
6.425190373368511843e+00 8.862803255372622702e-02
6.462328042218596025e+00 9.091540219855255567e-02
6.499680367190518560e+00 9.041216616218678004e-02
6.537248588998957999e+00 8.862950400412497598e-02
6.575033955529916874e+00 8.937332218068316791e-02
6.613037721882214726e+00 8.829842766441065027e-02
6.651261150409145451e+00 8.755534521305181894e-02
6.689705510760421525e+00 9.027605700030422176e-02
6.728372079924347382e+00 8.875420942541736857e-02
6.767262142270216607e+00 8.585986649111479463e-02
6.806376989591010229e+00 8.597059313361923860e-02
6.845717921146279750e+00 8.919785172063456058e-02
6.885286243705309062e+00 9.169196014648249571e-02
6.925083271590525058e+00 9.207049076155586487e-02
6.965110326721157818e+00 8.990525149982417363e-02
7.005368738657123728e+00 8.836501079495319433e-02
7.045859844643230119e+00 8.925450256098567403e-02
7.086584989653569089e+00 9.066415204296934816e-02
7.127545526436194656e+00 9.237103450549653816e-02
7.168742815558059256e+00 9.190090610310219787e-02
7.210178225450215805e+00 9.474154109785112854e-02
7.251853132453240036e+00 9.356474864146653581e-02
7.293768920862992111e+00 9.574139164378839273e-02
7.335926982976571864e+00 8.961464004607493095e-02
7.378328719138569802e+00 8.401282837810851445e-02
7.420975537787583676e+00 8.143815804293011440e-02
7.463868855503007715e+00 7.924128259762570903e-02
7.507010097052058128e+00 8.071420444675478367e-02
7.550400695437144982e+00 8.234677866414608083e-02
7.594042091943437711e+00 8.338194401965288993e-02
7.637935736186750368e+00 8.552952587659981565e-02
7.682083086161699548e+00 8.636862046647580948e-02
7.726485608290103890e+00 8.544491747867283271e-02
7.771144777469737974e+00 8.441343074916286826e-02
7.816062077123293150e+00 8.676076199773742614e-02
7.861238999247660786e+00 8.690054978561681520e-02
7.906677044463489068e+00 8.635758458848531716e-02
7.952377722065040011e+00 1.270777671977494083e-01
7.998342550070284496e+00 1.285172135503073743e-01
