2.511886431509579437e-02 6.298849833514891250e-01
2.526405161860213050e-02 6.338843652465105949e-01
2.541007810627042562e-02 6.358769901482702602e-01
2.555694862859406516e-02 6.396679236936394508e-01
2.570466806410236227e-02 6.433034042324884405e-01
2.585324131952258450e-02 6.472321256700006575e-01
2.600267332994290678e-02 6.506626908820727362e-01
2.615296905897638788e-02 6.537010905549689443e-01
2.630413349892583852e-02 6.565451739697146794e-01
2.645617167094958117e-02 6.593256629727021201e-01
2.660908862522835469e-02 6.621450152273196110e-01
2.676288944113292337e-02 6.647841833152886570e-01
2.691757922739292791e-02 6.667061477595392915e-01
2.707316312226650673e-02 6.679497718117013427e-01
2.722964629371095457e-02 6.688542256678192688e-01
2.738703393955444973e-02 6.693559149161346644e-01
2.754533128766867636e-02 6.693735800305120609e-01
2.770454359614242176e-02 6.691086033148524459e-01
2.786467615345633933e-02 6.688082963704382600e-01
2.802573427865854422e-02 6.682854089848702106e-01
2.818772332154127064e-02 6.674339504718842520e-01
2.835064866281864979e-02 6.665188975471398880e-01
2.851451571430539678e-02 6.657239674001612650e-01
2.867932991909653145e-02 6.651586837400874641e-01
2.884509675174826843e-02 6.649325702760580104e-01
2.901182171845980567e-02 6.654731227760034562e-01
2.917951035725619563e-02 6.669817235438251224e-01
2.934816823817239240e-02 6.693700470076365816e-01
2.951780096343814899e-02 6.726769564190676620e-01
2.968841416766421215e-02 6.768459234121111390e-01
2.986001351802944001e-02 6.819334763527743482e-01
3.003260471446899879e-02 6.880067426756911741e-01
3.020619348986378766e-02 6.951611139984988919e-01
3.038078561023081769e-02 7.029372973473875241e-01
3.055638687491469066e-02 7.081979684089483307e-01
3.073300311678033025e-02 7.093991961866049634e-01
3.091064020240668481e-02 7.083993507128495404e-01
3.108930403228154019e-02 7.064491220855952935e-01
3.126900054099761295e-02 7.047073418079933260e-01
3.144973569744963920e-02 7.037286944714907788e-01
3.163151550503255638e-02 7.038523502721317771e-01
3.181434600184106232e-02 7.053114887196970662e-01
3.199823326087009728e-02 7.084311479187287430e-01
3.218318339021652985e-02 7.131088702058385742e-01
3.236920253328214730e-02 7.190938109568687508e-01
3.255629686897762443e-02 7.262976445999328456e-01
3.274447261192782455e-02 7.347486353180345819e-01
3.293373601267822470e-02 7.421856484708790891e-01
3.312409335790250653e-02 7.465630638135747343e-01
3.331555097061136145e-02 7.490715100551518235e-01
3.350811521036261426e-02 7.506543043033581109e-01
3.370179247347232510e-02 7.522088343685607859e-01
3.389658919322740410e-02 7.541873271788187560e-01
3.409251184009919750e-02 7.558301828159078584e-01
3.428956692195841288e-02 7.558443149074096645e-01
3.448776098429136294e-02 7.546289550382512257e-01
3.468710061041735404e-02 7.530178966070412150e-01
3.488759242170727526e-02 7.514633665418385400e-01
3.508924307780367929e-02 7.500713555289070245e-01
3.529205927684192501e-02 7.489902505290161328e-01
3.549604775567258980e-02 7.484744291891988199e-01
3.570121529008542238e-02 7.485592217382099900e-01
3.590756869503420462e-02 7.492905574734303187e-01
3.611511482486330638e-02 7.506896345321126818e-01
3.632386057353523962e-02 7.527705850057588854e-01
3.653381287485973905e-02 7.555369419172446310e-01
3.674497870272393912e-02 7.589180448090603326e-01
3.695736507132423021e-02 7.628891625210780791e-01
3.717097903539903075e-02 7.674714931905504134e-01
3.738582769046329413e-02 7.727215651834848931e-01
3.760191817304411876e-02 7.787029729116395904e-01
3.781925766091774610e-02 7.848151024861863556e-01
3.803785337334809891e-02 7.901852972568864653e-01
3.825771257132654091e-02 7.947640949034834312e-01
3.847884255781295476e-02 7.989259958507759496e-01
3.870125067797849233e-02 8.032468828274641481e-01
3.892494431944945599e-02 8.079740674348304674e-01
3.914993091255265789e-02 8.130863515356219207e-01
3.937621793056233360e-02 8.186261314043441484e-01
3.960381288994833243e-02 8.247629921390191576e-01
3.983272335062570252e-02 8.315852593115335978e-01
4.006295691620595512e-02 8.391317961735174080e-01
4.029452123424955012e-02 8.471729562380655443e-01
4.052742399651988042e-02 8.557122725280538189e-01
4.076167293923887297e-02 8.650500519878960848e-01
4.099727584334383890e-02 8.752498890293507472e-01
4.123424053474603751e-02 8.856051790773258325e-01
4.147257488459059338e-02 8.955259073116190738e-01
4.171228680951784978e-02 9.050156067551061723e-01
4.195338427192649156e-02 9.144876410842159853e-01
4.219587528023795858e-02 9.246521478969160768e-01
4.243976788916238585e-02 9.361521373565402371e-01
4.268507019996626434e-02 9.462848469633611259e-01
4.293179036074151744e-02 9.526831513908202709e-01
4.317993656667604152e-02 9.573220104263000518e-01
4.342951706032609216e-02 9.618160155238859588e-01
4.368054013188996804e-02 9.675324465363811521e-01
4.393301411948334623e-02 9.731923491828690098e-01
4.418694740941636612e-02 9.780255244764990419e-01
4.444234843647213579e-02 9.833250587896898987e-01
4.469922568418681352e-02 9.899212124981748850e-01
4.495758768513159753e-02 9.987290385266980319e-01
4.521744302119593689e-02 1.009752069898135041e+00
4.547880032387276866e-02 1.022661735485068002e+00
4.574166827454511502e-02 1.036461722836617083e+00
4.600605560477452616e-02 1.050395965057433489e+00
4.627197109659098723e-02 1.063425753422132081e+00
4.653942358278480296e-02 1.071922673437614826e+00
4.680842194719982141e-02 1.076459074809706040e+00
4.707897512502866311e-02 1.079670592603499957e+00
4.735109210310945588e-02 1.081468901247109260e+00
4.762478192022426976e-02 1.080437258567474856e+00
4.790005366739954334e-02 1.077600241198479969e+00
4.817691648820784933e-02 1.075346172603936168e+00
4.845537957907175564e-02 1.075024667522269217e+00
4.873545218956924774e-02 1.077317599368443179e+00
4.901714362274099679e-02 1.082076581181688590e+00
4.930046323539925834e-02 1.090001151491346576e+00
4.958542043843887359e-02 1.102260740869194677e+00
4.987202469714965836e-02 1.118456117730306065e+00
5.016028553153097091e-02 1.134538437859402560e+00
5.045021251660784106e-02 1.148483279148845515e+00
5.074181528274907677e-02 1.161611992154057083e+00
5.103510351598705003e-02 1.173005990927417308e+00
5.133008695833959217e-02 1.175118738606942825e+00
5.162677540813340182e-02 1.167702923591350972e+00
5.192517872032970105e-02 1.158488799932150037e+00
5.222530680685147364e-02 1.150769144949268741e+00
5.252716963691266006e-02 1.141982517057998026e+00
5.283077723734942721e-02 1.129030455196559535e+00
5.313613969295318679e-02 1.116240912387392203e+00
5.344326714680543849e-02 1.104815116408152775e+00
5.375216980061491706e-02 1.092113899170872093e+00
5.406285791505632127e-02 1.074766756852360672e+00
5.437534181011107609e-02 1.055773225873884558e+00
5.468963186541032917e-02 1.040369246136876313e+00
5.500573852057948770e-02 1.031430698261960988e+00
5.532367227558519784e-02 1.027569104259082877e+00
5.564344369108398941e-02 1.028120255827654539e+00
5.596506338877313413e-02 1.031405967101832966e+00
5.628854205174332881e-02 1.029582927298095196e+00
5.661389042483377931e-02 1.017560050452902987e+00
5.694111931498885282e-02 9.983227408960201332e-01
5.727023959161724881e-02 9.778736044928542093e-01
5.760126218695296035e-02 9.599894426972728212e-01
5.793419809641841417e-02 9.451295484830856131e-01
5.826905837898961604e-02 9.332303274385344016e-01
5.860585415756369709e-02 9.252174315569897667e-01
5.894459661932811845e-02 9.207658227339093893e-01
5.928529701613251268e-02 9.189851792046772605e-01
5.962796666486229469e-02 9.193349484693479345e-01
5.997261694781454155e-02 9.209389408548070977e-01
6.031925931307623168e-02 9.237688921780509155e-01
6.066790527490428103e-02 9.283052935501422409e-01
6.101856641410823012e-02 9.309550607067378358e-01
6.137125437843479747e-02 9.287433883866994533e-01
6.172598088295483398e-02 9.249842520472093543e-01
6.208275771045231733e-02 9.234756512793876881e-01
6.244159671181598315e-02 9.249842520472093543e-01
6.280250980643269088e-02 9.273407783051416109e-01
6.316550898258359303e-02 9.300506068506199098e-01
6.353060629784218483e-02 9.335553655430767206e-01
6.389781387947492119e-02 9.380140404119080566e-01
6.426714392484385308e-02 9.437128063100259645e-01
6.463860870181208085e-02 9.509237059988409069e-01
6.501222054915094251e-02 9.596008101809722080e-01
6.538799187695008841e-02 9.707262992157974502e-01
6.576593516702965159e-02 9.804491781690650720e-01
6.614606297335466623e-02 9.827739072211180149e-01
6.652838792245242827e-02 9.802124656364090693e-01
6.691292271383147972e-02 9.789476434469942534e-01
6.729968012040381253e-02 9.824418030708248484e-01
6.768867298890894613e-02 9.911895677104651803e-01
6.807991424034069705e-02 1.003929648199376023e+00
6.847341687037629410e-02 1.012779870502404700e+00
6.886919394980822728e-02 1.013380484391233072e+00
6.926725862497820629e-02 1.011147613933941924e+00
6.966762411821400547e-02 1.007982025437529350e+00
7.007030372826857090e-02 1.005070814588149730e+00
7.047531083076181979e-02 1.005470046173076781e+00
7.088265887862478520e-02 1.009137323917804752e+00
7.129236140254673060e-02 1.015676949260282402e+00
7.170443201142430445e-02 1.026583390876829149e+00
7.211888439281383123e-02 1.041775389241309746e+00
7.253573231338585059e-02 1.059595956625132729e+00
7.295498961938230720e-02 1.079539870757107778e+00
7.337667023707672431e-02 1.100469498271336333e+00
7.380078817323644513e-02 1.124349199886574446e+00
7.422735751558823258e-02 1.152906623788922280e+00
7.465639243328600627e-02 1.182283708998376870e+00
7.508790717738160481e-02 1.210448967361548611e+00
7.552191608129793510e-02 1.235791340447227160e+00
7.595843356130543844e-02 1.254170125445373207e+00
7.639747411700059665e-02 1.269627100525513308e+00
7.683905233178781047e-02 1.287122629804793972e+00
7.728318287336367887e-02 1.300728300898192691e+00
7.772988049420428980e-02 1.308751795848363653e+00
7.817916003205507836e-02 1.312602790782615658e+00
7.863103641042397396e-02 1.313274065128953172e+00
7.908552463907676799e-02 1.314874524491536967e+00
7.954263981453599253e-02 1.311804327612761778e+00
8.000239712058217212e-02 1.302166241208505104e+00
8.046481182875830918e-02 1.294266402058975363e+00
8.092989929887701994e-02 1.288299126422322471e+00
8.139767497953076525e-02 1.283140913024150009e+00
8.186815440860513438e-02 1.271308819414232572e+00
8.234135321379483508e-02 1.255300692765520809e+00
8.281728711312283386e-02 1.244577968338497653e+00
8.329597191546232737e-02 1.229944187588340121e+00
8.377742352106211376e-02 1.198874784421539719e+00
8.426165792207447602e-02 1.168391863052065771e+00
8.474869120308657633e-02 1.142607862106954641e+00
8.523853954165466762e-02 1.125094667713296470e+00
8.573121920884146929e-02 1.115643831521439422e+00
8.622674656975649887e-02 1.109980395852076196e+00
8.672513808409994251e-02 1.101508206996721695e+00
8.722641030670905127e-02 1.087178266213853606e+00
8.773057988810836760e-02 1.073526665823073989e+00
8.823766357506258873e-02 1.061535586183760760e+00
8.874767821113291322e-02 1.051844504436372230e+00
8.926064073723644077e-02 1.044577076381549841e+00
8.977656819220893036e-02 1.038429616578248504e+00
9.029547771337091688e-02 1.031381235941704722e+00
9.081738653709675591e-02 1.022396758769408498e+00
9.134231199938727674e-02 1.014535782871508696e+00
9.187027153644546085e-02 1.006876189277509992e+00
9.240128268525588107e-02 9.996970867945742523e-01
9.293536308416693037e-02 9.926063098835248288e-01
9.347253047347692245e-02 9.857027831848748090e-01
9.401280269602330097e-02 9.818199910447437118e-01
9.455619769777530437e-02 9.818093919761172739e-01
9.510273352842993355e-02 9.832791294923088898e-01
9.565242834201181932e-02 9.810109288062631716e-01
9.620530039747586526e-02 9.776934203262056533e-01
9.676136805931405405e-02 9.789087801953642032e-01
9.732064979816532069e-02 9.850597730215410186e-01
9.788316419142908953e-02 9.942526985434895215e-01
9.844892992388228070e-02 1.007317817136942795e+00
9.901796578830000806e-02 1.027017952690510771e+00
9.959029068607995472e-02 1.054787512491631052e+00
1.001659236278700377e-01 1.090050613811603064e+00
1.007448837341998471e-01 1.134029682565336206e+00
1.013271902361159299e-01 1.185088929161492555e+00
1.019128624758204177e-01 1.244542638109743082e+00
1.025019199073136378e-01 1.297590976584783728e+00
1.030943820970401520e-01 1.296382682761376248e+00
1.036902687245389171e-01 1.269991001881685788e+00
1.042895995830967204e-01 1.248354769792365149e+00
1.048923945804057928e-01 1.245213912456080596e+00
1.054986737392250712e-01 1.260162132242154565e+00
1.061084571980452224e-01 1.279710347812077931e+00
1.067217652117575799e-01 1.284031234788765907e+00
1.073386181523270227e-01 1.264539547584850210e+00
1.079590365094685589e-01 1.217931909811774016e+00
1.085830408913279893e-01 1.169568359669594271e+00
1.092106520251663743e-01 1.125592823938736498e+00
1.098418907580486492e-01 1.089393471556767246e+00
1.104767780575359459e-01 1.057677525203757796e+00
1.111153350123821049e-01 1.032271557706320841e+00
1.117575828332342536e-01 1.016316426400740713e+00
1.124035428533372433e-01 1.017941616923452752e+00
1.130532365292423180e-01 1.040976926071455644e+00
1.137066854415197809e-01 1.047562480711314192e+00
1.143639112954759340e-01 1.009826263378519773e+00
1.150249359218739331e-01 9.718109372385638212e-01
1.156897812776589568e-01 9.503548893158918487e-01
1.163584694466876512e-01 9.346647347259714467e-01
1.170310226404614878e-01 9.125904078000937059e-01
1.177074631988646730e-01 8.798887480648305282e-01
1.183878135909062629e-01 8.522817073159816292e-01
1.190720964154663303e-01 8.373016903240287911e-01
1.197603344020467531e-01 8.314510044422660506e-01
1.204525504115261381e-01 8.256427148350088396e-01
1.211487674369193246e-01 8.072285996081082216e-01
1.218490086041408849e-01 7.829461333850676885e-01
1.225532971727734816e-01 7.644790228150353251e-01
1.232616565368404721e-01 7.543710443683425693e-01
1.239741102255828148e-01 7.496615248753536465e-01
1.246906819042407494e-01 7.491704346956645777e-01
1.254113953748399735e-01 7.496615248753536465e-01
1.261362745769819826e-01 7.398361882586977911e-01
1.268653435886395453e-01 7.165182372806579991e-01
1.275986266269562852e-01 6.885225640155082649e-01
1.283361480490512463e-01 6.654236604557470791e-01
1.290779323528278288e-01 6.498288974834641740e-01
1.298240041777875831e-01 6.391379702623203318e-01
1.305743883058487209e-01 6.276273817340698447e-01
1.313291096621690413e-01 6.107889947096247774e-01
1.320881933159741561e-01 5.927458468846475981e-01
1.328516644813900749e-01 5.802248138140152500e-01
1.336195485182806453e-01 5.735156033735155923e-01
1.343918709330900185e-01 5.712509357103454644e-01
1.351686573796898327e-01 5.714593840599976327e-01
1.359499336602315311e-01 5.756142189615391924e-01
1.367357257260030934e-01 5.829134442222406731e-01
1.375260596782912625e-01 5.874851758230866805e-01
1.383209617692485738e-01 5.870753451695334135e-01
1.391204584027652402e-01 5.880045301857794726e-01
1.399245761353461737e-01 5.933217296133476149e-01
1.407333416769932510e-01 5.965085162470130653e-01
1.415467818920924381e-01 5.915022228324854359e-01
1.423649238003061035e-01 5.817828769020932933e-01
1.431877945774705507e-01 5.735156033735155923e-01
1.440154215564987683e-01 5.671031668545546411e-01
1.448478322282882313e-01 5.620156139138914320e-01
1.456850542426340045e-01 5.551686155812488588e-01
1.465271154091474515e-01 5.466081011540078194e-01
1.473740436981796631e-01 5.391498898639106585e-01
1.482258672417506584e-01 5.354296167760506098e-01
1.490826143344838317e-01 5.323841510574035540e-01
1.499443134345459228e-01 5.249930672019400557e-01
1.508109931645919832e-01 5.151394664022804770e-01
1.516826823127164214e-01 5.076600569749304404e-01
1.525594098334091819e-01 5.047983084458074199e-01
1.534412048485173929e-01 5.062115175959915891e-01
1.543280966482127869e-01 5.107585180367093525e-01
1.552201146919646169e-01 5.179800167941507327e-01
1.561172886095181789e-01 5.279466743258250938e-01
1.570196482018790252e-01 5.394784609913284568e-01
1.579272234423027277e-01 5.520030270848361731e-01
1.588400444772908315e-01 5.630543226392767941e-01
1.597581416275917487e-01 5.694596931124868977e-01
1.606815453892082024e-01 5.750489353014655025e-01
1.616102864344102497e-01 5.818676694511044634e-01
1.625443956127538836e-01 5.894954658392238533e-01
1.634839039521058524e-01 6.015960691876762745e-01
1.644288426596743347e-01 6.185369138755097973e-01
1.653792431230455828e-01 6.271292255086298173e-01
1.663351369112262834e-01 6.166785438430174571e-01
1.672965557756923849e-01 5.985152732402746478e-01
1.682635316514438095e-01 5.824011559052989506e-01
1.692360966580649384e-01 5.695868819360034863e-01
1.702142831007917856e-01 5.608037870676084724e-01
1.711981234715850009e-01 5.566630842575687188e-01
1.721876504502090899e-01 5.568185372640889197e-01
1.731828969053178791e-01 5.546704593558089424e-01
1.741838958955464201e-01 5.521832112514847291e-01
1.751906806706090836e-01 5.529110139638295784e-01
1.762032846724038426e-01 5.553805969537765064e-01
1.772217415361232173e-01 5.577406562345841312e-01
1.782460850913716033e-01 5.587758319370940141e-01
1.792763493632887617e-01 5.590231435383763436e-01
1.803125685736800821e-01 5.586698412508301903e-01
1.813547771421535060e-01 5.576099343881920634e-01
1.824030096872625850e-01 5.566878154176968518e-01
1.834573010276564775e-01 5.549848983917249345e-01
1.845176861832364401e-01 5.519641638332061229e-01
1.855842003763193415e-01 5.503001100588641448e-01
1.866568790328071992e-01 5.527025656141774101e-01
1.877357577833641822e-01 5.591008700416364441e-01
1.888208724646001924e-01 5.674882663479798861e-01
1.899122591202609955e-01 5.782251228665045151e-01
1.910099540024255971e-01 5.868068354309983192e-01
1.921139935727104175e-01 5.867609061336173104e-01
1.932244145034804905e-01 5.802884082257735443e-01
1.943412536790674328e-01 5.711131478182024379e-01
1.954645481969946030e-01 5.644781308580874013e-01
1.965943353692096995e-01 5.635878090934713924e-01
1.977306527233236300e-01 5.670042422140417759e-01
1.988735380038573475e-01 5.726500127690278275e-01
2.000230291734956534e-01 5.751690580792312435e-01
2.011791644143479663e-01 5.732188294519768856e-01
2.023419821292166965e-01 5.725616871971412891e-01
2.035115209428728922e-01 5.763137574908804295e-01
2.046878197033392410e-01 5.842241957090367199e-01
2.058709174831803157e-01 5.902762638947005591e-01
2.070608535808005912e-01 5.898982304470262727e-01
2.082576675217497619e-01 5.862556838624264355e-01
2.094613990600355524e-01 5.836200487973327578e-01
2.106720881794442723e-01 5.823658256765443797e-01
2.118897750948690872e-01 5.788999302357175081e-01
2.131145002536455058e-01 5.723391067559872036e-01
2.143463043368951104e-01 5.669477138480344403e-01
2.155852282608767823e-01 5.669088505964042790e-01
2.168313131783459469e-01 5.696787405307655039e-01
2.180846004799212312e-01 5.684916448446106774e-01
2.193451317954595303e-01 5.653295893710734710e-01
2.206129489954388734e-01 5.652235986848096472e-01
2.218880941923488948e-01 5.675447947139872218e-01
2.231706097420899648e-01 5.649656880149009908e-01
2.244605382453801201e-01 5.559282154994729108e-01
2.257579225491697927e-01 5.418031900433815107e-01
2.270628057480653939e-01 5.244631137706209367e-01
2.283752311857605299e-01 5.075717314030439020e-01
2.296952424564759343e-01 4.945384100154698870e-01
2.310228834064072811e-01 4.863276648528994661e-01
2.323581981351817149e-01 4.818513248696909557e-01
2.337012309973229007e-01 4.782617736282229748e-01
2.350520266037238737e-01 4.752445720925796424e-01
2.364106298231291869e-01 4.755872753114993023e-01
2.377770857836252472e-01 4.788129251967948585e-01
2.391514398741393099e-01 4.797703743960446410e-01
2.405337377459470793e-01 4.744461089227255957e-01
2.419240253141889951e-01 4.661293730738913510e-01
2.433223487593957901e-01 4.565407489898913318e-01
2.447287545290218747e-01 4.460688691870262068e-01
2.461432893389885190e-01 4.362859288448758810e-01
2.475660001752356676e-01 4.286086701365000584e-01
2.489969342952823017e-01 4.243584436173209462e-01
2.504361392297964617e-01 4.237154334539871003e-01
2.518836627841739007e-01 4.227862484377409857e-01
2.533395530401260642e-01 4.161265003174978161e-01
2.548038583572773130e-01 4.035348067893562707e-01
2.562766273747711931e-01 3.875302131635198766e-01
2.577579090128856998e-01 3.717799971847166041e-01
2.592477524746588102e-01 3.577044340488816365e-01
2.607462072475227322e-01 3.505200320316326223e-01
2.622533231049470337e-01 3.482486516249990172e-01
2.637691501080930423e-01 3.456780241808138920e-01
2.652937386074759596e-01 3.438525112610634205e-01
2.668271392446371348e-01 3.432395317921709821e-01
2.683694029538270520e-01 3.425693173526961344e-01
2.699205809636965880e-01 3.402615468104452923e-01
2.714807247989985406e-01 3.387614252975247320e-01
2.730498862822996475e-01 3.402728524836466928e-01
2.746281175357012105e-01 3.435430184571730550e-01
2.762154709825712651e-01 3.489047339729720032e-01
2.778119993492854656e-01 3.554821626602169826e-01
2.794177556669779627e-01 3.584605009442302648e-01
2.810327932733039380e-01 3.585947558134977564e-01
2.826571658142107979e-01 3.612374569243422817e-01
2.842909272457196934e-01 3.692644848973887228e-01
2.859341318357184192e-01 3.775494235403437093e-01
2.875868341657639160e-01 3.777366737527431129e-01
2.892490891328946545e-01 3.698439006489642189e-01
2.909209519514548425e-01 3.611773955354594112e-01
2.926024781549284581e-01 3.548038222681285658e-01
2.942937235977828858e-01 3.473555034420825471e-01
2.959947444573255426e-01 3.390808105654662952e-01
2.977055972355692748e-01 3.329499559696795785e-01
2.994263387611086902e-01 3.308237828032273842e-01
3.011570261910088142e-01 3.317027988946420480e-01
3.028977170127025720e-01 3.337378200709072984e-01
3.046484690459013711e-01 3.385331920197699462e-01
3.064093404445150659e-01 3.459239225729459077e-01
3.081803896985833569e-01 3.549168790001432927e-01
3.099616756362194026e-01 3.649329988520740309e-01
3.117532574255635347e-01 3.709002744887269776e-01
3.135551945767480198e-01 3.660070378062140195e-01
3.153675469438748658e-01 3.587431427742670542e-01
3.171903747270033436e-01 3.558460640163894073e-01
3.190237384741493876e-01 3.520784484219982580e-01
3.208676990832974307e-01 3.500759310561872284e-01
3.227223178044230090e-01 3.521409829268938863e-01
3.245876562415266342e-01 3.543197981341904557e-01
3.264637763546810456e-01 3.554715635915906002e-01
3.283507404620888970e-01 3.544575860263334266e-01
3.302486112421523790e-01 3.477646274910609070e-01
3.321574517355558864e-01 3.410335123087333553e-01
3.340773253473591775e-01 3.368634854088272679e-01
3.360082958491044103e-01 3.353121350642125353e-01
3.379504273809338932e-01 3.361929176670648278e-01
3.399037844537201591e-01 3.401032673856246302e-01
3.418684319512097503e-01 3.478162096250426161e-01
3.438444351321779946e-01 3.579093493756583810e-01
3.458318596325960503e-01 3.679219362047136954e-01
3.478307714678123830e-01 3.781677025435493111e-01
3.498412370347446232e-01 3.884664642255169498e-01
3.518633231140849693e-01 3.997368071982361215e-01
3.538970968725191901e-01 4.129079164779531630e-01
3.559426258649572294e-01 4.283366273750895403e-01
3.579999780367765227e-01 4.399638056582302892e-01
3.600692217260801353e-01 4.475845360005987761e-01
3.621504256659661136e-01 4.573498112283718164e-01
3.642436589868098817e-01 4.742941889390807630e-01
3.663489912185618480e-01 4.942098388880520332e-01
3.684664922930561692e-01 5.113944621542922953e-01
3.705962325463332818e-01 5.254170299469953509e-01
3.727382827209774208e-01 5.296813885576762138e-01
3.748927139684648524e-01 5.258480587378014937e-01
3.770595978515288715e-01 5.201457598168081065e-01
3.792390063465359562e-01 5.163724913858162013e-01
3.814310118458763554e-01 5.172804782648096067e-01
3.836356871603694985e-01 5.252792420548523245e-01
3.858531055216822825e-01 5.411778449944250058e-01
3.880833405847607942e-01 5.600088569206298494e-01
3.903264664302779630e-01 5.662623074101950094e-01
3.925825575670940371e-01 5.604010224598059420e-01
3.948516889347303827e-01 5.511515685718501034e-01
3.971339359058604912e-01 5.415594114649746604e-01
3.994293742888124776e-01 5.327197882305723109e-01
4.017380803300868997e-01 5.251414541627094090e-01
4.040601307168905088e-01 5.195168817449761223e-01
4.063956025796829352e-01 5.118325569908493966e-01
4.087445734947380283e-01 4.985271928418648635e-01
4.111071214867221824e-01 4.815792821082804931e-01
4.134833250312844322e-01 4.668925060149908268e-01
4.158732630576643108e-01 4.555621016533887291e-01
4.182770149513134750e-01 4.456378403962200085e-01
4.206946605565314856e-01 4.358266358710660149e-01
4.231262801791195738e-01 4.264994554798500204e-01
4.255719545890473410e-01 4.179036108238544656e-01
4.280317650231349469e-01 4.089756620175655777e-01
4.305057931877529498e-01 4.014255921327063437e-01
4.329941212615355806e-01 3.946563203033238709e-01
4.354968318981098929e-01 3.885371246830260916e-01
4.380140082288422887e-01 3.860852068074564492e-01
4.405457338655994204e-01 3.870638541439591074e-01
4.430920929035247480e-01 3.915083969212884707e-01
4.456531699238333033e-01 4.006447940772295269e-01
4.482290499966203323e-01 4.074387970667401881e-01
4.508198186836865351e-01 4.020156069529082221e-01
4.534255620413813470e-01 3.942005603523894841e-01
4.560463666234608748e-01 3.913741420520209791e-01
4.586823194839622087e-01 3.935752153034329237e-01
4.613335081800964965e-01 3.970481767900106984e-01
4.640000207751556194e-01 3.961684540940210164e-01
4.666819458414390720e-01 3.882438837843629198e-01
4.693793724631949438e-01 3.795703126251071535e-01
4.720923902395786631e-01 3.744297643413120880e-01
4.748210892876304490e-01 3.784397453049597737e-01
4.775655602452679171e-01 3.924057847316554382e-01
4.803258942742961168e-01 4.038739769854005068e-01
4.831021830634371073e-01 4.006624591916068678e-01
4.858945188313745223e-01 3.940945696661256603e-01
4.887029943298164536e-01 3.892649273953709965e-01
4.915277028465775411e-01 3.855870505820165883e-01
4.943687382086768833e-01 3.850358990134447046e-01
4.972261947854541564e-01 3.862830560884822906e-01
5.001001674917054940e-01 3.823119383764645995e-01
5.029907517908354109e-01 3.759101009261300863e-01
5.058980436980275996e-01 3.721615636552663142e-01
5.088221397834349347e-01 3.625058121366326325e-01
5.117631371753864622e-01 3.510704769956293769e-01
5.147211335636141527e-01 3.477642741887733147e-01
5.176962272024980827e-01 3.524419964758831458e-01
5.206885169143288250e-01 3.610184095060637310e-01
5.236981020925914887e-01 3.686674040314358858e-01
5.267250827052667450e-01 3.769417436057645454e-01
5.297695592981502832e-01 3.848945780984262544e-01
5.328316329981945820e-01 3.892366632123673287e-01
5.359114055168668900e-01 3.951368114143865018e-01
5.390089791535270791e-01 3.991927216754152519e-01
5.421244567988269258e-01 3.945008672968036145e-01
5.452579419381275994e-01 3.889222241764513366e-01
5.484095386549359130e-01 3.814569468406031616e-01
5.515793516343632241e-01 3.697025797339457687e-01
5.547674861666017643e-01 3.583686423494682471e-01
5.579740481504216199e-01 3.495346719516665979e-01
5.611991440966896949e-01 3.436362902610851644e-01
5.644428811319066597e-01 3.407957398692149087e-01
5.677053670017649933e-01 3.401516697990183968e-01
5.709867100747291202e-01 3.416754625652045352e-01
5.742870193456336425e-01 3.478893431985646822e-01
5.776064044393048880e-01 3.566197960261152655e-01
5.809449756142023302e-01 3.640709412704616343e-01
5.843028437660793273e-01 3.674025818420209588e-01
5.876801204316687288e-01 3.669786190969657191e-01
5.910769177923870243e-01 3.649895272180813666e-01
5.944933486780595855e-01 3.607887630191587425e-01
5.979295265706701112e-01 3.466874088163329759e-01
6.013855656081297241e-01 3.317137512655559117e-01
6.048615805880666052e-01 3.251105315113201333e-01
6.083576869716416091e-01 3.230751570327672351e-01
6.118740008873820857e-01 3.226095046177815395e-01
6.154106391350390171e-01 3.259750622089453431e-01
6.189677191894675801e-01 3.323309703618989031e-01
6.225453592045292472e-01 3.390793973563160923e-01
6.261436780170150929e-01 3.425933419082492493e-01
6.297627951505950783e-01 3.404286587924545415e-01
6.334028308197864332e-01 3.357399841344307911e-01
6.370639059339481269e-01 3.306428920320038101e-01
6.407461421012968783e-01 3.247685348969755470e-01
6.444496616329448146e-01 3.205087692160327184e-01
6.481745875469649976e-01 3.166443487948539248e-01
6.519210435724759334e-01 3.151664853260487953e-01
6.556891541537508417e-01 3.159402173357745980e-01
6.594790444543533470e-01 3.123460731645685828e-01
6.632908403612935988e-01 3.029231478534276656e-01
6.671246684892090384e-01 2.941008364311150647e-01
6.709806561845721440e-01 2.909454937010412245e-01
6.748589315299192704e-01 2.963577314439593269e-01
6.787596233481042463e-01 3.069878906716450584e-01
6.826828612065795054e-01 3.117903286662586648e-01
6.866287754216984229e-01 3.086696095603643220e-01
6.905974970630435195e-01 3.072242499020134132e-01
6.945891579577818664e-01 3.118828938655957006e-01
6.986038906950429173e-01 3.122460886171930516e-01
7.026418286303216520e-01 3.089808688756923716e-01
7.067031058899108098e-01 3.063759711096152860e-01
7.107878573753529938e-01 3.033142534857411476e-01
7.148962187679240854e-01 3.070585511291543113e-01
7.190283265331394169e-01 3.191439624792423158e-01
7.231843179252852583e-01 3.337646710447607634e-01
7.273643309919801681e-01 3.472943821463370662e-01
7.315685045787596597e-01 3.532892153614186070e-01
7.357969783336865133e-01 3.480847193635776549e-01
7.400498927119919523e-01 3.471876848554982242e-01
7.443273889807401344e-01 3.574571224475994180e-01
7.486296092235191768e-01 3.787895145696303922e-01
7.529566963451627126e-01 4.088696713313018094e-01
7.573087940764960946e-01 4.379464495963423243e-01
7.616860469791092436e-01 4.561132532219606128e-01
7.660886004501606950e-01 4.602044937117439893e-01
7.705166007272060691e-01 4.487469005266253030e-01
7.749701948930545203e-01 4.335160389105147671e-01
7.794495308806568268e-01 4.241853254964233488e-01
7.839547574780165728e-01 4.204756514771897935e-01
7.884860243331343055e-01 4.206982319183437680e-01
7.930434819589780027e-01 4.279585939274152540e-01
7.976272817384808533e-01 4.463585770628139548e-01
8.022375759295721220e-01 4.671115534332693775e-01
8.068745176702336597e-01 4.800388841345796243e-01
8.115382609835852801e-01 4.830631517159739152e-01
8.162289607830032212e-01 4.765058612591190346e-01
8.209467728772645856e-01 4.718528701321374474e-01
8.256918539757219788e-01 4.757038650663895085e-01
8.304643616935105666e-01 4.929626818130143917e-01
8.352644545567829981e-01 5.130973791802643236e-01
8.400922920079733069e-01 5.217992145225236467e-01
8.449480344110958940e-01 5.246644960745222575e-01
8.498318430570707127e-01 5.297697141295627521e-01
8.547438801690798726e-01 5.316528153221832254e-01
8.596843089079587719e-01 5.302360731491234658e-01
8.646532933776126528e-01 5.289571188682068437e-01
8.696509986304700179e-01 5.290772416459724736e-01
8.746775906729644667e-01 5.317199427568169989e-01
8.797332364710471753e-01 5.324018161717808395e-01
8.848181039557355687e-01 5.194780184933460720e-01
8.899323620286901937e-01 5.000428596554373772e-01
8.950761805678236760e-01 4.852854231046385691e-01
9.002497304329459826e-01 4.746686893638795701e-01
9.054531834714387717e-01 4.555974318821433555e-01
9.106867125239620497e-01 4.282518348260784813e-01
9.159504914301977996e-01 4.043827322794668611e-01
9.212446950346235841e-01 3.891306725261035049e-01
9.265694991923183466e-01 3.734263858446812412e-01
9.319250807748065135e-01 3.568565085587711572e-01
9.373116176759319629e-01 3.421941103233221981e-01
9.427292888177655206e-01 3.342758994548399309e-01
9.481782741565508710e-01 3.295215105713326653e-01
9.536587546886805544e-01 3.174664832179736051e-01
9.591709124567069367e-01 3.030563428158324912e-01
9.647149305553922582e-01 2.930352767318761820e-01
9.702909931377862174e-01 2.905293036063119616e-01
9.758992854213467405e-01 2.928741708887551143e-01
9.815399936940907288e-01 2.926922202106689852e-01
9.872133053207802211e-01 2.865677250560580425e-01
9.929194087491489684e-01 2.811247500141234590e-01
9.986584935161608723e-01 2.777609589343974505e-01
1.004430750254303728e+00 2.758336949558337081e-01
1.010236370697924935e+00 2.751504083317196092e-01
1.016075547689597958e+00 2.737619303416636285e-01
1.021948475186527761e+00 2.757241712466944050e-01
1.027855348266994762e+00 2.848983717474029009e-01
1.033796363136834096e+00 2.960263338982411230e-01
1.039771717135951290e+00 2.961083000289517764e-01
1.045781608744880131e+00 2.840907227180726191e-01
1.051826237591374280e+00 2.693004290545319979e-01
1.057905804457035748e+00 2.635310026989048926e-01
1.064020511283988890e+00 2.672834262949315698e-01
1.070170561181583713e+00 2.790307273558379486e-01
1.076356158433145582e+00 2.935037555651622276e-01
1.082577508502760022e+00 3.033146067880286845e-01
1.088834818042095476e+00 3.093804537629069595e-01
1.095128294897270704e+00 3.097429419099292369e-01
1.101458148115757263e+00 3.051005498515740877e-01
1.107824587953321727e+00 2.987488813260710252e-01
1.114227825881013212e+00 2.973635830566028759e-01
1.120668074592185315e+00 3.019656986541778831e-01
1.127145548009560017e+00 3.064473381716996125e-01
1.133660461292336441e+00 3.152495113636221147e-01
1.140213030843336250e+00 3.296472861856990511e-01
1.146803474316190341e+00 3.285983316939747878e-01
1.153432010622570836e+00 3.097217437726764722e-01
1.160098859939462601e+00 2.919103622483295024e-01
1.166804243716473621e+00 2.780001445830661000e-01
1.173548384683194445e+00 2.770398689655159674e-01
1.180331506856595603e+00 2.874089378027052111e-01
1.187153835548465874e+00 3.057598119201349607e-01
1.194015597372901416e+00 3.245830511960138276e-01
1.200917020253827294e+00 3.251225437890966630e-01
1.207858333432573428e+00 3.190556369073557774e-01
1.214839767475487387e+00 3.158723832965657508e-01
1.221861554281590267e+00 3.098750769654715076e-01
1.228923927090283863e+00 2.993516150286246180e-01
1.236027120489096909e+00 2.944474259751977407e-01
1.243171370421473965e+00 2.935892547187484158e-01
1.250356914194617142e+00 2.995024751054067846e-01
1.257583990487367132e+00 3.110208362839833596e-01
1.264852839358128644e+00 3.178095397391808574e-01
1.272163702252848472e+00 3.192849300919731736e-01
1.279516822013033517e+00 3.167510460856928223e-01
1.286912442883815677e+00 3.050751120868707145e-01
1.294350810522067352e+00 2.848644547277984773e-01
1.301832172004561583e+00 2.717198431196474195e-01
1.309356775836174380e+00 2.729185977812911834e-01
1.316924871958146337e+00 2.748091183219501521e-01
1.324536711756377994e+00 2.710291371474948807e-01
1.332192548069784932e+00 2.737142345328448800e-01
1.339892635198694837e+00 2.754895785277638454e-01
1.347637228913291185e+00 2.668976201969312512e-01
1.355426586462114891e+00 2.614196682285296336e-01
1.363260966580605249e+00 2.581933117386590038e-01
1.371140629499693731e+00 2.586158612745640961e-01
1.379065836954451285e+00 2.615715882121744662e-01
1.387036852192779834e+00 2.688255907800700673e-01
1.395053939984155722e+00 2.849337019761575274e-01
1.403117366628427343e+00 3.087434497384614063e-01
1.411227399964658957e+00 3.296391602330854820e-01
1.419384309380025577e+00 3.374672790182434712e-01
1.427588365818764915e+00 3.422993944050109483e-01
1.435839841791175742e+00 3.402845114591357412e-01
1.444139011382666204e+00 3.390172161537080564e-01
1.452486150262864761e+00 3.608028951106606041e-01
1.460881535694769973e+00 3.931406534897512461e-01
1.469325446543965796e+00 3.926919595845678179e-01
1.477818163287882181e+00 3.795349823963525826e-01
1.486359968025109168e+00 3.862123956309730932e-01
1.494951144484772509e+00 4.128761192720740159e-01
1.503591978035954568e+00 4.423627281906680198e-01
1.512282755697172298e+00 4.652178531720225219e-01
1.521023766145914724e+00 4.575900567839031319e-01
1.529815299728230382e+00 4.541736236633327484e-01
1.538657648468367833e+00 4.664579442013092048e-01
1.547551106078482119e+00 4.649034141361065298e-01
1.556495967968387184e+00 4.409283209032310302e-01
1.565492531255366693e+00 4.341943793026031839e-01
1.574541094774047689e+00 4.590209310484646976e-01
1.583641959086324214e+00 5.005339498351264460e-01
1.592795426491339539e+00 5.038196611093048727e-01
1.602001801035530804e+00 4.892106115192753069e-01
1.611261388522727822e+00 4.651047964400077950e-01
1.620574496524306296e+00 4.272625884209495517e-01
1.629941434389411858e+00 3.969315870351204367e-01
1.639362513255227638e+00 3.883251433104985550e-01
1.648838046057315765e+00 3.851136255167048050e-01
1.658368347540009280e+00 3.822730751248345493e-01
1.667953734266863997e+00 3.960624634077571926e-01
1.677594524631179640e+00 4.187974656113459537e-01
1.687291038866571835e+00 4.503826901179635578e-01
1.697043599057607821e+00 5.044096759295066956e-01
1.706852529150509445e+00 5.446190092751235223e-01
1.716718154963911225e+00 6.048817804618545901e-01
1.726640804199680579e+00 6.716382476936822998e-01
1.736620806453807120e+00 6.086550488928464953e-01
1.746658493227349673e+00 5.556208425093077663e-01
1.756754197937443251e+00 5.826943968039621780e-01
1.766908255928380411e+00 6.367567128442599422e-01
1.777121004482747679e+00 5.857575276369865191e-01
1.787392782832625482e+00 5.424567992753416279e-01
1.797723932170862682e+00 5.613832028191839685e-01
1.808114795662403074e+00 6.523938720910483768e-01
1.818565718455690483e+00 7.225809045349483872e-01
1.829077047694130043e+00 6.790328645720212775e-01
1.839649132527616748e+00 6.524786646400595469e-01
1.850282324124138622e+00 7.201501847966315095e-01
1.860976975681438272e+00 7.707784026019816048e-01
1.871733442438742401e+00 6.714580635270337439e-01
1.882552081688566581e+00 6.370252225827949255e-01
1.893433252788581767e+00 6.012251017857528357e-01
1.904377317173546302e+00 5.728867253016836081e-01
1.915384638367318981e+00 6.474158428595244708e-01
1.926455581994929611e+00 6.577675998846239658e-01
1.937590515794722412e+00 5.635736770019694752e-01
1.948789809630575354e+00 5.578961092411044431e-01
1.960053835504184105e+00 6.283445853777883672e-01
1.971382967567415045e+00 6.604279661098458876e-01
1.982777582134739092e+00 5.696010140275052924e-01
1.994238057695728816e+00 5.262967526429850329e-01
2.005764774927627947e+00 5.471133234251986943e-01
2.017358116708002580e+00 4.909064624994963766e-01
2.029018468127450348e+00 4.402499805111426134e-01
2.040746216502401289e+00 4.493192502324499515e-01
2.052541751387976898e+00 4.753470297559679869e-01
2.064405464590929995e+00 4.849992482517263004e-01
2.076337750182662312e+00 5.314373009267800985e-01
2.088339004512313135e+00 5.565288293883011717e-01
2.100409626219920778e+00 4.939872584468980032e-01
2.112550016249669760e+00 4.842007850818721981e-01
2.124760577863207711e+00 4.820491741507166861e-01
2.137041716653034662e+00 4.576536511956614262e-01
2.149393840555982482e+00 4.738808252626518502e-01
2.161817359866763155e+00 5.034557597531323925e-01
2.174312687251592546e+00 5.251979825287167447e-01
2.186880237761905654e+00 5.551721486041243381e-01
2.199520428848138476e+00 5.894530695647183238e-01
2.212233680373592026e+00 6.103297017358148002e-01
2.225020414628386511e+00 5.740950191250911994e-01
2.237881056343477670e+00 5.850049937645134257e-01
2.250816032704775704e+00 6.957263976585724707e-01
2.263825773367328598e+00 8.594396116616647152e-01
2.276910710469592924e+00 7.895175559334245419e-01
2.290071278647793029e+00 6.163393736469733319e-01
2.303307915050354371e+00 5.797937850232089962e-01
2.316621059352423018e+00 4.790743688895789387e-01
2.330011153770474852e+00 4.314492205283703141e-01
2.343478643077001600e+00 4.239309478493902272e-01
2.357023974615280792e+00 4.051387991748153783e-01
2.370647598314243876e+00 3.977265171820991152e-01
2.384349966703414481e+00 3.710415954037453723e-01
2.398131534927939956e+00 3.755850628215876563e-01
2.411992760763713051e+00 4.018142246490070124e-01
2.425934104632577970e+00 3.698615657633415044e-01
2.439956029617617261e+00 3.614388392282434914e-01
2.454059001478542612e+00 3.314491278521839446e-01
2.468243488667162033e+00 2.974572081628026332e-01
2.482509962342935861e+00 3.156321377410344908e-01
2.496858896388636673e+00 3.577220991632589775e-01
2.511290767426078485e+00 3.571038201600533757e-01
2.525806054831960523e+00 4.110778106284646571e-01
2.540405240753779381e+00 4.371091231748581718e-01
2.555088810125852206e+00 3.991291272636569576e-01
2.569857250685421590e+00 3.531348222617609611e-01
2.584711052988855506e+00 3.318342273456091340e-01
2.599650710427946265e+00 3.377647595443572515e-01
2.614676719246288084e+00 3.513262678518127013e-01
2.629789578555775442e+00 3.788849061872678337e-01
2.644989790353173831e+00 3.510669439727538976e-01
2.660277859536794409e+00 3.375185078499376434e-01
2.675654293923265481e+00 3.255740641125805523e-01
2.691119604264405218e+00 3.214450202780297916e-01
2.706674304264172548e+00 3.203282317470966811e-01
2.722318910595750374e+00 3.094458146861029935e-01
2.738053942918694972e+00 3.005217522049771772e-01
2.753879923896200843e+00 2.972621853000771974e-01
2.769797379212459720e+00 3.033753747814866286e-01
2.785806837590128815e+00 2.918972900636903067e-01
2.801908830807877226e+00 3.010577117751844778e-01
2.818103893718070019e+00 2.946205440960953381e-01
2.834392564264522019e+00 2.941831558641133104e-01
2.850775383500368410e+00 3.342267904368710352e-01
2.867252895606037466e+00 3.082191491437430986e-01
2.883825647907329426e+00 2.747366913530032151e-01
2.900494190893583735e+00 2.772168734115765254e-01
2.917259078235983960e+00 2.747010078219610518e-01
2.934120866805935979e+00 2.652339197248768654e-01
2.951080116693567401e+00 2.704426553501683705e-01
2.968137391226336685e+00 2.729302567567802318e-01
2.985293256987731514e+00 2.803750425599507157e-01
3.002548283836107057e+00 2.703366646639045467e-01
3.019903044923603730e+00 2.531220107032229327e-01
3.037358116715186629e+00 2.323856395402821573e-01
3.054914079007794214e+00 2.334254081725301855e-01
3.072571514949601568e+00 2.840430269092538706e-01
3.090331011059376021e+00 3.132045977233055001e-01
3.108193157245980220e+00 3.504843485005904036e-01
3.126158546827951579e+00 3.913423448461418874e-01
3.144227776553216724e+00 4.064212864786075907e-01
3.162401446618910317e+00 4.426347709520784823e-01
3.180680160691316427e+00 4.625292227637969877e-01
3.199064525925907621e+00 4.297392374566474382e-01
3.217555152987530587e+00 3.868872030001860307e-01
3.236152656070678812e+00 3.278737087022178254e-01
3.254857652919894928e+00 3.243526981045338209e-01
3.273670764850296955e+00 3.618062736072913954e-01
3.292592616768199143e+00 3.877386615131720449e-01
3.311623837191892683e+00 4.220195824737660306e-01
3.330765058272506351e+00 3.584675669899811679e-01
3.350016915815009710e+00 2.933101459115869947e-01
3.369380049299332214e+00 2.749514991438312128e-01
3.388855101901607103e+00 2.463004501352836217e-01
3.408442720515521884e+00 2.375876624221103239e-01
3.428143555773827789e+00 2.630964408852232150e-01
3.447958262069935831e+00 3.141775922232073470e-01
3.467887497579658529e+00 3.635657189992707594e-01
3.487931924283071528e+00 4.112049994519811902e-01
3.508092207986506228e+00 4.170910155624985571e-01
3.528369018344649444e+00 4.021710599594285340e-01
3.548763028882812254e+00 4.391158801681198098e-01
3.569274917019284565e+00 3.920630815127357782e-01
3.589905364087840223e+00 3.213439758237915944e-01
3.610655055360374899e+00 3.305669320401814493e-01
3.631524680069651456e+00 3.475844433244124065e-01
3.652514931432215839e+00 3.206370179464119730e-01
3.673626506671410219e+00 2.766109599884350456e-01
3.694860107040534913e+00 2.855329026558356409e-01
3.716216437846141751e+00 2.880954041474071969e-01
3.737696208471465109e+00 2.792773323525451490e-01
3.759300132399972405e+00 2.463658110584796557e-01
3.781028927239082016e+00 1.918767058548262738e-01
3.802883314743989107e+00 1.799368550472072448e-01
3.824864020841640233e+00 1.693565114420654272e-01
3.846971775654848713e+00 1.755470741244474775e-01
3.869207313526548564e+00 1.990883121482163731e-01
3.891571373044171445e+00 2.017931944616690176e-01
3.914064697064205678e+00 1.938110358791409193e-01
3.936688032736852527e+00 1.969861635373173492e-01
3.959442131530850340e+00 1.956259497302650086e-01
3.982327749258438132e+00 2.015034865858812418e-01
4.005345646100446189e+00 2.313066543541164866e-01
4.028496586631570509e+00 2.649798953801312806e-01
4.051781339845751617e+00 2.685436555546083515e-01
4.075200679181723906e+00 3.000515068602533364e-01
4.098755382548707082e+00 3.381643444315718394e-01
4.122446232352245943e+00 3.094242632465626919e-01
4.146274015520188705e+00 3.027069268534495206e-01
4.170239523528843861e+00 3.086840949541536649e-01
4.194343552429258715e+00 3.434515131646986297e-01
4.218586902873665778e+00 3.751716991451587435e-01
4.242970380142073950e+00 3.123446599554183800e-01
4.267494794169023997e+00 2.459853044947925560e-01
4.292160959570472833e+00 2.467219397643261036e-01
4.316969695670882068e+00 3.282895454946595515e-01
4.341921826530410478e+00 4.314916168028758436e-01
4.367018180972294772e+00 4.179954694186164277e-01
4.392259592610382235e+00 4.094596861515036323e-01
4.417646899876805477e+00 3.812449654680755140e-01
4.443180946049855251e+00 3.649683290808286018e-01
4.468862579281975833e+00 3.752635577399207611e-01
4.494692652627942486e+00 3.793971945042096117e-01
4.520672024073195239e+00 3.603965974799825944e-01
4.546801556562344082e+00 3.055503036636201819e-01
4.573082118027814502e+00 2.763205455080721684e-01
4.599514581418703507e+00 3.002115527965116826e-01
4.626099824729760002e+00 4.282765659862067253e-01
4.652838731030551678e+00 5.288051988845620111e-01
4.679732188494796219e+00 4.915777368458338903e-01
4.706781090429870140e+00 5.281551226754772621e-01
4.733986335306464177e+00 5.014136725311161280e-01
4.761348826788450062e+00 4.376532086976790414e-01
4.788869473762884077e+00 3.909183821010865922e-01
4.816549190370198019e+00 3.340610916640119332e-01
4.844388896034566017e+00 3.216721936489218558e-01
4.872389515494448098e+00 3.249020831616679095e-01
4.900551978833287414e+00 3.012484950104593606e-01
4.928877221510434836e+00 2.736315617975591530e-01
4.957366184392200559e+00 2.794317254522027394e-01
4.986019813783113541e+00 2.637217859341797754e-01
5.014839061457356806e+00 2.321598793785402126e-01
5.043824884690362609e+00 2.213311642652535383e-01
5.072978246290641202e+00 2.212085683714750672e-01
5.102300114631742822e+00 2.107780249362528058e-01
5.131791463684423960e+00 2.056936517161774836e-01
5.161453273049005475e+00 2.090295319151873610e-01
5.191286527987911903e+00 2.011939937819909041e-01
5.221292219458380401e+00 1.962018324589651086e-01
5.251471344145405951e+00 1.782332314166601428e-01
5.281824904494829553e+00 1.769857210393350200e-01
5.312353908746639597e+00 1.917106537796796073e-01
5.343059370968462396e+00 2.148685588214610531e-01
5.373942311089249912e+00 2.109525562663005505e-01
5.405003754933139781e+00 1.823340110682072357e-01
5.436244734253559585e+00 1.669731342102797333e-01
5.467666286767478567e+00 1.715395662768125218e-01
5.499269456189878724e+00 1.892431906034579558e-01
5.531055292268432844e+00 2.118160270570631498e-01
5.563024850818350409e+00 2.431376880571713139e-01
5.595179193757479297e+00 2.552089673157574845e-01
5.627519389141558470e+00 2.575771525491787339e-01
5.660046511199702479e+00 2.436241853071222374e-01
5.692761640370078702e+00 1.975892505421584788e-01
5.725665863335805739e+00 2.052958333404006075e-01
5.758760273061025892e+00 2.416944482125456817e-01
5.792045968827241431e+00 2.181094007051210537e-01
5.825524056269808071e+00 2.006184643555783687e-01
5.859195647414667363e+00 2.211640522832442612e-01
5.893061860715279821e+00 1.990321370844965465e-01
5.927123821089786304e+00 1.870739145579251583e-01
5.961382659958350594e+00 2.281771026910335010e-01
5.995839515280771082e+00 2.892870927633000577e-01
6.030495531594262104e+00 2.498204008261050157e-01
6.065351860051475086e+00 2.128579155030364545e-01
6.100409658458743500e+00 2.132143975111704393e-01
6.135670091314512575e+00 2.045040829140098992e-01
6.171134329848062094e+00 1.875536990644126878e-01
6.206803552058381079e+00 1.906797177046202219e-01
6.242678942753306259e+00 1.890485210430200846e-01
6.278761693588877257e+00 1.623727851241425213e-01
6.315053003108923591e+00 1.382274001886698300e-01
6.351554076784851510e+00 1.337733182495766671e-01
6.388266127055725718e+00 1.351844075860356431e-01
6.425190373368511843e+00 1.205746513914310591e-01
6.462328042218596025e+00 1.116905120687978897e-01
6.499680367190518560e+00 1.181361590027881769e-01
6.537248588998957999e+00 1.218617316249613475e-01
6.575033955529916874e+00 1.274403747453136115e-01
6.613037721882214726e+00 1.467833216861727241e-01
6.651261150409145451e+00 1.420250464775023869e-01
6.689705510760421525e+00 1.441158894151999825e-01
6.728372079924347382e+00 1.583719900199709596e-01
6.767262142270216607e+00 1.843043779258515813e-01
6.806376989591010229e+00 1.672193859046993414e-01
6.845717921146279750e+00 1.413756768729927671e-01
6.885286243705309062e+00 1.231007627473853783e-01
6.925083271590525058e+00 1.104931706163043009e-01
6.965110326721157818e+00 1.112661960214550716e-01
7.005368738657123728e+00 1.062874601853560225e-01
7.045859844643230119e+00 1.038768786774292852e-01
7.086584989653569089e+00 9.864694491488497363e-02
7.127545526436194656e+00 8.955188412658682262e-02
7.168742815558059256e+00 8.569912268089706353e-02
7.210178225450215805e+00 8.690635659744194719e-02
7.251853132453240036e+00 8.785461993721556395e-02
7.293768920862992111e+00 9.266765700045549725e-02
7.335926982976571864e+00 9.280756470632374466e-02
7.378328719138569802e+00 9.173069933388335040e-02
7.420975537787583676e+00 9.675324465363810411e-02
7.463868855503007715e+00 9.631903614224400501e-02
7.507010097052058128e+00 9.133606067869440293e-02
7.550400695437144982e+00 9.890662209623132806e-02
7.594042091943437711e+00 1.168148084473659004e-01
7.637935736186750368e+00 1.062026676363449634e-01
7.682083086161699548e+00 9.690410473042027073e-02
7.726485608290103890e+00 9.824736002767038567e-02
7.771144777469737974e+00 9.866602323841246192e-02
7.816062077123293150e+00 9.739201518952138314e-02
7.861238999247660786e+00 9.154132930775865651e-02
7.906677044463489068e+00 8.630114977887552719e-02
7.952377722065040011e+00 1.089414669694020177e-01
7.998342550070284496e+00 1.019043920060596353e-01
