2.511886431509579437e-02 1.128179726246421932e+00
2.526405161860213050e-02 1.126893480821130389e+00
2.541007810627042562e-02 1.126092465705978540e+00
2.555694862859406516e-02 1.126281166382144150e+00
2.570466806410236227e-02 1.126435207750442480e+00
2.585324131952258450e-02 1.126854970479055584e+00
2.600267332994290678e-02 1.127062926326258596e+00
2.615296905897638788e-02 1.127471135952249126e+00
2.630413349892583852e-02 1.128591786906619987e+00
2.645617167094958117e-02 1.130809982610117004e+00
2.660908862522835469e-02 1.134422252696714484e+00
2.676288944113292337e-02 1.139324619242810810e+00
2.691757922739292791e-02 1.144176922344210423e+00
2.707316312226650673e-02 1.148074168962159858e+00
2.722964629371095457e-02 1.151671034911927238e+00
2.738703393955444973e-02 1.155183178109130848e+00
2.754533128766867636e-02 1.158391089603944879e+00
2.770454359614242176e-02 1.162003359690542359e+00
2.786467615345633933e-02 1.166878768997186677e+00
2.802573427865854422e-02 1.173429378184075889e+00
2.818772332154127064e-02 1.181728356901152077e+00
2.835064866281864979e-02 1.191972107892995680e+00
2.851451571430539678e-02 1.204468713896202914e+00
2.867932991909653145e-02 1.219580172126275786e+00
2.884509675174826843e-02 1.237495183259379239e+00
2.901182171845980567e-02 1.256823523946620558e+00
2.917951035725619563e-02 1.273409928278150582e+00
2.934816823817239240e-02 1.276421437028384176e+00
2.951780096343814899e-02 1.263971043435666353e+00
2.968841416766421215e-02 1.244134366233040190e+00
2.986001351802944001e-02 1.221324690622255016e+00
3.003260471446899879e-02 1.199381497708148503e+00
3.020619348986378766e-02 1.180303474244392081e+00
3.038078561023081769e-02 1.165003315338153822e+00
3.055638687491469066e-02 1.150977848754584532e+00
3.073300311678033025e-02 1.134252807191586276e+00
3.091064020240668481e-02 1.115070805804228238e+00
3.108930403228154019e-02 1.095738614082779394e+00
3.126900054099761295e-02 1.078601511859582640e+00
3.144973569744963920e-02 1.064437408044545119e+00
3.163151550503255638e-02 1.053203941261384502e+00
3.181434600184106232e-02 1.044604581876126703e+00
3.199823326087009728e-02 1.038943561591160636e+00
3.218318339021652985e-02 1.036082243175017847e+00
3.236920253328214730e-02 1.035731799062139080e+00
3.255629686897762443e-02 1.037865272013071660e+00
3.274447261192782455e-02 1.042551980643550369e+00
3.293373601267822470e-02 1.047750876823621446e+00
3.312409335790250653e-02 1.051490231039065026e+00
3.331555097061136145e-02 1.054663483226011778e+00
3.350811521036261426e-02 1.058202583662667617e+00
3.370179247347232510e-02 1.063212779166573085e+00
3.389658919322740410e-02 1.070029109713777071e+00
3.409251184009919750e-02 1.077916027770654983e+00
3.428956692195841288e-02 1.086030156845773087e+00
3.448776098429136294e-02 1.095538360303991654e+00
3.468710061041735404e-02 1.107954094588842420e+00
3.488759242170727526e-02 1.124313287902132030e+00
3.508924307780367929e-02 1.144188475446832776e+00
3.529205927684192501e-02 1.165238228424808842e+00
3.549604775567258980e-02 1.184266188443868328e+00
3.570121529008542238e-02 1.200945017596377173e+00
3.590756869503420462e-02 1.217831802596088808e+00
3.611511482486330638e-02 1.237102377770218364e+00
3.632386057353523962e-02 1.260951832617017709e+00
3.653381287485973905e-02 1.280927147051112325e+00
3.674497870272393912e-02 1.281077337385203130e+00
3.695736507132423021e-02 1.261775953937414041e+00
3.717097903539903075e-02 1.232712198773713963e+00
3.738582769046329413e-02 1.203209425710363600e+00
3.760191817304411876e-02 1.179417736376676240e+00
3.781925766091774610e-02 1.162130443819388681e+00
3.803785337334809891e-02 1.148594058580166832e+00
3.825771257132654091e-02 1.138404222067228133e+00
3.847884255781295476e-02 1.131645657033135910e+00
3.870125067797849233e-02 1.129797160613555063e+00
3.892494431944945599e-02 1.133648194821015087e+00
3.914993091255265789e-02 1.140915096370491710e+00
3.937621793056233360e-02 1.150196088810470307e+00
3.960381288994833243e-02 1.158964893700856535e+00
3.983272335062570252e-02 1.163351221663153412e+00
4.006295691620595512e-02 1.165061080851265585e+00
4.029452123424955012e-02 1.162908352729295380e+00
4.052742399651988042e-02 1.155760833240249807e+00
4.076167293923887297e-02 1.146795625605283142e+00
4.099727584334383890e-02 1.137399102139081020e+00
4.123424053474603751e-02 1.124347947209999310e+00
4.147257488459059338e-02 1.105878387151021602e+00
4.171228680951784978e-02 1.083838918381728300e+00
4.195338427192649156e-02 1.061033093805150651e+00
4.219587528023795858e-02 1.039652151885332998e+00
4.243976788916238585e-02 1.021305824920994088e+00
4.268507019996626434e-02 1.005601307422972601e+00
4.293179036074151744e-02 9.912022905212798385e-01
4.317993656667604152e-02 9.789906610494244488e-01
4.342951706032609216e-02 9.698983692856114613e-01
4.368054013188996804e-02 9.646301544898063796e-01
4.393301411948334623e-02 9.602399754933019782e-01
4.418694740941636612e-02 9.535892394170187858e-01
4.444234843647213579e-02 9.461837006360733771e-01
4.469922568418681352e-02 9.393519659520395138e-01
4.495758768513159753e-02 9.340953042588566735e-01
4.521744302119593689e-02 9.286075805132262273e-01
4.547880032387276866e-02 9.221070347710338400e-01
4.574166827454511502e-02 9.150480890687598956e-01
4.600605560477452616e-02 9.078505061350171657e-01
4.627197109659098723e-02 9.022934637736526042e-01
4.653942358278480296e-02 8.985310033529642082e-01
4.680842194719982141e-02 8.967518255491176982e-01
4.707897512502866311e-02 8.971946944829757298e-01
4.735109210310945588e-02 8.993628267417754785e-01
4.762478192022426976e-02 9.022742086026153130e-01
4.790005366739954334e-02 9.065141972650287983e-01
4.817691648820784933e-02 9.136463126172443827e-01
4.845537957907175564e-02 9.250184166318736745e-01
4.873545218956924774e-02 9.362480323808268778e-01
4.901714362274099679e-02 9.381928046555939593e-01
4.930046323539925834e-02 9.317461733923061429e-01
4.958542043843887359e-02 9.233932801963254944e-01
4.987202469714965836e-02 9.185833384712080996e-01
5.016028553153097091e-02 9.172470296012193991e-01
5.045021251660784106e-02 9.150943014792494168e-01
5.074181528274907677e-02 9.105077197381646892e-01
5.103510351598705003e-02 9.053434828659607803e-01
5.133008695833959217e-02 8.992280405445145508e-01
5.162677540813340182e-02 8.919803941660748858e-01
5.192517872032970105e-02 8.849021932927635392e-01
5.222530680685147364e-02 8.784016475505711519e-01
5.252716963691266006e-02 8.730294548311645642e-01
5.283077723734942721e-02 8.679152814036578123e-01
5.313613969295318679e-02 8.637600154938085417e-01
5.344326714680543849e-02 8.610373343091345388e-01
5.375216980061491706e-02 8.580450807299380145e-01
5.406285791505632127e-02 8.544905761564525193e-01
5.437534181011107609e-02 8.525419528474778019e-01
5.468963186541032917e-02 8.528153762762076262e-01
5.500573852057948770e-02 8.530695445338999372e-01
5.532367227558519784e-02 8.517101294586665317e-01
5.564344369108398941e-02 8.506164357437479007e-01
5.596506338877313413e-02 8.503584164518481758e-01
5.628854205174332881e-02 8.484637076217778073e-01
5.661389042483377931e-02 8.431685355865203846e-01
5.694111931498885282e-02 8.362828864235820614e-01
5.727023959161724881e-02 8.283497559562146284e-01
5.760126218695296035e-02 8.196541207157701514e-01
5.793419809641841417e-02 8.120175198823770257e-01
5.826905837898961604e-02 8.063719037342409468e-01
5.860585415756369709e-02 8.019124061220022082e-01
5.894459661932811845e-02 7.977917995200201062e-01
5.928529701613251268e-02 7.952616700457189047e-01
5.962796666486229469e-02 7.947879928382013404e-01
5.997261694781454155e-02 7.957314962190290553e-01
6.031925931307623168e-02 7.977070767674561136e-01
6.066790527490428103e-02 8.014348778802772300e-01
6.101856641410823012e-02 8.059945023819097276e-01
6.137125437843479747e-02 8.101921296680409945e-01
6.172598088295483398e-02 8.156798534136714407e-01
6.208275771045231733e-02 8.252073120429272990e-01
6.244159671181598315e-02 8.410504667724174599e-01
6.280250980643269088e-02 8.637754196306385301e-01
6.316550898258359303e-02 8.937095085252244608e-01
6.353060629784218483e-02 9.234086843331552608e-01
6.389781387947492119e-02 9.440078663088584676e-01
6.426714392484385308e-02 9.596007038148637314e-01
6.463860870181208085e-02 9.694285431123014218e-01
6.501222054915094251e-02 9.738572324508804057e-01
6.538799187695008841e-02 9.767493591406827269e-01
6.576593516702965159e-02 9.708649788716838813e-01
6.614606297335466623e-02 9.525764174204568446e-01
6.652838792245242827e-02 9.308989458666648842e-01
6.691292271383147972e-02 9.165846517175364472e-01
6.729968012040381253e-02 9.138196091565802259e-01
6.768867298890894613e-02 9.201276031883994788e-01
6.807991424034069705e-02 9.327089319441710380e-01
6.847341687037629410e-02 9.394020293967364488e-01
6.886919394980822728e-02 9.314149844504645559e-01
6.926725862497820629e-02 9.189453356867092193e-01
6.966762411821400547e-02 9.117593058555891750e-01
7.007030372826857090e-02 9.067260041464388909e-01
7.047531083076181979e-02 8.988621922948059062e-01
7.088265887862478520e-02 8.883642730452701031e-01
7.129236140254673060e-02 8.772193800488811144e-01
7.170443201142430445e-02 8.680539186351264869e-01
7.211888439281383123e-02 8.587421179214884681e-01
7.253573231338585059e-02 8.498308247654260406e-01
7.295498961938230720e-02 8.443508030882106441e-01
7.337667023707672431e-02 8.427757300973595100e-01
7.380078817323644513e-02 8.437230845123946388e-01
7.422735751558823258e-02 8.463725960471270016e-01
7.465639243328600627e-02 8.494110620368129361e-01
7.508790717738160481e-02 8.542672161724199631e-01
7.552191608129793510e-02 8.646187961220721530e-01
7.595843356130543844e-02 8.816865797295346807e-01
7.639747411700059665e-02 9.057632455945739958e-01
7.683905233178781047e-02 9.327127829783785629e-01
7.728318287336367887e-02 9.539704918035574188e-01
7.772988049420428980e-02 9.690241845205181948e-01
7.817916003205507836e-02 9.827184621622455651e-01
7.863103641042397396e-02 9.974448169715723900e-01
7.908552463907676799e-02 1.017558768637135680e+00
7.954263981453599253e-02 1.045471064572805142e+00
8.000239712058217212e-02 1.081335746146879329e+00
8.046481182875830918e-02 1.119414772390243007e+00
8.092989929887701994e-02 1.150018941236927050e+00
8.139767497953076525e-02 1.176879904833960211e+00
8.186815440860513438e-02 1.199747345957857148e+00
8.234135321379483508e-02 1.214292702159433190e+00
8.281728711312283386e-02 1.219695703152499533e+00
8.329597191546232737e-02 1.209548228015842497e+00
8.377742352106211376e-02 1.189226320503076639e+00
8.426165792207447602e-02 1.167240766212687797e+00
8.474869120308657633e-02 1.143533799631564651e+00
8.523853954165466762e-02 1.122106645301257588e+00
8.573121920884146929e-02 1.103128748726895036e+00
8.622674656975649887e-02 1.085833754101192428e+00
8.672513808409994251e-02 1.069412944240583307e+00
8.722641030670905127e-02 1.054031913615988580e+00
8.773057988810836760e-02 1.042852361311732423e+00
8.823766357506258873e-02 1.034745934305029147e+00
8.874767821113291322e-02 1.028557322333641055e+00
8.926064073723644077e-02 1.023955336455726561e+00
8.977656819220893036e-02 1.022210817959747331e+00
9.029547771337091688e-02 1.023373830290400077e+00
9.081738653709675591e-02 1.027251821737312110e+00
9.134231199938727674e-02 1.032762651688187372e+00
9.187027153644546085e-02 1.033459688879737604e+00
9.240128268525588107e-02 1.028830745762370880e+00
9.293536308416693037e-02 1.016468925956424574e+00
9.347253047347692245e-02 9.958042763991944435e-01
9.401280269602330097e-02 9.752282006287360527e-01
9.455619769777530437e-02 9.588805604180687947e-01
9.510273352842993355e-02 9.473274577956889431e-01
9.565242834201181932e-02 9.387858639235427960e-01
9.620530039747586526e-02 9.311685182611870726e-01
9.676136805931405405e-02 9.218490154791341151e-01
9.732064979816532069e-02 9.116014134530833202e-01
9.788316419142908953e-02 9.013307052217875981e-01
9.844892992388228070e-02 8.907557652881026300e-01
9.901796578830000806e-02 8.815055811217840098e-01
9.959029068607995472e-02 8.731334327547660701e-01
1.001659236278700377e-01 8.660590829156621373e-01
1.007448837341998471e-01 8.607331026067450708e-01
1.013271902361159299e-01 8.580219745246933094e-01
1.019128624758204177e-01 8.603788074596587787e-01
1.025019199073136378e-01 8.653350884846596758e-01
1.030943820970401520e-01 8.640372899567457798e-01
1.036902687245389171e-01 8.609141012144956306e-01
1.042895995830967204e-01 8.598165564653695858e-01
1.048923945804057928e-01 8.611952267116403936e-01
1.054986737392250712e-01 8.612606942931670950e-01
1.061084571980452224e-01 8.614763522087849346e-01
1.067217652117575799e-01 8.578525290195652131e-01
1.073386181523270227e-01 8.452904554348308341e-01
1.079590365094685589e-01 8.227811604922276034e-01
1.085830408913279893e-01 7.986813884219433612e-01
1.092106520251663743e-01 7.751400163117408981e-01
1.098418907580486492e-01 7.557308039061428895e-01
1.104767780575359459e-01 7.431456241161638054e-01
1.111153350123821049e-01 7.369185018027011314e-01
1.117575828332342536e-01 7.334564220501946785e-01
1.124035428533372433e-01 7.287157989408115100e-01
1.130532365292423180e-01 7.212563456809615303e-01
1.137066854415197809e-01 7.188956617117886472e-01
1.143639112954759340e-01 7.224193580116144986e-01
1.150249359218739331e-01 7.231086931347497915e-01
1.156897812776589568e-01 7.139393806867877501e-01
1.163584694466876512e-01 6.951848440964579767e-01
1.170310226404614878e-01 6.752133806965707752e-01
1.177074631988646730e-01 6.603830479636425554e-01
1.183878135909062629e-01 6.528157657459838781e-01
1.190720964154663303e-01 6.520031975282097880e-01
1.197603344020467531e-01 6.583073405258217381e-01
1.204525504115261381e-01 6.741273890500670829e-01
1.211487674369193246e-01 7.030833152559582411e-01
1.218490086041408849e-01 7.424139276167464052e-01
1.225532971727734816e-01 7.779204630095269968e-01
1.232616565368404721e-01 7.876404733491557675e-01
1.239741102255828148e-01 7.673801823837091973e-01
1.246906819042407494e-01 7.475049948390084520e-01
1.254113953748399735e-01 7.382201513648225522e-01
1.261362745769819826e-01 7.377118148494379302e-01
1.268653435886395453e-01 7.378851113887735513e-01
1.275986266269562852e-01 7.335950592816632421e-01
1.283361480490512463e-01 7.294628995770587876e-01
1.290779323528278288e-01 7.274988721312541928e-01
1.298240041777875831e-01 7.302177022817208929e-01
1.305743883058487209e-01 7.373729238391814045e-01
1.313291096621690413e-01 7.478361837808500390e-01
1.320881933159741561e-01 7.619579262196055636e-01
1.328516644813900749e-01 7.836276957049825853e-01
1.336195485182806453e-01 8.199313951787071675e-01
1.343918709330900185e-01 8.428026873368117400e-01
1.351686573796898327e-01 8.159956382186831503e-01
1.359499336602315311e-01 7.689128939982781130e-01
1.367357257260030934e-01 7.323935366089356913e-01
1.375260596782912625e-01 7.099034968373697518e-01
1.383209617692485738e-01 6.965558122743137348e-01
1.391204584027652402e-01 6.856496833987871797e-01
1.399245761353461737e-01 6.739463904423164120e-01
1.407333416769932510e-01 6.637565539293774908e-01
1.415467818920924381e-01 6.533780167402730710e-01
1.423649238003061035e-01 6.421291458202824654e-01
1.431877945774705507e-01 6.327018140804206991e-01
1.440154215564987683e-01 6.262166724750581892e-01
1.448478322282882313e-01 6.221730865572252522e-01
1.456850542426340045e-01 6.208598838924813679e-01
1.465271154091474515e-01 6.234939912903839643e-01
1.473740436981796631e-01 6.309534445502339439e-01
1.482258672417506584e-01 6.426913968145716582e-01
1.490826143344838317e-01 6.570056909637003173e-01
1.499443134345459228e-01 6.749052979599738933e-01
1.508109931645919832e-01 6.972836577395236102e-01
1.516826823127164214e-01 7.183911762306114390e-01
1.525594098334091819e-01 7.328518096796234893e-01
1.534412048485173929e-01 7.401957319132494995e-01
1.543280966482127869e-01 7.443509978230987700e-01
1.552201146919646169e-01 7.456372432483903134e-01
1.561172886095181789e-01 7.443471467888912452e-01
1.570196482018790252e-01 7.427451165585879922e-01
1.579272234423027277e-01 7.401918808790420856e-01
1.588400444772908315e-01 7.385166809987969705e-01
1.597581416275917487e-01 7.429222641321311382e-01
1.606815453892082024e-01 7.563315652425065538e-01
1.616102864344102497e-01 7.775276575203661222e-01
1.625443956127538836e-01 8.021242130034125228e-01
1.634839039521058524e-01 8.277335904830209756e-01
1.644288426596743347e-01 8.542903223776646682e-01
1.653792431230455828e-01 8.837237768252809156e-01
1.663351369112262834e-01 9.154601497289580614e-01
1.672965557756923849e-01 9.413930140819931625e-01
1.682635316514438095e-01 9.495533555676007875e-01
1.692360966580649384e-01 9.458871710020988477e-01
1.702142831007917856e-01 9.426214939941728321e-01
1.711981234715850009e-01 9.468691847250012561e-01
1.721876504502090899e-01 9.572785301877654307e-01
1.731828969053178791e-01 9.722089898100875205e-01
1.741838958955464201e-01 9.912639070685992371e-01
1.751906806706090836e-01 1.012336766251819897e+00
1.762032846724038426e-01 1.036016775593491035e+00
1.772217415361232173e-01 1.068635035330676608e+00
1.782460850913716033e-01 1.116780664992340411e+00
1.792763493632887617e-01 1.186696191028775438e+00
1.803125685736800821e-01 1.290600944980251574e+00
1.813547771421535060e-01 1.414723628520892396e+00
1.824030096872625850e-01 1.408184572436625315e+00
1.834573010276564775e-01 1.328240953323964968e+00
1.845176861832364401e-01 1.270506248485725687e+00
1.855842003763193415e-01 1.238500303187526352e+00
1.866568790328071992e-01 1.228491465282337991e+00
1.877357577833641822e-01 1.224544155219691621e+00
1.888208724646001924e-01 1.218621264608618304e+00
1.899122591202609955e-01 1.209540525947427669e+00
1.910099540024255971e-01 1.194818022172308369e+00
1.921139935727104175e-01 1.180623110083611094e+00
1.932244145034804905e-01 1.174804197396139172e+00
1.943412536790674328e-01 1.179255992939962860e+00
1.954645481969946030e-01 1.194621619427727932e+00
1.965943353692096995e-01 1.214227234577906378e+00
1.977306527233236300e-01 1.227628833619867077e+00
1.988735380038573475e-01 1.239786548612817896e+00
2.000230291734956534e-01 1.257616836993357357e+00
2.011791644143479663e-01 1.280441916740972408e+00
2.023419821292166965e-01 1.305508298397328959e+00
2.035115209428728922e-01 1.324601725997915258e+00
2.046878197033392410e-01 1.328687673292030302e+00
2.058709174831803157e-01 1.328899480173440395e+00
2.070608535808005912e-01 1.333871165335271280e+00
2.082576675217497619e-01 1.347846568474143414e+00
2.094613990600355524e-01 1.346313856859574276e+00
2.106720881794442723e-01 1.326623518956831838e+00
2.118897750948690872e-01 1.310437622182877737e+00
2.131145002536455058e-01 1.304634113632235692e+00
2.143463043368951104e-01 1.303667504046163161e+00
2.155852282608767823e-01 1.287285204527628624e+00
2.168313131783459469e-01 1.253738845546445324e+00
2.180846004799212312e-01 1.223238654623362676e+00
2.193451317954595303e-01 1.202512388518813369e+00
2.206129489954388734e-01 1.187963181283029801e+00
2.218880941923488948e-01 1.179140461913739113e+00
2.231706097420899648e-01 1.178004406822538375e+00
2.244605382453801201e-01 1.184277741546490459e+00
2.257579225491697927e-01 1.187393228220325669e+00
2.270628057480653939e-01 1.173194465097420869e+00
2.283752311857605299e-01 1.159673483995029120e+00
2.296952424564759343e-01 1.157875051020145429e+00
2.310228834064072811e-01 1.159099679898117685e+00
2.323581981351817149e-01 1.156973909015599711e+00
2.337012309973229007e-01 1.157975177909539299e+00
2.350520266037238737e-01 1.151644077672475008e+00
2.364106298231291869e-01 1.137067913197239433e+00
2.377770857836252472e-01 1.126246507074276870e+00
2.391514398741393099e-01 1.122580322508775152e+00
2.405337377459470793e-01 1.124875538896421334e+00
2.419240253141889951e-01 1.129315781337622671e+00
2.433223487593957901e-01 1.133120603134593063e+00
2.447287545290218747e-01 1.140884288096832178e+00
2.461432893389885190e-01 1.149768624013442153e+00
2.475660001752356676e-01 1.162272932085064436e+00
2.489969342952823017e-01 1.181712952764322422e+00
2.504361392297964617e-01 1.202108029927029920e+00
2.518836627841739007e-01 1.217011532309899779e+00
2.533395530401260642e-01 1.216934511625750615e+00
2.548038583572773130e-01 1.191583153438042109e+00
2.562766273747711931e-01 1.158548982006450956e+00
2.577579090128856998e-01 1.126689376008134902e+00
2.592477524746588102e-01 1.096647458155739940e+00
2.607462072475227322e-01 1.075120176936039007e+00
2.622533231049470337e-01 1.058633899493903074e+00
2.637691501080930423e-01 1.043895991581954119e+00
2.652937386074759596e-01 1.033436582674492898e+00
2.668271392446371348e-01 1.026312169390691809e+00
2.683694029538270520e-01 1.016264821143429087e+00
2.699205809636965880e-01 9.993202706306053562e-01
2.714807247989985406e-01 9.783898997130606734e-01
2.730498862822996475e-01 9.548793358765178541e-01
2.746281175357012105e-01 9.332557788016303535e-01
2.762154709825712651e-01 9.245254842533188189e-01
2.778119993492854656e-01 9.349232766134605299e-01
2.794177556669779627e-01 9.399103659121210708e-01
2.810327932733039380e-01 9.216333575635162756e-01
2.826571658142107979e-01 9.047042111875225334e-01
2.842909272457196934e-01 8.988082778159014463e-01
2.859341318357184192e-01 8.914489514454455588e-01
2.875868341657639160e-01 8.776314407090792802e-01
2.892490891328946545e-01 8.663787187548813717e-01
2.909209519514548425e-01 8.573634476752176603e-01
2.926024781549284581e-01 8.524456769922914567e-01
2.942937235977828858e-01 8.547794037220119989e-01
2.959947444573255426e-01 8.623697921449156034e-01
2.977055972355692748e-01 8.676611131459655013e-01
2.994263387611086902e-01 8.647227740456735479e-01
3.011570261910088142e-01 8.542903223776646682e-01
3.028977170127025720e-01 8.475741187198545523e-01
3.046484690459013711e-01 8.422712446161821909e-01
3.064093404445150659e-01 8.291623241739887185e-01
3.081803896985833569e-01 8.193806972870404381e-01
3.099616756362194026e-01 8.079392746566771422e-01
3.117532574255635347e-01 7.891423766900651504e-01
3.135551945767480198e-01 7.641876750257248219e-01
3.153675469438748658e-01 7.416937842199513575e-01
3.171903747270033436e-01 7.290662430536903882e-01
3.190237384741493876e-01 7.241446213365565487e-01
3.208676990832974307e-01 7.212447925783391778e-01
3.227223178044230090e-01 7.221151263092251416e-01
3.245876562415266342e-01 7.287312030776413874e-01
3.264637763546810456e-01 7.377618782941348652e-01
3.283507404620888970e-01 7.407887911811983361e-01
3.302486112421523790e-01 7.397259057399393489e-01
3.321574517355558864e-01 7.451058005277608753e-01
3.340773253473591775e-01 7.593854353690222547e-01
3.360082958491044103e-01 7.779243140437342996e-01
3.379504273809338932e-01 7.962398327344137883e-01
3.399037844537201591e-01 8.037108390968861205e-01
3.418684319512097503e-01 7.954888810639592078e-01
3.438444351321779946e-01 7.770539803128484468e-01
3.458318596325960503e-01 7.625663896243841666e-01
3.478307714678123830e-01 7.553765087590564864e-01
3.498412370347446232e-01 7.490146002483327736e-01
3.518633231140849693e-01 7.423754172746718227e-01
3.538970968725191901e-01 7.352433019224561273e-01
3.559426258649572294e-01 7.267825797686665590e-01
3.579999780367765227e-01 7.171549942500167196e-01
3.600692217260801353e-01 7.099150499399921044e-01
3.621504256659661136e-01 7.123951159695962598e-01
3.642436589868098817e-01 7.208596891575932419e-01
3.663489912185618480e-01 7.303678926158118090e-01
3.684664922930561692e-01 7.376116879600438381e-01
3.705962325463332818e-01 7.357554894720481631e-01
3.727382827209774208e-01 7.267094101187248079e-01
3.748927139684648524e-01 7.136929144975103778e-01
3.770595978515288715e-01 7.008189071419718141e-01
3.792390063465359562e-01 6.920154429437184174e-01
3.814310118458763554e-01 6.900629686005361751e-01
3.836356871603694985e-01 6.972682536026937328e-01
3.858531055216822825e-01 7.111974443310763450e-01
3.880833405847607942e-01 7.210098794916841580e-01
3.903264664302779630e-01 7.267748777002516203e-01
3.925825575670940371e-01 7.348774536727473716e-01
3.948516889347303827e-01 7.466577673133671933e-01
3.971339359058604912e-01 7.584765912960618195e-01
3.994293742888124776e-01 7.591505222823672350e-01
4.017380803300868997e-01 7.572288562128447476e-01
4.040601307168905088e-01 7.534817999289862289e-01
4.063956025796829352e-01 7.423253538299748877e-01
4.087445734947380283e-01 7.323357710958238176e-01
4.111071214867221824e-01 7.283923120673848617e-01
4.134833250312844322e-01 7.284269713752520303e-01
4.158732630576643108e-01 7.294513464744363240e-01
4.182770149513134750e-01 7.386591692644729479e-01
4.206946605565314856e-01 7.542327515994409204e-01
4.231262801791195738e-01 7.644610984544544241e-01
4.255719545890473410e-01 7.604521718444886558e-01
4.280317650231349469e-01 7.485139658013629793e-01
4.305057931877529498e-01 7.400956050238555184e-01
4.329941212615355806e-01 7.357015749931438142e-01
4.354968318981098929e-01 7.316156276990288809e-01
4.380140082288422887e-01 7.276606155679674615e-01
4.405457338655994204e-01 7.255849081301466441e-01
4.430920929035247480e-01 7.259353522430254113e-01
4.456531699238333033e-01 7.357631915404631018e-01
4.482290499966203323e-01 7.559156535481009742e-01
4.508198186836865351e-01 7.729718840529409274e-01
4.534255620413813470e-01 7.881180015908808567e-01
4.560463666234608748e-01 8.154141320533566661e-01
4.586823194839622087e-01 8.291161117634990863e-01
4.613335081800964965e-01 8.111856964935656444e-01
4.640000207751556194e-01 7.836353977733975240e-01
4.666819458414390720e-01 7.541788371205364605e-01
4.693793724631949438e-01 7.247107233650531555e-01
4.720923902395786631e-01 7.005454837132421009e-01
4.748210892876304490e-01 6.888152335173192142e-01
4.775655602452679171e-01 6.825650049986118351e-01
4.803258942742961168e-01 6.801388534479119174e-01
4.831021830634371073e-01 6.905019865001865709e-01
4.858945188313745223e-01 7.150677337095734387e-01
4.887029943298164536e-01 7.443047854126092489e-01
4.915277028465775411e-01 7.691478070849332438e-01
4.943687382086768833e-01 7.662364252240935203e-01
4.972261947854541564e-01 7.387669982222818676e-01
5.001001674917054940e-01 7.057713371327652974e-01
5.029907517908354109e-01 6.810207402814203448e-01
5.058980436980275996e-01 6.699528679691805211e-01
5.088221397834349347e-01 6.745201945392279574e-01
5.117631371753864622e-01 6.839937386895793558e-01
5.147211335636141527e-01 6.842594600498941304e-01
5.176962272024980827e-01 6.732955656612557016e-01
5.206885169143288250e-01 6.624202450593889013e-01
5.236981020925914887e-01 6.633367912007643863e-01
5.267250827052667450e-01 6.711351354708706696e-01
5.297695592981502832e-01 6.709733920341574009e-01
5.328316329981945820e-01 6.643842725051933851e-01
5.359114055168668900e-01 6.594742038906821202e-01
5.390089791535270791e-01 6.612071692840389980e-01
5.421244567988269258e-01 6.668643385347976515e-01
5.452579419381275994e-01 6.678309481208700715e-01
5.484095386549359130e-01 6.653277758860211000e-01
5.515793516343632241e-01 6.647501207549021407e-01
5.547674861666017643e-01 6.611802120445867681e-01
5.579740481504216199e-01 6.572020937082807546e-01
5.611991440966896949e-01 6.552919807413806197e-01
5.644428811319066597e-01 6.596436493958103275e-01
5.677053670017649933e-01 6.654163496727927285e-01
5.709867100747291202e-01 6.739040290660344157e-01
5.742870193456336425e-01 6.861310626747195718e-01
5.776064044393048880e-01 6.935712607635321492e-01
5.809449756142023302e-01 6.923235256803151882e-01
5.843028437660793273e-01 6.898126513770512780e-01
5.876801204316687288e-01 6.851798572254770292e-01
5.910769177923870243e-01 6.751864234571185452e-01
5.944933486780595855e-01 6.644612931893426611e-01
5.979295265706701112e-01 6.563779723878843120e-01
6.013855656081297241e-01 6.472625744188266195e-01
6.048615805880666052e-01 6.450674849205744188e-01
6.083576869716416091e-01 6.507939727870674096e-01
6.118740008873820857e-01 6.566205875429542704e-01
6.154106391350390171e-01 6.485449688099107490e-01
6.189677191894675801e-01 6.319470113757585938e-01
6.225453592045292472e-01 6.084480006418381270e-01
6.261436780170150929e-01 5.877640959135708165e-01
6.297627951505950783e-01 5.758682512467271364e-01
6.334028308197864332e-01 5.778091724872869150e-01
6.370639059339481269e-01 5.869361235589669601e-01
6.407461421012968783e-01 5.938833892692246819e-01
6.444496616329448146e-01 6.063453359645649687e-01
6.481745875469649976e-01 6.280382116551866956e-01
6.519210435724759334e-01 6.430495429958654752e-01
6.556891541537508417e-01 6.479288033367172073e-01
6.594790444543533470e-01 6.455950766069964430e-01
6.632908403612935988e-01 6.405502217952239175e-01
6.671246684892090384e-01 6.447208918419030654e-01
6.709806561845721440e-01 6.607951086238407212e-01
6.748589315299192704e-01 6.725831243328755926e-01
6.787596233481042463e-01 6.721287022963953195e-01
6.826828612065795054e-01 6.702609507057772920e-01
6.866287754216984229e-01 6.708694141105560060e-01
6.905974970630435195e-01 6.617809733809505435e-01
6.945891579577818664e-01 6.459339676172529687e-01
6.986038906950429173e-01 6.282731247418417153e-01
7.026418286303216520e-01 6.180332247842058591e-01
7.067031058899108098e-01 6.202475694534952400e-01
7.107878573753529938e-01 6.180871392631102079e-01
7.148962187679240854e-01 6.209792659529126402e-01
7.190283265331394169e-01 6.368878882639296135e-01
7.231843179252852583e-01 6.606064079476753337e-01
7.273643309919801681e-01 6.850758793018756343e-01
7.315685045787596597e-01 7.005339306106197483e-01
7.357969783336865133e-01 7.090216100038614355e-01
7.400498927119919523e-01 7.164887653321262428e-01
7.443273889807401344e-01 7.021821732514126335e-01
7.486296092235191768e-01 6.710927740945885622e-01
7.529566963451627126e-01 6.419674023835693077e-01
7.573087940764960946e-01 6.215838783234838294e-01
7.616860469791092436e-01 6.144979753817575441e-01
7.660886004501606950e-01 6.124877355254635392e-01
7.705166007272060691e-01 6.038922271744129322e-01
7.749701948930545203e-01 5.935136899853085124e-01
7.794495308806568268e-01 5.931593948382221093e-01
7.839547574780165728e-01 6.014622245895057118e-01
7.884860243331343055e-01 6.110089383897989723e-01
7.930434819589780027e-01 6.210639887054767438e-01
7.976272817384808533e-01 6.274490034214452727e-01
8.022375759295721220e-01 6.265170531432400214e-01
8.068745176702336597e-01 6.251537870337992020e-01
8.115382609835852801e-01 6.297673260143362706e-01
8.162289607830032212e-01 6.370573337690578208e-01
8.209467728772645856e-01 6.408775597028580906e-01
8.256918539757219788e-01 6.488800087859597499e-01
8.304643616935105666e-01 6.617771223467431296e-01
8.352644545567829981e-01 6.745433007444727735e-01
8.400922920079733069e-01 6.771119405608484465e-01
8.449480344110958940e-01 6.637180435873027973e-01
8.498318430570707127e-01 6.472510213162042669e-01
8.547438801690798726e-01 6.398570356378812107e-01
8.596843089079587719e-01 6.415129803470890346e-01
8.646532933776126528e-01 6.451252504336864035e-01
8.696509986304700179e-01 6.458415427962739264e-01
8.746775906729644667e-01 6.445938077130569654e-01
8.797332364710471753e-01 6.395219956618322099e-01
8.848181039557355687e-01 6.351164125284980422e-01
8.899323620286901937e-01 6.330060457828099452e-01
8.950761805678236760e-01 6.394873363539650413e-01
9.002497304329459826e-01 6.458569469331038038e-01
9.054531834714387717e-01 6.396644839275081873e-01
9.106867125239620497e-01 6.196314039803016982e-01
9.159504914301977996e-01 5.989397971836194490e-01
9.212446950346235841e-01 5.951503795234789340e-01
9.265694991923183466e-01 6.085442764970244722e-01
9.319250807748065135e-01 6.274181951477856289e-01
9.373116176759319629e-01 6.460071372671947199e-01
9.427292888177655206e-01 6.516489023811234960e-01
9.481782741565508710e-01 6.414706189708069273e-01
9.536587546886805544e-01 6.326787078751758830e-01
9.591709124567069367e-01 6.271717289585081456e-01
9.647149305553922582e-01 6.310689755764576914e-01
9.702909931377862174e-01 6.598400521403907648e-01
9.758992854213467405e-01 6.955815006198262651e-01
9.815399936940907288e-01 7.208712422602155945e-01
9.872133053207802211e-01 7.362907832268851260e-01
9.929194087491489684e-01 7.315270539122571414e-01
9.986584935161608723e-01 7.014004133072981872e-01
1.004430750254303728e+00 6.656397096568253957e-01
1.010236370697924935e+00 6.479442074735470847e-01
1.016075547689597958e+00 6.398262273642215670e-01
1.021948475186527761e+00 6.252385097863633057e-01
1.027855348266994762e+00 6.114441052552418432e-01
1.033796363136834096e+00 6.123336941571650982e-01
1.039771717135951290e+00 6.158073270122940146e-01
1.045781608744880131e+00 6.178945875527372955e-01
1.051826237591374280e+00 6.232552271695214197e-01
1.057905804457035748e+00 6.355053669834515029e-01
1.064020511283988890e+00 6.577489405657400701e-01
1.070170561181583713e+00 6.918806567464573787e-01
1.076356158433145582e+00 7.119483960015309254e-01
1.082577508502760022e+00 7.078354914679637622e-01
1.088834818042095476e+00 6.778975515391703066e-01
1.095128294897270704e+00 6.444397663447585245e-01
1.101458148115757263e+00 6.351241145969129809e-01
1.107824587953321727e+00 6.273219192925991727e-01
1.114227825881013212e+00 6.184414344101965000e-01
1.120668074592185315e+00 6.166661076405575148e-01
1.127145548009560017e+00 6.191269184991244900e-01
1.133660461292336441e+00 6.184260302733667336e-01
1.140213030843336250e+00 6.167546814273290323e-01
1.146803474316190341e+00 6.250459580759902822e-01
1.153432010622570836e+00 6.397222494406201720e-01
1.160098859939462601e+00 6.400033749377646020e-01
1.166804243716473621e+00 6.260510780041373957e-01
1.173548384683194445e+00 6.048665388289002909e-01
1.180331506856595603e+00 5.976381476214980282e-01
1.187153835548465874e+00 6.198586149985418903e-01
1.194015597372901416e+00 6.364296151932418155e-01
1.200917020253827294e+00 6.307955521477279781e-01
1.207858333432573428e+00 6.128689879120020612e-01
1.214839767475487387e+00 5.934443713695741751e-01
1.221861554281590267e+00 5.933557975828026576e-01
1.228923927090283863e+00 6.128689879120020612e-01
1.236027120489096909e+00 6.333102774851993022e-01
1.243171370421473965e+00 6.554537241780938883e-01
1.250356914194617142e+00 6.664407247719770222e-01
1.257583990487367132e+00 6.587964218701691799e-01
1.264852839358128644e+00 6.373538634030322392e-01
1.272163702252848472e+00 6.320586913677748164e-01
1.279516822013033517e+00 6.351125614942906283e-01
1.286912442883815677e+00 6.403114576743614839e-01
1.294350810522067352e+00 6.453447593835115459e-01
1.301832172004561583e+00 6.570981157846793597e-01
1.309356775836174380e+00 6.728141863853233096e-01
1.316924871958146337e+00 6.575794950606117517e-01
1.324536711756377994e+00 6.291742667463874339e-01
1.332192548069784932e+00 6.401843735455152729e-01
1.339892635198694837e+00 6.639105952976759317e-01
1.347637228913291185e+00 6.732917146270482878e-01
1.355426586462114891e+00 6.634099608507061374e-01
1.363260966580605249e+00 6.549954511074062014e-01
1.371140629499693731e+00 6.630864739772794891e-01
1.379065836954451285e+00 6.714008568311854441e-01
1.387036852192779834e+00 6.733610332427825140e-01
1.395053939984155722e+00 6.817370326440078676e-01
1.403117366628427343e+00 7.056442530039190864e-01
1.411227399964658957e+00 7.440775743943691678e-01
1.419384309380025577e+00 7.648500529094078848e-01
1.427588365818764915e+00 7.675534789230448185e-01
1.435839841791175742e+00 7.439350861286930794e-01
1.444139011382666204e+00 7.358633184298570828e-01
1.452486150262864761e+00 7.121602028829412401e-01
1.460881535694769973e+00 6.779899763601493490e-01
1.469325446543965796e+00 6.541713297870097588e-01
1.477818163287882181e+00 6.374231820187665765e-01
1.486359968025109168e+00 6.349931794338593560e-01
1.494951144484772509e+00 6.402575431954570240e-01
1.503591978035954568e+00 6.496463645932443187e-01
1.512282755697172298e+00 6.680466060364879111e-01
1.521023766145914724e+00 6.771388978003006764e-01
1.529815299728230382e+00 6.758642054776314856e-01
1.538657648468367833e+00 6.877870073839273957e-01
1.547551106078482119e+00 6.846291593338101888e-01
1.556495967968387184e+00 6.780246356680165176e-01
1.565492531255366693e+00 6.824071125961059803e-01
1.574541094774047689e+00 6.782826549599163535e-01
1.583641959086324214e+00 6.858383840749526783e-01
1.592795426491339539e+00 6.955044799356771001e-01
1.602001801035530804e+00 6.990551334749551815e-01
1.611261388522727822e+00 6.896547589745454232e-01
1.620574496524306296e+00 7.141088261919159574e-01
1.629941434389411858e+00 7.779628243858089931e-01
1.639362513255227638e+00 8.077698291515488238e-01
1.648838046057315765e+00 8.035722018654174459e-01
1.658368347540009280e+00 7.869934996023024709e-01
1.667953734266863997e+00 7.729911392239781076e-01
1.677594524631179640e+00 7.929510495212430676e-01
1.687291038866571835e+00 8.137042728652446044e-01
1.697043599057607821e+00 8.029829936316760230e-01
1.706852529150509445e+00 8.025208695267809222e-01
1.716718154963911225e+00 8.144744797067364761e-01
1.726640804199680579e+00 8.425023066686299078e-01
1.736620806453807120e+00 8.238324928308641271e-01
1.746658493227349673e+00 8.038302211573172817e-01
1.756754197937443251e+00 8.156914065162939043e-01
1.766908255928380411e+00 8.255731602926359436e-01
1.777121004482747679e+00 7.961127486055676883e-01
1.787392782832625482e+00 7.493034278138921422e-01
1.797723932170862682e+00 7.481943299621437449e-01
1.808114795662403074e+00 7.589387154009569203e-01
1.818565718455690483e+00 7.634867867999671764e-01
1.829077047694130043e+00 7.815943496434437643e-01
1.839649132527616748e+00 7.885955298326059459e-01
1.850282324124138622e+00 7.669373134498511657e-01
1.860976975681438272e+00 7.351085157251949775e-01
1.871733442438742401e+00 7.150215212990840286e-01
1.882552081688566581e+00 6.988548796961672194e-01
1.893433252788581767e+00 6.871361826028666853e-01
1.904377317173546302e+00 6.767499433453472157e-01
1.915384638367318981e+00 6.843287786656283567e-01
1.926455581994929611e+00 7.182178796912757068e-01
1.937590515794722412e+00 7.696368884292806856e-01
1.948789809630575354e+00 8.215834888537075775e-01
1.960053835504184105e+00 8.373188146253887076e-01
1.971382967567415045e+00 8.301597420337206712e-01
1.982777582134739092e+00 8.314305833221825592e-01
1.994238057695728816e+00 8.528153762762076262e-01
2.005764774927627947e+00 8.116093102563862738e-01
2.017358116708002580e+00 7.698063339344088929e-01
2.029018468127450348e+00 7.556691873588234909e-01
2.040746216502401289e+00 7.002605071818901461e-01
2.052541751387976898e+00 6.625165209145753575e-01
2.064405464590929995e+00 6.558426786330473490e-01
2.076337750182662312e+00 6.432729029798981424e-01
2.088339004512313135e+00 6.431458188510520424e-01
2.100409626219920778e+00 6.521533878623007041e-01
2.112550016249669760e+00 6.674843550421987182e-01
2.124760577863207711e+00 6.801812148241940248e-01
2.137041716653034662e+00 6.780631460100911001e-01
2.149393840555982482e+00 6.861041054352673418e-01
2.161817359866763155e+00 6.918691036438349151e-01
2.174312687251592546e+00 6.908331754420281579e-01
2.186880237761905654e+00 7.097802637427309547e-01
2.199520428848138476e+00 7.382971720489718281e-01
2.212233680373592026e+00 7.395102478243216204e-01
2.225020414628386511e+00 7.187416203434903172e-01
2.237881056343477670e+00 7.120793311645845503e-01
2.250816032704775704e+00 7.180291790151100972e-01
2.263825773367328598e+00 7.003452299344541387e-01
2.276910710469592924e+00 6.993208548352698450e-01
2.290071278647793029e+00 7.120947353014144277e-01
2.303307915050354371e+00 6.912067257601517412e-01
2.316621059352423018e+00 7.022591939355617985e-01
2.330011153770474852e+00 6.912144278285667909e-01
2.343478643077001600e+00 7.146787792546200890e-01
2.357023974615280792e+00 7.560812480190216567e-01
2.370647598314243876e+00 7.793299415294573373e-01
2.384349966703414481e+00 8.292046855502707148e-01
2.398131534927939956e+00 8.707380894777260183e-01
2.411992760763713051e+00 8.819291948846045281e-01
2.425934104632577970e+00 8.834310982255139111e-01
2.439956029617617261e+00 8.854644442870527321e-01
2.454059001478542612e+00 8.479515200721856605e-01
2.468243488667162033e+00 7.892925670241560665e-01
2.482509962342935861e+00 7.549528949962359681e-01
2.496858896388636673e+00 7.429530724057907820e-01
2.511290767426078485e+00 7.213680256729779749e-01
2.525806054831960523e+00 7.096762858191295598e-01
2.540405240753779381e+00 6.981154811283348804e-01
2.555088810125852206e+00 6.961090923062482894e-01
2.569857250685421590e+00 6.955930537224486176e-01
2.584711052988855506e+00 6.836818049187751711e-01
2.599650710427946265e+00 7.182332838281055842e-01
2.614676719246288084e+00 7.585420588775886319e-01
2.629789578555775442e+00 7.599130270554443900e-01
2.644989790353173831e+00 7.167852949661006612e-01
2.660277859536794409e+00 6.853300475595680563e-01
2.675654293923265481e+00 6.929435421877162549e-01
2.691119604264405218e+00 7.100190278635934993e-01
2.706674304264172548e+00 7.200278657687818606e-01
2.722318910595750374e+00 7.289892223695411122e-01
2.738053942918694972e+00 7.248917219728038264e-01
2.753879923896200843e+00 7.219379787356819955e-01
2.769797379212459720e+00 7.474780375995562220e-01
2.785806837590128815e+00 7.355205763853931433e-01
2.801908830807877226e+00 7.199354409478028183e-01
2.818103893718070019e+00 7.302908719316625330e-01
2.834392564264522019e+00 7.203205443685488651e-01
2.850775383500368410e+00 7.181061996992593732e-01
2.867252895606037466e+00 7.298672581688420147e-01
2.883825647907329426e+00 7.334756772212319698e-01
2.900494190893583735e+00 7.165388287768231779e-01
2.917259078235983960e+00 6.976263997839875497e-01
2.934120866805935979e+00 6.984235638649317623e-01
2.951080116693567401e+00 7.024632987485571745e-01
2.968137391226336685e+00 7.277222321152868600e-01
2.985293256987731514e+00 7.575061306757818747e-01
3.002548283836107057e+00 7.506050773760136741e-01
3.019903044923603730e+00 7.373190093602769446e-01
3.037358116715186629e+00 7.403497732815478294e-01
3.054914079007794214e+00 7.341419061391225576e-01
3.072571514949601568e+00 7.702838621761338711e-01
3.090331011059376021e+00 8.115207364696146453e-01
3.108193157245980220e+00 8.223536956951994492e-01
3.126158546827951579e+00 8.044078762884362410e-01
3.144227776553216724e+00 8.037532004731681168e-01
3.162401446618910317e+00 7.926429667846462968e-01
3.180680160691316427e+00 7.722671447929757571e-01
3.199064525925907621e+00 7.498810829450112125e-01
3.217555152987530587e+00 7.317966263067794408e-01
3.236152656070678812e+00 7.214065360150525574e-01
3.254857652919894928e+00 7.156838991827670915e-01
3.273670764850296955e+00 7.312459284151126004e-01
3.292592616768199143e+00 7.293396664824199904e-01
3.311623837191892683e+00 7.202858850606816965e-01
3.330765058272506351e+00 7.427143082849282374e-01
3.350016915815009710e+00 7.595895401820176307e-01
3.369380049299332214e+00 7.477630141309081768e-01
3.388855101901607103e+00 7.303447864105669929e-01
3.408442720515521884e+00 7.118559711805518830e-01
3.428143555773827789e+00 7.387169347775849326e-01
3.447958262069935831e+00 7.585574630144183983e-01
3.467887497579658529e+00 7.507745228811419924e-01
3.487931924283071528e+00 7.476590362073067819e-01
3.508092207986506228e+00 7.443586998915137087e-01
3.528369018344649444e+00 7.613494628148268495e-01
3.548763028882812254e+00 7.667139534658186095e-01
3.569274917019284565e+00 7.760758176241535633e-01
3.589905364087840223e+00 7.732106481738034720e-01
3.610655055360374899e+00 7.724635475375563054e-01
3.631524680069651456e+00 7.958239210400082086e-01
3.652514931432215839e+00 7.880679381461838107e-01
3.673626506671410219e+00 7.840975218782926248e-01
3.694860107040534913e+00 7.973874409282368791e-01
3.716216437846141751e+00 8.117286923168175461e-01
3.737696208471465109e+00 8.093140938687402031e-01
3.759300132399972405e+00 8.105810841229944552e-01
3.781028927239082016e+00 8.102036827706634581e-01
3.802883314743989107e+00 8.280532263222402101e-01
3.824864020841640233e+00 8.497075916707874654e-01
3.846971775654848713e+00 8.074001298676325433e-01
3.869207313526548564e+00 7.442855302415719576e-01
3.891571373044171445e+00 7.543444315914572540e-01
3.914064697064205678e+00 7.492687685060250846e-01
3.936688032736852527e+00 7.578488727202458142e-01
3.959442131530850340e+00 7.529619103109791434e-01
3.982327749258438132e+00 7.204091181553203826e-01
4.005345646100446189e+00 7.254116115908109119e-01
4.028496586631570509e+00 7.063720984691290727e-01
4.051781339845751617e+00 7.132192372899927024e-01
4.075200679181723906e+00 7.193808920219286751e-01
4.098755382548707082e+00 7.207364560629545558e-01
4.122446232352245943e+00 7.202627788554368804e-01
4.146274015520188705e+00 7.165696370504828216e-01
4.170239523528843861e+00 7.130651959216943725e-01
4.194343552429258715e+00 7.132192372899927024e-01
4.218586902873665778e+00 7.864659079158804467e-01
4.242970380142073950e+00 8.311648619618677847e-01
4.267494794169023997e+00 7.983386463774794217e-01
4.292160959570472833e+00 7.754403969799228413e-01
4.316969695670882068e+00 7.765957072421606489e-01
4.341921826530410478e+00 7.559272066507233268e-01
4.367018180972294772e+00 7.468657231605700941e-01
4.392259592610382235e+00 7.623353275719365607e-01
4.417646899876805477e+00 7.662826376345830415e-01
4.443180946049855251e+00 7.910447875885503466e-01
4.468862579281975833e+00 7.681080278489190727e-01
4.494692652627942486e+00 7.416899331857439437e-01
4.520672024073195239e+00 7.102963023265306264e-01
4.546801556562344082e+00 7.106544485078244433e-01
4.573082118027814502e+00 7.457142639325395894e-01
4.599514581418703507e+00 7.561082052584738866e-01
4.626099824729760002e+00 7.338530785735629669e-01
4.652838731030551678e+00 7.252768253935497622e-01
4.679732188494796219e+00 7.275797438496107716e-01
4.706781090429870140e+00 7.112783160494329238e-01
4.733986335306464177e+00 7.021128546356782962e-01
4.761348826788450062e+00 7.183180065806696879e-01
4.788869473762884077e+00 7.102693450870783964e-01
4.816549190370198019e+00 7.159149612352146974e-01
4.844388896034566017e+00 7.556114218457116172e-01
4.872389515494448098e+00 7.442739771389496051e-01
4.900551978833287414e+00 7.530504840977506609e-01
4.928877221510434836e+00 7.733877957473466180e-01
4.957366184392200559e+00 7.821835578771849651e-01
4.986019813783113541e+00 8.048083838460121653e-01
5.014839061457356806e+00 8.466190622364044849e-01
5.043824884690362609e+00 8.612260349852999264e-01
5.072978246290641202e+00 8.621656873319201164e-01
5.102300114631742822e+00 8.576407221381548984e-01
5.131791463684423960e+00 8.235821756073791189e-01
5.161453273049005475e+00 8.267977891706081994e-01
5.191286527987911903e+00 8.348618548010292573e-01
5.221292219458380401e+00 8.409965522935130000e-01
5.251471344145405951e+00 8.592080930605910938e-01
5.281824904494829553e+00 8.858225904683464380e-01
5.312353908746639597e+00 8.675417310855342290e-01
5.343059370968462396e+00 8.352238520165304880e-01
5.373942311089249912e+00 8.314613915958423140e-01
5.405003754933139781e+00 8.445857161748656639e-01
5.436244734253559585e+00 8.591657316843088754e-01
5.467666286767478567e+00 8.523532521713123034e-01
5.499269456189878724e+00 8.424753494291776779e-01
5.531055292268432844e+00 8.475741187198545523e-01
5.563024850818350409e+00 8.431492804154830933e-01
5.595179193757479297e+00 8.632940403547059161e-01
5.627519389141558470e+00 8.746199319588455756e-01
5.660046511199702479e+00 8.647959436956154100e-01
5.692761640370078702e+00 8.913064631797694704e-01
5.725665863335805739e+00 9.395560707650348897e-01
5.758760273061025892e+00 9.822447849547281118e-01
5.792045968827241431e+00 1.000579558816444781e+00
5.825524056269808071e+00 1.045790700412024155e+00
5.859195647414667363e+00 1.073410317747926834e+00
5.893061860715279821e+00 1.061187135173449203e+00
5.927123821089786304e+00 1.135246374017110815e+00
5.961382659958350594e+00 1.192353360279533980e+00
5.995839515280771082e+00 1.202019456140258402e+00
6.030495531594262104e+00 1.258206045227098668e+00
6.065351860051475086e+00 1.472473737495961554e+00
6.100409658458743500e+00 1.574680185361947871e+00
6.135670091314512575e+00 1.587068962407346406e+00
6.171134329848062094e+00 1.587592703059560906e+00
6.206803552058381079e+00 1.658247627663828050e+00
6.242678942753306259e+00 1.785532010288793492e+00
6.278761693588877257e+00 1.735722733849506705e+00
6.315053003108923591e+00 1.680506605382946494e+00
6.351554076784851510e+00 1.557739485883331776e+00
6.388266127055725718e+00 1.448978577796248501e+00
6.425190373368511843e+00 1.324285941192903548e+00
6.462328042218596025e+00 1.250253659588693944e+00
6.499680367190518560e+00 1.239424551397316776e+00
6.537248588998957999e+00 1.249814641689043659e+00
6.575033955529916874e+00 1.276024780505015777e+00
6.613037721882214726e+00 1.355614104470590053e+00
6.651261150409145451e+00 1.323115226793835753e+00
6.689705510760421525e+00 1.270598673306704729e+00
6.728372079924347382e+00 1.242147232581990890e+00
6.767262142270216607e+00 1.176244484189729267e+00
6.806376989591010229e+00 1.156072767011054214e+00
6.845717921146279750e+00 1.178528147474753096e+00
6.885286243705309062e+00 1.264991567500643121e+00
6.925083271590525058e+00 1.387127117390234643e+00
6.965110326721157818e+00 1.463196596090190482e+00
7.005368738657123728e+00 1.500543925834136649e+00
7.045859844643230119e+00 1.495475964817119419e+00
7.086584989653569089e+00 1.473363326397884476e+00
7.127545526436194656e+00 1.500724924441887431e+00
7.168742815558059256e+00 1.476609748234773312e+00
7.210178225450215805e+00 1.411596588744435055e+00
7.251853132453240036e+00 1.357678258805788518e+00
7.293768920862992111e+00 1.353884990111440478e+00
7.335926982976571864e+00 1.394937014762963390e+00
7.378328719138569802e+00 1.400736672279398132e+00
7.420975537787583676e+00 1.356176355464879357e+00
7.463868855503007715e+00 1.257274094948893417e+00
7.507010097052058128e+00 1.288390451345169607e+00
7.550400695437144982e+00 1.305396618405312736e+00
7.594042091943437711e+00 1.242809610465673842e+00
7.637935736186750368e+00 1.255641256444930409e+00
7.682083086161699548e+00 1.250750443001456214e+00
7.726485608290103890e+00 1.264402359266901810e+00
7.771144777469737974e+00 1.289672845736253848e+00
7.816062077123293150e+00 1.275204510218826748e+00
7.861238999247660786e+00 1.232246223634611448e+00
7.906677044463489068e+00 1.235858493721208706e+00
7.952377722065040011e+00 1.593846782612475810e+00
7.998342550070284496e+00 1.797928489402606855e+00
