2.511886431509579437e-02 8.209900986060546524e-01
2.526405161860213050e-02 8.235754765099598806e-01
2.541007810627042562e-02 8.248466604701055749e-01
2.555694862859406516e-02 8.272576089960208545e-01
2.570466806410236227e-02 8.295168278575202336e-01
2.585324131952258450e-02 8.318644561297817708e-01
2.600267332994290678e-02 8.337521165217273156e-01
2.615296905897638788e-02 8.353506542460458206e-01
2.630413349892583852e-02 8.368954294908469427e-01
2.645617167094958117e-02 8.385154722069724231e-01
2.660908862522835469e-02 8.403015812487183434e-01
2.676288944113292337e-02 8.421808785882944903e-01
2.691757922739292791e-02 8.439538456906029440e-01
2.707316312226650673e-02 8.456826080875303742e-01
2.722964629371095457e-02 8.475439846006007638e-01
2.738703393955444973e-02 8.497733354179237697e-01
2.754533128766867636e-02 8.527266876260817252e-01
2.770454359614242176e-02 8.565211239582457559e-01
2.786467615345633933e-02 8.611781494062229481e-01
2.802573427865854422e-02 8.665699287409385221e-01
2.818772332154127064e-02 8.726164156039997177e-01
2.835064866281864979e-02 8.795613332358854786e-01
2.851451571430539678e-02 8.876125632240636776e-01
2.867932991909653145e-02 8.969540927206602898e-01
2.884509675174826843e-02 9.074736178795722585e-01
2.901182171845980567e-02 9.166335496675765970e-01
2.917951035725619563e-02 9.228257925862183297e-01
2.934816823817239240e-02 9.269798401702656898e-01
2.951780096343814899e-02 9.293860098091127897e-01
2.968841416766421215e-02 9.309295903321468391e-01
2.986001351802944001e-02 9.320382921319732006e-01
3.003260471446899879e-02 9.330956208958161024e-01
3.020619348986378766e-02 9.343226001505807732e-01
3.038078561023081769e-02 9.352580672941840367e-01
3.055638687491469066e-02 9.336117406991835121e-01
3.073300311678033025e-02 9.298340304717581661e-01
3.091064020240668481e-02 9.261841554734075999e-01
3.108930403228154019e-02 9.238186063746404164e-01
3.126900054099761295e-02 9.237720122257252475e-01
3.144973569744963920e-02 9.268914307595036428e-01
3.163151550503255638e-02 9.340525930312264524e-01
3.181434600184106232e-02 9.463653955624867775e-01
3.199823326087009728e-02 9.600067286987112869e-01
3.218318339021652985e-02 9.660293211264314728e-01
3.236920253328214730e-02 9.629110973144201502e-01
3.255629686897762443e-02 9.535301419995105832e-01
3.274447261192782455e-02 9.422424107443827523e-01
3.293373601267822470e-02 9.331696936453733882e-01
3.312409335790250653e-02 9.286154142693628932e-01
3.331555097061136145e-02 9.287790911514492986e-01
3.350811521036261426e-02 9.353572292008496269e-01
3.370179247347232510e-02 9.485684625009346282e-01
3.389658919322740410e-02 9.678930870830358968e-01
3.409251184009919750e-02 9.883144662472929109e-01
3.428956692195841288e-02 9.984134493442019531e-01
3.448776098429136294e-02 9.952546049921106031e-01
3.468710061041735404e-02 9.840027153899943979e-01
3.488759242170727526e-02 9.703135933830876469e-01
3.508924307780367929e-02 9.582325668746358716e-01
3.529205927684192501e-02 9.499949602907973301e-01
3.549604775567258980e-02 9.457644505136585389e-01
3.570121529008542238e-02 9.442758271919090562e-01
3.590756869503420462e-02 9.447895575517423206e-01
3.611511482486330638e-02 9.470726708485828205e-01
3.632386057353523962e-02 9.509973318533558873e-01
3.653381287485973905e-02 9.544452988730741660e-01
3.674497870272393912e-02 9.547523423672070741e-01
3.695736507132423021e-02 9.525349387675544621e-01
3.717097903539903075e-02 9.490905559131372904e-01
3.738582769046329413e-02 9.451623107430632276e-01
3.760191817304411876e-02 9.413475641408592942e-01
3.781925766091774610e-02 9.357598504363467962e-01
3.803785337334809891e-02 9.268711204894637401e-01
3.825771257132654091e-02 9.153528079332945433e-01
3.847884255781295476e-02 9.021559112944140812e-01
3.870125067797849233e-02 8.885026309405189560e-01
3.892494431944945599e-02 8.746952314786738958e-01
3.914993091255265789e-02 8.606954818123331297e-01
3.937621793056233360e-02 8.468761351328174536e-01
3.960381288994833243e-02 8.333029011373149775e-01
3.983272335062570252e-02 8.198563076491203194e-01
4.006295691620595512e-02 8.069688439479069109e-01
4.029452123424955012e-02 7.949511376931088780e-01
4.052742399651988042e-02 7.839142980090625379e-01
4.076167293923887297e-02 7.739264240364895908e-01
4.099727584334383890e-02 7.649970735495266183e-01
4.123424053474603751e-02 7.569530118919509665e-01
4.147257488459059338e-02 7.495529052668172820e-01
4.171228680951784978e-02 7.427668856299496358e-01
4.195338427192649156e-02 7.365686691024725397e-01
4.219587528023795858e-02 7.309857342850284434e-01
4.243976788916238585e-02 7.260360020041229934e-01
4.268507019996626434e-02 7.211985735693206001e-01
4.293179036074151744e-02 7.161532635470507779e-01
4.317993656667604152e-02 7.112142837620488711e-01
4.342951706032609216e-02 7.065441163746341013e-01
4.368054013188996804e-02 7.022873227186201550e-01
4.393301411948334623e-02 6.985693485795474444e-01
4.418694740941636612e-02 6.950998765680221902e-01
4.444234843647213579e-02 6.914655329526434580e-01
4.469922568418681352e-02 6.878634468249751333e-01
4.495758768513159753e-02 6.845803514091101105e-01
4.521744302119593689e-02 6.819364321386193195e-01
4.547880032387276866e-02 6.801049236697253031e-01
4.574166827454511502e-02 6.792339715015427437e-01
4.600605560477452616e-02 6.793677803394528869e-01
4.627197109659098723e-02 6.803713466237784058e-01
4.653942358278480296e-02 6.821467031696207828e-01
4.680842194719982141e-02 6.846723449851733756e-01
4.707897512502866311e-02 6.879351301309982736e-01
4.735109210310945588e-02 6.916232362258944999e-01
4.762478192022426976e-02 6.937259465359099098e-01
4.790005366739954334e-02 6.933675300057936530e-01
4.817691648820784933e-02 6.920891777150456337e-01
4.845537957907175564e-02 6.908574195732128942e-01
4.873545218956924774e-02 6.905671021838186707e-01
4.901714362274099679e-02 6.912672091393123885e-01
4.930046323539925834e-02 6.928322946541533023e-01
4.958542043843887359e-02 6.952958109378190033e-01
4.987202469714965836e-02 6.989014812307886571e-01
5.016028553153097091e-02 7.038249296328188409e-01
5.045021251660784106e-02 7.094783530345191158e-01
5.074181528274907677e-02 7.156299754130811541e-01
5.103510351598705003e-02 7.228174215636790079e-01
5.133008695833959217e-02 7.318781914450179782e-01
5.162677540813340182e-02 7.431575596477764112e-01
5.192517872032970105e-02 7.551752659025742220e-01
5.222530680685147364e-02 7.677616597184900860e-01
5.252716963691266006e-02 7.787901363501670282e-01
5.283077723734942721e-02 7.863622829097565159e-01
5.313613969295318679e-02 7.921076998875200559e-01
5.344326714680543849e-02 7.920933632263154056e-01
5.375216980061491706e-02 7.841604106930756268e-01
5.406285791505632127e-02 7.729694519010792408e-01
5.437534181011107609e-02 7.620652263331756382e-01
5.468963186541032917e-02 7.533533152078166761e-01
5.500573852057948770e-02 7.458158155794718525e-01
5.532367227558519784e-02 7.383237153782751250e-01
5.564344369108398941e-02 7.319439011422058661e-01
5.596506338877313413e-02 7.279427779443414792e-01
5.628854205174332881e-02 7.276775497120554492e-01
5.661389042483377931e-02 7.318136764695970520e-01
5.694111931498885282e-02 7.406617858764001916e-01
5.727023959161724881e-02 7.495397633273798155e-01
5.760126218695296035e-02 7.490750165599956434e-01
5.793419809641841417e-02 7.402938115721474643e-01
5.826905837898961604e-02 7.298352172233553148e-01
5.860585415756369709e-02 7.247003030685563729e-01
5.894459661932811845e-02 7.244135698444633675e-01
5.928529701613251268e-02 7.274565261851503317e-01
5.962796666486229469e-02 7.314779596530547323e-01
5.997261694781454155e-02 7.308638726647889161e-01
6.031925931307623168e-02 7.248675641159439964e-01
6.066790527490428103e-02 7.170899254124213362e-01
6.101856641410823012e-02 7.109956496786778990e-01
6.137125437843479747e-02 7.070566520127004040e-01
6.172598088295483398e-02 7.047603967764222155e-01
6.208275771045231733e-02 7.041905144935374228e-01
6.244159671181598315e-02 7.047962384294339522e-01
6.280250980643269088e-02 7.058440094191402725e-01
6.316550898258359303e-02 7.075213987800844651e-01
6.353060629784218483e-02 7.102190805300927501e-01
6.389781387947492119e-02 7.144173328195211337e-01
6.426714392484385308e-02 7.208497148133408139e-01
6.463860870181208085e-02 7.303740367402966616e-01
6.501222054915094251e-02 7.439723598929072201e-01
6.538799187695008841e-02 7.619206649993621738e-01
6.576593516702965159e-02 7.822524400310901793e-01
6.614606297335466623e-02 8.026821822477164803e-01
6.652838792245242827e-02 8.235229087522095703e-01
6.691292271383147972e-02 8.398009928283226566e-01
6.729968012040381253e-02 8.378571805133254724e-01
6.768867298890894613e-02 8.192935936968377408e-01
6.807991424034069705e-02 7.965078601555805049e-01
6.847341687037629410e-02 7.765918482987873572e-01
6.886919394980822728e-02 7.614965387720579182e-01
6.926725862497820629e-02 7.505373560028699709e-01
6.966762411821400547e-02 7.435135867343585225e-01
7.007030372826857090e-02 7.392078094858952619e-01
7.047531083076181979e-02 7.346977348152657905e-01
7.088265887862478520e-02 7.305436872312184304e-01
7.129236140254673060e-02 7.282426531078720622e-01
7.170443201142430445e-02 7.293788335083405405e-01
7.211888439281383123e-02 7.339880700856354911e-01
7.253573231338585059e-02 7.420775311703593502e-01
7.295498961938230720e-02 7.528395848479834118e-01
7.337667023707672431e-02 7.612217527656355287e-01
7.380078817323644513e-02 7.648214494497697080e-01
7.422735751558823258e-02 7.630807398351717730e-01
7.465639243328600627e-02 7.525397096844528289e-01
7.508790717738160481e-02 7.359354665659338934e-01
7.552191608129793510e-02 7.181078283579515054e-01
7.595843356130543844e-02 7.013769447321248629e-01
7.639747411700059665e-02 6.862063677340708434e-01
7.683905233178781047e-02 6.734025345565513021e-01
7.728318287336367887e-02 6.638877704037319250e-01
7.772988049420428980e-02 6.567791758897595367e-01
7.817916003205507836e-02 6.485475429147562476e-01
7.863103641042397396e-02 6.374569407511924135e-01
7.908552463907676799e-02 6.263412494305202749e-01
7.954263981453599253e-02 6.197224908410402522e-01
8.000239712058217212e-02 6.194680151046576544e-01
8.046481182875830918e-02 6.269123264351722513e-01
8.092989929887701994e-02 6.367998437793126465e-01
8.139767497953076525e-02 6.351248438619025993e-01
8.186815440860513438e-02 6.225802653078338356e-01
8.234135321379483508e-02 6.150618812277618419e-01
8.281728711312283386e-02 6.144179261953196525e-01
8.329597191546232737e-02 6.185134324127814498e-01
8.377742352106211376e-02 6.267450653877846278e-01
8.426165792207447602e-02 6.368153751622842584e-01
8.474869120308657633e-02 6.487924608770023749e-01
8.523853954165466762e-02 6.612773033427185032e-01
8.573121920884146929e-02 6.652270535045996525e-01
8.622674656975649887e-02 6.565796573546613946e-01
8.672513808409994251e-02 6.411366837937192420e-01
8.722641030670905127e-02 6.247964741857192639e-01
8.773057988810836760e-02 6.127620418261826574e-01
8.823766357506258873e-02 6.059736327457807548e-01
8.874767821113291322e-02 6.034515750955293800e-01
8.926064073723644077e-02 6.039844210036355854e-01
8.977656819220893036e-02 6.069951198566120310e-01
9.029547771337091688e-02 6.123247736594408241e-01
9.081738653709675591e-02 6.196997911274662041e-01
9.134231199938727674e-02 6.275992914512283916e-01
9.187027153644546085e-02 6.322646799515749816e-01
9.240128268525588107e-02 6.343853110880960378e-01
9.293536308416693037e-02 6.354498081825413758e-01
9.347253047347692245e-02 6.370722403422010016e-01
9.401280269602330097e-02 6.418905532287304538e-01
9.455619769777530437e-02 6.436085631297543408e-01
9.510273352842993355e-02 6.350794444347546142e-01
9.565242834201181932e-02 6.209769486964470397e-01
9.620530039747586526e-02 6.064300164607955290e-01
9.676136805931405405e-02 5.930837796010333118e-01
9.732064979816532069e-02 5.819382202361849110e-01
9.788316419142908953e-02 5.737053925394145493e-01
9.844892992388228070e-02 5.680925896777940798e-01
9.901796578830000806e-02 5.629182497046824052e-01
9.959029068607995472e-02 5.551716737671031909e-01
1.001659236278700377e-01 5.448970665704373495e-01
1.007448837341998471e-01 5.338745635475954376e-01
1.013271902361159299e-01 5.228484763594524187e-01
1.019128624758204177e-01 5.127650246455152105e-01
1.025019199073136378e-01 5.042538267770212412e-01
1.030943820970401520e-01 4.970878856182304184e-01
1.036902687245389171e-01 4.907367447045704045e-01
1.042895995830967204e-01 4.846185745354859575e-01
1.048923945804057928e-01 4.792196268701681694e-01
1.054986737392250712e-01 4.750094273630692254e-01
1.061084571980452224e-01 4.725303796964318015e-01
1.067217652117575799e-01 4.720429332154736923e-01
1.073386181523270227e-01 4.732077869383515267e-01
1.079590365094685589e-01 4.755470521582436105e-01
1.085830408913279893e-01 4.778528651686581030e-01
1.092106520251663743e-01 4.792745840714525696e-01
1.098418907580486492e-01 4.805123158221207280e-01
1.104767780575359459e-01 4.819435924990516651e-01
1.111153350123821049e-01 4.836436815735697392e-01
1.117575828332342536e-01 4.856675402469594616e-01
1.124035428533372433e-01 4.892122797298092407e-01
1.130532365292423180e-01 4.932731390160264295e-01
1.137066854415197809e-01 4.968859776395982419e-01
1.143639112954759340e-01 4.980902571807888091e-01
1.150249359218739331e-01 4.954606745715025573e-01
1.156897812776589568e-01 4.917188059970888925e-01
1.163584694466876512e-01 4.891991377903716076e-01
1.170310226404614878e-01 4.890760814483650076e-01
1.177074631988646730e-01 4.922086419215811470e-01
1.183878135909062629e-01 4.980137949876973225e-01
1.190720964154663303e-01 5.036504922846589682e-01
1.197603344020467531e-01 5.070829279214056351e-01
1.204525504115261381e-01 5.041917012451344604e-01
1.211487674369193246e-01 4.914057888941206764e-01
1.218490086041408849e-01 4.779460534664883298e-01
1.225532971727734816e-01 4.690573235196052737e-01
1.232616565368404721e-01 4.652162930385261852e-01
1.239741102255828148e-01 4.663954834226086144e-01
1.246906819042407494e-01 4.710943241324326847e-01
1.254113953748399735e-01 4.756067882465963015e-01
1.261362745769819826e-01 4.760273303085993946e-01
1.268653435886395453e-01 4.706128512603098279e-01
1.275986266269562852e-01 4.624791854702050564e-01
1.283361480490512463e-01 4.556274561361493558e-01
1.290779323528278288e-01 4.505713936179761014e-01
1.298240041777875831e-01 4.496586261879467195e-01
1.305743883058487209e-01 4.540826808913482893e-01
1.313291096621690413e-01 4.635126197987068930e-01
1.320881933159741561e-01 4.760679508486792000e-01
1.328516644813900749e-01 4.844393662704278292e-01
1.336195485182806453e-01 4.818109783829085946e-01
1.343918709330900185e-01 4.740166135746471943e-01
1.351686573796898327e-01 4.692556473329362876e-01
1.359499336602315311e-01 4.712807007280931382e-01
1.367357257260030934e-01 4.816998692585726105e-01
1.375260596782912625e-01 4.949290233851634246e-01
1.383209617692485738e-01 5.037460700260232294e-01
1.391204584027652402e-01 5.196083909272015688e-01
1.399245761353461737e-01 5.485564993429241643e-01
1.407333416769932510e-01 5.662993123054457234e-01
1.415467818920924381e-01 5.541083713944249256e-01
1.423649238003061035e-01 5.293441786069260635e-01
1.431877945774705507e-01 5.075058594269427070e-01
1.440154215564987683e-01 4.882541128726317625e-01
1.448478322282882313e-01 4.763546840727722054e-01
1.456850542426340045e-01 4.742949837463708573e-01
1.465271154091474515e-01 4.778552546121922484e-01
1.473740436981796631e-01 4.770237282623225883e-01
1.482258672417506584e-01 4.645699485625498504e-01
1.490826143344838317e-01 4.479597318351956625e-01
1.499443134345459228e-01 4.365047395326802082e-01
1.508109931645919832e-01 4.304809523831931162e-01
1.516826823127164214e-01 4.246459312729004565e-01
1.525594098334091819e-01 4.171669730111413621e-01
1.534412048485173929e-01 4.120965738317634575e-01
1.543280966482127869e-01 4.067143522711843540e-01
1.552201146919646169e-01 3.977850017842214925e-01
1.561172886095181789e-01 3.889703445868957776e-01
1.570196482018790252e-01 3.805929555563119515e-01
1.579272234423027277e-01 3.716480736863773116e-01
1.588400444772908315e-01 3.633244471353108684e-01
1.597581416275917487e-01 3.575025679644558974e-01
1.606815453892082024e-01 3.547881601097088167e-01
1.616102864344102497e-01 3.534452928435399266e-01
1.625443956127538836e-01 3.501502502100045100e-01
1.634839039521058524e-01 3.455888025033916899e-01
1.644288426596743347e-01 3.424813311872837995e-01
1.653792431230455828e-01 3.414956857294640380e-01
1.663351369112262834e-01 3.423499117929078017e-01
1.672965557756923849e-01 3.448098439112723401e-01
1.682635316514438095e-01 3.491884991875258692e-01
1.692360966580649384e-01 3.570939731201233647e-01
1.702142831007917856e-01 3.705298141124145905e-01
1.711981234715850009e-01 3.854745886964952573e-01
1.721876504502090899e-01 3.935640497812190608e-01
1.731828969053178791e-01 3.900599308384491981e-01
1.741838958955464201e-01 3.833025845239907969e-01
1.751906806706090836e-01 3.812118214316459475e-01
1.762032846724038426e-01 3.854459153740860122e-01
1.772217415361232173e-01 3.910718601751441148e-01
1.782460850913716033e-01 3.929427944623509195e-01
1.792763493632887617e-01 3.935282081282074906e-01
1.803125685736800821e-01 3.936369278090093848e-01
1.813547771421535060e-01 3.920802053465378134e-01
1.824030096872625850e-01 3.903000699136270901e-01
1.834573010276564775e-01 3.897050984736341039e-01
1.845176861832364401e-01 3.882081120995152235e-01
1.855842003763193415e-01 3.814483763415226769e-01
1.866568790328071992e-01 3.732346641930252562e-01
1.877357577833641822e-01 3.677568648910818916e-01
1.888208724646001924e-01 3.659815083452393480e-01
1.899122591202609955e-01 3.680531558893113120e-01
1.910099540024255971e-01 3.733278524908554830e-01
1.921139935727104175e-01 3.781664756474248934e-01
1.932244145034804905e-01 3.797327558840329353e-01
1.943412536790674328e-01 3.823205232314722535e-01
1.954645481969946030e-01 3.905844136941860056e-01
1.965943353692096995e-01 4.037144059141113961e-01
1.977306527233236300e-01 4.168826292305825021e-01
1.988735380038573475e-01 4.308106955909000169e-01
2.000230291734956534e-01 4.423875495136549985e-01
2.011791644143479663e-01 4.485726241016944615e-01
2.023419821292166965e-01 4.556752450068315419e-01
2.035115209428728922e-01 4.623047560922151078e-01
2.046878197033392410e-01 4.679295061715061932e-01
2.058709174831803157e-01 4.702532400084265540e-01
2.070608535808005912e-01 4.664994242163423288e-01
2.082576675217497619e-01 4.598758867397939598e-01
2.094613990600355524e-01 4.545808798682098861e-01
2.106720881794442723e-01 4.547075203755175932e-01
2.118897750948690872e-01 4.623238716404879933e-01
2.131145002536455058e-01 4.763558787945392781e-01
2.143463043368951104e-01 4.959923257578416900e-01
2.155852282608767823e-01 5.086157559485360302e-01
2.168313131783459469e-01 5.012729959682211689e-01
2.180846004799212312e-01 4.859208212615750422e-01
2.193451317954595303e-01 4.710310038787788312e-01
2.206129489954388734e-01 4.624027232771135698e-01
2.218880941923488948e-01 4.582200023706569092e-01
2.231706097420899648e-01 4.587827163229394323e-01
2.244605382453801201e-01 4.667825732751341716e-01
2.257579225491697927e-01 4.772650620592674975e-01
2.270628057480653939e-01 4.860534353777180017e-01
2.283752311857605299e-01 4.969015090225699094e-01
2.296952424564759343e-01 5.138175745222899327e-01
2.310228834064072811e-01 5.325866534827110588e-01
2.323581981351817149e-01 5.439484574873962863e-01
2.337012309973229007e-01 5.485959251612370080e-01
2.350520266037238737e-01 5.518145056016808825e-01
2.364106298231291869e-01 5.578753291259467284e-01
2.377770857836252472e-01 5.660902359962113328e-01
2.391514398741393099e-01 5.694175361174571570e-01
2.405337377459470793e-01 5.664128108733159639e-01
2.419240253141889951e-01 5.470822126823793319e-01
2.433223487593957901e-01 5.219524350341618879e-01
2.447287545290218747e-01 5.031594616383996410e-01
2.461432893389885190e-01 4.954917373374459477e-01
2.475660001752356676e-01 4.989874932278464681e-01
2.489969342952823017e-01 5.082107452695047156e-01
2.504361392297964617e-01 5.202320356896038556e-01
2.518836627841739007e-01 5.326416106839955145e-01
2.533395530401260642e-01 5.378541817536529601e-01
2.548038583572773130e-01 5.351863680478209373e-01
2.562766273747711931e-01 5.332067140798122384e-01
2.577579090128856998e-01 5.365698558540696883e-01
2.592477524746588102e-01 5.437955331012133131e-01
2.607462072475227322e-01 5.498456041295756158e-01
2.622533231049470337e-01 5.463844951704196484e-01
2.637691501080930423e-01 5.301625630173582016e-01
2.652937386074759596e-01 5.089801460874875394e-01
2.668271392446371348e-01 4.906734244509164955e-01
2.683694029538270520e-01 4.782614600129906912e-01
2.699205809636965880e-01 4.723690922578795415e-01
2.714807247989985406e-01 4.692867100988797335e-01
2.730498862822996475e-01 4.627348559283546159e-01
2.746281175357012105e-01 4.520695747138619991e-01
2.762154709825712651e-01 4.391140118719265573e-01
2.778119993492854656e-01 4.262361059448496192e-01
2.794177556669779627e-01 4.190629964554563602e-01
2.810327932733039380e-01 4.189124615128074769e-01
2.826571658142107979e-01 4.208467160536681906e-01
2.842909272457196934e-01 4.172721085266421492e-01
2.859341318357184192e-01 4.014181506778332076e-01
2.875868341657639160e-01 3.773170284710493649e-01
2.892490891328946545e-01 3.561620901418210972e-01
2.909209519514548425e-01 3.429401043458325526e-01
2.926024781549284581e-01 3.373738956331271410e-01
2.942937235977828858e-01 3.344958108962936549e-01
2.959947444573255426e-01 3.312891776735202853e-01
2.977055972355692748e-01 3.248376801314277196e-01
2.994263387611086902e-01 3.153157476480059618e-01
3.011570261910088142e-01 3.076695283388592439e-01
3.028977170127025720e-01 3.048655163515830435e-01
3.046484690459013711e-01 3.072071710150092727e-01
3.064093404445150659e-01 3.140278375831215274e-01
3.081803896985833569e-01 3.241339890106327837e-01
3.099616756362194026e-01 3.164352019437357000e-01
3.117532574255635347e-01 2.941906773629540117e-01
3.135551945767480198e-01 2.755123972568290780e-01
3.153675469438748658e-01 2.628089207077420331e-01
3.171903747270033436e-01 2.563000765208308662e-01
3.190237384741493876e-01 2.552618633052607944e-01
3.208676990832974307e-01 2.553598304901592564e-01
3.227223178044230090e-01 2.542117028720202176e-01
3.245876562415266342e-01 2.548926942792410499e-01
3.264637763546810456e-01 2.585999159224101618e-01
3.283507404620888970e-01 2.615974728359490853e-01
3.302486112421523790e-01 2.624074941940118255e-01
3.321574517355558864e-01 2.642867915335880280e-01
3.340773253473591775e-01 2.670955824079324081e-01
3.360082958491044103e-01 2.714706535188847747e-01
3.379504273809338932e-01 2.779054249562385448e-01
3.399037844537201591e-01 2.810260382117840683e-01
3.418684319512097503e-01 2.804836345295415034e-01
3.438444351321779946e-01 2.793092230325272540e-01
3.458318596325960503e-01 2.794227216003973835e-01
3.478307714678123830e-01 2.780129499152734773e-01
3.498412370347446232e-01 2.724706356379091310e-01
3.518633231140849693e-01 2.688303184136950907e-01
3.538970968725191901e-01 2.649403043401666880e-01
3.559426258649572294e-01 2.582164102351857671e-01
3.579999780367765227e-01 2.525904654341276645e-01
3.600692217260801353e-01 2.472440855265602422e-01
3.621504256659661136e-01 2.429717604875745174e-01
3.642436589868098817e-01 2.422632904797113740e-01
3.663489912185618480e-01 2.462691925646440516e-01
3.684664922930561692e-01 2.545713141239034916e-01
3.705962325463332818e-01 2.644922836775213115e-01
3.727382827209774208e-01 2.731755214804710841e-01
3.748927139684648524e-01 2.814860060920999496e-01
3.770595978515288715e-01 2.894094008512032579e-01
3.792390063465359562e-01 2.937450461438427807e-01
3.814310118458763554e-01 2.970161943420371320e-01
3.836356871603694985e-01 3.008416934401446086e-01
3.858531055216822825e-01 3.003399102979818491e-01
3.880833405847607942e-01 2.963232557171457393e-01
3.903264664302779630e-01 2.933710982307548565e-01
3.925825575670940371e-01 2.930353814142126478e-01
3.948516889347303827e-01 2.943698856280121401e-01
3.971339359058604912e-01 2.957916045308066066e-01
3.994293742888124776e-01 2.974295680734378444e-01
4.017380803300868997e-01 3.003924780557322705e-01
4.040601307168905088e-01 3.043649279311873568e-01
4.063956025796829352e-01 3.073899634453685636e-01
4.087445734947380283e-01 3.109956337383379954e-01
4.111071214867221824e-01 3.149119316907416088e-01
4.134833250312844322e-01 3.195474521469118256e-01
4.158732630576643108e-01 3.262868776348644140e-01
4.182770149513134750e-01 3.338160142108398398e-01
4.206946605565314856e-01 3.342676190387863233e-01
4.231262801791195738e-01 3.197445812384757668e-01
4.255719545890473410e-01 3.020603096425398815e-01
4.280317650231349469e-01 2.872493438963692469e-01
4.305057931877529498e-01 2.675495766794129815e-01
4.329941212615355806e-01 2.512213142890835638e-01
4.354968318981098929e-01 2.454830656419224044e-01
4.380140082288422887e-01 2.465368102404641992e-01
4.405457338655994204e-01 2.504041246004185539e-01
4.430920929035247480e-01 2.560456007844483239e-01
4.456531699238333033e-01 2.628782145702311945e-01
4.482290499966203323e-01 2.677192271703346949e-01
4.508198186836865351e-01 2.680059603944277002e-01
4.534255620413813470e-01 2.651529648147022966e-01
4.560463666234608748e-01 2.603860249641561375e-01
4.586823194839622087e-01 2.537553191570054989e-01
4.613335081800964965e-01 2.500564605662057849e-01
4.640000207751556194e-01 2.527051587237648667e-01
4.666819458414390720e-01 2.589750585572652142e-01
4.693793724631949438e-01 2.653584569586355801e-01
4.720923902395786631e-01 2.686977042975520202e-01
4.748210892876304490e-01 2.682365416954691217e-01
4.775655602452679171e-01 2.646619341684430249e-01
4.803258942742961168e-01 2.613955648573169643e-01
4.831021830634371073e-01 2.595879508237639577e-01
4.858945188313745223e-01 2.613991490226180714e-01
4.887029943298164536e-01 2.687705823253423443e-01
4.915277028465775411e-01 2.815110952492080876e-01
4.943687382086768833e-01 2.986410159452308477e-01
4.972261947854541564e-01 3.184208295205797623e-01
5.001001674917054940e-01 3.325149622065178279e-01
5.029907517908354109e-01 3.393451865487665531e-01
5.058980436980275996e-01 3.461993053263563436e-01
5.088221397834349347e-01 3.470905677645787502e-01
5.117631371753864622e-01 3.409544767689884903e-01
5.147211335636141527e-01 3.336009642927700858e-01
5.176962272024980827e-01 3.238376980124033633e-01
5.206885169143288250e-01 3.119956158573624072e-01
5.236981020925914887e-01 3.041773566137598306e-01
5.267250827052667450e-01 2.997067077614431474e-01
5.297695592981502832e-01 2.939350069048044523e-01
5.328316329981945820e-01 2.884488445504916343e-01
5.359114055168668900e-01 2.863855600587890682e-01
5.390089791535270791e-01 2.869327426280999238e-01
5.421244567988269258e-01 2.911023215951190068e-01
5.452579419381275994e-01 2.961906416010026688e-01
5.484095386549359130e-01 2.964403384503170313e-01
5.515793516343632241e-01 2.919756632068356006e-01
5.547674861666017643e-01 2.869709737246456394e-01
5.579740481504216199e-01 2.832446365332036975e-01
5.611991440966896949e-01 2.842159453298186977e-01
5.644428811319066597e-01 2.938728813729176159e-01
5.677053670017649933e-01 3.086145532565990335e-01
5.709867100747291202e-01 3.197816176132544652e-01
5.742870193456336425e-01 3.242008934295878553e-01
5.776064044393048880e-01 3.206704906079427819e-01
5.809449756142023302e-01 3.116491465449167109e-01
5.843028437660793273e-01 3.061558158600015678e-01
5.876801204316687288e-01 3.056181910648271827e-01
5.910769177923870243e-01 3.061725419647403634e-01
5.944933486780595855e-01 3.050196354595330339e-01
5.979295265706701112e-01 2.968859696694282624e-01
6.013855656081297241e-01 2.873879316213475144e-01
6.048615805880666052e-01 2.829686558050141798e-01
6.083576869716416091e-01 2.822291230312076182e-01
6.118740008873820857e-01 2.789113806840982090e-01
6.154106391350390171e-01 2.719497369474735415e-01
6.189677191894675801e-01 2.671863812622285450e-01
6.225453592045292472e-01 2.686307998785970041e-01
6.261436780170150929e-01 2.734730072004676327e-01
6.297627951505950783e-01 2.753128787217309914e-01
6.334028308197864332e-01 2.773319585080525895e-01
6.370639059339481269e-01 2.780153393588075672e-01
6.407461421012968783e-01 2.765553893594673851e-01
6.444496616329448146e-01 2.801264127211922639e-01
6.481745875469649976e-01 2.887714194275963209e-01
6.519210435724759334e-01 2.999635729413598351e-01
6.556891541537508417e-01 3.125535509225766950e-01
6.594790444543533470e-01 3.208281938811938794e-01
6.632908403612935988e-01 3.268782649095562376e-01
6.671246684892090384e-01 3.305138032467020981e-01
6.709806561845721440e-01 3.385829540613859989e-01
6.748589315299192704e-01 3.454693303266862525e-01
6.787596233481042463e-01 3.396677614258711841e-01
6.826828612065795054e-01 3.340501796771824794e-01
6.866287754216984229e-01 3.330752867152662611e-01
6.905974970630435195e-01 3.356092915831881407e-01
6.945891579577818664e-01 3.375088991928043014e-01
6.986038906950429173e-01 3.365734320492008713e-01
7.026418286303216520e-01 3.330836497676356034e-01
7.067031058899108098e-01 3.278627156456088709e-01
7.107878573753529938e-01 3.284290137631925566e-01
7.148962187679240854e-01 3.306153545969017227e-01
7.190283265331394169e-01 3.253502157694939667e-01
7.231843179252852583e-01 3.160325807082384197e-01
7.273643309919801681e-01 3.116431729360814029e-01
7.315685045787596597e-01 3.081115753926692569e-01
7.357969783336865133e-01 3.068690647549329187e-01
7.400498927119919523e-01 3.095942251055834871e-01
7.443273889807401344e-01 3.123946529275585249e-01
7.486296092235191768e-01 3.182284793160840008e-01
7.529566963451627126e-01 3.267731293940554504e-01
7.573087940764960946e-01 3.401253398626529201e-01
7.616860469791092436e-01 3.544608063455359503e-01
7.660886004501606950e-01 3.654247680017921329e-01
7.705166007272060691e-01 3.689659233193406940e-01
7.749701948930545203e-01 3.675907985654613408e-01
7.794495308806568268e-01 3.648274071182650014e-01
7.839547574780165728e-01 3.663231987706168646e-01
7.884860243331343055e-01 3.657867686972095522e-01
7.930434819589780027e-01 3.680507664457771666e-01
7.976272817384808533e-01 3.805451666856297654e-01
8.022375759295721220e-01 3.893932760924329606e-01
8.068745176702336597e-01 3.880575771568663956e-01
8.115382609835852801e-01 3.774185798212489895e-01
8.162289607830032212e-01 3.638226461121724653e-01
8.209467728772645856e-01 3.471025149822493105e-01
8.256918539757219788e-01 3.340597374513188389e-01
8.304643616935105666e-01 3.271088462105977146e-01
8.352644545567829981e-01 3.350525512397409256e-01
8.400922920079733069e-01 3.521729141616272152e-01
8.449480344110958940e-01 3.653136588774560378e-01
8.498318430570707127e-01 3.784018358355345502e-01
8.547438801690798726e-01 3.755572033081785999e-01
8.596843089079587719e-01 3.645705419383483692e-01
8.646532933776126528e-01 3.616852888709125580e-01
8.696509986304700179e-01 3.592420828572867597e-01
8.746775906729644667e-01 3.553102535219114788e-01
8.797332364710471753e-01 3.622766761456043261e-01
8.848181039557355687e-01 3.700280309702518311e-01
8.899323620286901937e-01 3.709097356343378227e-01
8.950761805678236760e-01 3.581465229968980868e-01
9.002497304329459826e-01 3.372627865087911014e-01
9.054531834714387717e-01 3.200695455591144878e-01
9.106867125239620497e-01 3.050650348866811301e-01
9.159504914301977996e-01 2.959397500299212891e-01
9.212446950346235841e-01 2.895659094026872826e-01
9.265694991923183466e-01 2.913448501138309887e-01
9.319250807748065135e-01 3.001989331294694918e-01
9.373116176759319629e-01 3.086265004742695939e-01
9.427292888177655206e-01 3.053517681107741355e-01
9.481782741565508710e-01 2.951201708977221894e-01
9.536587546886805544e-01 2.879207775294537197e-01
9.591709124567069367e-01 2.826317442667048985e-01
9.647149305553922582e-01 2.828288733582687842e-01
9.702909931377862174e-01 2.917653921758340818e-01
9.758992854213467405e-01 3.039981483487017022e-01
9.815399936940907288e-01 3.156383225251105373e-01
9.872133053207802211e-01 3.284636606944371096e-01
9.929194087491489684e-01 3.346714349960506207e-01
9.986584935161608723e-01 3.336881789817650046e-01
1.004430750254303728e+00 3.283860037795786058e-01
1.010236370697924935e+00 3.255461501392908352e-01
1.016075547689597958e+00 3.250957400331113689e-01
1.021948475186527761e+00 3.262904618001655765e-01
1.027855348266994762e+00 3.334982182208034440e-01
1.033796363136834096e+00 3.382281216965709048e-01
1.039771717135951290e+00 3.311147482955303367e-01
1.045781608744880131e+00 3.248484326273312073e-01
1.051826237591374280e+00 3.178497525159278414e-01
1.057905804457035748e+00 3.077376274795813327e-01
1.064020511283988890e+00 2.985920323527815889e-01
1.070170561181583713e+00 2.898383059655756933e-01
1.076356158433145582e+00 2.862314409508390778e-01
1.082577508502760022e+00 2.899768936905539607e-01
1.088834818042095476e+00 2.919517687714945353e-01
1.095128294897270704e+00 2.912683879207395021e-01
1.101458148115757263e+00 2.972515545301467887e-01
1.107824587953321727e+00 3.018070286279244119e-01
1.114227825881013212e+00 3.032299422524858956e-01
1.120668074592185315e+00 3.083935297296940825e-01
1.127145548009560017e+00 3.081964006381300858e-01
1.133660461292336441e+00 2.999193682359788116e-01
1.140213030843336250e+00 2.980854703235505943e-01
1.146803474316190341e+00 2.988500922544652938e-01
1.153432010622570836e+00 3.038237189707118091e-01
1.160098859939462601e+00 3.013422818605402953e-01
1.166804243716473621e+00 2.855492548218511728e-01
1.173548384683194445e+00 2.836436736033998152e-01
1.180331506856595603e+00 2.967485766662170121e-01
1.187153835548465874e+00 3.152404801766814924e-01
1.194015597372901416e+00 3.319355221494965646e-01
1.200917020253827294e+00 3.421408354836733556e-01
1.207858333432573428e+00 3.470893730428117330e-01
1.214839767475487387e+00 3.556734489390959708e-01
1.221861554281590267e+00 3.633578993447884042e-01
1.228923927090283863e+00 3.647688657516793831e-01
1.236027120489096909e+00 3.652336125190634442e-01
1.243171370421473965e+00 3.693649603895367561e-01
1.250356914194617142e+00 3.789502131266124785e-01
1.257583990487367132e+00 3.792608407860464936e-01
1.264852839358128644e+00 3.744544751171876018e-01
1.272163702252848472e+00 3.793970390674906712e-01
1.279516822013033517e+00 3.973441494521784967e-01
1.286912442883815677e+00 4.162040272668957042e-01
1.294350810522067352e+00 4.196579678954492909e-01
1.301832172004561583e+00 4.194715912997888374e-01
1.309356775836174380e+00 4.248358920338621281e-01
1.316924871958146337e+00 4.338452888792176387e-01
1.324536711756377994e+00 4.398642971416365510e-01
1.332192548069784932e+00 4.459239259441353243e-01
1.339892635198694837e+00 4.437794003722730918e-01
1.347637228913291185e+00 4.390088763564257701e-01
1.355426586462114891e+00 4.397053991466183809e-01
1.363260966580605249e+00 4.447124780723423765e-01
1.371140629499693731e+00 4.485857660411320391e-01
1.379065836954451285e+00 4.506717502464086533e-01
1.387036852192779834e+00 4.586536863720975798e-01
1.395053939984155722e+00 4.556453769626551686e-01
1.403117366628427343e+00 4.396396894494303820e-01
1.411227399964658957e+00 4.325597682578673497e-01
1.419384309380025577e+00 4.388177208736970814e-01
1.427588365818764915e+00 4.486897068348657536e-01
1.435839841791175742e+00 4.447244252900129369e-01
1.444139011382666204e+00 4.270449325811452868e-01
1.452486150262864761e+00 4.200880677315887990e-01
1.460881535694769973e+00 4.230342516091443739e-01
1.469325446543965796e+00 4.189662239923249709e-01
1.477818163287882181e+00 4.062531896691014555e-01
1.486359968025109168e+00 3.936715747402539933e-01
1.494951144484772509e+00 3.937301161068396671e-01
1.503591978035954568e+00 4.044515492443838123e-01
1.512282755697172298e+00 4.054766205205162510e-01
1.521023766145914724e+00 3.960610182743623531e-01
1.529815299728230382e+00 3.977539390182781021e-01
1.538657648468367833e+00 4.086486068120451232e-01
1.547551106078482119e+00 4.055733929836476404e-01
1.556495967968387184e+00 4.083236424914064022e-01
1.565492531255366693e+00 4.215946118798441500e-01
1.574541094774047689e+00 4.396289369535268943e-01
1.583641959086324214e+00 4.500289899357334811e-01
1.592795426491339539e+00 4.573084296623945444e-01
1.602001801035530804e+00 4.721146165214969437e-01
1.611261388522727822e+00 4.893962668819356598e-01
1.620574496524306296e+00 4.969242087361439020e-01
1.629941434389411858e+00 5.053995649516263011e-01
1.639362513255227638e+00 5.159131165017030174e-01
1.648838046057315765e+00 5.037675750178303158e-01
1.658368347540009280e+00 4.922815199493714156e-01
1.667953734266863997e+00 4.945275968714332171e-01
1.677594524631179640e+00 4.944678607830805817e-01
1.687291038866571835e+00 4.806783821477412233e-01
1.697043599057607821e+00 4.845349440117921458e-01
1.706852529150509445e+00 4.766115492526888930e-01
1.716718154963911225e+00 4.443887084734707282e-01
1.726640804199680579e+00 4.200510313568101561e-01
1.736620806453807120e+00 4.197475720279783551e-01
1.746658493227349673e+00 4.343148145336699351e-01
1.756754197937443251e+00 4.456539188247810590e-01
1.766908255928380411e+00 4.595138860443765960e-01
1.777121004482747679e+00 4.847774725305041832e-01
1.787392782832625482e+00 5.109466581160587717e-01
1.797723932170862682e+00 5.172213368366272990e-01
1.808114795662403074e+00 4.781646875498592464e-01
1.818565718455690483e+00 4.413409732457155288e-01
1.829077047694130043e+00 4.198622653176155572e-01
1.839649132527616748e+00 4.165385493616708401e-01
1.850282324124138622e+00 4.246387629422981869e-01
1.860976975681438272e+00 4.368070041397449366e-01
1.871733442438742401e+00 4.210999970682837157e-01
1.882552081688566581e+00 3.901985185634275211e-01
1.893433252788581767e+00 3.785547602217174679e-01
1.904377317173546302e+00 3.674677422234547408e-01
1.915384638367318981e+00 3.731689544958372573e-01
1.926455581994929611e+00 4.031194344741183544e-01
1.937590515794722412e+00 4.125493733814769581e-01
1.948789809630575354e+00 3.983142635270265353e-01
1.960053835504184105e+00 4.124227328741692511e-01
1.971382967567415045e+00 4.343996397791307640e-01
1.982777582134739092e+00 4.519214292147472611e-01
1.994238057695728816e+00 4.755960357506928138e-01
2.005764774927627947e+00 4.921501005549954733e-01
2.017358116708002580e+00 4.735291670936890851e-01
2.029018468127450348e+00 4.471747996342410603e-01
2.040746216502401289e+00 4.120738741181894649e-01
2.052541751387976898e+00 4.038529936390896635e-01
2.064405464590929995e+00 4.230318621656103395e-01
2.076337750182662312e+00 4.136748012860420043e-01
2.088339004512313135e+00 3.874733582127768972e-01
2.100409626219920778e+00 3.835331658250322739e-01
2.112550016249669760e+00 3.748188652561391110e-01
2.124760577863207711e+00 3.611357168580676125e-01
2.137041716653034662e+00 3.544177963619219995e-01
2.149393840555982482e+00 3.379401937507108267e-01
2.161817359866763155e+00 3.408493412534877587e-01
2.174312687251592546e+00 3.467883031575140773e-01
2.186880237761905654e+00 3.408815987411982218e-01
2.199520428848138476e+00 3.335543701438549724e-01
2.212233680373592026e+00 3.185916747332684373e-01
2.225020414628386511e+00 3.153217212568412142e-01
2.237881056343477670e+00 3.187063680229056950e-01
2.250816032704775704e+00 3.167099879501581450e-01
2.263825773367328598e+00 3.087710618080831693e-01
2.276910710469592924e+00 3.009504131209465583e-01
2.290071278647793029e+00 3.086730946231847073e-01
2.303307915050354371e+00 3.223407116382844828e-01
2.316621059352423018e+00 3.175307618041243729e-01
2.330011153770474852e+00 3.031236120152180913e-01
2.343478643077001600e+00 2.822685488495204065e-01
2.357023974615280792e+00 2.673870945190935933e-01
2.370647598314243876e+00 2.566489352768107080e-01
2.384349966703414481e+00 2.572331542209002064e-01
2.398131534927939956e+00 2.744323687794120725e-01
2.411992760763713051e+00 2.855946542489992690e-01
2.425934104632577970e+00 2.887355777745846397e-01
2.439956029617617261e+00 2.770225255703855360e-01
2.454059001478542612e+00 2.603955827382925525e-01
2.468243488667162033e+00 2.514100803282781627e-01
2.482509962342935861e+00 2.456144850362983190e-01
2.496858896388636673e+00 2.466216354859250004e-01
2.511290767426078485e+00 2.493898058201895196e-01
2.525806054831960523e+00 2.512846345427374173e-01
2.540405240753779381e+00 2.548664104003658948e-01
2.555088810125852206e+00 2.521711180938916441e-01
2.569857250685421590e+00 2.534136287316279823e-01
2.584711052988855506e+00 2.516358827422514044e-01
2.599650710427946265e+00 2.459944065582215511e-01
2.614676719246288084e+00 2.527075481672990120e-01
2.629789578555775442e+00 2.566704402686176834e-01
2.644989790353173831e+00 2.662533035621592048e-01
2.660277859536794409e+00 2.783391089576792710e-01
2.675654293923265481e+00 2.861633418101170445e-01
2.691119604264405218e+00 2.903520363254089576e-01
2.706674304264172548e+00 2.871979708603859538e-01
2.722318910595750374e+00 2.828037842011606462e-01
2.738053942918694972e+00 2.668578327762886060e-01
2.753879923896200843e+00 2.614194592926580296e-01
2.769797379212459720e+00 2.671003612950005879e-01
2.785806837590128815e+00 2.777978999972037233e-01
2.801908830807877226e+00 2.776951539252370260e-01
2.818103893718070019e+00 2.747776433700906962e-01
2.834392564264522019e+00 2.766927823626785798e-01
2.850775383500368410e+00 2.889267332573133285e-01
2.867252895606037466e+00 2.993291756830540606e-01
2.883825647907329426e+00 2.987712406178397173e-01
2.900494190893583735e+00 2.944606844823082770e-01
2.917259078235983960e+00 2.919207060055510894e-01
2.934120866805935979e+00 3.009109873026337700e-01
2.951080116693567401e+00 3.086002165953944387e-01
2.968137391226336685e+00 3.098487008419660294e-01
2.985293256987731514e+00 3.043004129557664306e-01
3.002548283836107057e+00 3.026062974900836089e-01
3.019903044923603730e+00 3.028595785046991340e-01
3.037358116715186629e+00 2.893317439363446986e-01
3.054914079007794214e+00 2.758218301944961315e-01
3.072571514949601568e+00 2.751049971342635625e-01
3.090331011059376021e+00 2.706235957860433361e-01
3.108193157245980220e+00 2.820343833831777669e-01
3.126158546827951579e+00 2.963232557171457393e-01
3.144227776553216724e+00 2.951106131235857744e-01
3.162401446618910317e+00 3.065476845995953603e-01
3.180680160691316427e+00 3.087973456869583799e-01
3.199064525925907621e+00 2.923758949987987354e-01
3.217555152987530587e+00 2.787046938183978528e-01
3.236152656070678812e+00 2.781587059708540699e-01
3.254857652919894928e+00 2.905049607115918753e-01
3.273670764850296955e+00 2.763188344495906001e-01
3.292592616768199143e+00 2.669259319170106948e-01
3.311623837191892683e+00 2.662903399369378477e-01
3.330765058272506351e+00 2.751886276579573742e-01
3.350016915815009710e+00 2.793151966413625065e-01
3.369380049299332214e+00 2.796246295790295044e-01
3.388855101901607103e+00 2.787715982373528134e-01
3.408442720515521884e+00 2.830080816233269680e-01
3.428143555773827789e+00 2.816054782688053315e-01
3.447958262069935831e+00 2.687765559341775967e-01
3.467887497579658529e+00 2.611852938263153900e-01
3.487931924283071528e+00 2.599535356844825396e-01
3.508092207986506228e+00 2.621816917800385838e-01
3.528369018344649444e+00 2.766485776572975563e-01
3.548763028882812254e+00 2.967581344403534271e-01
3.569274917019284565e+00 2.954343827224574226e-01
3.589905364087840223e+00 2.821144297415704716e-01
3.610655055360374899e+00 2.775983814621056367e-01
3.631524680069651456e+00 2.760798900961798363e-01
3.652514931432215839e+00 2.790690839573493620e-01
3.673626506671410219e+00 2.819937628430979615e-01
3.694860107040534913e+00 2.650621659604062152e-01
3.716216437846141751e+00 2.647706538492449746e-01
3.737696208471465109e+00 2.754311561766694116e-01
3.759300132399972405e+00 2.760930320356174139e-01
3.781028927239082016e+00 2.760739164873445284e-01
3.802883314743989107e+00 2.840534631694993650e-01
3.824864020841640233e+00 2.899541939769799126e-01
3.846971775654848713e+00 2.844656421791330603e-01
3.869207313526548564e+00 2.912552459813019246e-01
3.891571373044171445e+00 2.844250216390531993e-01
3.914064697064205678e+00 2.808766979909023132e-01
3.936688032736852527e+00 2.855050501164702048e-01
3.959442131530850340e+00 2.851000394374388347e-01
3.982327749258438132e+00 2.892242189773098215e-01
4.005345646100446189e+00 2.801383599388628243e-01
4.028496586631570509e+00 2.712938346973607917e-01
4.051781339845751617e+00 2.731982211940450767e-01
4.075200679181723906e+00 2.616763244725746618e-01
4.098755382548707082e+00 2.540360787722632518e-01
4.122446232352245943e+00 2.523013427665005692e-01
4.146274015520188705e+00 2.555509859728878896e-01
4.170239523528843861e+00 2.593908217322000165e-01
4.194343552429258715e+00 2.623274478356192319e-01
4.218586902873665778e+00 2.618400013546610672e-01
4.242970380142073950e+00 2.742232924701776264e-01
4.267494794169023997e+00 2.860056385368658916e-01
4.292160959570472833e+00 2.665352578991839749e-01
4.316969695670882068e+00 2.657551045852976634e-01
4.341921826530410478e+00 2.653895197245790816e-01
4.367018180972294772e+00 2.543359539357937793e-01
4.392259592610382235e+00 2.537923555317841973e-01
4.417646899876805477e+00 2.510815318423382236e-01
4.443180946049855251e+00 2.597791063064925909e-01
4.468862579281975833e+00 2.727119694348540402e-01
4.494692652627942486e+00 2.751778751620538865e-01
4.520672024073195239e+00 2.797847222958148028e-01
4.546801556562344082e+00 2.899960092388267907e-01
4.573082118027814502e+00 2.877857739697765593e-01
4.599514581418703507e+00 2.755900541716875818e-01
4.626099824729760002e+00 2.640382894060407382e-01
4.652838731030551678e+00 2.598173374030383620e-01
4.679732188494796219e+00 2.556429795489510992e-01
4.706781090429870140e+00 2.601602225501828958e-01
4.733986335306464177e+00 2.823605424255835605e-01
4.761348826788450062e+00 2.957545681560279083e-01
4.788869473762884077e+00 2.876388231924288941e-01
4.816549190370198019e+00 2.730178182072199311e-01
4.844388896034566017e+00 2.753033209475946319e-01
4.872389515494448098e+00 2.854178354274752305e-01
4.900551978833287414e+00 2.937378778132404555e-01
4.928877221510434836e+00 2.968764118952918474e-01
4.957366184392200559e+00 3.064712224065038737e-01
4.986019813783113541e+00 3.099633941316032315e-01
5.014839061457356806e+00 3.010005914351628342e-01
5.043824884690362609e+00 2.948214904559586236e-01
5.072978246290641202e+00 2.804000040058476917e-01
5.102300114631742822e+00 2.848610950840279599e-01
5.131791463684423960e+00 3.018990222039875659e-01
5.161453273049005475e+00 3.083385725284095158e-01
5.191286527987911903e+00 3.181591854535948949e-01
5.221292219458380401e+00 3.303799944087920104e-01
5.251471344145405951e+00 3.223108435941081096e-01
5.281824904494829553e+00 3.190158009605726930e-01
5.312353908746639597e+00 3.162105942515294754e-01
5.343059370968462396e+00 2.971535873452483822e-01
5.373942311089249912e+00 2.866866299440867794e-01
5.405003754933139781e+00 2.784776966826575384e-01
5.436244734253559585e+00 2.716438881751076506e-01
5.467666286767478567e+00 2.729401612923614273e-01
5.499269456189878724e+00 2.875922290435138362e-01
5.531055292268432844e+00 2.929947608741327869e-01
5.563024850818350409e+00 2.837691193889404495e-01
5.595179193757479297e+00 2.793151966413625065e-01
5.627519389141558470e+00 2.723511634612036936e-01
5.660046511199702479e+00 2.604624871572476241e-01
5.692761640370078702e+00 2.583048196459477586e-01
5.725665863335805739e+00 2.649271624007291104e-01
5.758760273061025892e+00 2.749078680426996213e-01
5.792045968827241431e+00 2.769723472561692601e-01
5.825524056269808071e+00 2.803952251187794564e-01
5.859195647414667363e+00 2.788158029427338369e-01
5.893061860715279821e+00 2.842039981121481373e-01
5.927123821089786304e+00 2.990448319024951451e-01
5.961382659958350594e+00 3.001368075975826555e-01
5.995839515280771082e+00 3.141473097598269648e-01
6.030495531594262104e+00 3.324552261181651369e-01
6.065351860051475086e+00 3.170636255932061665e-01
6.100409658458743500e+00 3.224506260408534497e-01
6.135670091314512575e+00 3.226549234630197716e-01
6.171134329848062094e+00 3.053410156148706478e-01
6.206803552058381079e+00 3.000937976139686492e-01
6.242678942753306259e+00 2.967449925009158496e-01
6.278761693588877257e+00 3.013757340700178311e-01
6.315053003108923591e+00 3.190934578754311968e-01
6.351554076784851510e+00 3.135822063640103519e-01
6.388266127055725718e+00 3.018058339061573392e-01
6.425190373368511843e+00 2.855600073177546605e-01
6.462328042218596025e+00 2.879590086259994353e-01
6.499680367190518560e+00 2.894619686089535682e-01
6.537248588998957999e+00 2.947713121417423476e-01
6.575033955529916874e+00 2.932528207758164918e-01
6.613037721882214726e+00 2.866555671781433334e-01
6.651261150409145451e+00 2.992431557158261590e-01
6.689705510760421525e+00 2.951512336636655798e-01
6.728372079924347382e+00 2.892743972915260975e-01
6.767262142270216607e+00 2.953770360776388215e-01
6.806376989591010229e+00 2.983901243741494680e-01
6.845717921146279750e+00 2.987031414771176285e-01
6.885286243705309062e+00 2.826902856332905167e-01
6.925083271590525058e+00 2.818276965174774107e-01
6.965110326721157818e+00 2.895671041244543553e-01
7.005368738657123728e+00 2.843366122282912078e-01
7.045859844643230119e+00 2.857177105910058135e-01
7.086584989653569089e+00 2.844059060907803693e-01
7.127545526436194656e+00 2.753116839999639187e-01
7.168742815558059256e+00 2.762423722564991690e-01
7.210178225450215805e+00 2.830080816233269680e-01
7.251853132453240036e+00 2.865384844449720414e-01
7.293768920862992111e+00 3.074090789936413937e-01
7.335926982976571864e+00 3.112477200311864478e-01
7.378328719138569802e+00 3.056719535443446767e-01
7.420975537787583676e+00 3.194064749783994128e-01
7.463868855503007715e+00 3.370979149049376233e-01
7.507010097052058128e+00 3.835463077644698515e-01
7.550400695437144982e+00 4.551997457435439931e-01
7.594042091943437711e+00 4.585963397272789788e-01
7.637935736186750368e+00 4.057442381963363709e-01
7.682083086161699548e+00 3.698046179998127347e-01
7.726485608290103890e+00 3.460881962020203040e-01
7.771144777469737974e+00 3.400202043471521884e-01
7.816062077123293150e+00 3.242331509172983184e-01
7.861238999247660786e+00 3.097399811611640796e-01
7.906677044463489068e+00 3.087017679455940633e-01
7.952377722065040011e+00 4.114609818516906103e-01
7.998342550070284496e+00 5.108701959229673406e-01
