2.511886431509579437e-02 8.944186291465980876e-01
2.526405161860213050e-02 8.984950393841210081e-01
2.541007810627042562e-02 9.004993551066086122e-01
2.555694862859406516e-02 9.044014770204370501e-01
2.570466806410236227e-02 9.060741607936725339e-01
2.585324131952258450e-02 9.064711508643101823e-01
2.600267332994290678e-02 9.059022931411404578e-01
2.615296905897638788e-02 9.050260101803426771e-01
2.630413349892583852e-02 9.041932993004686558e-01
2.645617167094958117e-02 9.036583309735727321e-01
2.660908862522835469e-02 9.035566627847509968e-01
2.676288944113292337e-02 9.041085758097837655e-01
2.691757922739292791e-02 9.056457019979233802e-01
2.707316312226650673e-02 9.082479234975299187e-01
2.722964629371095457e-02 9.118498821872176308e-01
2.738703393955444973e-02 9.164878881344232786e-01
2.754533128766867636e-02 9.221716240237962658e-01
2.770454359614242176e-02 9.289495032785851647e-01
2.786467615345633933e-02 9.368626773085513282e-01
2.802573427865854422e-02 9.468406838400655889e-01
2.818772332154127064e-02 9.599026254325088159e-01
2.835064866281864979e-02 9.760848121533173272e-01
2.851451571430539678e-02 9.956051044071096978e-01
2.867932991909653145e-02 1.018814499512436855e+00
2.884509675174826843e-02 1.046199552372946373e+00
2.901182171845980567e-02 1.078365430779244960e+00
2.917951035725619563e-02 1.113816159952953688e+00
2.934816823817239240e-02 1.143072391622017348e+00
2.951780096343814899e-02 1.161653463464788816e+00
2.968841416766421215e-02 1.175787762382186186e+00
2.986001351802944001e-02 1.191289740506353390e+00
3.003260471446899879e-02 1.212647322172425879e+00
3.020619348986378766e-02 1.242174669011681276e+00
3.038078561023081769e-02 1.277126739925930510e+00
3.055638687491469066e-02 1.296501791909977053e+00
3.073300311678033025e-02 1.289849787555634286e+00
3.091064020240668481e-02 1.268995705491346104e+00
3.108930403228154019e-02 1.241235448600660707e+00
3.126900054099761295e-02 1.214058573460119472e+00
3.144973569744963920e-02 1.191556014334220093e+00
3.163151550503255638e-02 1.175013147610210362e+00
3.181434600184106232e-02 1.160798966544452915e+00
3.199823326087009728e-02 1.145870687485780470e+00
3.218318339021652985e-02 1.130516370302520945e+00
3.236920253328214730e-02 1.115157211776936830e+00
3.255629686897762443e-02 1.100766321716322382e+00
3.274447261192782455e-02 1.087975495294070560e+00
3.293373601267822470e-02 1.074819147526292928e+00
3.312409335790250653e-02 1.060135356255025085e+00
3.331555097061136145e-02 1.045637956663263868e+00
3.350811521036261426e-02 1.032106404865310356e+00
3.370179247347232510e-02 1.020174916705719470e+00
3.389658919322740410e-02 1.010107345341195506e+00
3.409251184009919750e-02 1.001175068751848585e+00
3.428956692195841288e-02 9.920370351136955644e-01
3.448776098429136294e-02 9.829256288583294587e-01
3.468710061041735404e-02 9.745815753614518462e-01
3.488759242170727526e-02 9.674502781169488363e-01
3.508924307780367929e-02 9.618778931010473210e-01
3.529205927684192501e-02 9.581597421955631022e-01
3.549604775567258980e-02 9.565984092957992013e-01
3.570121529008542238e-02 9.573488173561508496e-01
3.590756869503420462e-02 9.604981105384653439e-01
3.611511482486330638e-02 9.661721637431885945e-01
3.632386057353523962e-02 9.744750658303050761e-01
3.653381287485973905e-02 9.835356379912603142e-01
3.674497870272393912e-02 9.906984039608749404e-01
3.695736507132423021e-02 9.965975795837035411e-01
3.717097903539903075e-02 1.002685567557201507e+00
3.738582769046329413e-02 1.009913691648201439e+00
3.760191817304411876e-02 1.019058987299841679e+00
3.781925766091774610e-02 1.024582958892494622e+00
3.803785337334809891e-02 1.023677627877747964e+00
3.825771257132654091e-02 1.020697781676803251e+00
3.847884255781295476e-02 1.017872858430253658e+00
3.870125067797849233e-02 1.017207173860586789e+00
3.892494431944945599e-02 1.017393565540093636e+00
3.914993091255265789e-02 1.012954054628206757e+00
3.937621793056233360e-02 1.003421451590578606e+00
3.960381288994833243e-02 9.924848592787441914e-01
3.983272335062570252e-02 9.822914130137740951e-01
4.006295691620595512e-02 9.747074502618978675e-01
4.029452123424955012e-02 9.707448115690087143e-01
4.052742399651988042e-02 9.715412123814463063e-01
4.076167293923887297e-02 9.783263536497226465e-01
4.099727584334383890e-02 9.927947051875346540e-01
4.123424053474603751e-02 1.016594744056493305e+00
4.147257488459059338e-02 1.039349052983284949e+00
4.171228680951784978e-02 1.044233967389057716e+00
4.195338427192649156e-02 1.035548599258278246e+00
4.219587528023795858e-02 1.024362677816714084e+00
4.243976788916238585e-02 1.021920220613827590e+00
4.268507019996626434e-02 1.030811345793413381e+00
4.293179036074151744e-02 1.035103195764391915e+00
4.317993656667604152e-02 1.026754300925189600e+00
4.342951706032609216e-02 1.007650364111334351e+00
4.368054013188996804e-02 9.852252664626328649e-01
4.393301411948334623e-02 9.684451739647053081e-01
4.418694740941636612e-02 9.579733505160563656e-01
4.444234843647213579e-02 9.515271032105195870e-01
4.469922568418681352e-02 9.486949179504828855e-01
4.495758768513159753e-02 9.493775472182865993e-01
4.521744302119593689e-02 9.542551996105721468e-01
4.547880032387276866e-02 9.633835505640754304e-01
4.574166827454511502e-02 9.768787922945926239e-01
4.600605560477452616e-02 9.961570174321424664e-01
4.627197109659098723e-02 1.020867228658173032e+00
4.653942358278480296e-02 1.044655164171319539e+00
4.680842194719982141e-02 1.059515664437444382e+00
4.707897512502866311e-02 1.067455465850197127e+00
4.735109210310945588e-02 1.077755421646313883e+00
4.762478192022426976e-02 1.091923609959985386e+00
4.790005366739954334e-02 1.101717645483155206e+00
4.817691648820784933e-02 1.107713647952480951e+00
4.845537957907175564e-02 1.111828788928602929e+00
4.873545218956924774e-02 1.114702125598401095e+00
4.901714362274099679e-02 1.115675235405695576e+00
4.930046323539925834e-02 1.117323712467306773e+00
4.958542043843887359e-02 1.121852788212203356e+00
4.987202469714965836e-02 1.127984348266624748e+00
5.016028553153097091e-02 1.129456116333378946e+00
5.045021251660784106e-02 1.124994819381030409e+00
5.074181528274907677e-02 1.118011183077435300e+00
5.103510351598705003e-02 1.109132161253661986e+00
5.133008695833959217e-02 1.095152785290659514e+00
5.162677540813340182e-02 1.076719374388796169e+00
5.192517872032970105e-02 1.057932545497218602e+00
5.222530680685147364e-02 1.039976006814352871e+00
5.252716963691266006e-02 1.023118452839227865e+00
5.283077723734942721e-02 1.007260636054184033e+00
5.313613969295318679e-02 9.930827650558630149e-01
5.344326714680543849e-02 9.808922650818927558e-01
5.375216980061491706e-02 9.711563256666210231e-01
5.406285791505632127e-02 9.641024898993155734e-01
5.437534181011107609e-02 9.598493706669354308e-01
5.468963186541032917e-02 9.586535591126976730e-01
5.500573852057948770e-02 9.605755720156629041e-01
5.532367227558519784e-02 9.655669959525824408e-01
5.564344369108398941e-02 9.737440231392527901e-01
5.596506338877313413e-02 9.828917394620554360e-01
5.628854205174332881e-02 9.874304978916016440e-01
5.661389042483377931e-02 9.868132267451832362e-01
5.694111931498885282e-02 9.843562455153224144e-01
5.727023959161724881e-02 9.784013944557576892e-01
5.760126218695296035e-02 9.668983650919159567e-01
5.793419809641841417e-02 9.529674025521622793e-01
5.826905837898961604e-02 9.398013720997347997e-01
5.860585415756369709e-02 9.292012530794774294e-01
5.894459661932811845e-02 9.216390763680628595e-01
5.928529701613251268e-02 9.175287767342658052e-01
5.962796666486229469e-02 9.162579243739930046e-01
5.997261694781454155e-02 9.146893294607417735e-01
6.031925931307623168e-02 9.097777876721822032e-01
6.066790527490428103e-02 9.030386391559920289e-01
6.101856641410823012e-02 8.989598082473065910e-01
6.137125437843479747e-02 8.968586656783220645e-01
6.172598088295483398e-02 8.972411317219851634e-01
6.208275771045231733e-02 8.998820839601904265e-01
6.244159671181598315e-02 9.035155113749896438e-01
6.280250980643269088e-02 9.082987575919407863e-01
6.316550898258359303e-02 9.147062741588787294e-01
6.353060629784218483e-02 9.196153952762758932e-01
6.389781387947492119e-02 9.226291308734945185e-01
6.426714392484385308e-02 9.270928484970054617e-01
6.463860870181208085e-02 9.312830302791625936e-01
6.501222054915094251e-02 9.333042906997871535e-01
6.538799187695008841e-02 9.361800480407476144e-01
6.576593516702965159e-02 9.379011452372314483e-01
6.614606297335466623e-02 9.331590504300416589e-01
6.652838792245242827e-02 9.239096659184170557e-01
6.691292271383147972e-02 9.118668268853545866e-01
6.729968012040381253e-02 8.953239601613447451e-01
6.768867298890894613e-02 8.782800145067130027e-01
6.807991424034069705e-02 8.655666495616589629e-01
6.847341687037629410e-02 8.556055877282816580e-01
6.886919394980822728e-02 8.467338279179954519e-01
6.926725862497820629e-02 8.401181336310888925e-01
6.966762411821400547e-02 8.360610887628652232e-01
7.007030372826857090e-02 8.348580151951401351e-01
7.047531083076181979e-02 8.366468911841719036e-01
7.088265887862478520e-02 8.391958579182051681e-01
7.129236140254673060e-02 8.416165290806296717e-01
7.170443201142430445e-02 8.451119782391708357e-01
7.211888439281383123e-02 8.488446531716297150e-01
7.253573231338585059e-02 8.538409184508740646e-01
7.295498961938230720e-02 8.610133671051382054e-01
7.337667023707672431e-02 8.653972025802891821e-01
7.380078817323644513e-02 8.652180729142697757e-01
7.422735751558823258e-02 8.659418535918347315e-01
7.465639243328600627e-02 8.704902947060306762e-01
7.508790717738160481e-02 8.791587181386731897e-01
7.552191608129793510e-02 8.905213485750943514e-01
7.595843356130543844e-02 9.030628458676163151e-01
7.639747411700059665e-02 9.191361023861157609e-01
7.683905233178781047e-02 9.302639277197817247e-01
7.728318287336367887e-02 9.223168642935416495e-01
7.772988049420428980e-02 8.998893459736776457e-01
7.817916003205507836e-02 8.731167229172613897e-01
7.863103641042397396e-02 8.498395490193861868e-01
7.908552463907676799e-02 8.333281510204878506e-01
7.954263981453599253e-02 8.230499812648328639e-01
8.000239712058217212e-02 8.174243414833580745e-01
8.046481182875830918e-02 8.139652023922533397e-01
8.092989929887701994e-02 8.102688375272308896e-01
8.139767497953076525e-02 8.079304691843286479e-01
8.186815440860513438e-02 8.093247757738852854e-01
8.234135321379483508e-02 8.159985661686900427e-01
8.281728711312283386e-02 8.285570081593488512e-01
8.329597191546232737e-02 8.472833202718658141e-01
8.377742352106211376e-02 8.722840120373872574e-01
8.426165792207447602e-02 8.966722739988153279e-01
8.474869120308657633e-02 9.167977340432136302e-01
8.523853954165466762e-02 9.355942456194407120e-01
8.573121920884146929e-02 9.526091432201234666e-01
8.622674656975649887e-02 9.721512215143774949e-01
8.672513808409994251e-02 9.892145325383084886e-01
8.722641030670905127e-02 9.985559025541052014e-01
8.773057988810836760e-02 1.002474969166070595e+00
8.823766357506258873e-02 9.967573438804235852e-01
8.874767821113291322e-02 9.876338342692453365e-01
8.926064073723644077e-02 9.827319751653355029e-01
8.977656819220893036e-02 9.846902981357370521e-01
9.029547771337091688e-02 9.928915320340315764e-01
9.081738653709675591e-02 9.994636542400143764e-01
9.134231199938727674e-02 1.004220273074178937e+00
9.187027153644546085e-02 1.007028251622591464e+00
9.240128268525588107e-02 1.008124815659169782e+00
9.293536308416693037e-02 1.000611052371003673e+00
9.347253047347692245e-02 9.824995907337427115e-01
9.401280269602330097e-02 9.648286912480429356e-01
9.455619769777530437e-02 9.484020167398294898e-01
9.510273352842993355e-02 9.367368024081051958e-01
9.565242834201181932e-02 9.317502198135104718e-01
9.620530039747586526e-02 9.332244085514270759e-01
9.676136805931405405e-02 9.357128585063996251e-01
9.732064979816532069e-02 9.372354606675646904e-01
9.788316419142908953e-02 9.388113175943031408e-01
9.844892992388228070e-02 9.398497855229832609e-01
9.901796578830000806e-02 9.350786426618443725e-01
9.959029068607995472e-02 9.255097295567797921e-01
1.001659236278700377e-01 9.192886046693485858e-01
1.007448837341998471e-01 9.138784046213295209e-01
1.013271902361159299e-01 9.086788029644413678e-01
1.019128624758204177e-01 9.066212324763804897e-01
1.025019199073136378e-01 9.081632000068450283e-01
1.030943820970401520e-01 9.057788389118567318e-01
1.036902687245389171e-01 9.052293465579863696e-01
1.042895995830967204e-01 8.976768525312215363e-01
1.048923945804057928e-01 8.802552821752516188e-01
1.054986737392250712e-01 8.519770016558071424e-01
1.061084571980452224e-01 8.271409155293305560e-01
1.067217652117575799e-01 8.131179674854046580e-01
1.073386181523270227e-01 8.070904962909672964e-01
1.079590365094685589e-01 8.018085918145567703e-01
1.085830408913279893e-01 7.993177211884219258e-01
1.092106520251663743e-01 8.022854640335544962e-01
1.098418907580486492e-01 8.102252654463072412e-01
1.104767780575359459e-01 8.223431452854048640e-01
1.111153350123821049e-01 8.374021405868484758e-01
1.117575828332342536e-01 8.533228948221152077e-01
1.124035428533372433e-01 8.646564772045872704e-01
1.130532365292423180e-01 8.678735491794495882e-01
1.137066854415197809e-01 8.616257969092316893e-01
1.143639112954759340e-01 8.454169828056363745e-01
1.150249359218739331e-01 8.191091286124055904e-01
1.156897812776589568e-01 7.871151178586394126e-01
1.163584694466876512e-01 7.591878346577465297e-01
1.170310226404614878e-01 7.399822296550695455e-01
1.177074631988646730e-01 7.322046132101992510e-01
1.183878135909062629e-01 7.360873697547284378e-01
1.190720964154663303e-01 7.450729011096486332e-01
1.197603344020467531e-01 7.467092748154475768e-01
1.204525504115261381e-01 7.414201083255498315e-01
1.211487674369193246e-01 7.445403534539151158e-01
1.218490086041408849e-01 7.552469820053192562e-01
1.225532971727734816e-01 7.692868747473819990e-01
1.232616565368404721e-01 7.845007930032208421e-01
1.239741102255828148e-01 8.015834693964513091e-01
1.246906819042407494e-01 8.183659825655411613e-01
1.254113953748399735e-01 8.312342704649905434e-01
1.261362745769819826e-01 8.437418783612385953e-01
1.268653435886395453e-01 8.680018447510580160e-01
1.275986266269562852e-01 9.098649318340295000e-01
1.283361480490512463e-01 9.492492516466780605e-01
1.290779323528278288e-01 9.659639860232199782e-01
1.298240041777875831e-01 9.808850030684055366e-01
1.305743883058487209e-01 1.004171859650930365e+00
1.313291096621690413e-01 1.014827654107923305e+00
1.320881933159741561e-01 9.908775336268942358e-01
1.328516644813900749e-01 9.520427061681161485e-01
1.336195485182806453e-01 9.284072729382020217e-01
1.343918709330900185e-01 9.203125485710541565e-01
1.351686573796898327e-01 9.219997563712641897e-01
1.359499336602315311e-01 9.308134200736521979e-01
1.367357257260030934e-01 9.430305474304092606e-01
1.375260596782912625e-01 9.552307300890293673e-01
1.383209617692485738e-01 9.645478933932016830e-01
1.391204584027652402e-01 9.711466429819712864e-01
1.399245761353461737e-01 9.775735249182084807e-01
1.407333416769932510e-01 9.753707141604022191e-01
1.415467818920924381e-01 9.551072758597456414e-01
1.423649238003061035e-01 9.215398288504034197e-01
1.431877945774705507e-01 8.814583557429764848e-01
1.440154215564987683e-01 8.401689677254998712e-01
1.448478322282882313e-01 8.045947843225076390e-01
1.456850542426340045e-01 7.810779639795524254e-01
1.465271154091474515e-01 7.666531845226640662e-01
1.473740436981796631e-01 7.570164926250516624e-01
1.482258672417506584e-01 7.549758668351276292e-01
1.490826143344838317e-01 7.626614977758259251e-01
1.499443134345459228e-01 7.779165674414257881e-01
1.508109931645919832e-01 7.928617911982355215e-01
1.516826823127164214e-01 8.071606957546776373e-01
1.525594098334091819e-01 8.276153670771657644e-01
1.534412048485173929e-01 8.555063402106222181e-01
1.543280966482127869e-01 8.876117018378598678e-01
1.552201146919646169e-01 9.182622400964804976e-01
1.561172886095181789e-01 9.422050985640223475e-01
1.570196482018790252e-01 9.557681190870875865e-01
1.579272234423027277e-01 9.727055552105725589e-01
1.588400444772908315e-01 1.006018831747860220e+00
1.597581416275917487e-01 1.060510560285200743e+00
1.606815453892082024e-01 1.140136117501996393e+00
1.616102864344102497e-01 1.250540508549020879e+00
1.625443956127538836e-01 1.366357520315226948e+00
1.634839039521058524e-01 1.439292342439080663e+00
1.644288426596743347e-01 1.491128594711241595e+00
1.653792431230455828e-01 1.538975580907726570e+00
1.663351369112262834e-01 1.547968374276134096e+00
1.672965557756923849e-01 1.502324198837455382e+00
1.682635316514438095e-01 1.448372279969335485e+00
1.692360966580649384e-01 1.415966755117957110e+00
1.702142831007917856e-01 1.410672747285734330e+00
1.711981234715850009e-01 1.423255395988017646e+00
1.721876504502090899e-01 1.453196677596047870e+00
1.731828969053178791e-01 1.508225795131446834e+00
1.741838958955464201e-01 1.581748840347769747e+00
1.751906806706090836e-01 1.665194216658871129e+00
1.762032846724038426e-01 1.745136881797944461e+00
1.772217415361232173e-01 1.836316302472992490e+00
1.782460850913716033e-01 1.950482416506424954e+00
1.792763493632887617e-01 1.981198312886430779e+00
1.803125685736800821e-01 1.870987575532400360e+00
1.813547771421535060e-01 1.737945067774380625e+00
1.824030096872625850e-01 1.657869265721374274e+00
1.834573010276564775e-01 1.621331655195737076e+00
1.845176861832364401e-01 1.587589919862700150e+00
1.855842003763193415e-01 1.545656633316018436e+00
1.866568790328071992e-01 1.508303256608644283e+00
1.877357577833641822e-01 1.485188267678651641e+00
1.888208724646001924e-01 1.482479536647898444e+00
1.899122591202609955e-01 1.499530744316017294e+00
1.910099540024255971e-01 1.531004310769862320e+00
1.921139935727104175e-01 1.570236128299278278e+00
1.932244145034804905e-01 1.577437625007491517e+00
1.943412536790674328e-01 1.519319731068838664e+00
1.954645481969946030e-01 1.448161681578204574e+00
1.965943353692096995e-01 1.396933017767812313e+00
1.977306527233236300e-01 1.362220593298643090e+00
1.988735380038573475e-01 1.335082448896700802e+00
2.000230291734956534e-01 1.312851004940992938e+00
2.011791644143479663e-01 1.292970032683999682e+00
2.023419821292166965e-01 1.275069169437869743e+00
2.035115209428728922e-01 1.256163727659333373e+00
2.046878197033392410e-01 1.230114885280481962e+00
2.058709174831803157e-01 1.204738989484784861e+00
2.070608535808005912e-01 1.188171916049150401e+00
2.082576675217497619e-01 1.172442394835715440e+00
2.094613990600355524e-01 1.146028031111337997e+00
2.106720881794442723e-01 1.116120638899581685e+00
2.118897750948690872e-01 1.088130418248465903e+00
2.131145002536455058e-01 1.060830088878641053e+00
2.143463043368951104e-01 1.039549968689766013e+00
2.155852282608767823e-01 1.028548018256546071e+00
2.168313131783459469e-01 1.019717409856021106e+00
2.180846004799212312e-01 1.013133184294226163e+00
2.193451317954595303e-01 1.017238642585698516e+00
2.206129489954388734e-01 1.033670158436236663e+00
2.218880941923488948e-01 1.061355374520887018e+00
2.231706097420899648e-01 1.100470999834506580e+00
2.244605382453801201e-01 1.150155275443271785e+00
2.257579225491697927e-01 1.197721463784915619e+00
2.270628057480653939e-01 1.223658955290295447e+00
2.283752311857605299e-01 1.224755519326873765e+00
2.296952424564759343e-01 1.225227550203546567e+00
2.310228834064072811e-01 1.243377742579406364e+00
2.323581981351817149e-01 1.278078063692763333e+00
2.337012309973229007e-01 1.308493796848628765e+00
2.350520266037238737e-01 1.324765548402446980e+00
2.364106298231291869e-01 1.338074398453457770e+00
2.377770857836252472e-01 1.348633366063953787e+00
2.391514398741393099e-01 1.334094815062431660e+00
2.405337377459470793e-01 1.286141319334799693e+00
2.419240253141889951e-01 1.224951593691030238e+00
2.433223487593957901e-01 1.174497544652614023e+00
2.447287545290218747e-01 1.147100388436292029e+00
2.461432893389885190e-01 1.127238781548598023e+00
2.475660001752356676e-01 1.096062957647731206e+00
2.489969342952823017e-01 1.058223026036709813e+00
2.504361392297964617e-01 1.019361571195144922e+00
2.518836627841739007e-01 9.847508149147975454e-01
2.533395530401260642e-01 9.527253354359197512e-01
2.548038583572773130e-01 9.252700831116997815e-01
2.562766273747711931e-01 9.089959108867190496e-01
2.577579090128856998e-01 8.996012861053491738e-01
2.592477524746588102e-01 8.856436961828086929e-01
2.607462072475227322e-01 8.687183634151358635e-01
2.622533231049470337e-01 8.533688875742012625e-01
2.637691501080930423e-01 8.454944442828339346e-01
2.652937386074759596e-01 8.472712169160536710e-01
2.668271392446371348e-01 8.509457957406142414e-01
2.683694029538270520e-01 8.457728214665127808e-01
2.699205809636965880e-01 8.391111344275202777e-01
2.714807247989985406e-01 8.341802272696613452e-01
2.730498862822996475e-01 8.256522027644392914e-01
2.746281175357012105e-01 8.082887285163674607e-01
2.762154709825712651e-01 7.849413551547820278e-01
2.778119993492854656e-01 7.638500473165763527e-01
2.794177556669779627e-01 7.512504539161561912e-01
2.810327932733039380e-01 7.483480691924090378e-01
2.826571658142107979e-01 7.538357307176256628e-01
2.842909272457196934e-01 7.655154690763245062e-01
2.859341318357184192e-01 7.737191236457815480e-01
2.875868341657639160e-01 7.765222608518692615e-01
2.892490891328946545e-01 7.824190158035356779e-01
2.909209519514548425e-01 7.985019550066848604e-01
2.926024781549284581e-01 8.155192732785299103e-01
2.942937235977828858e-01 8.182037975976588218e-01
2.959947444573255426e-01 8.123191460018045484e-01
2.977055972355692748e-01 8.079934066345516586e-01
2.994263387611086902e-01 8.058002785613950225e-01
3.011570261910088142e-01 8.076206232755382963e-01
3.028977170127025720e-01 8.175889471224029315e-01
3.046484690459013711e-01 8.220260373631272932e-01
3.064093404445150659e-01 8.164028182528149102e-01
3.081803896985833569e-01 8.145437428000726898e-01
3.099616756362194026e-01 8.197385031146360301e-01
3.117532574255635347e-01 8.217161914543369416e-01
3.135551945767480198e-01 8.226796185769819081e-01
3.153675469438748658e-01 8.226893012616316447e-01
3.171903747270033436e-01 8.186249943799207562e-01
3.190237384741493876e-01 8.173880314159217564e-01
3.208676990832974307e-01 8.274047686860347417e-01
3.227223178044230090e-01 8.493747801562007149e-01
3.245876562415266342e-01 8.616524242920182708e-01
3.264637763546810456e-01 8.527249890449962733e-01
3.283507404620888970e-01 8.346619408309837729e-01
3.302486112421523790e-01 8.187145592129303484e-01
3.321574517355558864e-01 7.987633874922266397e-01
3.340773253473591775e-01 7.710007099303787248e-01
3.360082958491044103e-01 7.491493113471716647e-01
3.379504273809338932e-01 7.437560559972895557e-01
3.399037844537201591e-01 7.566630746353376624e-01
3.418684319512097503e-01 7.819929776789489306e-01
3.438444351321779946e-01 7.994072860214316290e-01
3.458318596325960503e-01 7.961902140465693112e-01
3.478307714678123830e-01 7.795214724221134484e-01
3.498412370347446232e-01 7.553607535499532455e-01
3.518633231140849693e-01 7.377697362126135472e-01
3.538970968725191901e-01 7.323692188492441080e-01
3.559426258649572294e-01 7.332793912063159114e-01
3.579999780367765227e-01 7.358888747194095581e-01
3.600692217260801353e-01 7.468884044814669831e-01
3.621504256659661136e-01 7.770499671652778551e-01
3.642436589868098817e-01 8.189953570677716010e-01
3.663489912185618480e-01 8.212393192353392157e-01
3.684664922930561692e-01 8.043623998909148476e-01
3.705962325463332818e-01 7.974876937896289153e-01
3.727382827209774208e-01 7.992910938056352332e-01
3.748927139684648524e-01 7.982526258769551131e-01
3.770595978515288715e-01 7.842950359544147432e-01
3.792390063465359562e-01 7.637459584565921000e-01
3.814310118458763554e-01 7.501006351140045991e-01
3.836356871603694985e-01 7.381570435986013479e-01
3.858531055216822825e-01 7.140302141227152788e-01
3.880833405847607942e-01 6.779597931314259585e-01
3.903264664302779630e-01 6.430101428883393533e-01
3.925825575670940371e-01 6.202897233578217318e-01
3.948516889347303827e-01 6.071091688784198137e-01
3.971339359058604912e-01 5.946548157477451468e-01
3.994293742888124776e-01 5.918226304877082233e-01
4.017380803300868997e-01 6.001110085478501555e-01
4.040601307168905088e-01 6.145454706893882513e-01
4.063956025796829352e-01 6.305606310999894992e-01
4.087445734947380283e-01 6.384810671434428819e-01
4.111071214867221824e-01 6.363121457819104210e-01
4.134833250312844322e-01 6.370964432385358700e-01
4.158732630576643108e-01 6.449805692145529346e-01
4.182770149513134750e-01 6.524628637776074269e-01
4.206946605565314856e-01 6.602090114973662160e-01
4.231262801791195738e-01 6.720339901258104431e-01
4.255719545890473410e-01 6.881605014098832740e-01
4.280317650231349469e-01 7.143231153333686745e-01
4.305057931877529498e-01 7.481907255668515111e-01
4.329941212615355806e-01 7.793157153733072384e-01
4.354968318981098929e-01 8.045003781471730120e-01
4.380140082288422887e-01 8.236769350959008973e-01
4.405457338655994204e-01 8.273587759339486869e-01
4.430920929035247480e-01 8.140111951443393945e-01
4.456531699238333033e-01 7.902837764102532692e-01
4.482290499966203323e-01 7.553026574420550476e-01
4.508198186836865351e-01 7.194646208823585187e-01
4.534255620413813470e-01 6.900704109570363620e-01
4.560463666234608748e-01 6.708962746794708831e-01
4.586823194839622087e-01 6.718887498560650595e-01
4.613335081800964965e-01 6.961656609440215471e-01
4.640000207751556194e-01 7.431048954545973473e-01
4.666819458414390720e-01 7.967687544543887723e-01
4.693793724631949438e-01 8.276904078832009182e-01
4.720923902395786631e-01 8.157758644217468769e-01
4.748210892876304490e-01 7.637459584565921000e-01
4.775655602452679171e-01 7.098884457638067191e-01
4.803258942742961168e-01 6.689621584206936200e-01
4.831021830634371073e-01 6.391612757400840783e-01
4.858945188313745223e-01 6.217154986724899857e-01
4.887029943298164536e-01 6.174430140708104808e-01
4.915277028465775411e-01 6.167143920509206012e-01
4.943687382086768833e-01 6.187380731427075675e-01
4.972261947854541564e-01 6.182829869641718323e-01
5.001001674917054940e-01 6.167579641318443606e-01
5.029907517908354109e-01 6.123039291929829320e-01
5.058980436980275996e-01 5.986997572601565620e-01
5.088221397834349347e-01 5.874073262874457413e-01
5.117631371753864622e-01 5.900289131563516420e-01
5.147211335636141527e-01 6.103698129342056689e-01
5.176962272024980827e-01 6.386989275480611239e-01
5.206885169143288250e-01 6.645008614683450832e-01
5.236981020925914887e-01 6.805257045635960678e-01
5.267250827052667450e-01 6.922441736608936358e-01
5.297695592981502832e-01 7.068650274819383572e-01
5.328316329981945820e-01 7.099562245563546536e-01
5.359114055168668900e-01 7.086272760881835442e-01
5.390089791535270791e-01 7.025804395244468203e-01
5.421244567988269258e-01 6.914477728484559327e-01
5.452579419381275994e-01 6.844399298332366488e-01
5.484095386549359130e-01 6.830359405590304966e-01
5.515793516343632241e-01 6.874076726783692193e-01
5.547674861666017643e-01 6.961462955747221848e-01
5.579740481504216199e-01 6.993609468784220962e-01
5.611991440966896949e-01 6.758247611661674092e-01
5.644428811319066597e-01 6.426300975158386608e-01
5.677053670017649933e-01 6.206237759782363694e-01
5.709867100747291202e-01 6.014641637276455510e-01
5.742870193456336425e-01 5.869546607800724125e-01
5.776064044393048880e-01 5.710944233238661738e-01
5.809449756142023302e-01 5.563089638637767065e-01
5.843028437660793273e-01 5.540771050520212349e-01
5.876801204316687288e-01 5.595090911405020684e-01
5.910769177923870243e-01 5.652000890433622748e-01
5.944933486780595855e-01 5.780078601637509417e-01
5.979295265706701112e-01 5.917161209565615643e-01
6.013855656081297241e-01 5.973296573822243216e-01
6.048615805880666052e-01 5.975814071831163643e-01
6.083576869716416091e-01 5.885571450895974444e-01
6.118740008873820857e-01 5.854490033170443031e-01
6.154106391350390171e-01 5.919920774690780041e-01
6.189677191894675801e-01 6.022726678958952862e-01
6.225453592045292472e-01 6.160583901659035799e-01
6.261436780170150929e-01 6.331870593112201018e-01
6.297627951505950783e-01 6.338842126059984761e-01
6.334028308197864332e-01 6.138676827639093503e-01
6.370639059339481269e-01 5.955795121317912777e-01
6.407461421012968783e-01 5.961507905261235196e-01
6.444496616329448146e-01 6.083558145270684392e-01
6.481745875469649976e-01 6.164674835923532603e-01
6.519210435724759334e-01 6.174478554131352936e-01
6.556891541537508417e-01 6.210522347739855231e-01
6.594790444543533470e-01 6.275154267776592576e-01
6.632908403612935988e-01 6.206915547707843039e-01
6.671246684892090384e-01 6.084018072791544940e-01
6.709806561845721440e-01 5.972788232878133430e-01
6.748589315299192704e-01 5.732149312621501736e-01
6.787596233481042463e-01 5.457935683342040045e-01
6.826828612065795054e-01 5.358204031450146676e-01
6.866287754216984229e-01 5.418260882989901495e-01
6.905974970630435195e-01 5.613149118276706817e-01
6.945891579577818664e-01 5.788212056743257117e-01
6.986038906950429173e-01 5.733553301895708554e-01
7.026418286303216520e-01 5.679088200741154724e-01
7.067031058899108098e-01 5.726146048138689437e-01
7.107878573753529938e-01 5.783249680860286235e-01
7.148962187679240854e-01 5.690368528358052957e-01
7.190283265331394169e-01 5.591048390563770898e-01
7.231843179252852583e-01 5.661514128101952092e-01
7.273643309919801681e-01 5.778940886191169524e-01
7.315685045787596597e-01 5.860904811750867749e-01
7.357969783336865133e-01 5.964872638177004527e-01
7.400498927119919523e-01 5.917838997491094988e-01
7.443273889807401344e-01 5.683154928294027464e-01
7.486296092235191768e-01 5.412596512469828314e-01
7.529566963451627126e-01 5.253534210386906489e-01
7.573087940764960946e-01 5.268397131324192850e-01
7.616860469791092436e-01 5.454595157137894779e-01
7.660886004501606950e-01 5.560330073512601556e-01
7.705166007272060691e-01 5.505501871683684545e-01
7.749701948930545203e-01 5.365490251649045472e-01
7.794495308806568268e-01 5.135816971758195848e-01
7.839547574780165728e-01 4.987284589231822385e-01
7.884860243331343055e-01 4.911541788559555255e-01
7.930434819589780027e-01 4.930423023626467338e-01
7.976272817384808533e-01 5.006843612224212148e-01
8.022375759295721220e-01 4.986969901980707331e-01
8.068745176702336597e-01 4.831562813353045827e-01
8.115382609835852801e-01 4.733041497042363988e-01
8.162289607830032212e-01 4.794865438530688806e-01
8.209467728772645856e-01 5.003430465885193579e-01
8.256918539757219788e-01 5.261982352743768132e-01
8.304643616935105666e-01 5.440773124800450944e-01
8.352644545567829981e-01 5.598068336934801659e-01
8.400922920079733069e-01 5.689521293451204054e-01
8.449480344110958940e-01 5.718980861497912072e-01
8.498318430570707127e-01 5.816751769748242928e-01
8.547438801690798726e-01 6.045359954327623742e-01
8.596843089079587719e-01 6.234075478150247207e-01
8.646532933776126528e-01 6.293720815592389606e-01
8.696509986304700179e-01 6.358304322205878822e-01
8.746775906729644667e-01 6.274161792599998178e-01
8.797332364710471753e-01 6.047006010718072311e-01
8.848181039557355687e-01 5.840014419619142805e-01
8.899323620286901937e-01 5.702278230477182408e-01
8.950761805678236760e-01 5.637815757421814622e-01
9.002497304329459826e-01 5.644424189695234073e-01
9.054531834714387717e-01 5.648466710536482749e-01
9.106867125239620497e-01 5.593396441591322876e-01
9.159504914301977996e-01 5.522470776532281134e-01
9.212446950346235841e-01 5.499401780354374880e-01
9.265694991923183466e-01 5.564493627911972773e-01
9.319250807748065135e-01 5.592718653665843531e-01
9.373116176759319629e-01 5.570859993069149363e-01
9.427292888177655206e-01 5.517968328170171910e-01
9.481782741565508710e-01 5.478656628492395431e-01
9.536587546886805544e-01 5.524213659769227069e-01
9.591709124567069367e-01 5.646748034011161987e-01
9.647149305553922582e-01 5.738660918048424930e-01
9.702909931377862174e-01 5.819366094603661832e-01
9.758992854213467405e-01 5.920259668653519158e-01
9.815399936940907288e-01 6.005031572761628800e-01
9.872133053207802211e-01 6.125847270478241846e-01
9.929194087491489684e-01 6.373336690124535853e-01
9.986584935161608723e-01 6.516519389381951743e-01
1.004430750254303728e+00 6.487011407911995597e-01
1.010236370697924935e+00 6.325576848089897730e-01
1.016075547689597958e+00 6.053227135605504516e-01
1.021948475186527761e+00 5.787945782915389081e-01
1.027855348266994762e+00 5.655414036772641317e-01
1.033796363136834096e+00 5.675989741653251208e-01
1.039771717135951290e+00 5.715374061465898770e-01
1.045781608744880131e+00 5.612931257872089130e-01
1.051826237591374280e+00 5.494875125280640482e-01
1.057905804457035748e+00 5.389769583408163811e-01
1.064020511283988890e+00 5.249903203643269123e-01
1.070170561181583713e+00 5.133614161000390474e-01
1.076356158433145582e+00 5.194300387042375400e-01
1.082577508502760022e+00 5.323636847250723392e-01
1.088834818042095476e+00 5.422497057524143793e-01
1.095128294897270704e+00 5.445275573162561278e-01
1.101458148115757263e+00 5.569649657487937278e-01
1.107824587953321727e+00 5.653646946824072428e-01
1.114227825881013212e+00 5.438812381158886211e-01
1.120668074592185315e+00 5.149445350402647170e-01
1.127145548009560017e+00 5.109964203743502242e-01
1.133660461292336441e+00 5.115483333993829929e-01
1.140213030843336250e+00 5.133033199921408496e-01
1.146803474316190341e+00 5.252565941921936155e-01
1.153432010622570836e+00 5.474928794902261808e-01
1.160098859939462601e+00 5.677321110792583614e-01
1.166804243716473621e+00 5.765409334393216678e-01
1.173548384683194445e+00 5.751248408093032616e-01
1.180331506856595603e+00 5.555222457359886290e-01
1.187153835548465874e+00 5.166414255251243759e-01
1.194015597372901416e+00 4.941848591513111066e-01
1.200917020253827294e+00 4.855358010879680664e-01
1.207858333432573428e+00 4.752092179090646185e-01
1.214839767475487387e+00 4.609030513391350614e-01
1.221861554281590267e+00 4.463814450357497243e-01
1.228923927090283863e+00 4.513099315224463060e-01
1.236027120489096909e+00 4.811204968877054733e-01
1.243171370421473965e+00 5.062083328150742689e-01
1.250356914194617142e+00 5.219935294652452429e-01
1.257583990487367132e+00 5.384589347120574132e-01
1.264852839358128644e+00 5.424336767607587095e-01
1.272163702252848472e+00 5.252348081517317357e-01
1.279516822013033517e+00 5.177258862058906619e-01
1.286912442883815677e+00 5.275247630713855163e-01
1.294350810522067352e+00 5.288803389223433182e-01
1.301832172004561583e+00 5.175854872784699801e-01
1.309356775836174380e+00 5.143272638938464203e-01
1.316924871958146337e+00 4.850903975940819013e-01
1.324536711756377994e+00 4.610337675819060066e-01
1.332192548069784932e+00 4.504239658769988996e-01
1.339892635198694837e+00 4.432176278264607916e-01
1.347637228913291185e+00 4.465920434268807471e-01
1.355426586462114891e+00 4.591262787059153805e-01
1.363260966580605249e+00 4.721398068751101462e-01
1.371140629499693731e+00 4.939258473369317337e-01
1.379065836954451285e+00 5.086943620988843007e-01
1.387036852192779834e+00 5.180526768128179693e-01
1.395053939984155722e+00 5.246877364690238910e-01
1.403117366628427343e+00 5.269002299114800003e-01
1.411227399964658957e+00 5.320368941181450317e-01
1.419384309380025577e+00 5.495504499782870589e-01
1.427588365818764915e+00 5.651758823317379887e-01
1.435839841791175742e+00 5.570157998432045954e-01
1.444139011382666204e+00 5.388050906882841939e-01
1.452486150262864761e+00 5.282558057624376913e-01
1.460881535694769973e+00 5.175225498282469694e-01
1.469325446543965796e+00 4.990092567780233801e-01
1.477818163287882181e+00 4.993699367812247658e-01
1.486359968025109168e+00 5.276675826699684935e-01
1.494951144484772509e+00 5.436536950266207535e-01
1.503591978035954568e+00 5.512836505305831469e-01
1.512282755697172298e+00 5.812273528097756659e-01
1.521023766145914724e+00 6.151627418358064370e-01
1.529815299728230382e+00 6.181837394465123925e-01
1.538657648468367833e+00 6.056277181270158794e-01
1.547551106078482119e+00 6.393815568158648377e-01
1.556495967968387184e+00 6.549004796381689975e-01
1.565492531255366693e+00 6.344700150273051564e-01
1.574541094774047689e+00 6.293745022304014780e-01
1.583641959086324214e+00 6.058044271218728793e-01
1.592795426491339539e+00 5.867077523215050716e-01
1.602001801035530804e+00 5.720045956809378662e-01
1.611261388522727822e+00 5.503492714618872794e-01
1.620574496524306296e+00 5.575919195798616501e-01
1.629941434389411858e+00 5.639461813812263191e-01
1.639362513255227638e+00 5.522954910764765746e-01
1.648838046057315765e+00 5.309209647122672404e-01
1.658368347540009280e+00 5.148525495360926074e-01
1.667953734266863997e+00 5.117589317905140156e-01
1.677594524631179640e+00 4.841003430886501868e-01
1.687291038866571835e+00 4.589519903822207869e-01
1.697043599057607821e+00 4.571195423122654256e-01
1.706852529150509445e+00 4.603971310661882921e-01
1.716718154963911225e+00 4.633939219652700170e-01
1.726640804199680579e+00 4.549578829642201838e-01
1.736620806453807120e+00 4.614041302697569624e-01
1.746658493227349673e+00 5.101685508368009048e-01
1.756754197937443251e+00 5.505816558934800709e-01
1.766908255928380411e+00 5.603708500743251886e-01
1.777121004482747679e+00 5.324677735850564808e-01
1.787392782832625482e+00 4.910525106671336792e-01
1.797723932170862682e+00 4.549699863200323269e-01
1.808114795662403074e+00 4.394704288670274739e-01
1.818565718455690483e+00 4.507580184974134818e-01
1.829077047694130043e+00 4.557131323668967005e-01
1.839649132527616748e+00 4.509565135327323060e-01
1.850282324124138622e+00 4.700362436349631579e-01
1.860976975681438272e+00 4.929140067910382506e-01
1.871733442438742401e+00 4.899777326710171854e-01
1.882552081688566581e+00 4.880073063448035486e-01
1.893433252788581767e+00 4.884575511810145820e-01
1.904377317173546302e+00 4.657831244025831263e-01
1.915384638367318981e+00 4.416393502285599348e-01
1.926455581994929611e+00 4.348300022486594751e-01
1.937590515794722412e+00 4.448903115996962199e-01
1.948789809630575354e+00 4.576932413777600184e-01
1.960053835504184105e+00 4.818394362229456163e-01
1.971382967567415045e+00 5.266557421240750658e-01
1.982777582134739092e+00 5.542707587450151907e-01
1.994238057695728816e+00 5.616683298173847927e-01
2.005764774927627947e+00 5.458637677979144565e-01
2.017358116708002580e+00 5.135114977121093549e-01
2.029018468127450348e+00 4.964554487016654694e-01
2.040746216502401289e+00 5.032817413797029404e-01
2.052541751387976898e+00 5.098877529819597632e-01
2.064405464590929995e+00 5.002534817555097657e-01
2.076337750182662312e+00 4.883365176228933180e-01
2.088339004512313135e+00 5.142473817454864538e-01
2.100409626219920778e+00 5.421964509868411053e-01
2.112550016249669760e+00 5.601650930255190897e-01
2.124760577863207711e+00 5.713098630573220094e-01
2.137041716653034662e+00 5.578412487095913974e-01
2.149393840555982482e+00 5.509713839506303890e-01
2.161817359866763155e+00 5.517992534881795974e-01
2.174312687251592546e+00 5.508963431445951242e-01
2.186880237761905654e+00 5.392504941821703035e-01
2.199520428848138476e+00 5.342348635336265916e-01
2.212233680373592026e+00 5.537551557874186292e-01
2.225020414628386511e+00 5.897432739591854656e-01
2.237881056343477670e+00 6.234608025805979947e-01
2.250816032704775704e+00 6.613636716418427319e-01
2.263825773367328598e+00 6.603590931094366345e-01
2.276910710469592924e+00 6.083437111712562961e-01
2.290071278647793029e+00 6.159760873463810960e-01
2.303307915050354371e+00 6.272733596614168405e-01
2.316621059352423018e+00 6.239812468805192580e-01
2.330011153770474852e+00 6.404055007175704084e-01
2.343478643077001600e+00 6.579045325507379971e-01
2.357023974615280792e+00 6.827406186772146945e-01
2.370647598314243876e+00 7.033550542964226437e-01
2.384349966703414481e+00 6.773836733947689037e-01
2.398131534927939956e+00 6.473552476248914944e-01
2.411992760763713051e+00 6.800076809348372109e-01
2.425934104632577970e+00 7.375446137945080860e-01
2.439956029617617261e+00 7.847041293808645346e-01
2.454059001478542612e+00 7.415484038971583702e-01
2.468243488667162033e+00 6.839654782854014403e-01
2.482509962342935861e+00 6.595094375314254354e-01
2.496858896388636673e+00 6.579553666451488647e-01
2.511290767426078485e+00 6.675557484753249504e-01
2.525806054831960523e+00 6.613806163399796878e-01
2.540405240753779381e+00 6.236738216428914239e-01
2.555088810125852206e+00 6.093240829920383295e-01
2.569857250685421590e+00 6.251383276961582913e-01
2.584711052988855506e+00 6.117326507986508011e-01
2.599650710427946265e+00 5.786106072831946889e-01
2.614676719246288084e+00 5.636097080896493861e-01
2.629789578555775442e+00 5.488048832602603344e-01
2.644989790353173831e+00 5.314486710256758339e-01
2.660277859536794409e+00 5.267138382319732637e-01
2.675654293923265481e+00 5.285608103289032300e-01
2.691119604264405218e+00 5.335861236620966785e-01
2.706674304264172548e+00 5.538132518953169381e-01
2.722318910595750374e+00 5.425014555533066440e-01
2.738053942918694972e+00 5.470837860637765004e-01
2.753879923896200843e+00 5.614528900839289571e-01
2.769797379212459720e+00 5.841006894795737203e-01
2.785806837590128815e+00 6.031925229376167152e-01
2.801908830807877226e+00 5.935195209725678822e-01
2.818103893718070019e+00 5.975523591291673764e-01
2.834392564264522019e+00 5.860444884230006091e-01
2.850775383500368410e+00 5.785525111752964911e-01
2.867252895606037466e+00 5.291635574483469773e-01
2.883825647907329426e+00 5.087572995491073113e-01
2.900494190893583735e+00 5.202167568320255064e-01
2.917259078235983960e+00 5.305965947765023394e-01
2.934120866805935979e+00 5.033204721183017760e-01
2.951080116693567401e+00 5.047438267618074015e-01
2.968137391226336685e+00 5.137463028148645527e-01
2.985293256987731514e+00 5.469337044517060820e-01
3.002548283836107057e+00 5.611551475309507486e-01
3.019903044923603730e+00 5.718085213167815040e-01
3.037358116715186629e+00 5.650863174987283966e-01
3.054914079007794214e+00 5.517435780514438060e-01
3.072571514949601568e+00 5.521623541625432230e-01
3.090331011059376021e+00 5.563525359447003549e-01
3.108193157245980220e+00 5.687076415577155819e-01
3.126158546827951579e+00 5.751950402730136025e-01
3.144227776553216724e+00 5.720941605139476804e-01
3.162401446618910317e+00 5.791020035291668533e-01
3.180680160691316427e+00 5.897360119456982464e-01
3.199064525925907621e+00 6.039865030788920119e-01
3.217555152987530587e+00 6.068719431045020984e-01
3.236152656070678812e+00 5.751199994669783377e-01
3.254857652919894928e+00 5.561951923191426062e-01
3.273670764850296955e+00 5.441983460381663029e-01
3.292592616768199143e+00 5.164937645842164748e-01
3.311623837191892683e+00 5.040321494400544777e-01
3.330765058272506351e+00 5.126085873685249927e-01
3.350016915815009710e+00 5.169900021725135630e-01
3.369380049299332214e+00 5.389696963273290509e-01
3.388855101901607103e+00 5.591193630833516393e-01
3.408442720515521884e+00 5.395191886811995241e-01
3.428143555773827789e+00 5.173482615045523758e-01
3.447958262069935831e+00 5.229012811511544179e-01
3.467887497579658529e+00 4.997572441672126775e-01
3.487931924283071528e+00 4.917060918809884051e-01
3.508092207986506228e+00 5.050270452878110605e-01
3.528369018344649444e+00 4.719388911686289156e-01
3.548763028882812254e+00 4.614912744316042592e-01
3.569274917019284565e+00 4.611790078516515012e-01
3.589905364087840223e+00 4.430118707776546927e-01
3.610655055360374899e+00 4.480517081378227462e-01
3.631524680069651456e+00 4.747904417979651459e-01
3.652514931432215839e+00 4.772837330952625079e-01
3.673626506671410219e+00 4.855527457861050222e-01
3.694860107040534913e+00 4.981838079116366891e-01
3.716216437846141751e+00 5.204757686464049904e-01
3.737696208471465109e+00 5.227996129623326826e-01
3.759300132399972405e+00 5.120397296453551572e-01
3.781028927239082016e+00 4.940275155257535800e-01
3.802883314743989107e+00 4.744902785738244200e-01
3.824864020841640233e+00 4.703073588051547294e-01
3.846971775654848713e+00 4.943470441191936682e-01
3.869207313526548564e+00 5.042451685023479069e-01
3.891571373044171445e+00 4.970485131364595355e-01
3.914064697064205678e+00 5.053151051561395324e-01
3.936688032736852527e+00 5.286431131484257140e-01
3.959442131530850340e+00 5.380934133665313812e-01
3.982327749258438132e+00 5.405915460061535560e-01
4.005345646100446189e+00 5.485555541305305871e-01
4.028496586631570509e+00 5.506470140148654879e-01
4.051781339845751617e+00 5.631812492939002324e-01
4.075200679181723906e+00 5.745874518112450424e-01
4.098755382548707082e+00 5.546992175407643444e-01
4.122446232352245943e+00 5.245933302936892639e-01
4.146274015520188705e+00 5.091736549890444330e-01
4.170239523528843861e+00 5.318311370693388218e-01
4.194343552429258715e+00 5.862357214448322695e-01
4.218586902873665778e+00 6.621624931254429525e-01
4.242970380142073950e+00 6.346176759682130575e-01
4.267494794169023997e+00 5.901572087279601808e-01
4.292160959570472833e+00 5.868408892354384232e-01
4.316969695670882068e+00 5.765167267276973817e-01
4.341921826530410478e+00 5.610534793421289024e-01
4.367018180972294772e+00 5.297880906082524932e-01
4.392259592610382235e+00 5.083603094784697740e-01
4.417646899876805477e+00 4.898107063608098666e-01
4.443180946049855251e+00 4.894548676999335157e-01
4.468862579281975833e+00 4.815271696429928583e-01
4.494692652627942486e+00 4.927276151115315139e-01
4.520672024073195239e+00 5.029380060746385661e-01
4.546801556562344082e+00 5.061163473109020483e-01
4.573082118027814502e+00 5.093309986146019597e-01
4.599514581418703507e+00 4.823356738112426489e-01
4.626099824729760002e+00 4.688888455039738612e-01
4.652838731030551678e+00 4.800263535222896172e-01
4.679732188494796219e+00 4.921490747037121083e-01
4.706781090429870140e+00 5.188708636657174411e-01
4.733986335306464177e+00 5.579477582407381675e-01
4.761348826788450062e+00 5.815759294571648530e-01
4.788869473762884077e+00 5.973562847650109031e-01
4.816549190370198019e+00 5.933161845949241897e-01
4.844388896034566017e+00 5.571029440050518922e-01
4.872389515494448098e+00 5.231312449115848029e-01
4.900551978833287414e+00 5.429759071011418525e-01
4.928877221510434836e+00 5.587732071071248585e-01
4.957366184392200559e+00 5.369484359067044910e-01
4.986019813783113541e+00 5.225986972558513965e-01
5.014839061457356806e+00 4.976657842828777767e-01
5.043824884690362609e+00 4.960657206445151512e-01
5.072978246290641202e+00 4.984016683162549310e-01
5.102300114631742822e+00 4.908152848932161305e-01
5.131791463684423960e+00 4.988301271120039737e-01
5.161453273049005475e+00 4.890966083678947030e-01
5.191286527987911903e+00 5.064407172466670604e-01
5.221292219458380401e+00 5.113619417198763673e-01
5.251471344145405951e+00 5.100886686884409382e-01
5.281824904494829553e+00 5.260142642660325940e-01
5.312353908746639597e+00 5.437238944903310944e-01
5.343059370968462396e+00 6.055139465823818901e-01
5.373942311089249912e+00 6.244411744013800281e-01
5.405003754933139781e+00 6.196070940900180180e-01
5.436244734253559585e+00 6.102584620607341970e-01
5.467666286767478567e+00 5.846162924371701708e-01
5.499269456189878724e+00 6.159155705673204917e-01
5.531055292268432844e+00 5.792327197719379095e-01
5.563024850818350409e+00 5.586981663010897048e-01
5.595179193757479297e+00 5.068594933577664774e-01
5.627519389141558470e+00 4.864629181431766591e-01
5.660046511199702479e+00 5.128312891154680475e-01
5.692761640370078702e+00 5.219233300015349020e-01
5.725665863335805739e+00 5.230198940381132200e-01
5.758760273061025892e+00 5.247361498922723522e-01
5.792045968827241431e+00 5.090937728406844665e-01
5.825524056269808071e+00 5.073242622209520603e-01
5.859195647414667363e+00 5.251863947284832745e-01
5.893061860715279821e+00 5.262999034631985484e-01
5.927123821089786304e+00 5.286503751619129332e-01
5.961382659958350594e+00 5.246683710997244177e-01
5.995839515280771082e+00 5.622323461982297044e-01
6.030495531594262104e+00 6.318290627890998934e-01
6.065351860051475086e+00 6.256442479691050051e-01
6.100409658458743500e+00 6.300038767326318068e-01
6.135670091314512575e+00 6.939967395824890861e-01
6.171134329848062094e+00 6.955774378515523493e-01
6.206803552058381079e+00 6.427680757720968252e-01
6.242678942753306259e+00 6.480257735368830652e-01
6.278761693588877257e+00 6.542880498340756246e-01
6.315053003108923591e+00 6.934181991746696250e-01
6.351554076784851510e+00 7.146111752016971463e-01
6.388266127055725718e+00 7.249474410652502199e-01
6.425190373368511843e+00 8.163447221449167124e-01
6.462328042218596025e+00 7.965605767344202670e-01
6.499680367190518560e+00 7.953962339052940145e-01
6.537248588998957999e+00 8.443833562192810671e-01
6.575033955529916874e+00 7.942512564454672352e-01
6.613037721882214726e+00 7.593354955986544308e-01
6.651261150409145451e+00 9.154857302731794766e-01
6.689705510760421525e+00 1.052072100612988503e+00
6.728372079924347382e+00 1.154042873330125785e+00
6.767262142270216607e+00 1.180871171823278054e+00
6.806376989591010229e+00 1.059227604569115799e+00
6.845717921146279750e+00 1.065204241669142293e+00
6.885286243705309062e+00 1.100504889230780492e+00
6.925083271590525058e+00 1.128117485180558210e+00
6.965110326721157818e+00 1.093961815078746902e+00
7.005368738657123728e+00 1.182091190089139987e+00
7.045859844643230119e+00 1.119996133430623653e+00
7.086584989653569089e+00 1.034268064213355487e+00
7.127545526436194656e+00 1.228221920431465719e+00
7.168742815558059256e+00 1.240039637046422838e+00
7.210178225450215805e+00 1.173168596184442913e+00
7.251853132453240036e+00 1.073591867246943554e+00
7.293768920862992111e+00 9.840052481967708209e-01
7.335926982976571864e+00 9.989746786652046184e-01
7.378328719138569802e+00 1.087607553277382122e+00
7.420975537787583676e+00 1.158264523837394311e+00
7.463868855503007715e+00 1.222027422926821316e+00
7.507010097052058128e+00 1.338193011340416572e+00
7.550400695437144982e+00 1.256875404981086186e+00
7.594042091943437711e+00 1.211226388200082660e+00
7.637935736186750368e+00 1.265408270828632942e+00
7.682083086161699548e+00 1.326689981976574728e+00
7.726485608290103890e+00 1.404950280657762507e+00
7.771144777469737974e+00 1.351673729043959105e+00
7.816062077123293150e+00 1.250148359820708155e+00
7.861238999247660786e+00 1.185860175089034962e+00
7.906677044463489068e+00 1.193981526838969520e+00
7.952377722065040011e+00 1.791178047307260712e+00
7.998342550070284496e+00 1.987320190256202768e+00
