2.511886431509579437e-02 1.271997121271676967e+00
2.526405161860213050e-02 1.274659033225525206e+00
2.541007810627042562e-02 1.275779122241880170e+00
2.555694862859406516e-02 1.278275514968615356e+00
2.570466806410236227e-02 1.278060113234700701e+00
2.585324131952258450e-02 1.276012663069177044e+00
2.600267332994290678e-02 1.272477807246307213e+00
2.615296905897638788e-02 1.268255933261583701e+00
2.630413349892583852e-02 1.263870807436419996e+00
2.645617167094958117e-02 1.259673874705097285e+00
2.660908862522835469e-02 1.255848793388111062e+00
2.676288944113292337e-02 1.252481724179027145e+00
2.691757922739292791e-02 1.249581736624536754e+00
2.707316312226650673e-02 1.247169237204694747e+00
2.722964629371095457e-02 1.245269167172901925e+00
2.738703393955444973e-02 1.243620777061787974e+00
2.754533128766867636e-02 1.241877156710417207e+00
2.770454359614242176e-02 1.240115397265664443e+00
2.786467615345633933e-02 1.238537296141406729e+00
2.802573427865854422e-02 1.237140585950972094e+00
2.818772332154127064e-02 1.235850442934158133e+00
2.835064866281864979e-02 1.234698610504384009e+00
2.851451571430539678e-02 1.233725901621759657e+00
2.867932991909653145e-02 1.232970861859722600e+00
2.884509675174826843e-02 1.232410817351545118e+00
2.901182171845980567e-02 1.231701125322963719e+00
2.917951035725619563e-02 1.230556095053207954e+00
2.934816823817239240e-02 1.228560794781158316e+00
2.951780096343814899e-02 1.225780978720325320e+00
2.968841416766421215e-02 1.222733611032103873e+00
2.986001351802944001e-02 1.219588745716952749e+00
3.003260471446899879e-02 1.216523238935349305e+00
3.020619348986378766e-02 1.213620983994185831e+00
3.038078561023081769e-02 1.210791285426551678e+00
3.055638687491469066e-02 1.207508109524360940e+00
3.073300311678033025e-02 1.203846280047815132e+00
3.091064020240668481e-02 1.200263809104816781e+00
3.108930403228154019e-02 1.196910344215769584e+00
3.126900054099761295e-02 1.193928730741058875e+00
3.144973569744963920e-02 1.191389257667541113e+00
3.163151550503255638e-02 1.189416631262219193e+00
3.181434600184106232e-02 1.188185440298897610e+00
3.199823326087009728e-02 1.186382867894034465e+00
3.218318339021652985e-02 1.182832140364455054e+00
3.236920253328214730e-02 1.178347249525688811e+00
3.255629686897762443e-02 1.173653759113026496e+00
3.274447261192782455e-02 1.169293574541263148e+00
3.293373601267822470e-02 1.165933307492197812e+00
3.312409335790250653e-02 1.163922135513438594e+00
3.331555097061136145e-02 1.163130817564637098e+00
3.350811521036261426e-02 1.163514005912337446e+00
3.370179247347232510e-02 1.164953796449555323e+00
3.389658919322740410e-02 1.167409376216179906e+00
3.409251184009919750e-02 1.171000916705869477e+00
3.428956692195841288e-02 1.175966493519265965e+00
3.448776098429136294e-02 1.182451219403427567e+00
3.468710061041735404e-02 1.190611544038776337e+00
3.488759242170727526e-02 1.200676473479263429e+00
3.508924307780367929e-02 1.212770713991892180e+00
3.529205927684192501e-02 1.224207412369413550e+00
3.549604775567258980e-02 1.229030143822424481e+00
3.570121529008542238e-02 1.226576831442472537e+00
3.590756869503420462e-02 1.219965131904634958e+00
3.611511482486330638e-02 1.211317319134637582e+00
3.632386057353523962e-02 1.202447302470707635e+00
3.653381287485973905e-02 1.194300582155395363e+00
3.674497870272393912e-02 1.187332902909931098e+00
3.695736507132423021e-02 1.181793677268320186e+00
3.717097903539903075e-02 1.177834820137639626e+00
3.738582769046329413e-02 1.175537957438109737e+00
3.760191817304411876e-02 1.174962041223222675e+00
3.781925766091774610e-02 1.173866893460268068e+00
3.803785337334809891e-02 1.170479417771129071e+00
3.825771257132654091e-02 1.165985457385671831e+00
3.847884255781295476e-02 1.161028950118966563e+00
3.870125067797849233e-02 1.156432957333233702e+00
3.892494431944945599e-02 1.152097714014871155e+00
3.914993091255265789e-02 1.147322597681988521e+00
3.937621793056233360e-02 1.142626839882653345e+00
3.960381288994833243e-02 1.139148668726603253e+00
3.983272335062570252e-02 1.137432257015305703e+00
4.006295691620595512e-02 1.137656728295911357e+00
4.029452123424955012e-02 1.137509348162180300e+00
4.052742399651988042e-02 1.135502710956766803e+00
4.076167293923887297e-02 1.133060735510178718e+00
4.099727584334383890e-02 1.130813755317449987e+00
4.123424053474603751e-02 1.129222049873155553e+00
4.147257488459059338e-02 1.127439883948347488e+00
4.171228680951784978e-02 1.124959362928322104e+00
4.195338427192649156e-02 1.122610350335318419e+00
4.219587528023795858e-02 1.120943821130822027e+00
4.243976788916238585e-02 1.120510750276320522e+00
4.268507019996626434e-02 1.120091283741855515e+00
4.293179036074151744e-02 1.119188863846087401e+00
4.317993656667604152e-02 1.118959857792136248e+00
4.342951706032609216e-02 1.119907625421359798e+00
4.368054013188996804e-02 1.122449365881550420e+00
4.393301411948334623e-02 1.126639496452854994e+00
4.418694740941636612e-02 1.127791328882629118e+00
4.444234843647213579e-02 1.121585491559220049e+00
4.469922568418681352e-02 1.111069352170848790e+00
4.495758768513159753e-02 1.099485273659596585e+00
4.521744302119593689e-02 1.088892043124350728e+00
4.547880032387276866e-02 1.080246497741026213e+00
4.574166827454511502e-02 1.074568961512375687e+00
4.600605560477452616e-02 1.071455839610643501e+00
4.627197109659098723e-02 1.070063664193554365e+00
4.653942358278480296e-02 1.069914016673150448e+00
4.680842194719982141e-02 1.071025036142814635e+00
4.707897512502866311e-02 1.073523696256222459e+00
4.735109210310945588e-02 1.077090295492511229e+00
4.762478192022426976e-02 1.081096767743320308e+00
4.790005366739954334e-02 1.085767584289254906e+00
4.817691648820784933e-02 1.091771624198786039e+00
4.845537957907175564e-02 1.099442193312813565e+00
4.873545218956924774e-02 1.106840676026107140e+00
4.901714362274099679e-02 1.111754102946029610e+00
4.930046323539925834e-02 1.115234541488752562e+00
4.958542043843887359e-02 1.118624284564564419e+00
4.987202469714965836e-02 1.122911912762798448e+00
5.016028553153097091e-02 1.127814002749357059e+00
5.045021251660784106e-02 1.130990611477927121e+00
5.074181528274907677e-02 1.132455343268545356e+00
5.103510351598705003e-02 1.134303263406864160e+00
5.133008695833959217e-02 1.137849456163097850e+00
5.162677540813340182e-02 1.144150523726764179e+00
5.192517872032970105e-02 1.151744001693916886e+00
5.222530680685147364e-02 1.160205888756745907e+00
5.252716963691266006e-02 1.171379570280224547e+00
5.283077723734942721e-02 1.185990609999642897e+00
5.313613969295318679e-02 1.203211411779435691e+00
5.344326714680543849e-02 1.207093177763241432e+00
5.375216980061491706e-02 1.190121788517455093e+00
5.406285791505632127e-02 1.162874602870612506e+00
5.437534181011107609e-02 1.131017820118000339e+00
5.468963186541032917e-02 1.100138281021358244e+00
5.500573852057948770e-02 1.072950047428008036e+00
5.532367227558519784e-02 1.049083535310286086e+00
5.564344369108398941e-02 1.028239449627385005e+00
5.596506338877313413e-02 1.011737409422864609e+00
5.628854205174332881e-02 1.002577167264818270e+00
5.661389042483377931e-02 1.003114537906268033e+00
5.694111931498885282e-02 1.014496819003642525e+00
5.727023959161724881e-02 1.034334185003827677e+00
5.760126218695296035e-02 1.048357971574995329e+00
5.793419809641841417e-02 1.042648691932925864e+00
5.826905837898961604e-02 1.019435187176965574e+00
5.860585415756369709e-02 9.988382466413977534e-01
5.894459661932811845e-02 9.819212746757580712e-01
5.928529701613251268e-02 9.655144647114948242e-01
5.962796666486229469e-02 9.491620720273780121e-01
5.997261694781454155e-02 9.345623692413234096e-01
6.031925931307623168e-02 9.233161313443160045e-01
6.066790527490428103e-02 9.159493920444414794e-01
6.101856641410823012e-02 9.123329103013513297e-01
6.137125437843479747e-02 9.104691184563231676e-01
6.172598088295483398e-02 9.097684959744328781e-01
6.208275771045231733e-02 9.097798329077968482e-01
6.244159671181598315e-02 9.069864125269272437e-01
6.280250980643269088e-02 8.985471993308260519e-01
6.316550898258359303e-02 8.878428668486137987e-01
6.353060629784218483e-02 8.776396268210868712e-01
6.389781387947492119e-02 8.696130779994323268e-01
6.426714392484385308e-02 8.643414039852099773e-01
6.463860870181208085e-02 8.611988060567317138e-01
6.501222054915094251e-02 8.599902889601380718e-01
6.538799187695008841e-02 8.606727723486459203e-01
6.576593516702965159e-02 8.630331218750139088e-01
6.614606297335466623e-02 8.671597656194802717e-01
6.652838792245242827e-02 8.732091532624673968e-01
6.691292271383147972e-02 8.810384394435897271e-01
6.729968012040381253e-02 8.904208854955689700e-01
6.768867298890894613e-02 9.017532840861421928e-01
6.807991424034069705e-02 9.146592490276274079e-01
6.847341687037629410e-02 9.245291832142552568e-01
6.886919394980822728e-02 9.291025021332601774e-01
6.926725862497820629e-02 9.302271259229608624e-01
6.966762411821400547e-02 9.275833530624949530e-01
7.007030372826857090e-02 9.211326379784251506e-01
7.047531083076181979e-02 9.117433897664275477e-01
7.088265887862478520e-02 9.016852624859588161e-01
7.129236140254673060e-02 8.923300250740530126e-01
7.170443201142430445e-02 8.827775250216148839e-01
7.211888439281383123e-02 8.740707601981251296e-01
7.253573231338585059e-02 8.680553833552299148e-01
7.295498961938230720e-02 8.646973836928371071e-01
7.337667023707672431e-02 8.631805020087447433e-01
7.380078817323644513e-02 8.627565007009342368e-01
7.422735751558823258e-02 8.625297620336558335e-01
7.465639243328600627e-02 8.604029533345847192e-01
7.508790717738160481e-02 8.566685674845098131e-01
7.552191608129793510e-02 8.526258170469362963e-01
7.595843356130543844e-02 8.489118376769164698e-01
7.639747411700059665e-02 8.462068453762854325e-01
7.683905233178781047e-02 8.447579852923766675e-01
7.728318287336367887e-02 8.447149049455936476e-01
7.772988049420428980e-02 8.463905036967809270e-01
7.817916003205507836e-02 8.497530381325193449e-01
7.863103641042397396e-02 8.551426162537263398e-01
7.908552463907676799e-02 8.635659577431180622e-01
7.954263981453599253e-02 8.765286073514229059e-01
8.000239712058217212e-02 8.958830199903050628e-01
8.046481182875830918e-02 9.219239559272266460e-01
8.092989929887701994e-02 9.441443453205076164e-01
8.139767497953076525e-02 9.529826185710188469e-01
8.186815440860513438e-02 9.524429805428962226e-01
8.234135321379483508e-02 9.366234237268837859e-01
8.281728711312283386e-02 9.089454346122123329e-01
8.329597191546232737e-02 8.802879344548982798e-01
8.377742352106211376e-02 8.581877165552749265e-01
8.426165792207447602e-02 8.434066228353975792e-01
8.474869120308657633e-02 8.337203469692652247e-01
8.523853954165466762e-02 8.273104448453055815e-01
8.573121920884146929e-02 8.217848235237313892e-01
8.622674656975649887e-02 8.167489577234786635e-01
8.672513808409994251e-02 8.114251338157824067e-01
8.722641030670905127e-02 8.048338407580000187e-01
8.773057988810836760e-02 7.975555295383641718e-01
8.823766357506258873e-02 7.898962973577005053e-01
8.874767821113291322e-02 7.819944548030490772e-01
8.926064073723644077e-02 7.745392874229359848e-01
8.977656819220893036e-02 7.683742630596369638e-01
9.029547771337091688e-02 7.639664633677453187e-01
9.081738653709675591e-02 7.619779652557139293e-01
9.134231199938727674e-02 7.636172858201366598e-01
9.187027153644546085e-02 7.703990393584329022e-01
9.240128268525588107e-02 7.838423749413678809e-01
9.293536308416693037e-02 8.006482449600410556e-01
9.347253047347692245e-02 8.119534349105410609e-01
9.401280269602330097e-02 8.154474777733008439e-01
9.455619769777530437e-02 8.105884681335252528e-01
9.510273352842993355e-02 8.018726337633443890e-01
9.565242834201181932e-02 7.967664789762353150e-01
9.620530039747586526e-02 7.984964950075693624e-01
9.676136805931405405e-02 8.081260862068820883e-01
9.732064979816532069e-02 8.245011527577265076e-01
9.788316419142908953e-02 8.420303191250176900e-01
9.844892992388228070e-02 8.551199423869983995e-01
9.901796578830000806e-02 8.531019682482209321e-01
9.959029068607995472e-02 8.343778891043724943e-01
1.001659236278700377e-01 8.109353782944610511e-01
1.007448837341998471e-01 7.871459573236138096e-01
1.013271902361159299e-01 7.667598837486149232e-01
1.019128624758204177e-01 7.502102284239661190e-01
1.025019199073136378e-01 7.357624405449879612e-01
1.030943820970401520e-01 7.228678125368667162e-01
1.036902687245389171e-01 7.102566078628433921e-01
1.042895995830967204e-01 6.973052951879024075e-01
1.048923945804057928e-01 6.849661769146131451e-01
1.054986737392250712e-01 6.734319809101620979e-01
1.061084571980452224e-01 6.632990298694915188e-01
1.067217652117575799e-01 6.550865553406686193e-01
1.073386181523270227e-01 6.489442048440974276e-01
1.079590365094685589e-01 6.449740107800530087e-01
1.085830408913279893e-01 6.429401649345659608e-01
1.092106520251663743e-01 6.426499394404496801e-01
1.098418907580486492e-01 6.441010669110313058e-01
1.104767780575359459e-01 6.477062117207574854e-01
1.111153350123821049e-01 6.537419950437077798e-01
1.117575828332342536e-01 6.613400077842063185e-01
1.124035428533372433e-01 6.705251911956533473e-01
1.130532365292423180e-01 6.793816035395466857e-01
1.137066854415197809e-01 6.859774313706746840e-01
1.143639112954759340e-01 6.899294863413368839e-01
1.150249359218739331e-01 6.915869459991417223e-01
1.156897812776589568e-01 6.928748216292829332e-01
1.163584694466876512e-01 6.942987404597912304e-01
1.170310226404614878e-01 6.974549427083061026e-01
1.177074631988646730e-01 7.038217644854829480e-01
1.183878135909062629e-01 7.138322766458233826e-01
1.190720964154663303e-01 7.269355042278407009e-01
1.197603344020467531e-01 7.428026761639815456e-01
1.204525504115261381e-01 7.597740654097681068e-01
1.211487674369193246e-01 7.762829077743067518e-01
1.218490086041408849e-01 7.930343605128332696e-01
1.225532971727734816e-01 8.109648543212072402e-01
1.232616565368404721e-01 8.322057326718456105e-01
1.239741102255828148e-01 8.585799744496664943e-01
1.246906819042407494e-01 8.881580335961307693e-01
1.254113953748399735e-01 9.171307005009617930e-01
1.261362745769819826e-01 9.479354158374021511e-01
1.268653435886395453e-01 9.810778068334824464e-01
1.275986266269562852e-01 1.015991026821006837e+00
1.283361480490512463e-01 1.047067828558181368e+00
1.290779323528278288e-01 1.066948274905149541e+00
1.298240041777875831e-01 1.065798709862048055e+00
1.305743883058487209e-01 1.046514586210022024e+00
1.313291096621690413e-01 1.025339462072894392e+00
1.320881933159741561e-01 1.009148053842545467e+00
1.328516644813900749e-01 1.001436671768407782e+00
1.336195485182806453e-01 1.001386789261606625e+00
1.343918709330900185e-01 1.006334226981620894e+00
1.351686573796898327e-01 1.013213478146846702e+00
1.359499336602315311e-01 1.013197606440137344e+00
1.367357257260030934e-01 9.984618604537156550e-01
1.375260596782912625e-01 9.724549353168857602e-01
1.383209617692485738e-01 9.431693690512106265e-01
1.391204584027652402e-01 9.177428949026134042e-01
1.399245761353461737e-01 8.962639409513327715e-01
1.407333416769932510e-01 8.756874068958200308e-01
1.415467818920924381e-01 8.576027307936966437e-01
1.423649238003061035e-01 8.477078553536683270e-01
1.431877945774705507e-01 8.449212371328170823e-01
1.440154215564987683e-01 8.468802592181022826e-01
1.448478322282882313e-01 8.472838540458577095e-01
1.456850542426340045e-01 8.428420435538742650e-01
1.465271154091474515e-01 8.402662922935919543e-01
1.473740436981796631e-01 8.430279692610426201e-01
1.482258672417506584e-01 8.534715522758846706e-01
1.490826143344838317e-01 8.692593656784780576e-01
1.499443134345459228e-01 8.805282774422134029e-01
1.508109931645919832e-01 8.831720503026792013e-01
1.516826823127164214e-01 8.798503288270510536e-01
1.525594098334091819e-01 8.690915790646920325e-01
1.534412048485173929e-01 8.510907962694617135e-01
1.543280966482127869e-01 8.306276315475881189e-01
1.552201146919646169e-01 8.124023774717522572e-01
1.561172886095181789e-01 8.008341706672094107e-01
1.570196482018790252e-01 7.948119916642957250e-01
1.579272234423027277e-01 7.840169637151722659e-01
1.588400444772908315e-01 7.688186708475025499e-01
1.597581416275917487e-01 7.530535313116369922e-01
1.606815453892082024e-01 7.347421165422352018e-01
1.616102864344102497e-01 7.171041156146503726e-01
1.625443956127538836e-01 7.017675121599409316e-01
1.634839039521058524e-01 6.873423981476904920e-01
1.644288426596743347e-01 6.741008599786333377e-01
1.653792431230455828e-01 6.614193663177537763e-01
1.663351369112262834e-01 6.493296605784707465e-01
1.672965557756923849e-01 6.394846676452434764e-01
1.682635316514438095e-01 6.335373124025316383e-01
1.692360966580649384e-01 6.303062863938148075e-01
1.702142831007917856e-01 6.250595536329932589e-01
1.711981234715850009e-01 6.167427793172223227e-01
1.721876504502090899e-01 6.118021437572264132e-01
1.731828969053178791e-01 6.145048686711847008e-01
1.741838958955464201e-01 6.232025639479832346e-01
1.751906806706090836e-01 6.321269978920601718e-01
1.762032846724038426e-01 6.421307078923822464e-01
1.772217415361232173e-01 6.669563245726917167e-01
1.782460850913716033e-01 7.131588628040066435e-01
1.792763493632887617e-01 7.858013970266529702e-01
1.803125685736800821e-01 8.469301417249034403e-01
1.813547771421535060e-01 8.401937359200629674e-01
1.824030096872625850e-01 7.925332680581479439e-01
1.834573010276564775e-01 7.414331746136202383e-01
1.845176861832364401e-01 7.051187096623153794e-01
1.855842003763193415e-01 6.780234389225493485e-01
1.866568790328071992e-01 6.563200136906630622e-01
1.877357577833641822e-01 6.398587864462528252e-01
1.888208724646001924e-01 6.284379597754410351e-01
1.899122591202609955e-01 6.223817699724355501e-01
1.910099540024255971e-01 6.212752852761170841e-01
1.921139935727104175e-01 6.222661332521235433e-01
1.932244145034804905e-01 6.200078161260309528e-01
1.943412536790674328e-01 6.106979264475808078e-01
1.954645481969946030e-01 5.993768647903714442e-01
1.965943353692096995e-01 5.926926088790047675e-01
1.977306527233236300e-01 5.923275596246866392e-01
1.988735380038573475e-01 5.990004786026893457e-01
2.000230291734956534e-01 6.143506863774353954e-01
2.011791644143479663e-01 6.374304153197014600e-01
2.023419821292166965e-01 6.614148315444081661e-01
2.035115209428728922e-01 6.804699491424829327e-01
2.046878197033392410e-01 6.920653645870991078e-01
2.058709174831803157e-01 6.950991279552838353e-01
2.070608535808005912e-01 6.957838787304645445e-01
2.082576675217497619e-01 7.046765692611225429e-01
2.094613990600355524e-01 7.235026808052461567e-01
2.106720881794442723e-01 7.427301197904525587e-01
2.118897750948690872e-01 7.549717404368120333e-01
2.131145002536455058e-01 7.625334749905459120e-01
2.143463043368951104e-01 7.707323451993320917e-01
2.155852282608767823e-01 7.834297105669212335e-01
2.168313131783459469e-01 8.049290709982569458e-01
2.180846004799212312e-01 8.390351013302703720e-01
2.193451317954595303e-01 8.840291224649915458e-01
2.206129489954388734e-01 9.359840206851588462e-01
2.218880941923488948e-01 9.951469411381057562e-01
2.231706097420899648e-01 1.053518543642251171e+00
2.244605382453801201e-01 1.096623831678543270e+00
2.257579225491697927e-01 1.123732706738346243e+00
2.270628057480653939e-01 1.139359535687171965e+00
2.283752311857605299e-01 1.158396514191864402e+00
2.296952424564759343e-01 1.173599341832879617e+00
2.310228834064072811e-01 1.166792647041182684e+00
2.323581981351817149e-01 1.149000463819848550e+00
2.337012309973229007e-01 1.133063002896851579e+00
2.350520266037238737e-01 1.125562487783282828e+00
2.364106298231291869e-01 1.136416467785898554e+00
2.377770857836252472e-01 1.167196241868938333e+00
2.391514398741393099e-01 1.198388680326424538e+00
2.405337377459470793e-01 1.217874601392328282e+00
2.419240253141889951e-01 1.240668639613823565e+00
2.433223487593957901e-01 1.281005448522646972e+00
2.447287545290218747e-01 1.302198711753156823e+00
2.461432893389885190e-01 1.272484609406325573e+00
2.475660001752356676e-01 1.238167712113743102e+00
2.489969342952823017e-01 1.220123848971729874e+00
2.504361392297964617e-01 1.217919949125784163e+00
2.518836627841739007e-01 1.227291058244399213e+00
2.533395530401260642e-01 1.243178636660595249e+00
2.548038583572773130e-01 1.254660682771572278e+00
2.562766273747711931e-01 1.254830736772031052e+00
2.577579090128856998e-01 1.250964842494934892e+00
2.592477524746588102e-01 1.256025649548588197e+00
2.607462072475227322e-01 1.269054053370403556e+00
2.622533231049470337e-01 1.280681212228438781e+00
2.637691501080930423e-01 1.274223694984350619e+00
2.652937386074759596e-01 1.248751873102297738e+00
2.668271392446371348e-01 1.233771249355215316e+00
2.683694029538270520e-01 1.228309114860479445e+00
2.699205809636965880e-01 1.219114861902341085e+00
2.714807247989985406e-01 1.215067576691422069e+00
2.730498862822996475e-01 1.218017446752713839e+00
2.746281175357012105e-01 1.227236640964252556e+00
2.762154709825712651e-01 1.242348773138356455e+00
2.778119993492854656e-01 1.258819069929457690e+00
2.794177556669779627e-01 1.267156250725283595e+00
2.810327932733039380e-01 1.262446888605911699e+00
2.826571658142107979e-01 1.257383814165585534e+00
2.842909272457196934e-01 1.262140791405085727e+00
2.859341318357184192e-01 1.263464945221991487e+00
2.875868341657639160e-01 1.255882804188202639e+00
2.892490891328946545e-01 1.249500110704316436e+00
2.909209519514548425e-01 1.250710895187582938e+00
2.926024781549284581e-01 1.266503243363521936e+00
2.942937235977828858e-01 1.286313400723633649e+00
2.959947444573255426e-01 1.283671895249840489e+00
2.977055972355692748e-01 1.251978364337668959e+00
2.994263387611086902e-01 1.213088148126081789e+00
3.011570261910088142e-01 1.183600784446528831e+00
3.028977170127025720e-01 1.159573287875039327e+00
3.046484690459013711e-01 1.140647411317313065e+00
3.064093404445150659e-01 1.123009410389728346e+00
3.081803896985833569e-01 1.112946748335913894e+00
3.099616756362194026e-01 1.101866029666019431e+00
3.117532574255635347e-01 1.080096850220622517e+00
3.135551945767480198e-01 1.049230915444017143e+00
3.153675469438748658e-01 1.010365640485830552e+00
3.171903747270033436e-01 9.844494108159119738e-01
3.190237384741493876e-01 9.798035355233780663e-01
3.208676990832974307e-01 9.881792618926411587e-01
3.227223178044230090e-01 9.969472461562960408e-01
3.245876562415266342e-01 9.868664450090993689e-01
3.264637763546810456e-01 9.604219142444222479e-01
3.283507404620888970e-01 9.326078819293837086e-01
3.302486112421523790e-01 9.118680960334307750e-01
3.321574517355558864e-01 8.992682282927711990e-01
3.340773253473591775e-01 8.950146108946289703e-01
3.360082958491044103e-01 8.958943569236690330e-01
3.379504273809338932e-01 8.953479167355280488e-01
3.399037844537201591e-01 8.947924070006960662e-01
3.418684319512097503e-01 8.995040365067408228e-01
3.438444351321779946e-01 9.146705859609912670e-01
3.458318596325960503e-01 9.406412329110568349e-01
3.478307714678123830e-01 9.640678720142586977e-01
3.498412370347446232e-01 9.694891935488847423e-01
3.518633231140849693e-01 9.564630571137419102e-01
3.538970968725191901e-01 9.325013147557629223e-01
3.559426258649572294e-01 9.124213383815900080e-01
3.579999780367765227e-01 9.081473145033924776e-01
3.600692217260801353e-01 9.101675560288428057e-01
3.621504256659661136e-01 8.893914919461252122e-01
3.642436589868098817e-01 8.567547281780755197e-01
3.663489912185618480e-01 8.384093026085821521e-01
3.684664922930561692e-01 8.459778393223342796e-01
3.705962325463332818e-01 8.748280673468349367e-01
3.727382827209774208e-01 9.015220106455182902e-01
3.748927139684648524e-01 8.934863922771726363e-01
3.770595978515288715e-01 8.609516609093983419e-01
3.792390063465359562e-01 8.351419984131006613e-01
3.814310118458763554e-01 8.255464180138797348e-01
3.836356871603694985e-01 8.281947256476911434e-01
3.858531055216822825e-01 8.170210441242127253e-01
3.880833405847607942e-01 7.822121239236363710e-01
3.903264664302779630e-01 7.459316697724232004e-01
3.925825575670940371e-01 7.210765770653675411e-01
3.948516889347303827e-01 7.031868962171035076e-01
3.971339359058604912e-01 6.832429630432974577e-01
3.994293742888124776e-01 6.659155940898838777e-01
4.017380803300868997e-01 6.606597917823711086e-01
4.040601307168905088e-01 6.687135492440990925e-01
4.063956025796829352e-01 6.778783261754911527e-01
4.087445734947380283e-01 6.773613620140964686e-01
4.111071214867221824e-01 6.684119868166188416e-01
4.134833250312844322e-01 6.643783059257365453e-01
4.158732630576643108e-01 6.691919678320564779e-01
4.182770149513134750e-01 6.771867732402920836e-01
4.206946605565314856e-01 6.785154618305433427e-01
4.231262801791195738e-01 6.687316883374813115e-01
4.255719545890473410e-01 6.542000071516101967e-01
4.280317650231349469e-01 6.467969896649711226e-01
4.305057931877529498e-01 6.475021469202069113e-01
4.329941212615355806e-01 6.495246558323301000e-01
4.354968318981098929e-01 6.562769333438801533e-01
4.380140082288422887e-01 6.676252036411628454e-01
4.405457338655994204e-01 6.774361857742983162e-01
4.430920929035247480e-01 6.937318937915952777e-01
4.456531699238333033e-01 7.195483584479112071e-01
4.482290499966203323e-01 7.391385793007629879e-01
4.508198186836865351e-01 7.462899168667230798e-01
4.534255620413813470e-01 7.513620608537403545e-01
4.560463666234608748e-01 7.576790001241159311e-01
4.586823194839622087e-01 7.602638209310894624e-01
4.613335081800964965e-01 7.562437443602438858e-01
4.640000207751556194e-01 7.515162431474896598e-01
4.666819458414390720e-01 7.494279800218557330e-01
4.693793724631949438e-01 7.488951441537515796e-01
4.720923902395786631e-01 7.549944143035399735e-01
4.748210892876304490e-01 7.612183907203313726e-01
4.775655602452679171e-01 7.614247229075546963e-01
4.803258942742961168e-01 7.642884322752806492e-01
4.831021830634371073e-01 7.666193057749022266e-01
4.858945188313745223e-01 7.619870348024051498e-01
4.887029943298164536e-01 7.589056563140919032e-01
4.915277028465775411e-01 7.650321351039537365e-01
4.943687382086768833e-01 7.889530645018224542e-01
4.972261947854541564e-01 8.202634070662935262e-01
5.001001674917054940e-01 8.295732967447437822e-01
5.029907517908354109e-01 8.134793861413245342e-01
5.058980436980275996e-01 7.893566593295779921e-01
5.088221397834349347e-01 7.683515891929091346e-01
5.117631371753864622e-01 7.375468738564687765e-01
5.147211335636141527e-01 7.015951907728092962e-01
5.176962272024980827e-01 6.744092245661319485e-01
5.206885169143288250e-01 6.541070442980261301e-01
5.236981020925914887e-01 6.308277853285551018e-01
5.267250827052667450e-01 6.050680053390586899e-01
5.297695592981502832e-01 5.893890264967588388e-01
5.328316329981945820e-01 5.884140502274618489e-01
5.359114055168668900e-01 5.990730349762183327e-01
5.390089791535270791e-01 6.114665705296544740e-01
5.421244567988269258e-01 6.246582261919104706e-01
5.452579419381275994e-01 6.353421521940676442e-01
5.484095386549359130e-01 6.340225331505073836e-01
5.515793516343632241e-01 6.305307576744204612e-01
5.547674861666017643e-01 6.343195608046421352e-01
5.579740481504216199e-01 6.356731906482939731e-01
5.611991440966896949e-01 6.357344100884592120e-01
5.644428811319066597e-01 6.476744683073384357e-01
5.677053670017649933e-01 6.662557020908014271e-01
5.709867100747291202e-01 6.618025546654541236e-01
5.742870193456336425e-01 6.558257233959962074e-01
5.776064044393048880e-01 6.663055845976026959e-01
5.809449756142023302e-01 6.839775963252794355e-01
5.843028437660793273e-01 7.106783417839811490e-01
5.876801204316687288e-01 7.265387115601036339e-01
5.910769177923870243e-01 7.287358092460310965e-01
5.944933486780595855e-01 7.111114126384828760e-01
5.979295265706701112e-01 6.800346109013084561e-01
6.013855656081297241e-01 6.552089942209989859e-01
6.048615805880666052e-01 6.467629788648794342e-01
6.083576869716416091e-01 6.543655263787234722e-01
6.118740008873820857e-01 6.744840483263337960e-01
6.154106391350390171e-01 7.023094175747363055e-01
6.189677191894675801e-01 7.333726149918738946e-01
6.225453592045292472e-01 7.621434844828272048e-01
6.261436780170150929e-01 7.741334252085078083e-01
6.297627951505950783e-01 7.628667808314452126e-01
6.334028308197864332e-01 7.520037312821381548e-01
6.370639059339481269e-01 7.367600906810127803e-01
6.407461421012968783e-01 7.162538456123563879e-01
6.444496616329448146e-01 6.920245516269890595e-01
6.481745875469649976e-01 6.658022247562447316e-01
6.519210435724759334e-01 6.519983746923371237e-01
6.556891541537508417e-01 6.506402100753396756e-01
6.594790444543533470e-01 6.548688862200814365e-01
6.632908403612935988e-01 6.571906901730120154e-01
6.671246684892090384e-01 6.596235960729089909e-01
6.709806561845721440e-01 6.649451525939324981e-01
6.748589315299192704e-01 6.739126668847922330e-01
6.787596233481042463e-01 6.922716967743225425e-01
6.826828612065795054e-01 7.153695648099708260e-01
6.866287754216984229e-01 7.332275022448156987e-01
6.905974970630435195e-01 7.458591133988941024e-01
6.945891579577818664e-01 7.677620686579853526e-01
6.986038906950429173e-01 7.959796958007793188e-01
7.026418286303216520e-01 8.051059271587339694e-01
7.067031058899108098e-01 7.843548043294170657e-01
7.107878573753529938e-01 7.635152534198612617e-01
7.148962187679240854e-01 7.552733028642923951e-01
7.190283265331394169e-01 7.378189602572028383e-01
7.231843179252852583e-01 7.104379987966661369e-01
7.273643309919801681e-01 6.987269466317379552e-01
7.315685045787596597e-01 7.070505231075271402e-01
7.357969783336865133e-01 7.293049233008997989e-01
7.400498927119919523e-01 7.649550439570790283e-01
7.443273889807401344e-01 8.049358731582753057e-01
7.486296092235191768e-01 8.272038776716846842e-01
7.529566963451627126e-01 8.305006578939122530e-01
7.573087940764960946e-01 8.257436806544119490e-01
7.616860469791092436e-01 8.247800413184788182e-01
7.660886004501606950e-01 8.419781692315436716e-01
7.705166007272060691e-01 8.813082584576510392e-01
7.749701948930545203e-01 9.237446674254720103e-01
7.794495308806568268e-01 9.474887406628637043e-01
7.839547574780165728e-01 9.358389079381007614e-01
7.884860243331343055e-01 9.327802033165154549e-01
7.930434819589780027e-01 9.536537650261628363e-01
7.976272817384808533e-01 9.669701269554218381e-01
8.022375759295721220e-01 9.675777865837278391e-01
8.068745176702336597e-01 9.856057780190315976e-01
8.115382609835852801e-01 9.379135667436978574e-01
8.162289607830032212e-01 8.359900010287217853e-01
8.209467728772645856e-01 7.797588115436843159e-01
8.256918539757219788e-01 7.553980091312955114e-01
8.304643616935105666e-01 7.331866892847056505e-01
8.352644545567829981e-01 7.135420511517071018e-01
8.400922920079733069e-01 7.076989956959433004e-01
8.449480344110958940e-01 7.058261343042239178e-01
8.498318430570707127e-01 7.211332617321871696e-01
8.547438801690798726e-01 7.368915991080343675e-01
8.596843089079587719e-01 7.275794420429113618e-01
8.646532933776126528e-01 7.051164422756425187e-01
8.696509986304700179e-01 6.821863608537802603e-01
8.746775906729644667e-01 6.671671915332605396e-01
8.797332364710471753e-01 6.650902653409905829e-01
8.848181039557355687e-01 6.562338529970972445e-01
8.899323620286901937e-01 6.374032066796280205e-01
8.950761805678236760e-01 6.327187858136567034e-01
9.002497304329459826e-01 6.474567991867512529e-01
9.054531834714387717e-01 6.497151163128438434e-01
9.106867125239620497e-01 6.367910122779764093e-01
9.159504914301977996e-01 6.112534361824127904e-01
9.212446950346235841e-01 5.704495456189960789e-01
9.265694991923183466e-01 5.364568846206217989e-01
9.319250807748065135e-01 5.117877176207342726e-01
9.373116176759319629e-01 5.007727531643507701e-01
9.427292888177655206e-01 5.029086314101131050e-01
9.481782741565508710e-01 5.079195559569652518e-01
9.536587546886805544e-01 5.060058816051357100e-01
9.591709124567069367e-01 5.019313877541432545e-01
9.647149305553922582e-01 5.038949446127740650e-01
9.702909931377862174e-01 5.146514269884602255e-01
9.758992854213467405e-01 5.314640991671518711e-01
9.815399936940907288e-01 5.423656942898963385e-01
9.872133053207802211e-01 5.539883183745859530e-01
9.929194087491489684e-01 5.557410082726478295e-01
9.986584935161608723e-01 5.445605245891509405e-01
1.004430750254303728e+00 5.283169664653281083e-01
1.010236370697924935e+00 5.249748385096447700e-01
1.016075547689597958e+00 5.078447321967634043e-01
1.021948475186527761e+00 4.900072012419733891e-01
1.027855348266994762e+00 4.915807675928853815e-01
1.033796363136834096e+00 4.958026415776087270e-01
1.039771717135951290e+00 4.863136283520086978e-01
1.045781608744880131e+00 4.710246400174276649e-01
1.051826237591374280e+00 4.476728246744276496e-01
1.057905804457035748e+00 4.219856010584603356e-01
1.064020511283988890e+00 4.077940278735066593e-01
1.070170561181583713e+00 4.063973176830719125e-01
1.076356158433145582e+00 4.137912656230197661e-01
1.082577508502760022e+00 4.211330636694936569e-01
1.088834818042095476e+00 4.096034024383881644e-01
1.095128294897270704e+00 3.977835157131663357e-01
1.101458148115757263e+00 3.975409053391785186e-01
1.107824587953321727e+00 3.996291684648123343e-01
1.114227825881013212e+00 3.931104317805589887e-01
1.120668074592185315e+00 3.881335180337986412e-01
1.127145548009560017e+00 3.883625240877497942e-01
1.133660461292336441e+00 3.915005872428825584e-01
1.140213030843336250e+00 4.029463551670949828e-01
1.146803474316190341e+00 4.238312538101063343e-01
1.153432010622570836e+00 4.367145448848636646e-01
1.160098859939462601e+00 4.380840464352250829e-01
1.166804243716473621e+00 4.312773516435282617e-01
1.173548384683194445e+00 4.145032250382738592e-01
1.180331506856595603e+00 3.846712185844577969e-01
1.187153835548465874e+00 3.718468795631927892e-01
1.194015597372901416e+00 3.865894277096328935e-01
1.200917020253827294e+00 3.971713213115147800e-01
1.207858333432573428e+00 3.898181863316769746e-01
1.214839767475487387e+00 3.690330527022681606e-01
1.221861554281590267e+00 3.543766652493938185e-01
1.228923927090283863e+00 3.590860273687657700e-01
1.236027120489096909e+00 3.742253681829429968e-01
1.243171370421473965e+00 3.938246585824858870e-01
1.250356914194617142e+00 4.090433579302105715e-01
1.257583990487367132e+00 4.175165819264035072e-01
1.264852839358128644e+00 4.328645223144768628e-01
1.272163702252848472e+00 4.579055407287008217e-01
1.279516822013033517e+00 4.853318499226932370e-01
1.286912442883815677e+00 5.096110264148618896e-01
1.294350810522067352e+00 5.213424850598451510e-01
1.301832172004561583e+00 5.176080992097703559e-01
1.309356775836174380e+00 5.268975824081654213e-01
1.316924871958146337e+00 5.508888007928904873e-01
1.324536711756377994e+00 5.689802790550321232e-01
1.332192548069784932e+00 5.599152671372427115e-01
1.339892635198694837e+00 5.437737414136949443e-01
1.347637228913291185e+00 5.456171267786681378e-01
1.355426586462114891e+00 5.258273758986115043e-01
1.363260966580605249e+00 5.073459071287509392e-01
1.371140629499693731e+00 4.929480017565739947e-01
1.379065836954451285e+00 4.978251504897319157e-01
1.387036852192779834e+00 5.086428523055832596e-01
1.395053939984155722e+00 4.917893671667814548e-01
1.403117366628427343e+00 4.716413691924248863e-01
1.411227399964658957e+00 4.699816421479471873e-01
1.419384309380025577e+00 4.851980741089990667e-01
1.427588365818764915e+00 5.150822304562892029e-01
1.435839841791175742e+00 5.389306034806288226e-01
1.444139011382666204e+00 5.706558778062194026e-01
1.452486150262864761e+00 6.080836296138610875e-01
1.460881535694769973e+00 6.172461391585802870e-01
1.469325446543965796e+00 6.003903866331058437e-01
1.477818163287882181e+00 5.874118653180914196e-01
1.486359968025109168e+00 5.795893812969874492e-01
1.494951144484772509e+00 5.535348410400291463e-01
1.503591978035954568e+00 5.289268934803068589e-01
1.512282755697172298e+00 5.227732060503716971e-01
1.521023766145914724e+00 5.335251536527123584e-01
1.529815299728230382e+00 5.520859809561202702e-01
1.538657648468367833e+00 5.552557875246719732e-01
1.547551106078482119e+00 5.564801763279751956e-01
1.556495967968387184e+00 5.789771868953358380e-01
1.565492531255366693e+00 6.020841244776752310e-01
1.574541094774047689e+00 6.155115883539007404e-01
1.583641959086324214e+00 5.964791446225536919e-01
1.592795426491339539e+00 5.688623749480474778e-01
1.602001801035530804e+00 5.501723066042908394e-01
1.611261388522727822e+00 5.319992024219288851e-01
1.620574496524306296e+00 5.218322405811665066e-01
1.629941434389411858e+00 5.317679289813048715e-01
1.639362513255227638e+00 5.363775260870743411e-01
1.648838046057315765e+00 5.188733009731836265e-01
1.658368347540009280e+00 4.993511017205153335e-01
1.667953734266863997e+00 4.875153432885840354e-01
1.677594524631179640e+00 4.670861893668023512e-01
1.687291038866571835e+00 4.576833368347679731e-01
1.697043599057607821e+00 4.635105205838223053e-01
1.706852529150509445e+00 4.714758499653116663e-01
1.716718154963911225e+00 4.685350494507111163e-01
1.726640804199680579e+00 4.760922492310994958e-01
1.736620806453807120e+00 5.123817729290037759e-01
1.746658493227349673e+00 5.530269464253255718e-01
1.756754197937443251e+00 5.691049853220352395e-01
1.766908255928380411e+00 6.046485388045936826e-01
1.777121004482747679e+00 6.543337829653044224e-01
1.787392782832625482e+00 6.863923631317941920e-01
1.797723932170862682e+00 6.775926354547203712e-01
1.808114795662403074e+00 6.383600438555427914e-01
1.818565718455690483e+00 6.067209302235180290e-01
1.829077047694130043e+00 5.822830366642546274e-01
1.839649132527616748e+00 5.773605401976410478e-01
1.850282324124138622e+00 5.976695226257652260e-01
1.860976975681438272e+00 6.204182131138048506e-01
1.871733442438742401e+00 6.449150587265606305e-01
1.882552081688566581e+00 6.798894981542502602e-01
1.893433252788581767e+00 7.071480207344568170e-01
1.904377317173546302e+00 7.096149374344454808e-01
1.915384638367318981e+00 6.980784740433216840e-01
1.926455581994929611e+00 6.880520901762718911e-01
1.937590515794722412e+00 6.847893207541360105e-01
1.948789809630575354e+00 6.702780460483199754e-01
1.960053835504184105e+00 6.780279736958948478e-01
1.971382967567415045e+00 7.492261826079780196e-01
1.982777582134739092e+00 7.975577969250369215e-01
1.994238057695728816e+00 7.837199360610375143e-01
2.005764774927627947e+00 7.517724578415141412e-01
2.017358116708002580e+00 7.391589857808180675e-01
2.029018468127450348e+00 7.271486385750823844e-01
2.040746216502401289e+00 7.221694574416492873e-01
2.052541751387976898e+00 7.184464085249383514e-01
2.064405464590929995e+00 7.216797019203279318e-01
2.076337750182662312e+00 7.345652603817581783e-01
2.088339004512313135e+00 7.082839814575214721e-01
2.100409626219920778e+00 6.963121798252231986e-01
2.112550016249669760e+00 7.102566078628433921e-01
2.124760577863207711e+00 7.166529056667663156e-01
2.137041716653034662e+00 7.493123433015437262e-01
2.149393840555982482e+00 7.674242280437405528e-01
2.161817359866763155e+00 7.427618632038714974e-01
2.174312687251592546e+00 6.795992726601339795e-01
2.186880237761905654e+00 6.269981692382232685e-01
2.199520428848138476e+00 6.067572084102825780e-01
2.212233680373592026e+00 6.228964667471573735e-01
2.225020414628386511e+00 6.063513461958542905e-01
2.237881056343477670e+00 5.813125951683031367e-01
2.250816032704775704e+00 5.880535357464892199e-01
2.263825773367328598e+00 6.181689655344032586e-01
2.276910710469592924e+00 6.345009517384647690e-01
2.290071278647793029e+00 6.121785299449086226e-01
2.303307915050354371e+00 6.058593232878601853e-01
2.316621059352423018e+00 6.052221876328079953e-01
2.330011153770474852e+00 6.121717277848902627e-01
2.343478643077001600e+00 6.295648509518144698e-01
2.357023974615280792e+00 6.271115385718625257e-01
2.370647598314243876e+00 5.989664678025975464e-01
2.384349966703414481e+00 6.136273900288173877e-01
2.398131534927939956e+00 6.468310004650629219e-01
2.411992760763713051e+00 6.379451120944232834e-01
2.425934104632577970e+00 6.071471989180013962e-01
2.439956029617617261e+00 6.141715628302855112e-01
2.454059001478542612e+00 6.346256580054678853e-01
2.468243488667162033e+00 6.362808502765999741e-01
2.482509962342935861e+00 6.547101691529865208e-01
2.496858896388636673e+00 6.857461579300507815e-01
2.511290767426078485e+00 7.198793969021376471e-01
2.525806054831960523e+00 7.275091530560550135e-01
2.540405240753779381e+00 7.258857041983419744e-01
2.555088810125852206e+00 7.130250869903123068e-01
2.569857250685421590e+00 6.943236817131918093e-01
2.584711052988855506e+00 6.929700518695398603e-01
2.599650710427946265e+00 6.536308930967414943e-01
2.614676719246288084e+00 5.957853243006818733e-01
2.629789578555775442e+00 5.783627251070114772e-01
2.644989790353173831e+00 5.965585031561011498e-01
2.660277859536794409e+00 6.148086984853378123e-01
2.675654293923265481e+00 6.416931022645349092e-01
2.691119604264405218e+00 6.441600189645236840e-01
2.706674304264172548e+00 6.344329301382812814e-01
2.722318910595750374e+00 6.426454046671040699e-01
2.738053942918694972e+00 6.612606492506588607e-01
2.753879923896200843e+00 7.033274741908160932e-01
2.769797379212459720e+00 7.790627238351396366e-01
2.785806837590128815e+00 7.986733511680464970e-01
2.801908830807877226e+00 7.493259476215805570e-01
2.818103893718070019e+00 7.125262619222999527e-01
2.834392564264522019e+00 7.035156672846571979e-01
2.850775383500368410e+00 7.661612936670000318e-01
2.867252895606037466e+00 8.298907308789335024e-01
2.883825647907329426e+00 8.281947256476911434e-01
2.900494190893583735e+00 8.071941902843678962e-01
2.917259078235983960e+00 8.230069449403619730e-01
2.934120866805935979e+00 7.854204760656253725e-01
2.951080116693567401e+00 7.491672305544856414e-01
2.968137391226336685e+00 7.690045965546707940e-01
2.985293256987731514e+00 7.566609435080359214e-01
3.002548283836107057e+00 7.242758596606653221e-01
3.019903044923603730e+00 6.965321163324831311e-01
3.037358116715186629e+00 6.816830010124222960e-01
3.054914079007794214e+00 6.738809234713732943e-01
3.072571514949601568e+00 6.636867529905374763e-01
3.090331011059376021e+00 6.305625010878393999e-01
3.108193157245980220e+00 6.301861149001573015e-01
3.126158546827951579e+00 6.492503020449232887e-01
3.144227776553216724e+00 6.788941154048981907e-01
3.162401446618910317e+00 7.258698324916323941e-01
3.180680160691316427e+00 7.133538580578659971e-01
3.199064525925907621e+00 6.990874611127104732e-01
3.217555152987530587e+00 7.116283767998775600e-01
3.236152656070678812e+00 6.932988229370935507e-01
3.254857652919894928e+00 7.163558780126316750e-01
3.273670764850296955e+00 7.173263195085831656e-01
3.292592616768199143e+00 6.598367304201506744e-01
3.311623837191892683e+00 5.955857942734769095e-01
3.330765058272506351e+00 6.034649629614006194e-01
3.350016915815009710e+00 6.322653084791000078e-01
3.369380049299332214e+00 5.908242822606309952e-01
3.388855101901607103e+00 5.602599099115058712e-01
3.408442720515521884e+00 5.581829837192359145e-01
3.428143555773827789e+00 5.679010029987870967e-01
3.447958262069935831e+00 5.776484983050844679e-01
3.467887497579658529e+00 5.660304089937404637e-01
3.487931924283071528e+00 5.775691397715370101e-01
3.508092207986506228e+00 5.974382491851413235e-01
3.528369018344649444e+00 5.797707722308100831e-01
3.548763028882812254e+00 5.950824344321189452e-01
3.569274917019284565e+00 6.055396217669977155e-01
3.589905364087840223e+00 5.701321114848063587e-01
3.610655055360374899e+00 5.350193614700768929e-01
3.631524680069651456e+00 5.441796036281233429e-01
3.652514931432215839e+00 6.003903866331058437e-01
3.673626506671410219e+00 6.401784879671154060e-01
3.694860107040534913e+00 6.235789501356653330e-01
3.716216437846141751e+00 6.410922447962471571e-01
3.737696208471465109e+00 6.667069120386854841e-01
3.759300132399972405e+00 6.536943799235794827e-01
3.781028927239082016e+00 6.254472767540392164e-01
3.802883314743989107e+00 6.073444615585336104e-01
3.824864020841640233e+00 6.212095310626063460e-01
3.846971775654848713e+00 6.772162492670382727e-01
3.869207313526548564e+00 7.180858940439657223e-01
3.891571373044171445e+00 7.054950958499973668e-01
3.914064697064205678e+00 6.845489777668209985e-01
3.936688032736852527e+00 6.697248037001607424e-01
3.959442131530850340e+00 6.504814930082448710e-01
3.982327749258438132e+00 6.730170491490427009e-01
4.005345646100446189e+00 6.990670546326555046e-01
4.028496586631570509e+00 7.244051007010140486e-01
4.051781339845751617e+00 7.462491039066129206e-01
4.075200679181723906e+00 7.411950990129779759e-01
4.098755382548707082e+00 7.274683400959449653e-01
4.122446232352245943e+00 7.738908148345198246e-01
4.146274015520188705e+00 7.740449971282691299e-01
4.170239523528843861e+00 7.689275054077961968e-01
4.194343552429258715e+00 7.764438922280744171e-01
4.218586902873665778e+00 7.125149249889359826e-01
4.242970380142073950e+00 7.164012257460874444e-01
4.267494794169023997e+00 7.644448819557027042e-01
4.292160959570472833e+00 7.305519859709308506e-01
4.316969695670882068e+00 7.381431965514109184e-01
4.341921826530410478e+00 7.512940392535568668e-01
4.367018180972294772e+00 7.421519361888926358e-01
4.392259592610382235e+00 7.062229269719609848e-01
4.417646899876805477e+00 6.873673394010911819e-01
4.443180946049855251e+00 6.888819536985106851e-01
4.468862579281975833e+00 6.870657769736109310e-01
4.494692652627942486e+00 6.956047551833146603e-01
4.520672024073195239e+00 6.932580099769833915e-01
4.546801556562344082e+00 6.741462077120889962e-01
4.573082118027814502e+00 6.636618117371368974e-01
4.599514581418703507e+00 6.590091342845846301e-01
4.626099824729760002e+00 6.571453424395563570e-01
4.652838731030551678e+00 6.528735859480316872e-01
4.679732188494796219e+00 6.587982673240155851e-01
4.706781090429870140e+00 6.815152143986362709e-01
4.733986335306464177e+00 6.997654097278728225e-01
4.761348826788450062e+00 6.779418130023290301e-01
4.788869473762884077e+00 6.521774982394870079e-01
4.816549190370198019e+00 6.357162709950768820e-01
4.844388896034566017e+00 6.933895184040048676e-01
4.872389515494448098e+00 7.166098253199835177e-01
4.900551978833287414e+00 7.060959533182851189e-01
4.928877221510434836e+00 7.110048454648619787e-01
4.957366184392200559e+00 6.998288965547108109e-01
4.986019813783113541e+00 6.659745461433763669e-01
5.014839061457356806e+00 6.353534891274315033e-01
5.043824884690362609e+00 6.567485497718191789e-01
5.072978246290641202e+00 6.607754285026831154e-01
5.102300114631742822e+00 6.604897377819123339e-01
5.131791463684423960e+00 6.922444881342489920e-01
5.161453273049005475e+00 6.906867934900466910e-01
5.191286527987911903e+00 6.711169791172498789e-01
5.221292219458380401e+00 6.765609745186037527e-01
5.251471344145405951e+00 6.609069369297045915e-01
5.281824904494829553e+00 6.743026573925111622e-01
5.312353908746639597e+00 6.911425382112761362e-01
5.343059370968462396e+00 7.203487459434039231e-01
5.373942311089249912e+00 7.273708424690152885e-01
5.405003754933139781e+00 6.818258463728076313e-01
5.436244734253559585e+00 6.988765941521416503e-01
5.467666286767478567e+00 7.950001847581368297e-01
5.499269456189878724e+00 7.980339481263215573e-01
5.531055292268432844e+00 7.422108882423851250e-01
5.563024850818350409e+00 7.118845914939021524e-01
5.595179193757479297e+00 7.287403440193767068e-01
5.627519389141558470e+00 7.222692224552518248e-01
5.660046511199702479e+00 7.166914512402037252e-01
5.692761640370078702e+00 6.968676895600551813e-01
5.725665863335805739e+00 6.703891479952862609e-01
5.758760273061025892e+00 6.451826103539490820e-01
5.792045968827241431e+00 6.477833028676320826e-01
5.825524056269808071e+00 6.558801406761429753e-01
5.859195647414667363e+00 6.812521975445934297e-01
5.893061860715279821e+00 7.136214096852545596e-01
5.927123821089786304e+00 7.006134123434939465e-01
5.961382659958350594e+00 6.825967578415541581e-01
5.995839515280771082e+00 6.774021749742065168e-01
6.030495531594262104e+00 6.542975047785398734e-01
6.065351860051475086e+00 6.873854784944735119e-01
6.100409658458743500e+00 7.186164625253971261e-01
6.135670091314512575e+00 7.133742645379210767e-01
6.171134329848062094e+00 7.269264346811495914e-01
6.206803552058381079e+00 7.674945170305969011e-01
6.242678942753306259e+00 7.435690528593824622e-01
6.278761693588877257e+00 7.632658408858551402e-01
6.315053003108923591e+00 7.937055069679772590e-01
6.351554076784851510e+00 7.317264922674329153e-01
6.388266127055725718e+00 7.309737198920687185e-01
6.425190373368511843e+00 7.457684179319827855e-01
6.462328042218596025e+00 7.528245252576858393e-01
6.499680367190518560e+00 7.170769069745769331e-01
6.537248588998957999e+00 6.603400902615086387e-01
6.575033955529916874e+00 6.487854877770025119e-01
6.613037721882214726e+00 6.320453719718399643e-01
6.651261150409145451e+00 6.159741352351486565e-01
6.689705510760421525e+00 5.990004786026893457e-01
6.728372079924347382e+00 5.991274522563652116e-01
6.767262142270216607e+00 6.235494741089192550e-01
6.806376989591010229e+00 5.978758548129885497e-01
6.845717921146279750e+00 5.756486632596892195e-01
6.885286243705309062e+00 6.159786700084941558e-01
6.925083271590525058e+00 6.267510240908898966e-01
6.965110326721157818e+00 6.262023165160761629e-01
7.005368738657123728e+00 6.583697312428594683e-01
7.045859844643230119e+00 6.503839953813150832e-01
7.086584989653569089e+00 6.516696036247834334e-01
7.127545526436194656e+00 6.363443371034379625e-01
7.168742815558059256e+00 6.257352348614827475e-01
7.210178225450215805e+00 6.559390927296352425e-01
7.251853132453240036e+00 6.664325582512786728e-01
7.293768920862992111e+00 6.807760463433087939e-01
7.335926982976571864e+00 7.130681673370953266e-01
7.378328719138569802e+00 7.547177931294603015e-01
7.420975537787583676e+00 7.723467245103541323e-01
7.463868855503007715e+00 7.906558718930830620e-01
7.507010097052058128e+00 9.151603414823128446e-01
7.550400695437144982e+00 1.129383034326923330e+00
7.594042091943437711e+00 1.217815649338835904e+00
7.637935736186750368e+00 1.194214421461829767e+00
7.682083086161699548e+00 9.745568027625562957e-01
7.726485608290103890e+00 9.291501172533884745e-01
7.771144777469737974e+00 9.286875703721407804e-01
7.816062077123293150e+00 8.499729746397792773e-01
7.861238999247660786e+00 8.218732516039700675e-01
7.906677044463489068e+00 8.232200792876035456e-01
7.952377722065040011e+00 1.121984551613629977e+00
7.998342550070284496e+00 1.287417618033279254e+00
