2.511886431509579437e-02 9.984808024896757450e-01
2.526405161860213050e-02 1.003664965872507420e+00
2.541007810627042562e-02 1.005991129307948428e+00
2.555694862859406516e-02 1.011428784860026742e+00
2.570466806410236227e-02 1.015479689133284458e+00
2.585324131952258450e-02 1.019754262967642156e+00
2.600267332994290678e-02 1.024153097669277868e+00
2.615296905897638788e-02 1.029337261052109431e+00
2.630413349892583852e-02 1.035455866156870242e+00
2.645617167094958117e-02 1.042767375587498435e+00
2.660908862522835469e-02 1.051376168472507366e+00
2.676288944113292337e-02 1.059025667462131226e+00
2.691757922739292791e-02 1.060462123087863029e+00
2.707316312226650673e-02 1.056068258820918482e+00
2.722964629371095457e-02 1.049586811983706403e+00
2.738703393955444973e-02 1.043000986017980747e+00
2.754533128766867636e-02 1.037757177418855870e+00
2.770454359614242176e-02 1.034600951389998746e+00
2.786467615345633933e-02 1.033939883576080465e+00
2.802573427865854422e-02 1.034233139222856090e+00
2.818772332154127064e-02 1.032379167083070870e+00
2.835064866281864979e-02 1.028353114983268757e+00
2.851451571430539678e-02 1.023437355073757438e+00
2.867932991909653145e-02 1.018899348200770660e+00
2.884509675174826843e-02 1.015534363914886606e+00
2.901182171845980567e-02 1.013665480471027891e+00
2.917951035725619563e-02 1.012959678744889791e+00
2.934816823817239240e-02 1.011821449200624778e+00
2.951780096343814899e-02 1.009882979671090419e+00
2.968841416766421215e-02 1.008217884049567470e+00
2.986001351802944001e-02 1.007502141454047040e+00
3.003260471446899879e-02 1.008401790133138576e+00
3.020619348986378766e-02 1.011453637033482345e+00
3.038078561023081769e-02 1.016553303026564992e+00
3.055638687491469066e-02 1.020634029907969254e+00
3.073300311678033025e-02 1.021091309899551769e+00
3.091064020240668481e-02 1.019098165588415261e+00
3.108930403228154019e-02 1.016737209110136320e+00
3.126900054099761295e-02 1.016235195206333763e+00
3.144973569744963920e-02 1.018630944727450638e+00
3.163151550503255638e-02 1.023104335949452715e+00
3.181434600184106232e-02 1.026111448937576665e+00
3.199823326087009728e-02 1.026399734149661125e+00
3.218318339021652985e-02 1.025519967209334027e+00
3.236920253328214730e-02 1.024769431570975664e+00
3.255629686897762443e-02 1.025341031560453864e+00
3.274447261192782455e-02 1.027970391512053050e+00
3.293373601267822470e-02 1.030102707994540845e+00
3.312409335790250653e-02 1.029242822792978185e+00
3.331555097061136145e-02 1.026931570661610227e+00
3.350811521036261426e-02 1.023979132455088870e+00
3.370179247347232510e-02 1.021170836854609520e+00
3.389658919322740410e-02 1.019679706447275347e+00
3.409251184009919750e-02 1.019132958631252972e+00
3.428956692195841288e-02 1.017781000395270086e+00
3.448776098429136294e-02 1.015902176082029262e+00
3.468710061041735404e-02 1.014614833497030633e+00
3.488759242170727526e-02 1.014704301321470714e+00
3.508924307780367929e-02 1.016762061283591700e+00
3.529205927684192501e-02 1.019272130802604259e+00
3.549604775567258980e-02 1.019142899500635080e+00
3.570121529008542238e-02 1.016871410846796220e+00
3.590756869503420462e-02 1.014918030013188588e+00
3.611511482486330638e-02 1.014888207405042042e+00
3.632386057353523962e-02 1.018079226476736876e+00
3.653381287485973905e-02 1.022483031613063531e+00
3.674497870272393912e-02 1.023054631602541509e+00
3.695736507132423021e-02 1.019262189933221929e+00
3.717097903539903075e-02 1.014073056115699201e+00
3.738582769046329413e-02 1.010618604005375287e+00
3.760191817304411876e-02 1.010956593564370953e+00
3.781925766091774610e-02 1.012398019624794143e+00
3.803785337334809891e-02 1.011175292690779992e+00
3.825771257132654091e-02 1.008695045779914201e+00
3.847884255781295476e-02 1.006726753642233296e+00
3.870125067797849233e-02 1.007596579713178064e+00
3.892494431944945599e-02 1.010807480523637558e+00
3.914993091255265789e-02 1.011016238780664489e+00
3.937621793056233360e-02 1.006120360609917386e+00
3.960381288994833243e-02 9.991170181301383124e-01
3.983272335062570252e-02 9.927200686826749276e-01
4.006295691620595512e-02 9.891065626622354001e-01
4.029452123424955012e-02 9.860895088047293422e-01
4.052742399651988042e-02 9.818795506213561231e-01
4.076167293923887297e-02 9.787730289394100947e-01
4.099727584334383890e-02 9.781020202561097054e-01
4.123424053474603751e-02 9.812930393278046504e-01
4.147257488459059338e-02 9.844492653566618845e-01
4.171228680951784978e-02 9.823020375701008167e-01
4.195338427192649156e-02 9.769936133199914607e-01
4.219587528023795858e-02 9.718790360228354297e-01
4.243976788916238585e-02 9.702238812706944771e-01
4.268507019996626434e-02 9.706911021316593224e-01
4.293179036074151744e-02 9.678927474005623033e-01
4.317993656667604152e-02 9.618486988161680795e-01
4.342951706032609216e-02 9.554616902380870247e-01
4.368054013188996804e-02 9.520320903012186031e-01
4.393301411948334623e-02 9.516692485687673342e-01
4.418694740941636612e-02 9.509485355385558503e-01
4.444234843647213579e-02 9.490050955743303263e-01
4.469922568418681352e-02 9.466689912695069875e-01
4.495758768513159753e-02 9.448597530419415857e-01
4.521744302119593689e-02 9.421906296128136349e-01
4.547880032387276866e-02 9.376178296969890358e-01
4.574166827454511502e-02 9.317626576308571940e-01
4.600605560477452616e-02 9.260068942585474305e-01
4.627197109659098723e-02 9.218217882486298143e-01
4.653942358278480296e-02 9.185760943953324986e-01
4.680842194719982141e-02 9.164089848700069929e-01
4.707897512502866311e-02 9.160908770497757647e-01
4.735109210310945588e-02 9.184468630933636524e-01
4.762478192022426976e-02 9.221746891116988643e-01
4.790005366739954334e-02 9.262504455584120722e-01
4.817691648820784933e-02 9.322447897958950902e-01
4.845537957907175564e-02 9.415047096254398618e-01
4.873545218956924774e-02 9.529913841966034527e-01
4.901714362274099679e-02 9.618337875120948066e-01
4.930046323539925834e-02 9.646222013738094958e-01
4.958542043843887359e-02 9.625246779341595227e-01
4.987202469714965836e-02 9.603327162353784141e-01
5.016028553153097091e-02 9.597561458112092714e-01
5.045021251660784106e-02 9.612572170879255529e-01
5.074181528274907677e-02 9.656461109201788240e-01
5.103510351598705003e-02 9.731912307812894403e-01
5.133008695833959217e-02 9.794241558839459350e-01
5.162677540813340182e-02 9.800454602203351184e-01
5.192517872032970105e-02 9.775304202666316167e-01
5.222530680685147364e-02 9.755621281289507118e-01
5.252716963691266006e-02 9.748463855334302819e-01
5.283077723734942721e-02 9.733055507791851246e-01
5.313613969295318679e-02 9.725500447061357079e-01
5.344326714680543849e-02 9.733005803444939597e-01
5.375216980061491706e-02 9.734496933852273548e-01
5.406285791505632127e-02 9.720082673248043870e-01
5.437534181011107609e-02 9.715708690719864205e-01
5.468963186541032917e-02 9.731166742609227427e-01
5.500573852057948770e-02 9.717647160249398564e-01
5.532367227558519784e-02 9.636032622621311106e-01
5.564344369108398941e-02 9.515151650933427740e-01
5.596506338877313413e-02 9.390393740186475657e-01
5.628854205174332881e-02 9.280745950900507468e-01
5.661389042483377931e-02 9.190781082991350548e-01
5.694111931498885282e-02 9.130986753657253097e-01
5.727023959161724881e-02 9.105538128038750401e-01
5.760126218695296035e-02 9.109613884485464608e-01
5.793419809641841417e-02 9.146494509893527969e-01
5.826905837898961604e-02 9.226170577992078847e-01
5.860585415756369709e-02 9.317179237186370422e-01
5.894459661932811845e-02 9.387510888065628833e-01
5.928529701613251268e-02 9.465596417063024681e-01
5.962796666486229469e-02 9.554815719768514626e-01
5.997261694781454155e-02 9.607253805759763399e-01
6.031925931307623168e-02 9.610782814390453899e-01
6.066790527490428103e-02 9.617294083835813412e-01
6.101856641410823012e-02 9.629918987951242570e-01
6.137125437843479747e-02 9.603426571047606330e-01
6.172598088295483398e-02 9.565949493476608723e-01
6.208275771045231733e-02 9.538860624410039346e-01
6.244159671181598315e-02 9.492237947007393650e-01
6.280250980643269088e-02 9.420017530945512529e-01
6.316550898258359303e-02 9.359676453795392481e-01
6.353060629784218483e-02 9.311662054679235023e-01
6.389781387947492119e-02 9.258229881749763246e-01
6.426714392484385308e-02 9.232184803968327413e-01
6.463860870181208085e-02 9.246300838491090524e-01
6.501222054915094251e-02 9.257136386117718052e-01
6.538799187695008841e-02 9.266182577255545061e-01
6.576593516702965159e-02 9.291680907220958296e-01
6.614606297335466623e-02 9.322497602305862552e-01
6.652838792245242827e-02 9.361913149406394519e-01
6.691292271383147972e-02 9.401129879119280996e-01
6.729968012040381253e-02 9.391735757553075770e-01
6.768867298890894613e-02 9.343522541049273933e-01
6.807991424034069705e-02 9.309922402537345043e-01
6.847341687037629410e-02 9.304902263499319481e-01
6.886919394980822728e-02 9.341186436744449706e-01
6.926725862497820629e-02 9.452772695559951144e-01
6.966762411821400547e-02 9.587173249607665593e-01
7.007030372826857090e-02 9.564408658722364232e-01
7.047531083076181979e-02 9.418973739660378985e-01
7.088265887862478520e-02 9.361565218978016301e-01
7.129236140254673060e-02 9.386417392433583640e-01
7.170443201142430445e-02 9.455655547680796857e-01
7.211888439281383123e-02 9.520420311706008221e-01
7.253573231338585059e-02 9.548006224241688544e-01
7.295498961938230720e-02 9.568931754291277736e-01
7.337667023707672431e-02 9.570770815126989906e-01
7.380078817323644513e-02 9.547310363384933218e-01
7.422735751558823258e-02 9.574349528104592055e-01
7.465639243328600627e-02 9.665109665564326491e-01
7.508790717738160481e-02 9.743244898908632878e-01
7.552191608129793510e-02 9.735988064259607500e-01
7.595843356130543844e-02 9.615156796918633564e-01
7.639747411700059665e-02 9.447354921746636824e-01
7.683905233178781047e-02 9.313401706821125003e-01
7.728318287336367887e-02 9.211358682612560411e-01
7.772988049420428980e-02 9.133372562308987863e-01
7.817916003205507836e-02 9.077554580727782430e-01
7.863103641042397396e-02 9.031130720712780002e-01
7.908552463907676799e-02 9.016766164455460864e-01
7.954263981453599253e-02 9.021388668718197668e-01
8.000239712058217212e-02 9.034262094568181745e-01
8.046481182875830918e-02 9.070446859119488670e-01
8.092989929887701994e-02 9.122835240763826903e-01
8.139767497953076525e-02 9.187649709135948806e-01
8.186815440860513438e-02 9.263051203400142208e-01
8.234135321379483508e-02 9.309325950374411907e-01
8.281728711312283386e-02 9.336066889012603065e-01
8.329597191546232737e-02 9.344019584518384880e-01
8.377742352106211376e-02 9.362509601569327655e-01
8.426165792207447602e-02 9.376029183929156519e-01
8.474869120308657633e-02 9.369020871014686058e-01
8.523853954165466762e-02 9.392381914062920556e-01
8.573121920884146929e-02 9.388206748922385270e-01
8.622674656975649887e-02 9.314694019840814576e-01
8.672513808409994251e-02 9.222989499789766565e-01
8.722641030670905127e-02 9.153801048889464997e-01
8.773057988810836760e-02 9.163145466108758574e-01
8.823766357506258873e-02 9.217571725976452246e-01
8.874767821113291322e-02 9.273439411904570440e-01
8.926064073723644077e-02 9.311214715557034616e-01
8.977656819220893036e-02 9.331394680402955721e-01
9.029547771337091688e-02 9.364348662405038715e-01
9.081738653709675591e-02 9.364597184139595853e-01
9.134231199938727674e-02 9.377719131724134849e-01
9.187027153644546085e-02 9.388107340228561970e-01
9.240128268525588107e-02 9.399439931324301556e-01
9.293536308416693037e-02 9.415643548417332864e-01
9.347253047347692245e-02 9.427522887329093937e-01
9.401280269602330097e-02 9.444919408747991518e-01
9.455619769777530437e-02 9.395861218346699406e-01
9.510273352842993355e-02 9.336514228134802362e-01
9.565242834201181932e-02 9.274184977108237415e-01
9.620530039747586526e-02 9.244610890696111083e-01
9.676136805931405405e-02 9.260168351279297605e-01
9.732064979816532069e-02 9.273737637986037008e-01
9.788316419142908953e-02 9.267375481581412444e-01
9.844892992388228070e-02 9.231439238764660438e-01
9.901796578830000806e-02 9.206288839227624310e-01
9.959029068607995472e-02 9.200970474108133290e-01
1.001659236278700377e-01 9.222840386749033836e-01
1.007448837341998471e-01 9.225275899747679142e-01
1.013271902361159299e-01 9.227512595358680070e-01
1.019128624758204177e-01 9.232781256131260550e-01
1.025019199073136378e-01 9.234023864804039583e-01
1.030943820970401520e-01 9.186009465687882125e-01
1.036902687245389171e-01 9.156833014051044550e-01
1.042895995830967204e-01 9.166773883433271264e-01
1.048923945804057928e-01 9.207183517472025125e-01
1.054986737392250712e-01 9.257981360015207217e-01
1.061084571980452224e-01 9.327070402221686596e-01
1.067217652117575799e-01 9.389151131513696624e-01
1.073386181523270227e-01 9.458588104148554221e-01
1.079590365094685589e-01 9.550242919852690582e-01
1.085830408913279893e-01 9.651788900592142006e-01
1.092106520251663743e-01 9.710787960375661942e-01
1.098418907580486492e-01 9.760939646408998138e-01
1.104767780575359459e-01 9.812433349808935557e-01
1.111153350123821049e-01 9.886194600625062279e-01
1.117575828332342536e-01 9.975364198983641684e-01
1.124035428533372433e-01 1.009375995332596698e+00
1.130532365292423180e-01 1.020052489049108946e+00
1.137066854415197809e-01 1.031409932318303690e+00
1.143639112954759340e-01 1.044944425982206271e+00
1.150249359218739331e-01 1.064572672577414059e+00
1.156897812776589568e-01 1.091790772945952392e+00
1.163584694466876512e-01 1.113108967336138733e+00
1.170310226404614878e-01 1.121901666304718992e+00
1.177074631988646730e-01 1.111394167367704577e+00
1.183878135909062629e-01 1.089240939949411180e+00
1.190720964154663303e-01 1.064020954326700297e+00
1.197603344020467531e-01 1.042101337338889211e+00
1.204525504115261381e-01 1.024421501142597890e+00
1.211487674369193246e-01 1.014495543064443783e+00
1.218490086041408849e-01 1.012089852673945023e+00
1.225532971727734816e-01 1.012631630055276455e+00
1.232616565368404721e-01 1.013909031770892533e+00
1.239741102255828148e-01 1.015101936096759694e+00
1.246906819042407494e-01 1.015151640443670900e+00
1.254113953748399735e-01 1.012815536138847561e+00
1.261362745769819826e-01 1.009525108373330315e+00
1.268653435886395453e-01 1.006408645822001846e+00
1.275986266269562852e-01 1.004509939769996585e+00
1.283361480490512463e-01 1.005265445843045891e+00
1.290779323528278288e-01 1.008153268398582991e+00
1.298240041777875831e-01 1.016006555210542395e+00
1.305743883058487209e-01 1.028860099321762478e+00
1.313291096621690413e-01 1.042697789501822792e+00
1.320881933159741561e-01 1.050779716309573564e+00
1.328516644813900749e-01 1.048334262441545706e+00
1.336195485182806453e-01 1.042205716467402565e+00
1.343918709330900185e-01 1.039163810436440905e+00
1.351686573796898327e-01 1.038378481755244831e+00
1.359499336602315311e-01 1.035480718330325622e+00
1.367357257260030934e-01 1.031578927097801524e+00
1.375260596782912625e-01 1.028333233244504319e+00
1.383209617692485738e-01 1.028074770640566404e+00
1.391204584027652402e-01 1.031052061020543587e+00
1.399245761353461737e-01 1.035987702668819344e+00
1.407333416769932510e-01 1.038900377397812047e+00
1.415467818920924381e-01 1.040729497364141887e+00
1.423649238003061035e-01 1.046142300742764597e+00
1.431877945774705507e-01 1.051381138907198531e+00
1.440154215564987683e-01 1.054259020593353080e+00
1.448478322282882313e-01 1.056962937065319075e+00
1.456850542426340045e-01 1.054964822319491180e+00
1.465271154091474515e-01 1.043433413836107437e+00
1.473740436981796631e-01 1.024724697658755845e+00
1.482258672417506584e-01 1.006011011046712866e+00
1.490826143344838317e-01 9.928145069418061741e-01
1.499443134345459228e-01 9.857614601151158951e-01
1.508109931645919832e-01 9.829879575574744788e-01
1.516826823127164214e-01 9.866263157513696092e-01
1.525594098334091819e-01 9.978048233716843018e-01
1.534412048485173929e-01 1.012373167451338318e+00
1.543280966482127869e-01 1.024928485481091611e+00
1.552201146919646169e-01 1.032071000132221972e+00
1.561172886095181789e-01 1.033149584460193449e+00
1.570196482018790252e-01 1.029307438443962663e+00
1.579272234423027277e-01 1.022473090743681423e+00
1.588400444772908315e-01 1.014455779586914907e+00
1.597581416275917487e-01 1.007641313625398327e+00
1.606815453892082024e-01 1.005349943232794807e+00
1.616102864344102497e-01 1.009003212730763321e+00
1.625443956127538836e-01 1.014420986544077197e+00
1.634839039521058524e-01 1.016205372598187218e+00
1.644288426596743347e-01 1.014674478713323946e+00
1.653792431230455828e-01 1.012069970935180363e+00
1.663351369112262834e-01 1.009286527508156839e+00
1.672965557756923849e-01 1.005275386712427999e+00
1.682635316514438095e-01 1.000036548547994286e+00
1.692360966580649384e-01 9.936048060576933016e-01
1.702142831007917856e-01 9.826599088678609206e-01
1.711981234715850009e-01 9.676839891435354835e-01
1.721876504502090899e-01 9.562768415274296441e-01
1.731828969053178791e-01 9.502924381593288450e-01
1.741838958955464201e-01 9.402968939954992056e-01
1.751906806706090836e-01 9.304057289601830316e-01
1.762032846724038426e-01 9.251072455794560057e-01
1.772217415361232173e-01 9.216478230344408162e-01
1.782460850913716033e-01 9.166525361698715235e-01
1.792763493632887617e-01 9.096293119513279013e-01
1.803125685736800821e-01 9.022084529574952994e-01
1.813547771421535060e-01 8.946484217923115212e-01
1.824030096872625850e-01 8.825802063622875115e-01
1.834573010276564775e-01 8.661181266653190658e-01
1.845176861832364401e-01 8.471708296227937751e-01
1.855842003763193415e-01 8.257432856694028045e-01
1.866568790328071992e-01 8.073924407898112054e-01
1.877357577833641822e-01 7.947029210233980123e-01
1.888208724646001924e-01 7.857660794487757450e-01
1.899122591202609955e-01 7.793343369584745384e-01
1.910099540024255971e-01 7.776990639450982457e-01
1.921139935727104175e-01 7.828732864585474793e-01
1.932244145034804905e-01 7.920039749861232936e-01
1.943412536790674328e-01 7.967656514202102747e-01
1.954645481969946030e-01 7.975857731442439480e-01
1.965943353692096995e-01 7.994496861534114984e-01
1.977306527233236300e-01 8.019597556724239462e-01
1.988735380038573475e-01 8.030184582616312072e-01
2.000230291734956534e-01 8.027947887005311145e-01
2.011791644143479663e-01 8.021237800172307253e-01
2.023419821292166965e-01 7.999318183184496167e-01
2.035115209428728922e-01 7.972925174974683227e-01
2.046878197033392410e-01 8.000312270122719172e-01
2.058709174831803157e-01 8.076260512202935171e-01
2.070608535808005912e-01 8.163938980154180625e-01
2.082576675217497619e-01 8.241378352641730576e-01
2.094613990600355524e-01 8.292772647347845805e-01
2.106720881794442723e-01 8.351920820172098470e-01
2.118897750948690872e-01 8.456896400848419315e-01
2.131145002536455058e-01 8.566345372746742015e-01
2.143463043368951104e-01 8.524046973525364335e-01
2.155852282608767823e-01 8.282881482312530741e-01
2.168313131783459469e-01 7.995938287594538396e-01
2.180846004799212312e-01 7.742346709653920023e-01
2.193451317954595303e-01 7.521609705021562453e-01
2.206129489954388734e-01 7.348240942995518665e-01
2.218880941923488948e-01 7.232976562508592888e-01
2.231706097420899648e-01 7.153399903103863089e-01
2.244605382453801201e-01 7.093704982463587827e-01
2.257579225491697927e-01 7.060253956992392776e-01
2.270628057480653939e-01 7.001950758065629277e-01
2.283752311857605299e-01 6.911389437993539220e-01
2.296952424564759343e-01 6.836335874157722925e-01
2.310228834064072811e-01 6.791403144550055559e-01
2.323581981351817149e-01 6.793838657548700866e-01
2.337012309973229007e-01 6.838721682809457691e-01
2.350520266037238737e-01 6.905574029404936143e-01
2.364106298231291869e-01 6.987635906155221788e-01
2.377770857836252472e-01 7.096239904156055323e-01
2.391514398741393099e-01 7.216673536721740501e-01
2.405337377459470793e-01 7.362903725334304372e-01
2.419240253141889951e-01 7.565647756384829004e-01
2.433223487593957901e-01 7.735139579351805184e-01
2.447287545290218747e-01 7.805868865006352353e-01
2.461432893389885190e-01 7.849956620716530553e-01
2.475660001752356676e-01 7.898120132873422961e-01
2.489969342952823017e-01 7.939374740809665987e-01
2.504361392297964617e-01 7.994795087615582663e-01
2.518836627841739007e-01 8.092513833642877019e-01
2.533395530401260642e-01 8.214388892268983389e-01
2.548038583572773130e-01 8.328112438001664675e-01
2.562766273747711931e-01 8.462165061620998685e-01
2.577579090128856998e-01 8.646816710395871519e-01
2.592477524746588102e-01 8.813574794282735825e-01
2.607462072475227322e-01 8.859153680400246866e-01
2.622533231049470337e-01 8.848815176242730285e-01
2.637691501080930423e-01 8.847920497998330580e-01
2.652937386074759596e-01 8.839520463370348358e-01
2.668271392446371348e-01 8.803534516206685812e-01
2.683694029538270520e-01 8.737924778283985283e-01
2.699205809636965880e-01 8.654421475473275116e-01
2.714807247989985406e-01 8.609439041518697211e-01
2.730498862822996475e-01 8.647462866905717416e-01
2.746281175357012105e-01 8.720627665558909891e-01
2.762154709825712651e-01 8.751146134562347578e-01
2.778119993492854656e-01 8.778632638404205712e-01
2.794177556669779627e-01 8.847125228447751955e-01
2.810327932733039380e-01 8.958512669875609014e-01
2.826571658142107979e-01 9.056430233290548859e-01
2.842909272457196934e-01 9.087992493579120090e-01
2.859341318357184192e-01 9.082375902378161392e-01
2.875868341657639160e-01 9.070745085200955238e-01
2.892490891328946545e-01 9.087644563150742982e-01
2.909209519514548425e-01 9.142120527365347193e-01
2.926024781549284581e-01 9.176217709346388141e-01
2.942937235977828858e-01 9.189140839543282757e-01
2.959947444573255426e-01 9.171744318124385176e-01
2.977055972355692748e-01 9.107327484527552031e-01
2.994263387611086902e-01 9.023327138247730916e-01
3.011570261910088142e-01 8.958711487263253392e-01
3.028977170127025720e-01 8.935648670296486573e-01
3.046484690459013711e-01 8.925658096567348210e-01
3.064093404445150659e-01 8.940867626722156514e-01
3.081803896985833569e-01 8.945838061413269315e-01
3.099616756362194026e-01 8.906671036047294487e-01
3.117532574255635347e-01 8.841806863328260935e-01
3.135551945767480198e-01 8.767399456002289426e-01
3.153675469438748658e-01 8.688916292229603711e-01
3.171903747270033436e-01 8.652383597249918568e-01
3.190237384741493876e-01 8.638665197502445325e-01
3.208676990832974307e-01 8.592738380956554956e-01
3.227223178044230090e-01 8.545767773125531042e-01
3.245876562415266342e-01 8.533639912479213940e-01
3.264637763546810456e-01 8.563561929319718491e-01
3.283507404620888970e-01 8.625443841224083030e-01
3.302486112421523790e-01 8.671768292545262158e-01
3.321574517355558864e-01 8.655564675452231960e-01
3.340773253473591775e-01 8.670177753444106017e-01
3.360082958491044103e-01 8.764218377799976034e-01
3.379504273809338932e-01 8.853636497893111468e-01
3.399037844537201591e-01 8.862036532521093690e-01
3.418684319512097503e-01 8.830424567885609699e-01
3.438444351321779946e-01 8.825752359275963466e-01
3.458318596325960503e-01 8.832810376537344466e-01
3.478307714678123830e-01 8.824460046256273893e-01
3.498412370347446232e-01 8.856072010891756774e-01
3.518633231140849693e-01 8.941861713660378408e-01
3.538970968725191901e-01 8.981674895536199132e-01
3.559426258649572294e-01 8.919445053203456375e-01
3.579999780367765227e-01 8.815662376853002913e-01
3.600692217260801353e-01 8.706511631036146781e-01
3.621504256659661136e-01 8.604269789439938920e-01
3.642436589868098817e-01 8.553670764284401207e-01
3.663489912185618480e-01 8.573303981314300826e-01
3.684664922930561692e-01 8.594726554833000964e-01
3.705962325463332818e-01 8.542189060147928892e-01
3.727382827209774208e-01 8.434181514310030714e-01
3.748927139684648524e-01 8.339295916056670421e-01
3.770595978515288715e-01 8.297693377692049177e-01
3.792390063465359562e-01 8.261458908793830602e-01
3.814310118458763554e-01 8.249032822066046933e-01
3.836356871603694985e-01 8.264888508730697803e-01
3.858531055216822825e-01 8.270505099931656501e-01
3.880833405847607942e-01 8.251567743758514428e-01
3.903264664302779630e-01 8.223733309488278076e-01
3.925825575670940371e-01 8.175172162556096911e-01
3.948516889347303827e-01 8.124225206972182090e-01
3.971339359058604912e-01 8.102703224759659761e-01
3.994293742888124776e-01 8.117316302751533819e-01
4.017380803300868997e-01 8.222689518203143422e-01
4.040601307168905088e-01 8.410770766914884566e-01
4.063956025796829352e-01 8.535379564621103921e-01
4.087445734947380283e-01 8.557199772915092817e-01
4.111071214867221824e-01 8.561623459790184132e-01
4.134833250312844322e-01 8.635583527993955233e-01
4.158732630576643108e-01 8.708052465790392382e-01
4.182770149513134750e-01 8.743541369484943981e-01
4.206946605565314856e-01 8.813972429058024582e-01
4.231262801791195738e-01 8.855177332647357069e-01
4.255719545890473410e-01 8.776594760180849164e-01
4.280317650231349469e-01 8.649649858169807803e-01
4.305057931877529498e-01 8.529713269073233572e-01
4.329941212615355806e-01 8.407390871324927906e-01
4.354968318981098929e-01 8.238445796173973212e-01
4.380140082288422887e-01 8.087642807645586407e-01
4.405457338655994204e-01 7.984108653029687863e-01
4.430920929035247480e-01 7.937883610402332035e-01
4.456531699238333033e-01 8.017460269807060724e-01
4.482290499966203323e-01 8.127605102562138750e-01
4.508198186836865351e-01 8.157775641137199329e-01
4.534255620413813470e-01 8.145747189184704418e-01
4.560463666234608748e-01 8.146343641347637554e-01
4.586823194839622087e-01 8.137645380638188763e-01
4.613335081800964965e-01 8.078596616507758288e-01
4.640000207751556194e-01 7.980032896582974766e-01
4.666819458414390720e-01 7.846278499045106214e-01
4.693793724631949438e-01 7.750100587772057459e-01
4.720923902395786631e-01 7.679222189076776450e-01
4.748210892876304490e-01 7.606852659974161490e-01
4.775655602452679171e-01 7.571314051932698241e-01
4.803258942742961168e-01 7.576035964889256125e-01
4.831021830634371073e-01 7.560279686918426334e-01
4.858945188313745223e-01 7.495067583771015673e-01
4.887029943298164536e-01 7.415490924366285874e-01
4.915277028465775411e-01 7.403213950679234934e-01
4.943687382086768833e-01 7.480703027513696535e-01
4.972261947854541564e-01 7.592637216757577301e-01
5.001001674917054940e-01 7.655562919947075384e-01
5.029907517908354109e-01 7.636476450733199473e-01
5.058980436980275996e-01 7.617389981519322451e-01
5.088221397834349347e-01 7.648554607032604924e-01
5.117631371753864622e-01 7.617191164131678072e-01
5.147211335636141527e-01 7.515446366004581158e-01
5.176962272024980827e-01 7.423244802484423310e-01
5.206885169143288250e-01 7.314193465361390478e-01
5.236981020925914887e-01 7.231783658182725505e-01
5.267250827052667450e-01 7.178351485253253728e-01
5.297695592981502832e-01 7.128150094873005882e-01
5.328316329981945820e-01 7.072530930679443717e-01
5.359114055168668900e-01 7.028443174969265517e-01
5.390089791535270791e-01 7.012836010039169565e-01
5.421244567988269258e-01 7.028592288009999356e-01
5.452579419381275994e-01 7.083366478306071246e-01
5.484095386549359130e-01 7.163986928995934589e-01
5.515793516343632241e-01 7.194405989305551197e-01
5.547674861666017643e-01 7.153996355266797336e-01
5.579740481504216199e-01 7.073972356739867129e-01
5.611991440966896949e-01 7.070642165496819898e-01
5.644428811319066597e-01 7.149672077085527100e-01
5.677053670017649933e-01 7.212150441152825886e-01
5.709867100747291202e-01 7.256089083822271357e-01
5.742870193456336425e-01 7.328458612924886317e-01
5.776064044393048880e-01 7.385817429260338463e-01
5.809449756142023302e-01 7.420014019935199379e-01
5.843028437660793273e-01 7.419019932996976374e-01
5.876801204316687288e-01 7.319163900052503280e-01
5.910769177923870243e-01 7.165627172444002380e-01
5.944933486780595855e-01 7.029984009723511118e-01
5.979295265706701112e-01 6.941261750487132121e-01
6.013855656081297241e-01 6.908655698913426235e-01
6.048615805880666052e-01 6.915912533562452724e-01
6.083576869716416091e-01 6.958857089293674081e-01
6.118740008873820857e-01 7.040918966043960836e-01
6.154106391350390171e-01 7.099918025827480772e-01
6.189677191894675801e-01 7.107870721333261477e-01
6.225453592045292472e-01 7.079390130553180338e-01
6.261436780170150929e-01 7.090822130342742113e-01
6.297627951505950783e-01 7.158270929101153701e-01
6.334028308197864332e-01 7.170647311482027941e-01
6.370639059339481269e-01 7.127653051403893825e-01
6.407461421012968783e-01 7.069300148130219785e-01
6.444496616329448146e-01 7.034755627026979541e-01
6.481745875469649976e-01 7.023820670706529823e-01
6.519210435724759334e-01 7.001205192861963411e-01
6.556891541537508417e-01 6.966511558717989328e-01
6.594790444543533470e-01 6.907413090240647202e-01
6.632908403612935988e-01 6.845083839214082255e-01
6.671246684892090384e-01 6.860541891103446588e-01
6.709806561845721440e-01 6.928984776800081180e-01
6.748589315299192704e-01 6.963330480515675935e-01
6.787596233481042463e-01 6.965268950045211405e-01
6.826828612065795054e-01 6.954284289377850037e-01
6.866287754216984229e-01 7.020639592504216431e-01
6.905974970630435195e-01 7.174424841847273360e-01
6.945891579577818664e-01 7.280891552930928157e-01
6.986038906950429173e-01 7.285315239806019472e-01
7.026418286303216520e-01 7.273485605241168939e-01
7.067031058899108098e-01 7.323885813009061163e-01
7.107878573753529938e-01 7.393123968256274381e-01
7.148962187679240854e-01 7.333478751962910769e-01
7.190283265331394169e-01 7.264489118450253580e-01
7.231843179252852583e-01 7.266526996673610128e-01
7.273643309919801681e-01 7.268415761856232837e-01
7.315685045787596597e-01 7.221494858372119463e-01
7.357969783336865133e-01 7.184316006882590644e-01
7.400498927119919523e-01 7.224576527880610666e-01
7.443273889807401344e-01 7.276517570402747381e-01
7.486296092235191768e-01 7.246347031827687912e-01
7.529566963451627126e-01 7.184216598188767344e-01
7.573087940764960946e-01 7.105236390946971792e-01
7.616860469791092436e-01 6.982913993198663904e-01
7.660886004501606950e-01 6.869538377894361947e-01
7.705166007272060691e-01 6.835490900260232650e-01
7.749701948930545203e-01 6.866655525773516233e-01
7.794495308806568268e-01 6.900205959938533473e-01
7.839547574780165728e-01 6.919342133499319925e-01
7.884860243331343055e-01 6.929432115922281588e-01
7.930434819589780027e-01 6.909798898892381969e-01
7.976272817384808533e-01 6.794186587977077973e-01
8.022375759295721220e-01 6.612815426098341831e-01
8.068745176702336597e-01 6.464746176650065790e-01
8.115382609835852801e-01 6.398490282217520475e-01
8.162289607830032212e-01 6.473046802584225823e-01
8.209467728772645856e-01 6.653175355790184042e-01
8.256918539757219788e-01 6.820032848370869427e-01
8.304643616935105666e-01 6.904878168548179707e-01
8.352644545567829981e-01 6.941808498303154717e-01
8.400922920079733069e-01 7.018999349056149750e-01
8.449480344110958940e-01 7.124124042773203325e-01
8.498318430570707127e-01 7.203452180443377095e-01
8.547438801690798726e-01 7.275722300852169866e-01
8.596843089079587719e-01 7.322742613030105430e-01
8.646532933776126528e-01 7.281338892053128564e-01
8.696509986304700179e-01 7.216077084558806254e-01
8.746775906729644667e-01 7.198034406630062776e-01
8.797332364710471753e-01 7.141520564192102016e-01
8.848181039557355687e-01 7.107622199598706558e-01
8.899323620286901937e-01 7.128995068770495047e-01
8.950761805678236760e-01 7.102105017091570049e-01
9.002497304329459826e-01 7.028542583663087706e-01
9.054531834714387717e-01 6.980677297587662977e-01
9.106867125239620497e-01 6.976104497671838933e-01
9.159504914301977996e-01 6.989425262644022308e-01
9.212446950346235841e-01 6.929879455044481995e-01
9.265694991923183466e-01 6.905971664180224900e-01
9.319250807748065135e-01 6.955029854581517013e-01
9.373116176759319629e-01 7.133468459992496902e-01
9.427292888177655206e-01 7.465244975624333312e-01
9.481782741565508710e-01 7.881916515780391652e-01
9.536587546886805544e-01 8.153004023833730907e-01
9.591709124567069367e-01 8.280843604089174192e-01
9.647149305553922582e-01 8.302067360220228842e-01
9.702909931377862174e-01 8.227610248547346794e-01
9.758992854213467405e-01 8.012440130769036273e-01
9.815399936940907288e-01 7.762626083193663318e-01
9.872133053207802211e-01 7.522007339796851211e-01
9.929194087491489684e-01 7.302065604715072267e-01
9.986584935161608723e-01 7.242668910156263573e-01
1.004430750254303728e+00 7.292025326639022254e-01
1.010236370697924935e+00 7.377417394632355130e-01
1.016075547689597958e+00 7.489749218651524654e-01
1.021948475186527761e+00 7.623354503148659367e-01
1.027855348266994762e+00 7.710287405896237845e-01
1.033796363136834096e+00 7.602180451364514147e-01
1.039771717135951290e+00 7.387407968361493493e-01
1.045781608744880131e+00 7.309620665445565324e-01
1.051826237591374280e+00 7.316330752278568106e-01
1.057905804457035748e+00 7.297293987411602734e-01
1.064020511283988890e+00 7.242718614503175223e-01
1.070170561181583713e+00 7.165080424627979783e-01
1.076356158433145582e+00 7.141868494620479124e-01
1.082577508502760022e+00 7.171989328848628054e-01
1.088834818042095476e+00 7.207726754277735681e-01
1.095128294897270704e+00 7.218214371475984992e-01
1.101458148115757263e+00 7.255293814271692732e-01
1.107824587953321727e+00 7.300673883001560505e-01
1.114227825881013212e+00 7.360319099294924117e-01
1.120668074592185315e+00 7.450731306326281445e-01
1.127145548009560017e+00 7.573600451890611929e-01
1.133660461292336441e+00 7.569127060668608964e-01
1.140213030843336250e+00 7.429954889317427202e-01
1.146803474316190341e+00 7.300624178654648855e-01
1.153432010622570836e+00 7.244358857951243014e-01
1.160098859939462601e+00 7.276666683443481221e-01
1.166804243716473621e+00 7.432241289275338669e-01
1.173548384683194445e+00 7.638762850691110939e-01
1.180331506856595603e+00 7.833802707970410895e-01
1.187153835548465874e+00 7.943897836378578381e-01
1.194015597372901416e+00 8.004139504834876240e-01
1.200917020253827294e+00 8.066766981942907755e-01
1.207858333432573428e+00 8.115427537568911109e-01
1.214839767475487387e+00 8.185610075407435682e-01
1.221861554281590267e+00 8.581157268126260451e-01
1.228923927090283863e+00 9.389697879329719221e-01
1.236027120489096909e+00 1.013078969177476418e+00
1.243171370421473965e+00 1.048985389386081657e+00
1.250356914194617142e+00 1.072515427213813544e+00
1.257583990487367132e+00 1.033497514888571445e+00
1.264852839358128644e+00 9.586129458322530938e-01
1.272163702252848472e+00 9.270208629355346508e-01
1.279516822013033517e+00 9.014728286232104315e-01
1.286912442883815677e+00 8.714066691766639838e-01
1.294350810522067352e+00 8.461320087723509520e-01
1.301832172004561583e+00 8.229151083301592395e-01
1.309356775836174380e+00 8.135110458945721268e-01
1.316924871958146337e+00 7.997230600614227969e-01
1.324536711756377994e+00 7.782309004570473476e-01
1.332192548069784932e+00 7.535129287381391316e-01
1.339892635198694837e+00 7.372596072981975057e-01
1.347637228913291185e+00 7.332186438943221196e-01
1.355426586462114891e+00 7.402319272434835229e-01
1.363260966580605249e+00 7.552923443575578766e-01
1.371140629499693731e+00 7.577377982255857347e-01
1.379065836954451285e+00 7.517881879003227574e-01
1.387036852192779834e+00 7.467084036460045482e-01
1.395053939984155722e+00 7.373639864267108601e-01
1.403117366628427343e+00 7.323438473886860756e-01
1.411227399964658957e+00 7.370011446942595912e-01
1.419384309380025577e+00 7.425481498095424238e-01
1.427588365818764915e+00 7.423692141606623718e-01
1.435839841791175742e+00 7.372745186022708896e-01
1.444139011382666204e+00 7.271248909630168011e-01
1.452486150262864761e+00 7.154990442205019230e-01
1.460881535694769973e+00 7.137146581663921241e-01
1.469325446543965796e+00 7.149572668391706021e-01
1.477818163287882181e+00 7.250522196968224309e-01
1.486359968025109168e+00 7.373689568614020251e-01
1.494951144484772509e+00 7.496707827219082354e-01
1.503591978035954568e+00 7.662968867636834602e-01
1.512282755697172298e+00 7.698308658290653472e-01
1.521023766145914724e+00 7.663565319799768849e-01
1.529815299728230382e+00 7.724900483888110791e-01
1.538657648468367833e+00 7.730119440313780732e-01
1.547551106078482119e+00 7.688019858480048541e-01
1.556495967968387184e+00 7.689461284540470842e-01
1.565492531255366693e+00 7.638066989834355613e-01
1.574541094774047689e+00 7.483387062246897869e-01
1.583641959086324214e+00 7.381592559772891526e-01
1.592795426491339539e+00 7.399138194232521837e-01
1.602001801035530804e+00 7.418771411262421456e-01
1.611261388522727822e+00 7.388799690075005255e-01
1.620574496524306296e+00 7.377268281591621291e-01
1.629941434389411858e+00 7.393173672603186031e-01
1.639362513255227638e+00 7.434030645764139189e-01
1.648838046057315765e+00 7.507841600927177561e-01
1.658368347540009280e+00 7.564355443365140541e-01
1.667953734266863997e+00 7.708845979835813322e-01
1.677594524631179640e+00 7.796822673868525344e-01
1.687291038866571835e+00 7.728827127294090049e-01
1.697043599057607821e+00 7.693537040987183939e-01
1.706852529150509445e+00 7.706161945102611988e-01
1.716718154963911225e+00 7.704521701654545307e-01
1.726640804199680579e+00 7.714462571036773131e-01
1.736620806453807120e+00 7.798164691235126567e-01
1.746658493227349673e+00 7.948023297172203128e-01
1.756754197937443251e+00 8.079839225180537321e-01
1.766908255928380411e+00 8.057969312539637885e-01
1.777121004482747679e+00 7.975758322748617291e-01
1.787392782832625482e+00 8.008662600403789744e-01
1.797723932170862682e+00 8.052104199604123158e-01
1.808114795662403074e+00 8.101212094352325810e-01
1.818565718455690483e+00 8.207827918476713336e-01
1.829077047694130043e+00 8.252909761125115651e-01
1.839649132527616748e+00 8.356841550516301842e-01
1.850282324124138622e+00 8.347497133297007155e-01
1.860976975681438272e+00 8.240384265703508682e-01
1.871733442438742401e+00 8.179247919002810008e-01
1.882552081688566581e+00 8.259023395795184186e-01
1.893433252788581767e+00 8.531751147296590121e-01
1.904377317173546302e+00 8.819091976789871223e-01
1.915384638367318981e+00 8.829828115722676563e-01
1.926455581994929611e+00 8.512764086776536399e-01
1.937590515794722412e+00 8.367627393796018831e-01
1.948789809630575354e+00 8.481798278650898304e-01
1.960053835504184105e+00 8.565500398849252850e-01
1.971382967567415045e+00 8.573453094355034665e-01
1.982777582134739092e+00 8.527128643033855537e-01
1.994238057695728816e+00 8.387310315172827879e-01
2.005764774927627947e+00 8.349733828908009192e-01
2.017358116708002580e+00 8.328808298858420001e-01
2.029018468127450348e+00 8.399289062778412251e-01
2.040746216502401289e+00 8.567538277072609398e-01
2.052541751387976898e+00 8.654421475473275116e-01
2.064405464590929995e+00 8.617292328330656836e-01
2.076337750182662312e+00 8.694383770389829680e-01
2.088339004512313135e+00 8.973573086989683478e-01
2.100409626219920778e+00 9.120797362540470354e-01
2.112550016249669760e+00 9.044302372644230648e-01
2.124760577863207711e+00 8.920041505366390622e-01
2.137041716653034662e+00 8.887882792914884034e-01
2.149393840555982482e+00 8.851101576200643972e-01
2.161817359866763155e+00 8.794538029415770453e-01
2.174312687251592546e+00 8.719683282967598537e-01
2.186880237761905654e+00 8.882117088673192606e-01
2.199520428848138476e+00 9.156683901010310711e-01
2.212233680373592026e+00 9.244213255920822325e-01
2.225020414628386511e+00 9.209718439164493731e-01
2.237881056343477670e+00 9.076063450320447368e-01
2.250816032704775704e+00 9.184617743974369253e-01
2.263825773367328598e+00 9.351177010473588069e-01
2.276910710469592924e+00 9.310071515578077772e-01
2.290071278647793029e+00 9.173086335490985288e-01
2.303307915050354371e+00 9.112148806177932103e-01
2.316621059352423018e+00 9.173881605041563914e-01
2.330011153770474852e+00 9.291631202874046647e-01
2.343478643077001600e+00 9.451430678193349921e-01
2.357023974615280792e+00 9.492933807864150086e-01
2.370647598314243876e+00 9.420613983108445666e-01
2.384349966703414481e+00 9.389499061942074842e-01
2.398131534927939956e+00 9.308282159089277252e-01
2.411992760763713051e+00 9.435077948059585884e-01
2.425934104632577970e+00 9.698411577994787702e-01
2.439956029617617261e+00 9.957917973217831342e-01
2.454059001478542612e+00 1.029496314962224934e+00
2.468243488667162033e+00 1.042613292112073875e+00
2.482509962342935861e+00 1.023392621161537397e+00
2.496858896388636673e+00 9.922279956482547014e-01
2.511290767426078485e+00 9.949319121202205851e-01
2.525806054831960523e+00 1.008650311867694382e+00
2.540405240753779381e+00 9.772918394014582510e-01
2.555088810125852206e+00 9.592690432114800991e-01
2.569857250685421590e+00 9.676342847966243887e-01
2.584711052988855506e+00 9.549397945955201417e-01
2.599650710427946265e+00 9.384876557679338038e-01
2.614676719246288084e+00 9.345461010578807182e-01
2.629789578555775442e+00 9.321006471898527490e-01
2.644989790353173831e+00 9.204847413167202008e-01
2.660277859536794409e+00 9.105339310651107132e-01
2.675654293923265481e+00 9.140927623039479810e-01
2.691119604264405218e+00 9.214788282549429832e-01
2.706674304264172548e+00 9.386119166352117071e-01
2.722318910595750374e+00 9.541147024367951923e-01
2.738053942918694972e+00 9.455357321599330289e-01
2.753879923896200843e+00 9.139187970897590940e-01
2.769797379212459720e+00 9.131583205820187343e-01
2.785806837590128815e+00 9.270854785865191294e-01
2.801908830807877226e+00 9.071043311282421806e-01
2.818103893718070019e+00 8.949516183084693655e-01
2.834392564264522019e+00 8.998673782179807956e-01
2.850775383500368410e+00 9.093211450004790031e-01
2.867252895606037466e+00 9.226816734501924744e-01
2.883825647907329426e+00 9.238348142985307598e-01
2.900494190893583735e+00 9.310518854700279290e-01
2.917259078235983960e+00 9.406994992054794613e-01
2.934120866805935979e+00 9.504962259816644998e-01
2.951080116693567401e+00 9.543383719978952850e-01
2.968137391226336685e+00 9.549696172036667985e-01
2.985293256987731514e+00 9.503520833756221586e-01
3.002548283836107057e+00 9.447752556521926692e-01
3.019903044923603730e+00 9.407740557258461589e-01
3.037358116715186629e+00 9.612224240450877311e-01
3.054914079007794214e+00 9.684991404328781028e-01
3.072571514949601568e+00 9.430952487265962247e-01
3.090331011059376021e+00 9.177758544100632632e-01
3.108193157245980220e+00 9.021935416534220264e-01
3.126158546827951579e+00 9.012640703661837227e-01
3.144227776553216724e+00 9.145500422955304964e-01
3.162401446618910317e+00 9.311065602516300777e-01
3.180680160691316427e+00 9.422552452637981135e-01
3.199064525925907621e+00 9.423944174351491787e-01
3.217555152987530587e+00 9.376228001316800897e-01
3.236152656070678812e+00 9.295408733239292065e-01
3.254857652919894928e+00 9.172638996368785991e-01
3.273670764850296955e+00 9.153950161930197726e-01
3.292592616768199143e+00 9.064830267918529971e-01
3.311623837191892683e+00 9.167817674718405918e-01
3.330765058272506351e+00 9.124674301599539072e-01
3.350016915815009710e+00 8.766007734288777664e-01
3.369380049299332214e+00 8.599050833014270090e-01
3.388855101901607103e+00 8.483090591670587877e-01
3.408442720515521884e+00 8.571812850906966874e-01
3.428143555773827789e+00 8.738173300018541312e-01
3.447958262069935831e+00 8.856469645667046642e-01
3.467887497579658529e+00 8.858557228237313730e-01
3.487931924283071528e+00 8.721373230762576867e-01
3.508092207986506228e+00 8.743690482525676710e-01
3.528369018344649444e+00 8.834251802597767878e-01
3.548763028882812254e+00 8.636726727972910966e-01
3.569274917019284565e+00 8.620523110879880768e-01
3.589905364087840223e+00 8.855873193504112395e-01
3.610655055360374899e+00 8.994896251814561428e-01
3.631524680069651456e+00 9.038337851014894841e-01
3.652514931432215839e+00 8.969845260971348599e-01
3.673626506671410219e+00 9.037244355382849648e-01
3.694860107040534913e+00 9.109464771444730768e-01
3.716216437846141751e+00 9.054640876801748339e-01
3.737696208471465109e+00 9.068856320018332529e-01
3.759300132399972405e+00 8.974219243499528265e-01
3.781028927239082016e+00 9.171396387696008068e-01
3.802883314743989107e+00 9.290140072466712695e-01
3.824864020841640233e+00 9.188295865645793592e-01
3.846971775654848713e+00 9.184766857015103092e-01
3.869207313526548564e+00 9.235713812599017913e-01
3.891571373044171445e+00 9.442732417483902241e-01
3.914064697064205678e+00 9.528969459374723172e-01
3.936688032736852527e+00 9.542439337387641496e-01
3.959442131530850340e+00 9.544924554733198452e-01
3.982327749258438132e+00 9.498401286024373835e-01
4.005345646100446189e+00 9.394916835755389162e-01
4.028496586631570509e+00 9.506950433693091007e-01
4.051781339845751617e+00 9.891363852703820569e-01
4.075200679181723906e+00 9.934755747557242334e-01
4.098755382548707082e+00 9.767152689772889973e-01
4.122446232352245943e+00 9.722269664512134257e-01
4.146274015520188705e+00 9.579518780183349236e-01
4.170239523528843861e+00 9.951704929853940618e-01
4.194343552429258715e+00 1.034163553137180669e+00
4.218586902873665778e+00 1.014112819593228298e+00
4.242970380142073950e+00 1.017845616046254564e+00
4.267494794169023997e+00 1.004589466725054336e+00
4.292160959570472833e+00 9.878291609466191003e-01
4.316969695670882068e+00 1.013024294395874270e+00
4.341921826530410478e+00 1.036778001784706360e+00
4.367018180972294772e+00 1.044253535560141444e+00
4.392259592610382235e+00 1.020728468167100278e+00
4.417646899876805477e+00 1.017756148221814483e+00
4.443180946049855251e+00 9.875756687773723508e-01
4.468862579281975833e+00 9.635535579152200159e-01
4.494692652627942486e+00 9.805325628200642907e-01
4.520672024073195239e+00 9.629074014053753405e-01
4.546801556562344082e+00 9.499494781656420139e-01
4.573082118027814502e+00 9.552380206769869320e-01
4.599514581418703507e+00 9.653280030999475958e-01
4.626099824729760002e+00 9.768892341914779953e-01
4.652838731030551678e+00 9.705419890909259273e-01
4.679732188494796219e+00 9.913879921854564792e-01
4.706781090429870140e+00 1.000702586796603510e+00
4.733986335306464177e+00 1.003162951968704864e+00
4.761348826788450062e+00 9.970443468639438311e-01
4.788869473762884077e+00 1.010499313572788660e+00
4.816549190370198019e+00 1.019356628192352954e+00
4.844388896034566017e+00 1.005573612793894789e+00
4.872389515494448098e+00 1.021215570766829561e+00
4.900551978833287414e+00 1.013521337864985661e+00
4.928877221510434836e+00 9.999470807235542047e-01
4.957366184392200559e+00 9.968007955640791895e-01
4.986019813783113541e+00 9.619829005528282018e-01
5.014839061457356806e+00 9.580711684509216619e-01
5.043824884690362609e+00 9.764418950692776988e-01
5.072978246290641202e+00 9.838677244978015768e-01
5.102300114631742822e+00 9.938533277922488862e-01
5.131791463684423960e+00 1.020708586428336062e+00
5.161453273049005475e+00 1.037066286996791042e+00
5.191286527987911903e+00 1.004698816288258856e+00
5.221292219458380401e+00 9.975364198983641684e-01
5.251471344145405951e+00 1.008217884049567470e+00
5.281824904494829553e+00 1.014972704794790737e+00
5.312353908746639597e+00 9.970940512108550369e-01
5.343059370968462396e+00 9.971487259924571855e-01
5.373942311089249912e+00 1.009172207510261154e+00
5.405003754933139781e+00 9.720182081941866059e-01
5.436244734253559585e+00 9.347001845333052783e-01
5.467666286767478567e+00 9.427721704716738316e-01
5.499269456189878724e+00 9.659841004791746011e-01
5.531055292268432844e+00 9.689415091203873454e-01
5.563024850818350409e+00 9.773117211402226889e-01
5.595179193757479297e+00 9.874265557366388446e-01
5.627519389141558470e+00 1.010101678797499458e+00
5.660046511199702479e+00 1.020489887301926801e+00
5.692761640370078702e+00 1.037672680029106731e+00
5.725665863335805739e+00 1.041624175608542258e+00
5.758760273061025892e+00 1.024471205489508874e+00
5.792045968827241431e+00 1.023099365514761772e+00
5.825524056269808071e+00 1.061868756105448064e+00
5.859195647414667363e+00 1.059353716151744784e+00
5.893061860715279821e+00 1.048140415488592270e+00
5.927123821089786304e+00 1.162564792512719825e+00
5.961382659958350594e+00 1.193461014552682276e+00
5.995839515280771082e+00 1.118367687239337105e+00
6.030495531594262104e+00 1.105553906605646119e+00
6.065351860051475086e+00 1.110275819562204225e+00
6.100409658458743500e+00 1.091999531202979101e+00
6.135670091314512575e+00 1.084364943517428737e+00
6.171134329848062094e+00 1.076546449748306822e+00
6.206803552058381079e+00 1.064985218656776533e+00
6.242678942753306259e+00 1.030286614078112173e+00
6.278761693588877257e+00 9.864821731453272680e-01
6.315053003108923591e+00 9.748662672721947198e-01
6.351554076784851510e+00 1.008411731002520906e+00
6.388266127055725718e+00 1.031757862746681687e+00
6.425190373368511843e+00 1.048319351137472211e+00
6.462328042218596025e+00 1.056257135339180975e+00
6.499680367190518560e+00 1.017070228234440821e+00
6.537248588998957999e+00 1.026335118498676646e+00
6.575033955529916874e+00 9.992363085627249397e-01
6.613037721882214726e+00 9.967063573049480540e-01
6.651261150409145451e+00 1.040018725203312622e+00
6.689705510760421525e+00 1.068514227287467033e+00
6.728372079924347382e+00 1.077326807994811508e+00
6.767262142270216607e+00 1.039944168682945813e+00
6.806376989591010229e+00 1.048940655473861616e+00
6.845717921146279750e+00 1.070666425508719266e+00
6.885286243705309062e+00 1.079056519267319159e+00
6.925083271590525058e+00 1.069771747264318895e+00
6.965110326721157818e+00 9.927548617255127494e-01
7.005368738657123728e+00 9.731862603465983863e-01
7.045859844643230119e+00 9.929586495478484043e-01
7.086584989653569089e+00 1.005116332802312495e+00
7.127545526436194656e+00 1.009291497942848004e+00
7.168742815558059256e+00 9.968504999109903952e-01
7.210178225450215805e+00 1.017631887354536691e+00
7.251853132453240036e+00 1.025162095911573923e+00
7.293768920862992111e+00 1.014197316982976993e+00
7.335926982976571864e+00 1.022393563788623450e+00
7.378328719138569802e+00 1.048170238096739038e+00
7.420975537787583676e+00 1.055640801437482734e+00
7.463868855503007715e+00 1.054179493638295328e+00
7.507010097052058128e+00 1.053568130171288475e+00
7.550400695437144982e+00 1.091810654684716830e+00
7.594042091943437711e+00 1.125773634929096545e+00
7.637935736186750368e+00 1.146122594554515928e+00
7.682083086161699548e+00 1.145511231087508852e+00
7.726485608290103890e+00 1.117060462915574259e+00
7.771144777469737974e+00 1.087158327813834591e+00
7.816062077123293150e+00 1.093550306826606588e+00
7.861238999247660786e+00 1.090901065136243187e+00
7.906677044463489068e+00 1.071690335055088816e+00
7.952377722065040011e+00 1.550382959286862761e+00
7.998342550070284496e+00 1.507264438341451740e+00
