2.511886431509579437e-02 6.973590385658425816e-01
2.526405161860213050e-02 7.018678109741767202e-01
2.541007810627042562e-02 7.041679651232599646e-01
2.555694862859406516e-02 7.073381301151506761e-01
2.570466806410236227e-02 7.082257763128800843e-01
2.585324131952258450e-02 7.081241630773784657e-01
2.600267332994290678e-02 7.078503951866880195e-01
2.615296905897638788e-02 7.079738426711403854e-01
2.630413349892583852e-02 7.087195662506898808e-01
2.645617167094958117e-02 7.101833007091973293e-01
2.660908862522835469e-02 7.123658858254686699e-01
2.676288944113292337e-02 7.155016198863216603e-01
2.691757922739292791e-02 7.198457956487193110e-01
2.707316312226650673e-02 7.251120485398842019e-01
2.722964629371095457e-02 7.309535499130211944e-01
2.738703393955444973e-02 7.372653274174056914e-01
2.754533128766867636e-02 7.439625633936518545e-01
2.770454359614242176e-02 7.510074677954987621e-01
2.786467615345633933e-02 7.583756870375779613e-01
2.802573427865854422e-02 7.659026244739535194e-01
2.818772332154127064e-02 7.734429983712216572e-01
2.835064866281864979e-02 7.810656705914582609e-01
2.851451571430539678e-02 7.888353041027096335e-01
2.867932991909653145e-02 7.967955674028772695e-01
2.884509675174826843e-02 8.049808914229988899e-01
2.901182171845980567e-02 8.134147899696371198e-01
2.917951035725619563e-02 8.218302133825478029e-01
2.934816823817239240e-02 8.295251065800830492e-01
2.951780096343814899e-02 8.365977236825212771e-01
2.968841416766421215e-02 8.435914015772144614e-01
2.986001351802944001e-02 8.506791346981569246e-01
3.003260471446899879e-02 8.580271992488972543e-01
3.020619348986378766e-02 8.657027775338991260e-01
3.038078561023081769e-02 8.736218916725826400e-01
3.055638687491469066e-02 8.813226633217583483e-01
3.073300311678033025e-02 8.887798991172525254e-01
3.091064020240668481e-02 8.963211127933264910e-01
3.108930403228154019e-02 9.040386800186183125e-01
3.126900054099761295e-02 9.120501698259396717e-01
3.144973569744963920e-02 9.204143667316966315e-01
3.163151550503255638e-02 9.286106078762937921e-01
3.181434600184106232e-02 9.356647498450043621e-01
3.199823326087009728e-02 9.417531461870463083e-01
3.218318339021652985e-02 9.475140287948267126e-01
3.236920253328214730e-02 9.531825357339692717e-01
3.255629686897762443e-02 9.589770094939814582e-01
3.274447261192782455e-02 9.650402124718494568e-01
3.293373601267822470e-02 9.692642998650178310e-01
3.312409335790250653e-02 9.708010950796298610e-01
3.331555097061136145e-02 9.712125866944711916e-01
3.350811521036261426e-02 9.711957911183553005e-01
3.370179247347232510e-02 9.713553490914571542e-01
3.389658919322740410e-02 9.720523655002702990e-01
3.409251184009919750e-02 9.734799894701283707e-01
3.428956692195841288e-02 9.760161214636409177e-01
3.448776098429136294e-02 9.801226398239974991e-01
3.468710061041735404e-02 9.861186604974014891e-01
3.488759242170727526e-02 9.942645149136508653e-01
3.508924307780367929e-02 1.004753352198078709e+00
3.529205927684192501e-02 1.019785392821878967e+00
3.549604775567258980e-02 1.043576326390161402e+00
3.570121529008542238e-02 1.078368362314409357e+00
3.590756869503420462e-02 1.125832660418162545e+00
3.611511482486330638e-02 1.189815407631979793e+00
3.632386057353523962e-02 1.275019365268334814e+00
3.653381287485973905e-02 1.369175364974505982e+00
3.674497870272393912e-02 1.430596786830636624e+00
3.695736507132423021e-02 1.440741314804687034e+00
3.717097903539903075e-02 1.411231487568914256e+00
3.738582769046329413e-02 1.361760118119301755e+00
3.760191817304411876e-02 1.309080793631537620e+00
3.781925766091774610e-02 1.265227544392719894e+00
3.803785337334809891e-02 1.228755950856874168e+00
3.825771257132654091e-02 1.197054300937966165e+00
3.847884255781295476e-02 1.170013423391241814e+00
3.870125067797849233e-02 1.147650113792817450e+00
3.892494431944945599e-02 1.131056084590231547e+00
3.914993091255265789e-02 1.121289457078790353e+00
3.937621793056233360e-02 1.116855424984172451e+00
3.960381288994833243e-02 1.116267579820113154e+00
3.983272335062570252e-02 1.119156418912061302e+00
4.006295691620595512e-02 1.125186030737697296e+00
4.029452123424955012e-02 1.132105808097480182e+00
4.052742399651988042e-02 1.138378955776797818e+00
4.076167293923887297e-02 1.145055197282898840e+00
4.099727584334383890e-02 1.152226908284421425e+00
4.123424053474603751e-02 1.160397956064844749e+00
4.147257488459059338e-02 1.163026463726995141e+00
4.171228680951784978e-02 1.156560166922343758e+00
4.195338427192649156e-02 1.145340722076870543e+00
4.219587528023795858e-02 1.131341609384203029e+00
4.243976788916238585e-02 1.116469126733504957e+00
4.268507019996626434e-02 1.098976534208713884e+00
4.293179036074151744e-02 1.078359964526351300e+00
4.317993656667604152e-02 1.057029582859059680e+00
4.342951706032609216e-02 1.036253455203595131e+00
4.368054013188996804e-02 1.016963736034394605e+00
4.393301411948334623e-02 1.001033132088389843e+00
4.418694740941636612e-02 9.896121403295249364e-01
4.444234843647213579e-02 9.823900425996544561e-01
4.469922568418681352e-02 9.799210929106056955e-01
4.495758768513159753e-02 9.823480536593645063e-01
4.521744302119593689e-02 9.889571128610018524e-01
4.547880032387276866e-02 9.989336850738926854e-01
4.574166827454511502e-02 1.012823626521806242e+00
4.600605560477452616e-02 1.030710915085322421e+00
4.627197109659098723e-02 1.042073122327781265e+00
4.653942358278480296e-02 1.028258760972389663e+00
4.680842194719982141e-02 9.941721392450129091e-01
4.707897512502866311e-02 9.547277287366391363e-01
4.735109210310945588e-02 9.193478476483319950e-01
4.762478192022426976e-02 8.968165822887478322e-01
4.790005366739954334e-02 8.843374692345763455e-01
4.817691648820784933e-02 8.774176918747935705e-01
4.845537957907175564e-02 8.752510625558324042e-01
4.873545218956924774e-02 8.772161449614018780e-01
4.901714362274099679e-02 8.827754806557904788e-01
4.930046323539925834e-02 8.916099536927948321e-01
4.958542043843887359e-02 9.036691773440667097e-01
4.987202469714965836e-02 9.166857488339495985e-01
5.016028553153097091e-02 9.253102771695040918e-01
5.045021251660784106e-02 9.287869614255115369e-01
5.074181528274907677e-02 9.296519335954843699e-01
5.103510351598705003e-02 9.275776799451611598e-01
5.133008695833959217e-02 9.183737042336053147e-01
5.162677540813340182e-02 9.026950339293400294e-01
5.192517872032970105e-02 8.853787949537669233e-01
5.222530680685147364e-02 8.682808984677016229e-01
5.252716963691266006e-02 8.511997975577522135e-01
5.283077723734942721e-02 8.340002878361854055e-01
5.313613969295318679e-02 8.180176176042207592e-01
5.344326714680543849e-02 8.034172232866013674e-01
5.375216980061491706e-02 7.895230829446587828e-01
5.406285791505632127e-02 7.759732519130937423e-01
5.437534181011107609e-02 7.634026029690902382e-01
5.468963186541032917e-02 7.519438211639644098e-01
5.500573852057948770e-02 7.417018788484411873e-01
5.532367227558519784e-02 7.325844003538826144e-01
5.564344369108398941e-02 7.246232972749092616e-01
5.596506338877313413e-02 7.180377518798342074e-01
5.628854205174332881e-02 7.131023718381542809e-01
5.661389042483377931e-02 7.097692897579385152e-01
5.694111931498885282e-02 7.079242957215983179e-01
5.727023959161724881e-02 7.082148591884047661e-01
5.760126218695296035e-02 7.114253335629738828e-01
5.793419809641841417e-02 7.178286469571902861e-01
5.826905837898961604e-02 7.279588986915422888e-01
5.860585415756369709e-02 7.388004430744060658e-01
5.894459661932811845e-02 7.456303641019683681e-01
5.928529701613251268e-02 7.485628716918180103e-01
5.962796666486229469e-02 7.479968607767095712e-01
5.997261694781454155e-02 7.454027840455967890e-01
6.031925931307623168e-02 7.422032267955031015e-01
6.066790527490428103e-02 7.396721334748252996e-01
6.101856641410823012e-02 7.385342331929677373e-01
6.137125437843479747e-02 7.388852607337916822e-01
6.172598088295483398e-02 7.409721110662019772e-01
6.208275771045231733e-02 7.445604859033805312e-01
6.244159671181598315e-02 7.488803080804100620e-01
6.280250980643269088e-02 7.541541189808270707e-01
6.316550898258359303e-02 7.607253881362033843e-01
6.353060629784218483e-02 7.667247679248305747e-01
6.389781387947492119e-02 7.723017389741411165e-01
6.426714392484385308e-02 7.800755713794212953e-01
6.463860870181208085e-02 7.899270165502481067e-01
6.501222054915094251e-02 8.006358758817954113e-01
6.538799187695008841e-02 8.130604033135899744e-01
6.576593516702965159e-02 8.225356275794188932e-01
6.614606297335466623e-02 8.213019925137002852e-01
6.652838792245242827e-02 8.111927352494932020e-01
6.691292271383147972e-02 7.993417767420594178e-01
6.729968012040381253e-02 7.911337786941811112e-01
6.768867298890894613e-02 7.875101331471588972e-01
6.807991424034069705e-02 7.881097352144992296e-01
6.847341687037629410e-02 7.926176678440276513e-01
6.886919394980822728e-02 8.003646273275223377e-01
6.926725862497820629e-02 8.127228122336589422e-01
6.966762411821400547e-02 8.350735251499963319e-01
7.007030372826857090e-02 8.767626644062704866e-01
7.047531083076181979e-02 9.444068472133708703e-01
7.088265887862478520e-02 1.020549591535155898e+00
7.129236140254673060e-02 1.060598642783704859e+00
7.170443201142430445e-02 1.053611683119458187e+00
7.211888439281383123e-02 1.013167935832183675e+00
7.253573231338585059e-02 9.628231964245403951e-01
7.295498961938230720e-02 9.183737042336053147e-01
7.337667023707672431e-02 8.898380204125591053e-01
7.380078817323644513e-02 8.730592398726972903e-01
7.422735751558823258e-02 8.643339380804468952e-01
7.465639243328600627e-02 8.640232199223013554e-01
7.508790717738160481e-02 8.709262017059682393e-01
7.552191608129793510e-02 8.855131595626949403e-01
7.595843356130543844e-02 9.096400046532967520e-01
7.639747411700059665e-02 9.443396649089069728e-01
7.683905233178781047e-02 9.856231910019802589e-01
7.728318287336367887e-02 1.027796882629200326e+00
7.772988049420428980e-02 1.069701845038564691e+00
7.817916003205507836e-02 1.091300955923712346e+00
7.863103641042397396e-02 1.085968360506889274e+00
7.908552463907676799e-02 1.069978972044478338e+00
7.954263981453599253e-02 1.050966379881191681e+00
8.000239712058217212e-02 1.031315555825497610e+00
8.046481182875830918e-02 1.009598875907538496e+00
8.092989929887701994e-02 9.830450700681775400e-01
8.139767497953076525e-02 9.568607669033682983e-01
8.186815440860513438e-02 9.385955778772425706e-01
8.234135321379483508e-02 9.279807737719445448e-01
8.281728711312283386e-02 9.222366867402801427e-01
8.329597191546232737e-02 9.191127095827082982e-01
8.377742352106211376e-02 9.172064116935448874e-01
8.426165792207447602e-02 9.148382354611920286e-01
8.474869120308657633e-02 9.115295069663443828e-01
8.523853954165466762e-02 9.083635408684825885e-01
8.573121920884146929e-02 9.056006685974041792e-01
8.622674656975649887e-02 9.039714977141544150e-01
8.672513808409994251e-02 9.039714977141544150e-01
8.722641030670905127e-02 9.062305027017533154e-01
8.773057988810836760e-02 9.107401148888935039e-01
8.823766357506258873e-02 9.170384559323850882e-01
8.874767821113291322e-02 9.246636474890389534e-01
8.926064073723644077e-02 9.318773474308513771e-01
8.977656819220893036e-02 9.395361301397373577e-01
9.029547771337091688e-02 9.469429792068834173e-01
9.081738653709675591e-02 9.503272877942529062e-01
9.134231199938727674e-02 9.506044148001665528e-01
9.187027153644546085e-02 9.489836417049747341e-01
9.240128268525588107e-02 9.468757969024195198e-01
9.293536308416693037e-02 9.400148040590425857e-01
9.347253047347692245e-02 9.264187851931586781e-01
9.401280269602330097e-02 9.113195622648947447e-01
9.455619769777530437e-02 8.968249800768057778e-01
9.510273352842993355e-02 8.836152594615893641e-01
9.565242834201181932e-02 8.716148203267232164e-01
9.620530039747586526e-02 8.600594639589306256e-01
9.676136805931405405e-02 8.475131686002952414e-01
9.732064979816532069e-02 8.333057907637895223e-01
9.788316419142908953e-02 8.159735959909064640e-01
9.844892992388228070e-02 7.969274126753875809e-01
9.901796578830000806e-02 7.790762346005206673e-01
9.959029068607995472e-02 7.634294758908757306e-01
1.001659236278700377e-01 7.505842192773759525e-01
1.007448837341998471e-01 7.409746304026192387e-01
1.013271902361159299e-01 7.356983001657848575e-01
1.019128624758204177e-01 7.351474052691808758e-01
1.025019199073136378e-01 7.412408402840575672e-01
1.030943820970401520e-01 7.570370796211346454e-01
1.036902687245389171e-01 7.752325670063791030e-01
1.042895995830967204e-01 7.811647644905425070e-01
1.048923945804057928e-01 7.739166336176922512e-01
1.054986737392250712e-01 7.619279513861073605e-01
1.061084571980452224e-01 7.530792021094044886e-01
1.067217652117575799e-01 7.489634461821841338e-01
1.073386181523270227e-01 7.493035565985326496e-01
1.079590365094685589e-01 7.539643289707165241e-01
1.085830408913279893e-01 7.597722391916216234e-01
1.092106520251663743e-01 7.623419623373661747e-01
1.098418907580486492e-01 7.627358185972858973e-01
1.104767780575359459e-01 7.624385369000331591e-01
1.111153350123821049e-01 7.620152883819104606e-01
1.117575828332342536e-01 7.613510233465236032e-01
1.124035428533372433e-01 7.611083272716476777e-01
1.130532365292423180e-01 7.621521723272557391e-01
1.137066854415197809e-01 7.660000388154261097e-01
1.143639112954759340e-01 7.727283466074869045e-01
1.150249359218739331e-01 7.735824016529844194e-01
1.156897812776589568e-01 7.650183373914472007e-01
1.163584694466876512e-01 7.589173443673183916e-01
1.170310226404614878e-01 7.587493886061585924e-01
1.177074631988646730e-01 7.644724811676780751e-01
1.183878135909062629e-01 7.740635949087071310e-01
1.190720964154663303e-01 7.844810509946422705e-01
1.197603344020467531e-01 7.918249166513535720e-01
1.204525504115261381e-01 7.924001651333257845e-01
1.211487674369193246e-01 7.840754378314415129e-01
1.218490086041408849e-01 7.650007020365254817e-01
1.225532971727734816e-01 7.381504542787177270e-01
1.232616565368404721e-01 7.100875659253362837e-01
1.239741102255828148e-01 6.855509087775043531e-01
1.246906819042407494e-01 6.667079519329889292e-01
1.254113953748399735e-01 6.545605515071080127e-01
1.261362745769819826e-01 6.494706521651609776e-01
1.268653435886395453e-01 6.492766632610214028e-01
1.275986266269562852e-01 6.500475802047448459e-01
1.283361480490512463e-01 6.444529738005125852e-01
1.290779323528278288e-01 6.272383480604412087e-01
1.298240041777875831e-01 6.036111713592895445e-01
1.305743883058487209e-01 5.800360609440973203e-01
1.313291096621690413e-01 5.603801982155686146e-01
1.320881933159741561e-01 5.457924005800360856e-01
1.328516644813900749e-01 5.359224802754818384e-01
1.336195485182806453e-01 5.280596313167867928e-01
1.343918709330900185e-01 5.178076116555939690e-01
1.351686573796898327e-01 5.050312169041697441e-01
1.359499336602315311e-01 4.952654291715344326e-01
1.367357257260030934e-01 4.913974079920248039e-01
1.375260596782912625e-01 4.943374735911266749e-01
1.383209617692485738e-01 5.049321230050853870e-01
1.391204584027652402e-01 5.263145709583366694e-01
1.399245761353461737e-01 5.583689279756802737e-01
1.407333416769932510e-01 5.822178062815628330e-01
1.415467818920924381e-01 5.838604136257053989e-01
1.423649238003061035e-01 5.735554878997473072e-01
1.431877945774705507e-01 5.637443521115989009e-01
1.440154215564987683e-01 5.577785634752036037e-01
1.448478322282882313e-01 5.549443100056323797e-01
1.456850542426340045e-01 5.546990945943390816e-01
1.465271154091474515e-01 5.533025424402955306e-01
1.473740436981796631e-01 5.474207316844801330e-01
1.482258672417506584e-01 5.402994074113056655e-01
1.490826143344838317e-01 5.336097294443116201e-01
1.499443134345459228e-01 5.279924490123228953e-01
1.508109931645919832e-01 5.242965824880019277e-01
1.516826823127164214e-01 5.229672126384222741e-01
1.525594098334091819e-01 5.233929804929624563e-01
1.534412048485173929e-01 5.242982620456135834e-01
1.543280966482127869e-01 5.247366265822405174e-01
1.552201146919646169e-01 5.235323837747249964e-01
1.561172886095181789e-01 5.207073678720175458e-01
1.570196482018790252e-01 5.179411364857159361e-01
1.579272234423027277e-01 5.166613135856785721e-01
1.588400444772908315e-01 5.172222858279521551e-01
1.597581416275917487e-01 5.185079871796302031e-01
1.606815453892082024e-01 5.189446721586457034e-01
1.616102864344102497e-01 5.173927609255293270e-01
1.625443956127538836e-01 5.132786845559206279e-01
1.634839039521058524e-01 5.072952605646035007e-01
1.644288426596743347e-01 5.011170078903410818e-01
1.653792431230455828e-01 4.962622466140177435e-01
1.663351369112262834e-01 4.937504682058732608e-01
1.672965557756923849e-01 4.945323022740720220e-01
1.682635316514438095e-01 4.997086988330163293e-01
1.692360966580649384e-01 5.106854476036136736e-01
1.702142831007917856e-01 5.280117639248562700e-01
1.711981234715850009e-01 5.474593615095468824e-01
1.721876504502090899e-01 5.478590962211071780e-01
1.731828969053178791e-01 5.247819746377537786e-01
1.741838958955464201e-01 5.026504439897298004e-01
1.751906806706090836e-01 4.899420713215753009e-01
1.762032846724038426e-01 4.866316632691161104e-01
1.772217415361232173e-01 4.879744695795884546e-01
1.782460850913716033e-01 4.871691217048274014e-01
1.792763493632887617e-01 4.810202612887679585e-01
1.803125685736800821e-01 4.722941197177117356e-01
1.813547771421535060e-01 4.645110497455675613e-01
1.824030096872625850e-01 4.594639791227163039e-01
1.834573010276564775e-01 4.559377479171667913e-01
1.845176861832364401e-01 4.499534841470438362e-01
1.855842003763193415e-01 4.425835853473528703e-01
1.866568790328071992e-01 4.348374656426639007e-01
1.877357577833641822e-01 4.252345949983536433e-01
1.888208724646001924e-01 4.146659787273746511e-01
1.899122591202609955e-01 4.057030195330831313e-01
1.910099540024255971e-01 4.003888992499877175e-01
1.921139935727104175e-01 3.987790432792712725e-01
1.932244145034804905e-01 3.987135405324189752e-01
1.943412536790674328e-01 3.980190434600232585e-01
1.954645481969946030e-01 3.975622037896687222e-01
1.965943353692096995e-01 3.987983581918046472e-01
1.977306527233236300e-01 3.989889879807210216e-01
1.988735380038573475e-01 3.934338511803613381e-01
2.000230291734956534e-01 3.870288582285332235e-01
2.011791644143479663e-01 3.847463394343719201e-01
2.023419821292166965e-01 3.845221184932235969e-01
2.035115209428728922e-01 3.855802397885301769e-01
2.046878197033392410e-01 3.812285060168802975e-01
2.058709174831803157e-01 3.710226741900064518e-01
2.070608535808005912e-01 3.651089518395707056e-01
2.082576675217497619e-01 3.681161997431365296e-01
2.094613990600355524e-01 3.718355800740197892e-01
2.106720881794442723e-01 3.681808627111830545e-01
2.118897750948690872e-01 3.648687751011122637e-01
2.131145002536455058e-01 3.689652161157991883e-01
2.143463043368951104e-01 3.807632685584677601e-01
2.155852282608767823e-01 3.996767668226702819e-01
2.168313131783459469e-01 4.271123404081199615e-01
2.180846004799212312e-01 4.651585192048385275e-01
2.193451317954595303e-01 5.091469728313900989e-01
2.206129489954388734e-01 5.420763793643760264e-01
2.218880941923488948e-01 5.569664973699961497e-01
2.231706097420899648e-01 5.715929248305953170e-01
2.244605382453801201e-01 5.978393716270338221e-01
2.257579225491697927e-01 6.359015062210625624e-01
2.270628057480653939e-01 6.777485238928269151e-01
2.283752311857605299e-01 7.158887579157949821e-01
2.296952424564759343e-01 7.459813916427923131e-01
2.310228834064072811e-01 7.657069560122023999e-01
2.323581981351817149e-01 7.832936037632426407e-01
2.337012309973229007e-01 8.072088245947832696e-01
2.350520266037238737e-01 8.379623642419444796e-01
2.364106298231291869e-01 8.474543840838892894e-01
2.377770857836252472e-01 8.194276062191571119e-01
2.391514398741393099e-01 7.872649177358655992e-01
2.405337377459470793e-01 7.662418951114963184e-01
2.419240253141889951e-01 7.492750041191355015e-01
2.433223487593957901e-01 7.316875165892893218e-01
2.447287545290218747e-01 7.215253532603171926e-01
2.461432893389885190e-01 7.279790533828814914e-01
2.475660001752356676e-01 7.609748024415255996e-01
2.489969342952823017e-01 8.315607304053393989e-01
2.504361392297964617e-01 9.036103928276608688e-01
2.518836627841739007e-01 9.286022100882358465e-01
2.533395530401260642e-01 9.545345796113053893e-01
2.548038583572773130e-01 9.834481638949611471e-01
2.562766273747711931e-01 9.507135860449204001e-01
2.577579090128856998e-01 8.910892908331995432e-01
2.592477524746588102e-01 8.424912913416178206e-01
2.607462072475227322e-01 8.079385923770227018e-01
2.622533231049470337e-01 7.760765447062071276e-01
2.637691501080930423e-01 7.452213918235442991e-01
2.652937386074759596e-01 7.283309207025113752e-01
2.668271392446371348e-01 7.277178821742781301e-01
2.683694029538270520e-01 7.319276933277478747e-01
2.699205809636965880e-01 7.267009100404556721e-01
2.714807247989985406e-01 7.197550995376930105e-01
2.730498862822996475e-01 7.232309440148946278e-01
2.746281175357012105e-01 7.360745210707828612e-01
2.762154709825712651e-01 7.509814346525188755e-01
2.778119993492854656e-01 7.651577406732099629e-01
2.794177556669779627e-01 7.717273302709746208e-01
2.810327932733039380e-01 7.609470897409342793e-01
2.826571658142107979e-01 7.430564420621947885e-01
2.842909272457196934e-01 7.269520039033895431e-01
2.859341318357184192e-01 7.135970015547696832e-01
2.875868341657639160e-01 6.993803861514005238e-01
2.892490891328946545e-01 6.852536270802515039e-01
2.909209519514548425e-01 6.758296293215764194e-01
2.926024781549284581e-01 6.686847912418394380e-01
2.942937235977828858e-01 6.648562396662023311e-01
2.959947444573255426e-01 6.696320617347806259e-01
2.977055972355692748e-01 6.771119715580312670e-01
2.994263387611086902e-01 6.885699135843513785e-01
3.011570261910088142e-01 7.064110143135488018e-01
3.028977170127025720e-01 7.252900816467134915e-01
3.046484690459013711e-01 7.437904087384630269e-01
3.064093404445150659e-01 7.620807911287628134e-01
3.081803896985833569e-01 7.750377383234338113e-01
3.099616756362194026e-01 7.837059351568899102e-01
3.117532574255635347e-01 7.925958335950769040e-01
3.135551945767480198e-01 8.040084275658837543e-01
3.153675469438748658e-01 8.238834725627260935e-01
3.171903747270033436e-01 8.495790244625603949e-01
3.190237384741493876e-01 8.532824489961335912e-01
3.208676990832974307e-01 8.104537299003903295e-01
3.227223178044230090e-01 7.374735925612437848e-01
3.245876562415266342e-01 6.633152455575613837e-01
3.264637763546810456e-01 6.021843871682371896e-01
3.283507404620888970e-01 5.619690597161400847e-01
3.302486112421523790e-01 5.469974831663575454e-01
3.321574517355558864e-01 5.523451946016848524e-01
3.340773253473591775e-01 5.656170588485304185e-01
3.360082958491044103e-01 5.815862926196020410e-01
3.379504273809338932e-01 5.951512396696715390e-01
3.399037844537201591e-01 6.092989932109653672e-01
3.418684319512097503e-01 6.131896884182316265e-01
3.438444351321779946e-01 5.993005867491237870e-01
3.458318596325960503e-01 5.854114850800160585e-01
3.478307714678123830e-01 5.888453406169277260e-01
3.498412370347446232e-01 6.139127379700244358e-01
3.518633231140849693e-01 6.353464124304294414e-01
3.538970968725191901e-01 6.335081366245357559e-01
3.559426258649572294e-01 6.258317185607280564e-01
3.579999780367765227e-01 6.207309020943057032e-01
3.600692217260801353e-01 6.124834344425547084e-01
3.621504256659661136e-01 6.088354353101643746e-01
3.642436589868098817e-01 6.153386823822709628e-01
3.663489912185618480e-01 6.264581935498541032e-01
3.684664922930561692e-01 6.356344565608185171e-01
3.705962325463332818e-01 6.323500816513389911e-01
3.727382827209774208e-01 6.231519843914238299e-01
3.748927139684648524e-01 6.259123373260847556e-01
3.770595978515288715e-01 6.264733095683584496e-01
3.792390063465359562e-01 5.920037487055372916e-01
3.814310118458763554e-01 5.381378167651792443e-01
3.836356871603694985e-01 4.902922590835934735e-01
3.858531055216822825e-01 4.584251727399430432e-01
3.880833405847607942e-01 4.430815741791915285e-01
3.903264664302779630e-01 4.429245355425072139e-01
3.925825575670940371e-01 4.545504333299870137e-01
3.948516889347303827e-01 4.639223648027025471e-01
3.971339359058604912e-01 4.659966184530258126e-01
3.994293742888124776e-01 4.664551376809920047e-01
4.017380803300868997e-01 4.687191813414258168e-01
4.040601307168905088e-01 4.796304273651707528e-01
4.063956025796829352e-01 4.928502253260568233e-01
4.087445734947380283e-01 4.974446551725825727e-01
4.111071214867221824e-01 4.962177383373103656e-01
4.134833250312844322e-01 4.923639933974992555e-01
4.158732630576643108e-01 4.834791336321470623e-01
4.182770149513134750e-01 4.747580307339255845e-01
4.206946605565314856e-01 4.732086388372266916e-01
4.231262801791195738e-01 4.787671347528095200e-01
4.255719545890473410e-01 4.867122820344728096e-01
4.280317650231349469e-01 4.907306236202204630e-01
4.305057931877529498e-01 4.897464028598241814e-01
4.329941212615355806e-01 4.918475294319329394e-01
4.354968318981098929e-01 4.875764144256398147e-01
4.380140082288422887e-01 4.738670254209729760e-01
4.405457338655994204e-01 4.685041979671413226e-01
4.430920929035247480e-01 4.791727479160103886e-01
4.456531699238333033e-01 5.054989736989996540e-01
4.482290499966203323e-01 5.440817711526237943e-01
4.508198186836865351e-01 5.754995758351717505e-01
4.534255620413813470e-01 5.802082155992861479e-01
4.560463666234608748e-01 5.648117109737692543e-01
4.586823194839622087e-01 5.447619919853209369e-01
4.613335081800964965e-01 5.243150576217295855e-01
4.640000207751556194e-01 5.031727864069367451e-01
4.666819458414390720e-01 4.886546904122856527e-01
4.693793724631949438e-01 4.878560607679708339e-01
4.720923902395786631e-01 5.027789301470171335e-01
4.748210892876304490e-01 5.275885154067336824e-01
4.775655602452679171e-01 5.495663665332962688e-01
4.803258942742961168e-01 5.678147599833061054e-01
4.831021830634371073e-01 5.860161258201912471e-01
4.858945188313745223e-01 6.124532024055460155e-01
4.887029943298164536e-01 6.441960014859381412e-01
4.915277028465775411e-01 6.636242841580953788e-01
4.943687382086768833e-01 6.849025995394275590e-01
4.972261947854541564e-01 7.187498843071516985e-01
5.001001674917054940e-01 7.420083981125578099e-01
5.029907517908354109e-01 7.554675330330964389e-01
5.058980436980275996e-01 7.681943808349785963e-01
5.088221397834349347e-01 7.666088784496304376e-01
5.117631371753864622e-01 7.640853431382046423e-01
5.147211335636141527e-01 7.539769256528034980e-01
5.176962272024980827e-01 6.977058672126374983e-01
5.206885169143288250e-01 6.259450886995109320e-01
5.236981020925914887e-01 5.888436610593160703e-01
5.267250827052667450e-01 5.860463578571999399e-01
5.297695592981502832e-01 6.025119009024987315e-01
5.328316329981945820e-01 6.117755009092662455e-01
5.359114055168668900e-01 5.948161679261577683e-01
5.390089791535270791e-01 5.783959729363721269e-01
5.421244567988269258e-01 5.597360878715208488e-01
5.452579419381275994e-01 5.275162944294349288e-01
5.484095386549359130e-01 4.994853176706738895e-01
5.515793516343632241e-01 4.847690338778541386e-01
5.547674861666017643e-01 4.715097663130955463e-01
5.579740481504216199e-01 4.531429640514680335e-01
5.611991440966896949e-01 4.382662825067407120e-01
5.644428811319066597e-01 4.288296880659787091e-01
5.677053670017649933e-01 4.304513009399763557e-01
5.709867100747291202e-01 4.526432956620177195e-01
5.742870193456336425e-01 4.950580038065021671e-01
5.776064044393048880e-01 5.200263072605146863e-01
5.809449756142023302e-01 5.096088511745794358e-01
5.843028437660793273e-01 5.115101103909081015e-01
5.876801204316687288e-01 5.284602058071528052e-01
5.910769177923870243e-01 5.452297487801508469e-01
5.944933486780595855e-01 5.429673846773286350e-01
5.979295265706701112e-01 5.209567821773397611e-01
6.013855656081297241e-01 4.985976714729444259e-01
6.048615805880666052e-01 4.871691217048274014e-01
6.083576869716416091e-01 4.915905571173585509e-01
6.118740008873820857e-01 5.135507728889994183e-01
6.154106391350390171e-01 5.319713209941980825e-01
6.189677191894675801e-01 5.231578424273386485e-01
6.225453592045292472e-01 5.046911064878211173e-01
6.261436780170150929e-01 4.981618262727348090e-01
6.297627951505950783e-01 4.981164782172216587e-01
6.334028308197864332e-01 5.026773169115154039e-01
6.370639059339481269e-01 5.158660430565868982e-01
6.407461421012968783e-01 5.310038958099176920e-01
6.444496616329448146e-01 5.530875590660110364e-01
6.481745875469649976e-01 5.737074878635969322e-01
6.519210435724759334e-01 5.642624956347768173e-01
6.556891541537508417e-01 5.315170006602608632e-01
6.594790444543533470e-01 5.054107969243907261e-01
6.632908403612935988e-01 4.862680390462051361e-01
6.671246684892090384e-01 4.753265609854515072e-01
6.709806561845721440e-01 4.659336350425908879e-01
6.748589315299192704e-01 4.531538811759434626e-01
6.787596233481042463e-01 4.507235613119614515e-01
6.826828612065795054e-01 4.574090403849264130e-01
6.866287754216984229e-01 4.552734828817798785e-01
6.905974970630435195e-01 4.488701694875633641e-01
6.945891579577818664e-01 4.412844475347819651e-01
6.986038906950429173e-01 4.347198966098520523e-01
7.026418286303216520e-01 4.365413768396298466e-01
7.067031058899108098e-01 4.450592532668479206e-01
7.107878573753529938e-01 4.608722881800410009e-01
7.148962187679240854e-01 4.800393996435948218e-01
7.190283265331394169e-01 4.978846992668211624e-01
7.231843179252852583e-01 5.149901537621387471e-01
7.273643309919801681e-01 5.230234778184108535e-01
7.315685045787596597e-01 5.074968074779951932e-01
7.357969783336865133e-01 4.756675111806058509e-01
7.400498927119919523e-01 4.485745673479221707e-01
7.443273889807401344e-01 4.295351022628497439e-01
7.486296092235191768e-01 4.280176219607711996e-01
7.529566963451627126e-01 4.466405567581672731e-01
7.573087940764960946e-01 4.738502298448569738e-01
7.616860469791092436e-01 4.918660045656605972e-01
7.660886004501606950e-01 5.160306397025236080e-01
7.705166007272060691e-01 5.416690866435636131e-01
7.749701948930545203e-01 5.533252164680521057e-01
7.794495308806568268e-01 5.583790053213498750e-01
7.839547574780165728e-01 5.698906931912409712e-01
7.884860243331343055e-01 5.816072870897470715e-01
7.930434819589780027e-01 5.722420738474778279e-01
7.976272817384808533e-01 5.387995624641487291e-01
8.022375759295721220e-01 5.171021974587229897e-01
8.068745176702336597e-01 5.193721195707973193e-01
8.115382609835852801e-01 5.128562758166037572e-01
8.162289607830032212e-01 5.037438359948800404e-01
8.209467728772645856e-01 4.989100691887016215e-01
8.256918539757219788e-01 5.014629967583302816e-01
8.304643616935105666e-01 5.096315252023360109e-01
8.352644545567829981e-01 5.106518564513816694e-01
8.400922920079733069e-01 5.015746873395015015e-01
8.449480344110958940e-01 4.941846338484712775e-01
8.498318430570707127e-01 5.070450064804754575e-01
8.547438801690798726e-01 5.269704382056655811e-01
8.596843089079587719e-01 5.117838782815985477e-01
8.646532933776126528e-01 4.817886588960739180e-01
8.696509986304700179e-01 4.708186283559230856e-01
8.746775906729644667e-01 4.650602650845600539e-01
8.797332364710471753e-01 4.616154924231730683e-01
8.848181039557355687e-01 4.677777893001252574e-01
8.899323620286901937e-01 4.846019178955002227e-01
8.950761805678236760e-01 5.055166090539214840e-01
9.002497304329459826e-01 5.130225520201519007e-01
9.054531834714387717e-01 5.199322520342651854e-01
9.106867125239620497e-01 5.318638293070557799e-01
9.159504914301977996e-01 5.413331751212440146e-01
9.212446950346235841e-01 5.393101479780744167e-01
9.265694991923183466e-01 5.245594332542170557e-01
9.319250807748065135e-01 5.217344173515096051e-01
9.373116176759319629e-01 5.402574184710156047e-01
9.427292888177655206e-01 5.766483932415046310e-01
9.481782741565508710e-01 6.299810656401804154e-01
9.536587546886805544e-01 6.691869789677071800e-01
9.591709124567069367e-01 6.802510647341075689e-01
9.647149305553922582e-01 6.623226270091071566e-01
9.702909931377862174e-01 6.171618421696603018e-01
9.758992854213467405e-01 5.896128984454278577e-01
9.815399936940907288e-01 5.751367913910666596e-01
9.872133053207802211e-01 5.578037568393775514e-01
9.929194087491489684e-01 5.313515642355184365e-01
9.986584935161608723e-01 5.202253348374890063e-01
1.004430750254303728e+00 5.288926918921392772e-01
1.010236370697924935e+00 5.581245523431928035e-01
1.016075547689597958e+00 6.012253597720148557e-01
1.021948475186527761e+00 5.869424018429874046e-01
1.027855348266994762e+00 5.468614389998180947e-01
1.033796363136834096e+00 4.994097375781519910e-01
1.039771717135951290e+00 4.638341880280937302e-01
1.045781608744880131e+00 4.700703854399562176e-01
1.051826237591374280e+00 5.207040087567943454e-01
1.057905804457035748e+00 5.758304486846564929e-01
1.064020511283988890e+00 5.958239024931164529e-01
1.070170561181583713e+00 5.769675091877082274e-01
1.076356158433145582e+00 5.522528189330470072e-01
1.082577508502760022e+00 5.612896786622487699e-01
1.088834818042095476e+00 6.129671470346949036e-01
1.095128294897270704e+00 6.656464715224591489e-01
1.101458148115757263e+00 6.743642153054574262e-01
1.107824587953321727e+00 6.083391260359372055e-01
1.114227825881013212e+00 5.457495718609404189e-01
1.120668074592185315e+00 5.287549681679882818e-01
1.127145548009560017e+00 5.209551026197282164e-01
1.133660461292336441e+00 4.978914174972675633e-01
1.140213030843336250e+00 4.657522428205383425e-01
1.146803474316190341e+00 4.546570852383234884e-01
1.153432010622570836e+00 4.739459646287180750e-01
1.160098859939462601e+00 4.806440403837700659e-01
1.166804243716473621e+00 4.790644164500623137e-01
1.173548384683194445e+00 4.805247917933465618e-01
1.180331506856595603e+00 4.851200614186781390e-01
1.187153835548465874e+00 5.025370738509470359e-01
1.194015597372901416e+00 5.117586849174246000e-01
1.200917020253827294e+00 5.041385320336054798e-01
1.207858333432573428e+00 4.975848982331509407e-01
1.214839767475487387e+00 4.917727891182168687e-01
1.221861554281590267e+00 4.848950006987239880e-01
1.228923927090283863e+00 4.799646593298787511e-01
1.236027120489096909e+00 4.840997301696324806e-01
1.243171370421473965e+00 4.933994406650493159e-01
1.250356914194617142e+00 5.042544215088057280e-01
1.257583990487367132e+00 5.245157647563154502e-01
1.264852839358128644e+00 5.464524667213940257e-01
1.272163702252848472e+00 5.563013925558034645e-01
1.279516822013033517e+00 5.740425596071107028e-01
1.286912442883815677e+00 5.603046181230466605e-01
1.294350810522067352e+00 5.405001145458915301e-01
1.301832172004561583e+00 5.662956001236159054e-01
1.309356775836174380e+00 5.949916816965696853e-01
1.316924871958146337e+00 5.832079054935996876e-01
1.324536711756377994e+00 5.662687272018304130e-01
1.332192548069784932e+00 5.743482390924214975e-01
1.339892635198694837e+00 5.923698922648655829e-01
1.347637228913291185e+00 5.837126125558848022e-01
1.355426586462114891e+00 5.560108290889970162e-01
1.363260966580605249e+00 5.341782596958375429e-01
1.371140629499693731e+00 5.288943714497509330e-01
1.379065836954451285e+00 5.126698449217164111e-01
1.387036852192779834e+00 4.877166574862082937e-01
1.395053939984155722e+00 4.838981832562406771e-01
1.403117366628427343e+00 5.103906852427781971e-01
1.411227399964658957e+00 5.557017904884630211e-01
1.419384309380025577e+00 6.144023290138052040e-01
1.427588365818764915e+00 6.391422126326403719e-01
1.435839841791175742e+00 6.138060860616880721e-01
1.444139011382666204e+00 5.888176279163362947e-01
1.452486150262864761e+00 5.765845700522639339e-01
1.460881535694769973e+00 5.622428276068305308e-01
1.469325446543965796e+00 5.616331481938205972e-01
1.477818163287882181e+00 5.522486200390179789e-01
1.486359968025109168e+00 5.334829228446360538e-01
1.494951144484772509e+00 5.299978408005706632e-01
1.503591978035954568e+00 5.196223736549253625e-01
1.512282755697172298e+00 4.471897720971597656e-01
1.521023766145914724e+00 3.901217635702905473e-01
1.529815299728230382e+00 3.776728825531278089e-01
1.538657648468367833e+00 3.943794421156909258e-01
1.547551106078482119e+00 4.090915270144815929e-01
1.556495967968387184e+00 4.289573344444601588e-01
1.565492531255366693e+00 4.525651962330784484e-01
1.574541094774047689e+00 4.476037830484186353e-01
1.583641959086324214e+00 4.440305242297443167e-01
1.592795426491339539e+00 4.480312304605702511e-01
1.602001801035530804e+00 4.251044292834548211e-01
1.611261388522727822e+00 3.977687893758952153e-01
1.620574496524306296e+00 3.784001309989497019e-01
1.629941434389411858e+00 3.621915602682253543e-01
1.639362513255227638e+00 3.596285553529271484e-01
1.648838046057315765e+00 3.889460732421720635e-01
1.658368347540009280e+00 4.105468636849310959e-01
1.667953734266863997e+00 4.188673920927864502e-01
1.677594524631179640e+00 4.395729783285638459e-01
1.687291038866571835e+00 4.470016616446607638e-01
1.697043599057607821e+00 4.321434552336611001e-01
1.706852529150509445e+00 4.569261675715919901e-01
1.716718154963911225e+00 4.955316390529727055e-01
1.726640804199680579e+00 4.704751588243512583e-01
1.736620806453807120e+00 4.284282737968068133e-01
1.746658493227349673e+00 4.162330059789953185e-01
1.756754197937443251e+00 4.073557042228952985e-01
1.766908255928380411e+00 3.949798839618371415e-01
1.777121004482747679e+00 4.242932029570530839e-01
1.787392782832625482e+00 4.415926463565101878e-01
1.797723932170862682e+00 4.114571839104170792e-01
1.808114795662403074e+00 4.159651165399455008e-01
1.818565718455690483e+00 4.271753238185548307e-01
1.829077047694130043e+00 3.933171219263553176e-01
1.839649132527616748e+00 3.639828084609944003e-01
1.850282324124138622e+00 3.612720024758755977e-01
1.860976975681438272e+00 3.685612825102099199e-01
1.871733442438742401e+00 3.768725733512015008e-01
1.882552081688566581e+00 3.826897211389704290e-01
1.893433252788581767e+00 3.863671125295636832e-01
1.904377317173546302e+00 3.742264303341291676e-01
1.915384638367318981e+00 3.353303953859421149e-01
1.926455581994929611e+00 3.206686972154993986e-01
1.937590515794722412e+00 3.145265550298863011e-01
1.948789809630575354e+00 3.118359037361066455e-01
1.960053835504184105e+00 2.966182719962250358e-01
1.971382967567415045e+00 2.881054342418417069e-01
1.982777582134739092e+00 2.807296569905101125e-01
1.994238057695728816e+00 2.685696598825422221e-01
2.005764774927627947e+00 2.821833141033479597e-01
2.017358116708002580e+00 3.115545778361640261e-01
2.029018468127450348e+00 3.218494262164525721e-01
2.040746216502401289e+00 3.216856693493218011e-01
2.052541751387976898e+00 3.128931852526075086e-01
2.064405464590929995e+00 3.059776067868535954e-01
2.076337750182662312e+00 3.253244309148484170e-01
2.088339004512313135e+00 3.450592328511222218e-01
2.100409626219920778e+00 3.483083370507581433e-01
2.112550016249669760e+00 3.324591916489157417e-01
2.124760577863207711e+00 3.245938233538033790e-01
2.137041716653034662e+00 3.187934711421504530e-01
2.149393840555982482e+00 3.103100256459701001e-01
2.161817359866763155e+00 3.026764363012581782e-01
2.174312687251592546e+00 2.905332347694062900e-01
2.186880237761905654e+00 2.974152220829281434e-01
2.199520428848138476e+00 2.949336757117924646e-01
2.212233680373592026e+00 2.538592545413630996e-01
2.225020414628386511e+00 2.329538009498055562e-01
2.237881056343477670e+00 2.326926297412021116e-01
2.250816032704775704e+00 2.455378863547019175e-01
2.263825773367328598e+00 2.649283789805981781e-01
2.276910710469592924e+00 2.852107166982529307e-01
2.290071278647793029e+00 2.781935249969974544e-01
2.303307915050354371e+00 2.561174197501562833e-01
2.316621059352423018e+00 2.549173758366696796e-01
2.330011153770474852e+00 2.617514957582610102e-01
2.343478643077001600e+00 2.581782369395867471e-01
2.357023974615280792e+00 2.570663698007090159e-01
2.370647598314243876e+00 2.728676478106208947e-01
2.384349966703414481e+00 2.918600852825685155e-01
2.398131534927939956e+00 3.087178050301753740e-01
2.411992760763713051e+00 3.021734087965846638e-01
2.425934104632577970e+00 2.906902734060907156e-01
2.439956029617617261e+00 2.682522234939501704e-01
2.454059001478542612e+00 2.481722724684930215e-01
2.468243488667162033e+00 2.464767590595850766e-01
2.482509962342935861e+00 2.405571582575086742e-01
2.496858896388636673e+00 2.596293747160072218e-01
2.511290767426078485e+00 2.900973895691966731e-01
2.525806054831960523e+00 2.958607915133944499e-01
2.540405240753779381e+00 2.926595547056890512e-01
2.555088810125852206e+00 2.901024282420314737e-01
2.569857250685421590e+00 2.797026075110180532e-01
2.584711052988855506e+00 2.790719336278630891e-01
2.599650710427946265e+00 2.806465188887359852e-01
2.614676719246288084e+00 2.778324201105039082e-01
2.629789578555775442e+00 2.633470754892788812e-01
2.644989790353173831e+00 2.590616842432871825e-01
2.660277859536794409e+00 2.680389196772772764e-01
2.675654293923265481e+00 2.649157822985112043e-01
2.691119604264405218e+00 2.503800509489382820e-01
2.706674304264172548e+00 2.424416218977213933e-01
2.722318910595750374e+00 2.347013806446730522e-01
2.738053942918694972e+00 2.348172701198733003e-01
2.753879923896200843e+00 2.470335324078297146e-01
2.769797379212459720e+00 2.598435183114859437e-01
2.785806837590128815e+00 2.638316278602248488e-01
2.801908830807877226e+00 2.690852840693027104e-01
2.818103893718070019e+00 2.763275364905123377e-01
2.834392564264522019e+00 2.856591585805495770e-01
2.850775383500368410e+00 2.871581637489005745e-01
2.867252895606037466e+00 2.954509794561646085e-01
2.883825647907329426e+00 3.026865136469277795e-01
2.900494190893583735e+00 3.018450552835172940e-01
2.917259078235983960e+00 3.001083927131251716e-01
2.934120866805935979e+00 2.939544936242309281e-01
2.951080116693567401e+00 2.809362425767366056e-01
2.968137391226336685e+00 2.834219878419013128e-01
2.985293256987731514e+00 2.728642886953976943e-01
3.002548283836107057e+00 2.708689742528195277e-01
3.019903044923603730e+00 2.822513361866176296e-01
3.037358116715186629e+00 2.713913166700264723e-01
3.054914079007794214e+00 2.740005094196436009e-01
3.072571514949601568e+00 2.843919323625990203e-01
3.090331011059376021e+00 2.927007038671732286e-01
3.108193157245980220e+00 2.806784304833563892e-01
3.126158546827951579e+00 2.840325070337170743e-01
3.144227776553216724e+00 2.915384499999475465e-01
3.162401446618910317e+00 2.790307844663789116e-01
3.180680160691316427e+00 2.491203827402399540e-01
3.199064525925907621e+00 2.199960139763287303e-01
3.217555152987530587e+00 2.189740031696714995e-01
3.236152656070678812e+00 2.132702255206854469e-01
3.254857652919894928e+00 2.134902475678047418e-01
3.273670764850296955e+00 2.106769885683784649e-01
3.292592616768199143e+00 2.200237266769200783e-01
3.311623837191892683e+00 2.509326254031539749e-01
3.330765058272506351e+00 2.606513855226644805e-01
3.350016915815009710e+00 2.496863936553484209e-01
3.369380049299332214e+00 2.350154579180418479e-01
3.388855101901607103e+00 2.334761433670124731e-01
3.408442720515521884e+00 2.506395425999301541e-01
3.428143555773827789e+00 2.649695281420823556e-01
3.447958262069935831e+00 2.630993407415682661e-01
3.467887497579658529e+00 2.765190060582344289e-01
3.487931924283071528e+00 2.891056107995481628e-01
3.508092207986506228e+00 3.067317281544610363e-01
3.528369018344649444e+00 3.346199425162362795e-01
3.548763028882812254e+00 3.280696678310049963e-01
3.569274917019284565e+00 3.118955280313183698e-01
3.589905364087840223e+00 3.171021566272714809e-01
3.610655055360374899e+00 3.265605853169843975e-01
3.631524680069651456e+00 3.360660416198219536e-01
3.652514931432215839e+00 3.577885999894218072e-01
3.673626506671410219e+00 3.699662324523114720e-01
3.694860107040534913e+00 3.636149853440544533e-01
3.716216437846141751e+00 3.853904497784196304e-01
3.737696208471465109e+00 3.954719943420352823e-01
3.759300132399972405e+00 3.997783800581719005e-01
3.781028927239082016e+00 3.640474714290409253e-01
3.802883314743989107e+00 3.275330491740994776e-01
3.824864020841640233e+00 3.082911973968295860e-01
3.846971775654848713e+00 2.818935904153473393e-01
3.869207313526548564e+00 2.671285994517912932e-01
3.891571373044171445e+00 2.543379284606684387e-01
3.914064697064205678e+00 2.584729993004221682e-01
3.936688032736852527e+00 2.795791600265656318e-01
3.959442131530850340e+00 2.783690387674093714e-01
3.982327749258438132e+00 2.593480488160646025e-01
4.005345646100446189e+00 2.440875883570872151e-01
4.028496586631570509e+00 2.364094907356679987e-01
4.051781339845751617e+00 2.364590376852101217e-01
4.075200679181723906e+00 2.464994330873416517e-01
4.098755382548707082e+00 2.526306581484793479e-01
4.122446232352245943e+00 2.533335530089329546e-01
4.146274015520188705e+00 2.522250449852784238e-01
4.170239523528843861e+00 2.536467905034959780e-01
4.194343552429258715e+00 2.729398687879195928e-01
4.218586902873665778e+00 2.710554051477068738e-01
4.242970380142073950e+00 2.445175551056562591e-01
4.267494794169023997e+00 2.377363412488302519e-01
4.292160959570472833e+00 2.585107893466831452e-01
4.316969695670882068e+00 2.629498601141360137e-01
4.341921826530410478e+00 2.438944392317534682e-01
4.367018180972294772e+00 2.210272623498497624e-01
4.392259592610382235e+00 2.279352828063514469e-01
4.417646899876805477e+00 2.370855126743360852e-01
4.443180946049855251e+00 2.297878348519437619e-01
4.468862579281975833e+00 2.496351671481946699e-01
4.494692652627942486e+00 2.478556758587068254e-01
4.520672024073195239e+00 2.258022446396222294e-01
4.546801556562344082e+00 2.045256088159016494e-01
4.573082118027814502e+00 1.858254143683720216e-01
4.599514581418703507e+00 1.683638936593957469e-01
4.626099824729760002e+00 1.725409534394394262e-01
4.652838731030551678e+00 1.786940127495278696e-01
4.679732188494796219e+00 1.686284239832223919e-01
4.706781090429870140e+00 1.713786995722137718e-01
4.733986335306464177e+00 1.705238047479104846e-01
4.761348826788450062e+00 1.672948552396137656e-01
4.788869473762884077e+00 1.744766435868058685e-01
4.816549190370198019e+00 1.953653016022473821e-01
4.844388896034566017e+00 2.117040380478705242e-01
4.872389515494448098e+00 2.122524136080572166e-01
4.900551978833287414e+00 2.244384438590048547e-01
4.928877221510434836e+00 2.363884962655230237e-01
4.957366184392200559e+00 2.483141950866730174e-01
4.986019813783113541e+00 2.385416891235913883e-01
5.014839061457356806e+00 2.456781294152703132e-01
5.043824884690362609e+00 2.607891092468154759e-01
5.072978246290641202e+00 2.560670330218083324e-01
5.102300114631742822e+00 2.458704387617982601e-01
5.131791463684423960e+00 2.240496262719199605e-01
5.161453273049005475e+00 2.191763898618690198e-01
5.191286527987911903e+00 2.173717052082071999e-01
5.221292219458380401e+00 1.923664514867395592e-01
5.251471344145405951e+00 1.914762859525927230e-01
5.281824904494829553e+00 1.801014820280467665e-01
5.312353908746639597e+00 1.779272946998334548e-01
5.343059370968462396e+00 1.812041116000607521e-01
5.373942311089249912e+00 1.872731930295692959e-01
5.405003754933139781e+00 1.988117538212460234e-01
5.436244734253559585e+00 1.898101648018877263e-01
5.467666286767478567e+00 1.833077575085869382e-01
5.499269456189878724e+00 1.948345613969824641e-01
5.531055292268432844e+00 1.949638873330755140e-01
5.563024850818350409e+00 1.843264092000209964e-01
5.595179193757479297e+00 1.953443071321024072e-01
5.627519389141558470e+00 1.973446602475153466e-01
5.660046511199702479e+00 2.004719965203104193e-01
5.692761640370078702e+00 2.107576073337351641e-01
5.725665863335805739e+00 2.136136950522571909e-01
5.758760273061025892e+00 2.264178025042728193e-01
5.792045968827241431e+00 2.343679884587709095e-01
5.825524056269808071e+00 2.247802338329649985e-01
5.859195647414667363e+00 2.202454282816510289e-01
5.893061860715279821e+00 2.253655596606068123e-01
5.927123821089786304e+00 2.344637232426319828e-01
5.961382659958350594e+00 2.485627696131894881e-01
5.995839515280771082e+00 2.184541800888819829e-01
6.030495531594262104e+00 1.911042639416238309e-01
6.065351860051475086e+00 1.945423183725644711e-01
6.100409658458743500e+00 2.016434879543998471e-01
6.135670091314512575e+00 1.914964406439318978e-01
6.171134329848062094e+00 1.876888835384397658e-01
6.206803552058381079e+00 2.041871779571646783e-01
6.242678942753306259e+00 1.868734583180090281e-01
6.278761693588877257e+00 1.962873787310145390e-01
6.315053003108923591e+00 2.045743159866379446e-01
6.351554076784851510e+00 2.091435524689897185e-01
6.388266127055725718e+00 2.101529665935599755e-01
6.425190373368511843e+00 2.024975429998973064e-01
6.462328042218596025e+00 2.052671335014220610e-01
6.499680367190518560e+00 1.950722187990235890e-01
6.537248588998957999e+00 1.902846398271641204e-01
6.575033955529916874e+00 1.831095697104184183e-01
6.613037721882214726e+00 1.849839560049615361e-01
6.651261150409145451e+00 2.050235976477403632e-01
6.689705510760421525e+00 2.074001716681512231e-01
6.728372079924347382e+00 2.199498261420097800e-01
6.767262142270216607e+00 2.149623798143702191e-01
6.806376989591010229e+00 2.107970769376077136e-01
6.845717921146279750e+00 2.016611233093216216e-01
6.885286243705309062e+00 1.797412169203590759e-01
6.925083271590525058e+00 1.696403574442100493e-01
6.965110326721157818e+00 1.700014623307035955e-01
7.005368738657123728e+00 1.734638703470123833e-01
7.045859844643230119e+00 1.724729313561696731e-01
7.086584989653569089e+00 1.669429879199840205e-01
7.127545526436194656e+00 1.747277374497397118e-01
7.168742815558059256e+00 1.816382772426587411e-01
7.210178225450215805e+00 1.907549159584114862e-01
7.251853132453240036e+00 1.963512019202552639e-01
7.293768920862992111e+00 1.857019668839196003e-01
7.335926982976571864e+00 1.808833160962455555e-01
7.378328719138569802e+00 1.744900800476986147e-01
7.420975537787583676e+00 1.770824772211997966e-01
7.463868855503007715e+00 1.775342782187195878e-01
7.507010097052058128e+00 1.627852430524737437e-01
7.550400695437144982e+00 1.646058835034457379e-01
7.594042091943437711e+00 1.766155602051756313e-01
7.637935736186750368e+00 1.773923556005395641e-01
7.682083086161699548e+00 1.826670062797624006e-01
7.726485608290103890e+00 1.919557996507038899e-01
7.771144777469737974e+00 1.948144067056433171e-01
7.816062077123293150e+00 1.811243326135098530e-01
7.861238999247660786e+00 1.857305193633167484e-01
7.906677044463489068e+00 2.040402166661498817e-01
7.952377722065040011e+00 3.575358265688763360e-01
7.998342550070284496e+00 2.908288369090474834e-01
