2.511886431509579437e-02 1.107077906726135597e+00
2.526405161860213050e-02 1.103490946229932490e+00
2.541007810627042562e-02 1.101484807778225772e+00
2.555694862859406516e-02 1.099559592359749427e+00
2.570466806410236227e-02 1.098334455275264521e+00
2.585324131952258450e-02 1.097698362595455057e+00
2.600267332994290678e-02 1.097506405632908910e+00
2.615296905897638788e-02 1.097788695283711924e+00
2.630413349892583852e-02 1.098520766444794461e+00
2.645617167094958117e-02 1.099721438426209730e+00
2.660908862522835469e-02 1.101383183503936714e+00
2.676288944113292337e-02 1.103408141265696862e+00
2.691757922739292791e-02 1.105617528265981475e+00
2.707316312226650673e-02 1.108099795262042386e+00
2.722964629371095457e-02 1.111037489561398806e+00
2.738703393955444973e-02 1.114543527024371983e+00
2.754533128766867636e-02 1.118696948753186593e+00
2.770454359614242176e-02 1.123561740402024611e+00
2.786467615345633933e-02 1.129181186384009328e+00
2.802573427865854422e-02 1.136622341579176076e+00
2.818772332154127064e-02 1.147287244586512989e+00
2.835064866281864979e-02 1.161548517745079945e+00
2.851451571430539678e-02 1.180072364630771808e+00
2.867932991909653145e-02 1.203679307161922729e+00
2.884509675174826843e-02 1.233370532633381034e+00
2.901182171845980567e-02 1.270350476888572278e+00
2.917951035725619563e-02 1.311623105766974273e+00
2.934816823817239240e-02 1.340232220910354100e+00
2.951780096343814899e-02 1.346595029639453323e+00
2.968841416766421215e-02 1.337582462054816679e+00
2.986001351802944001e-02 1.318633298761914929e+00
3.003260471446899879e-02 1.296155514833975841e+00
3.020619348986378766e-02 1.273856514351545233e+00
3.038078561023081769e-02 1.253640811492040763e+00
3.055638687491469066e-02 1.235175304467514668e+00
3.073300311678033025e-02 1.218635012861465139e+00
3.091064020240668481e-02 1.205388100514783511e+00
3.108930403228154019e-02 1.196426345067291619e+00
3.126900054099761295e-02 1.192446060990969281e+00
3.144973569744963920e-02 1.193908321382128879e+00
3.163151550503255638e-02 1.200363344730490445e+00
3.181434600184106232e-02 1.209742888861171206e+00
3.199823326087009728e-02 1.220968607308103193e+00
3.218318339021652985e-02 1.234433823651405637e+00
3.236920253328214730e-02 1.250240162165367375e+00
3.255629686897762443e-02 1.268831758567252166e+00
3.274447261192782455e-02 1.290588762920140908e+00
3.293373601267822470e-02 1.294937905473512174e+00
3.312409335790250653e-02 1.269767078276912819e+00
3.331555097061136145e-02 1.231370039974690522e+00
3.350811521036261426e-02 1.190340180195979203e+00
3.370179247347232510e-02 1.154135591514993342e+00
3.389658919322740410e-02 1.125981903674909024e+00
3.409251184009919750e-02 1.106530264803577746e+00
3.428956692195841288e-02 1.089735912511805571e+00
3.448776098429136294e-02 1.071515056517975406e+00
3.468710061041735404e-02 1.052451095433746930e+00
3.488759242170727526e-02 1.034081566890494130e+00
3.508924307780367929e-02 1.017802863694188487e+00
3.529205927684192501e-02 1.004787428861165566e+00
3.549604775567258980e-02 9.950352623914249239e-01
3.570121529008542238e-02 9.876430374023974501e-01
3.590756869503420462e-02 9.823002352781996516e-01
3.611511482486330638e-02 9.791611743612703700e-01
3.632386057353523962e-02 9.784102838901345134e-01
3.653381287485973905e-02 9.791291815341794935e-01
3.674497870272393912e-02 9.795864907684801448e-01
3.695736507132423021e-02 9.798254960061599794e-01
3.717097903539903075e-02 9.806215528214246024e-01
3.738582769046329413e-02 9.826634479622327056e-01
3.760191817304411876e-02 9.866813706586619048e-01
3.781925766091774610e-02 9.880137778104520763e-01
3.803785337334809891e-02 9.849763411678119640e-01
3.825771257132654091e-02 9.816961354254811756e-01
3.847884255781295476e-02 9.802319931033163236e-01
3.870125067797849233e-02 9.825637056189491236e-01
3.892494431944945599e-02 9.882941855302497247e-01
3.914993091255265789e-02 9.921182693331275226e-01
3.937621793056233360e-02 9.910756795561617150e-01
3.960381288994833243e-02 9.874228514747711571e-01
3.983272335062570252e-02 9.836401701540110620e-01
4.006295691620595512e-02 9.822832978991513642e-01
4.029452123424955012e-02 9.812369442601750480e-01
4.052742399651988042e-02 9.761293835116462425e-01
4.076167293923887297e-02 9.679166366042847303e-01
4.099727584334383890e-02 9.584392320613258631e-01
4.123424053474603751e-02 9.502415406020071620e-01
4.147257488459059338e-02 9.426140742373103620e-01
4.171228680951784978e-02 9.335582222395505392e-01
4.195338427192649156e-02 9.242125528669664636e-01
4.219587528023795858e-02 9.163592547816273859e-01
4.243976788916238585e-02 9.120402231243417424e-01
4.268507019996626434e-02 9.104556372178342905e-01
4.293179036074151744e-02 9.049603986822027935e-01
4.317993656667604152e-02 8.912185384811134314e-01
4.342951706032609216e-02 8.722599655331848556e-01
4.368054013188996804e-02 8.547015492532390457e-01
4.393301411948334623e-02 8.432819919127556574e-01
4.418694740941636612e-02 8.359800996119850502e-01
4.444234843647213579e-02 8.310419126539381196e-01
4.469922568418681352e-02 8.282585366970206531e-01
4.495758768513159753e-02 8.274568340887401563e-01
4.521744302119593689e-02 8.280157675973300879e-01
4.547880032387276866e-02 8.291355165455154275e-01
4.574166827454511502e-02 8.308254905883224462e-01
4.600605560477452616e-02 8.332343622751746670e-01
4.627197109659098723e-02 8.359518706469046823e-01
4.653942358278480296e-02 8.382873470245481018e-01
4.680842194719982141e-02 8.406322330572182366e-01
4.707897512502866311e-02 8.435492261155157490e-01
4.735109210310945588e-02 8.471926445418795915e-01
4.762478192022426976e-02 8.492157203726344861e-01
4.790005366739954334e-02 8.487452376212960559e-01
4.817691648820784933e-02 8.476894743272929134e-01
4.845537957907175564e-02 8.469555212352052331e-01
4.873545218956924774e-02 8.484949407975840296e-01
4.901714362274099679e-02 8.540635746424244390e-01
4.930046323539925834e-02 8.640698017978876155e-01
4.958542043843887359e-02 8.790537364625101713e-01
4.987202469714965836e-02 8.995291458007532714e-01
5.016028553153097091e-02 9.228782637841709269e-01
5.045021251660784106e-02 9.475277960922876552e-01
5.074181528274907677e-02 9.779642662418657206e-01
5.103510351598705003e-02 1.018290283824574871e+00
5.133008695833959217e-02 1.048410589565253570e+00
5.162677540813340182e-02 1.045482304920924088e+00
5.192517872032970105e-02 1.018504823959185401e+00
5.222530680685147364e-02 9.822531870030657419e-01
5.252716963691266006e-02 9.521178258143443429e-01
5.283077723734942721e-02 9.285936882474288279e-01
5.313613969295318679e-02 9.100133834315763393e-01
5.344326714680543849e-02 8.963505643327116523e-01
5.375216980061491706e-02 8.881509909423875859e-01
5.406285791505632127e-02 8.839486390074338118e-01
5.437534181011107609e-02 8.828891118514199388e-01
5.468963186541032917e-02 8.852358798150954389e-01
5.500573852057948770e-02 8.922950030161754809e-01
5.532367227558519784e-02 9.051260086106739378e-01
5.564344369108398941e-02 9.242181986599825594e-01
5.596506338877313413e-02 9.517583769923217973e-01
5.628854205174332881e-02 9.894722743396007214e-01
5.661389042483377931e-02 1.038963295918380547e+00
5.694111931498885282e-02 1.104936269242043689e+00
5.727023959161724881e-02 1.180576722140206591e+00
5.760126218695296035e-02 1.230062097925969988e+00
5.793419809641841417e-02 1.241628445884870979e+00
5.826905837898961604e-02 1.240154893907679412e+00
5.860585415756369709e-02 1.256629317928541711e+00
5.894459661932811845e-02 1.283072330484759993e+00
5.928529701613251268e-02 1.318652118071968582e+00
5.962796666486229469e-02 1.356524097623697189e+00
5.997261694781454155e-02 1.353296585949516295e+00
6.031925931307623168e-02 1.295683150151632157e+00
6.066790527490428103e-02 1.215367980636171907e+00
6.101856641410823012e-02 1.150036745785334213e+00
6.137125437843479747e-02 1.104853464277808062e+00
6.172598088295483398e-02 1.074590131780722713e+00
6.208275771045231733e-02 1.057490906666083141e+00
6.244159671181598315e-02 1.039096913019760482e+00
6.280250980643269088e-02 1.009524249201639634e+00
6.316550898258359303e-02 9.792082226364042796e-01
6.353060629784218483e-02 9.621127613837754389e-01
6.389781387947492119e-02 9.556840850694887646e-01
6.426714392484385308e-02 9.567172651914277459e-01
6.463860870181208085e-02 9.670490664108170042e-01
6.501222054915094251e-02 9.886931549033846078e-01
6.538799187695008841e-02 1.023036513820075877e+00
6.576593516702965159e-02 1.067897985125686455e+00
6.614606297335466623e-02 1.108197655674320936e+00
6.652838792245242827e-02 1.132090651718285601e+00
6.691292271383147972e-02 1.144148183669583707e+00
6.729968012040381253e-02 1.143393529336437009e+00
6.768867298890894613e-02 1.134890965054251133e+00
6.807991424034069705e-02 1.133208518735465242e+00
6.847341687037629410e-02 1.135005762845577637e+00
6.886919394980822728e-02 1.123970119430186321e+00
6.926725862497820629e-02 1.105692805506195642e+00
6.966762411821400547e-02 1.091472934829746499e+00
7.007030372826857090e-02 1.079646880392106656e+00
7.047531083076181979e-02 1.069872130750302075e+00
7.088265887862478520e-02 1.057790133695934331e+00
7.129236140254673060e-02 1.041099287609456248e+00
7.170443201142430445e-02 1.023484413399349924e+00
7.211888439281383123e-02 1.007683720678404171e+00
7.253573231338585059e-02 9.952874411461423154e-01
7.295498961938230720e-02 9.868507444491437797e-01
7.337667023707672431e-02 9.818410441128934130e-01
7.380078817323644513e-02 9.792665624975701588e-01
7.422735751558823258e-02 9.783801729940487801e-01
7.465639243328600627e-02 9.776311644539181778e-01
7.508790717738160481e-02 9.788450099523710035e-01
7.552191608129793510e-02 9.856745375707979262e-01
7.595843356130543844e-02 1.001298328777240565e+00
7.639747411700059665e-02 1.029250649999752243e+00
7.683905233178781047e-02 1.063072714027960775e+00
7.728318287336367887e-02 1.079699574460256661e+00
7.772988049420428980e-02 1.071936609063174561e+00
7.817916003205507836e-02 1.054419595265346565e+00
7.863103641042397396e-02 1.028977770003976167e+00
7.908552463907676799e-02 1.002194127935788881e+00
7.954263981453599253e-02 9.794265266330252073e-01
8.000239712058217212e-02 9.631741704707945662e-01
8.046481182875830918e-02 9.560943460286558393e-01
8.092989929887701994e-02 9.490465144136077669e-01
8.139767497953076525e-02 9.375460340398942272e-01
8.186815440860513438e-02 9.321844126056427760e-01
8.234135321379483508e-02 9.334791811373257531e-01
8.281728711312283386e-02 9.388972605017378292e-01
8.329597191546232737e-02 9.460542441150961990e-01
8.377742352106211376e-02 9.546207940514641610e-01
8.426165792207447602e-02 9.602929341015987719e-01
8.474869120308657633e-02 9.609534918844777618e-01
8.523853954165466762e-02 9.586104877828128812e-01
8.573121920884146929e-02 9.512634291379138407e-01
8.622674656975649887e-02 9.428624891300171340e-01
8.672513808409994251e-02 9.318964771618237775e-01
8.722641030670905127e-02 9.144321574321455648e-01
8.773057988810836760e-02 8.940564904371861576e-01
8.823766357506258873e-02 8.722242088440831376e-01
8.874767821113291322e-02 8.523190246004618276e-01
8.926064073723644077e-02 8.362830905038468599e-01
8.977656819220893036e-02 8.251646421242199159e-01
9.029547771337091688e-02 8.180772899580596169e-01
9.081738653709675591e-02 8.147255708375256145e-01
9.134231199938727674e-02 8.167034803241518537e-01
9.187027153644546085e-02 8.251157119180807520e-01
9.240128268525588107e-02 8.400375428595266980e-01
9.293536308416693037e-02 8.482559355599041950e-01
9.347253047347692245e-02 8.401128200997407536e-01
9.401280269602330097e-02 8.275396390529757840e-01
9.455619769777530437e-02 8.166997164621411232e-01
9.510273352842993355e-02 8.097403356043448852e-01
9.565242834201181932e-02 8.009573636023611387e-01
9.620530039747586526e-02 7.915797014026859646e-01
9.676136805931405405e-02 7.822867260982517834e-01
9.732064979816532069e-02 7.745538715972551946e-01
9.788316419142908953e-02 7.691470838188754211e-01
9.844892992388228070e-02 7.659666204198283257e-01
9.901796578830000806e-02 7.649089751948199289e-01
9.959029068607995472e-02 7.659063986276570812e-01
1.001659236278700377e-01 7.671936394353185973e-01
1.007448837341998471e-01 7.667984339241945557e-01
1.013271902361159299e-01 7.660795362801495756e-01
1.019128624758204177e-01 7.659176902136891618e-01
1.025019199073136378e-01 7.662451462086206089e-01
1.030943820970401520e-01 7.642615909289782739e-01
1.036902687245389171e-01 7.624248262677535415e-01
1.042895995830967204e-01 7.623627225445769318e-01
1.048923945804057928e-01 7.631663070838627938e-01
1.054986737392250712e-01 7.574320633105513512e-01
1.061084571980452224e-01 7.521965312536587067e-01
1.067217652117575799e-01 7.529775326208801856e-01
1.073386181523270227e-01 7.545828197684466554e-01
1.079590365094685589e-01 7.514964529196672682e-01
1.085830408913279893e-01 7.468292640263912707e-01
1.092106520251663743e-01 7.345157894583650426e-01
1.098418907580486492e-01 7.189465742510776636e-01
1.104767780575359459e-01 7.052611719801488155e-01
1.111153350123821049e-01 6.983507213284917414e-01
1.117575828332342536e-01 6.990620912485152605e-01
1.124035428533372433e-01 7.106547862414912542e-01
1.130532365292423180e-01 7.338589955374967833e-01
1.137066854415197809e-01 7.528853180016180646e-01
1.143639112954759340e-01 7.501696915608933036e-01
1.150249359218739331e-01 7.207795750502916654e-01
1.156897812776589568e-01 6.822395099916626071e-01
1.163584694466876512e-01 6.515565068803833570e-01
1.170310226404614878e-01 6.292029303987975997e-01
1.177074631988646730e-01 6.124763276232179088e-01
1.183878135909062629e-01 6.002513038124432931e-01
1.190720964154663303e-01 5.916264140149094519e-01
1.197603344020467531e-01 5.862779660976954466e-01
1.204525504115261381e-01 5.837900533086184396e-01
1.211487674369193246e-01 5.842737095769943156e-01
1.218490086041408849e-01 5.874842838721269223e-01
1.225532971727734816e-01 5.934801160551823607e-01
1.232616565368404721e-01 6.019732706823415214e-01
1.239741102255828148e-01 6.130992467859899264e-01
1.246906819042407494e-01 6.275242479420225505e-01
1.254113953748399735e-01 6.459728175875003586e-01
1.261362745769819826e-01 6.696305722557959195e-01
1.268653435886395453e-01 6.949519539328237183e-01
1.275986266269562852e-01 7.129055757238936808e-01
1.283361480490512463e-01 7.327392465893115547e-01
1.290779323528278288e-01 7.591502663184390709e-01
1.298240041777875831e-01 7.893006829552031700e-01
1.305743883058487209e-01 8.141496999498873954e-01
1.313291096621690413e-01 8.261112534199127611e-01
1.320881933159741561e-01 8.284693129696203417e-01
1.328516644813900749e-01 8.281512666297156100e-01
1.336195485182806453e-01 8.327356505587560909e-01
1.343918709330900185e-01 8.344143330155311400e-01
1.351686573796898327e-01 8.240900595201633427e-01
1.359499336602315311e-01 8.142607338792033911e-01
1.367357257260030934e-01 8.130487703117558196e-01
1.375260596782912625e-01 8.204579326798314698e-01
1.383209617692485738e-01 8.323253895995890161e-01
1.391204584027652402e-01 8.499026251895883677e-01
1.399245761353461737e-01 8.731312995886633122e-01
1.407333416769932510e-01 8.862351851789379564e-01
1.415467818920924381e-01 8.836625854946200675e-01
1.423649238003061035e-01 8.779829177204639956e-01
1.431877945774705507e-01 8.767163781538612755e-01
1.440154215564987683e-01 8.824035736520388085e-01
1.448478322282882313e-01 8.942936137438605160e-01
1.456850542426340045e-01 9.147803146681359188e-01
1.465271154091474515e-01 9.432576946411411756e-01
1.473740436981796631e-01 9.762648825440317646e-01
1.482258672417506584e-01 1.010452041187278827e+00
1.490826143344838317e-01 1.040374744172395172e+00
1.499443134345459228e-01 1.066270114806055824e+00
1.508109931645919832e-01 1.093751953277229294e+00
1.516826823127164214e-01 1.126237846291636924e+00
1.525594098334091819e-01 1.164999979208897640e+00
1.534412048485173929e-01 1.208598674809916229e+00
1.543280966482127869e-01 1.256776108546959314e+00
1.552201146919646169e-01 1.316497307070839007e+00
1.561172886095181789e-01 1.393438174293700982e+00
1.570196482018790252e-01 1.471867648941797224e+00
1.579272234423027277e-01 1.508149396794002506e+00
1.588400444772908315e-01 1.516529635560840417e+00
1.597581416275917487e-01 1.531076962232220895e+00
1.606815453892082024e-01 1.549864279458662564e+00
1.616102864344102497e-01 1.571372868918844645e+00
1.625443956127538836e-01 1.597526064100238452e+00
1.634839039521058524e-01 1.626688466959192558e+00
1.644288426596743347e-01 1.647615539738720658e+00
1.653792431230455828e-01 1.658250331849971726e+00
1.663351369112262834e-01 1.655259943482465523e+00
1.672965557756923849e-01 1.627540981704617584e+00
1.682635316514438095e-01 1.562851485326605339e+00
1.692360966580649384e-01 1.478813856282556127e+00
1.702142831007917856e-01 1.409003625638977519e+00
1.711981234715850009e-01 1.357448125747325429e+00
1.721876504502090899e-01 1.313905888076467798e+00
1.731828969053178791e-01 1.279257656336909132e+00
1.741838958955464201e-01 1.253759373145377998e+00
1.751906806706090836e-01 1.233807140626622889e+00
1.762032846724038426e-01 1.211997442205584141e+00
1.772217415361232173e-01 1.186738164251732952e+00
1.782460850913716033e-01 1.168033651989527133e+00
1.792763493632887617e-01 1.163870820605685807e+00
1.803125685736800821e-01 1.177279579018827516e+00
1.813547771421535060e-01 1.202704466901149738e+00
1.824030096872625850e-01 1.218945531477348299e+00
1.834573010276564775e-01 1.200190207077997950e+00
1.845176861832364401e-01 1.148247029399243058e+00
1.855842003763193415e-01 1.088523948944358111e+00
1.866568790328071992e-01 1.036418925199142693e+00
1.877357577833641822e-01 9.932925942804680108e-01
1.888208724646001924e-01 9.553698025915946523e-01
1.899122591202609955e-01 9.207874384372235488e-01
1.910099540024255971e-01 8.911093864828029121e-01
1.921139935727104175e-01 8.679992737370650913e-01
1.932244145034804905e-01 8.507908966241150006e-01
1.943412536790674328e-01 8.368796626325439858e-01
1.954645481969946030e-01 8.266607772734757553e-01
1.965943353692096995e-01 8.239244495916920874e-01
1.977306527233236300e-01 8.266701869285025817e-01
1.988735380038573475e-01 8.302590293557111645e-01
2.000230291734956534e-01 8.363564858130556612e-01
2.011791644143479663e-01 8.463589491065081072e-01
2.023419821292166965e-01 8.607500755044443785e-01
2.035115209428728922e-01 8.806872525751567871e-01
2.046878197033392410e-01 9.075292345045099518e-01
2.058709174831803157e-01 9.398570453144680092e-01
2.070608535808005912e-01 9.697214084384185862e-01
2.082576675217497619e-01 9.847373359301321294e-01
2.094613990600355524e-01 9.895023852356864547e-01
2.106720881794442723e-01 9.940058461314967841e-01
2.118897750948690872e-01 9.778118298304320222e-01
2.131145002536455058e-01 9.390421691891499556e-01
2.143463043368951104e-01 9.025759920984202100e-01
2.155852282608767823e-01 8.782332145441761329e-01
2.168313131783459469e-01 8.646400268925095167e-01
2.180846004799212312e-01 8.506855084878152118e-01
2.193451317954595303e-01 8.251721698482413769e-01
2.206129489954388734e-01 7.971652726265745503e-01
2.218880941923488948e-01 7.769815625941608461e-01
2.231706097420899648e-01 7.693804432635392709e-01
2.244605382453801201e-01 7.788503200824765660e-01
2.257579225491697927e-01 7.970975231103816228e-01
2.270628057480653939e-01 7.986143595006964802e-01
2.283752311857605299e-01 7.856629103218553123e-01
2.296952424564759343e-01 7.729730495527584733e-01
2.310228834064072811e-01 7.738123907811459423e-01
2.323581981351817149e-01 7.912334260977009759e-01
2.337012309973229007e-01 8.175691685866143255e-01
2.350520266037238737e-01 8.386166849504849141e-01
2.364106298231291869e-01 8.565891260516085293e-01
2.377770857836252472e-01 8.721150568457726182e-01
2.391514398741393099e-01 8.780149105475549831e-01
2.405337377459470793e-01 8.824054555830441737e-01
2.419240253141889951e-01 8.968022277739964299e-01
2.433223487593957901e-01 9.170273402885277259e-01
2.447287545290218747e-01 9.295704104392070732e-01
2.461432893389885190e-01 9.372505708720537676e-01
2.475660001752356676e-01 9.539978748886922544e-01
2.489969342952823017e-01 9.887307935234915801e-01
2.504361392297964617e-01 1.034503119435693064e+00
2.518836627841739007e-01 1.058520322926011170e+00
2.533395530401260642e-01 1.053094715837577855e+00
2.548038583572773130e-01 1.037677937041723952e+00
2.562766273747711931e-01 1.026092769772769531e+00
2.577579090128856998e-01 1.017290978460732465e+00
2.592477524746588102e-01 1.000400647687687217e+00
2.607462072475227322e-01 9.699039557459377958e-01
2.622533231049470337e-01 9.449288493738949857e-01
2.637691501080930423e-01 9.380861482384306171e-01
2.652937386074759596e-01 9.433649647084463297e-01
2.668271392446371348e-01 9.498519808838991052e-01
2.683694029538270520e-01 9.603964403068931954e-01
2.699205809636965880e-01 9.753935484885533080e-01
2.714807247989985406e-01 9.829250363719768124e-01
2.730498862822996475e-01 9.758207468267683371e-01
2.746281175357012105e-01 9.681669334279967565e-01
2.762154709825712651e-01 9.730731275589526996e-01
2.778119993492854656e-01 9.904471146003738236e-01
2.794177556669779627e-01 1.007817337779784106e+00
2.810327932733039380e-01 1.014567824295986354e+00
2.826571658142107979e-01 1.010322187947909400e+00
2.842909272457196934e-01 1.002128260350601430e+00
2.859341318357184192e-01 9.916421407887731077e-01
2.875868341657639160e-01 9.790934248450777755e-01
2.892490891328946545e-01 9.663527519388362963e-01
2.909209519514548425e-01 9.528273138033626077e-01
2.926024781549284581e-01 9.438260378047579335e-01
2.942937235977828858e-01 9.507157872153561007e-01
2.959947444573255426e-01 9.756551368982973038e-01
2.977055972355692748e-01 1.010952634834702657e+00
2.994263387611086902e-01 1.045789059674796739e+00
3.011570261910088142e-01 1.080311202036996487e+00
3.028977170127025720e-01 1.106818200247396744e+00
3.046484690459013711e-01 1.122332839455528974e+00
3.064093404445150659e-01 1.134365906303757665e+00
3.081803896985833569e-01 1.138609660720829364e+00
3.099616756362194026e-01 1.133543502454418261e+00
3.117532574255635347e-01 1.126851355799382004e+00
3.135551945767480198e-01 1.116425458029725259e+00
3.153675469438748658e-01 1.100735799238095058e+00
3.171903747270033436e-01 1.085294555339171740e+00
3.190237384741493876e-01 1.074898768465600618e+00
3.208676990832974307e-01 1.065671660746353666e+00
3.227223178044230090e-01 1.057016660052734203e+00
3.245876562415266342e-01 1.052225263713104653e+00
3.264637763546810456e-01 1.041729734496249504e+00
3.283507404620888970e-01 1.019165381742064280e+00
3.302486112421523790e-01 9.989910813646775134e-01
3.321574517355558864e-01 9.907670428712839206e-01
3.340773253473591775e-01 9.879422644322486402e-01
3.360082958491044103e-01 9.848314324803997266e-01
3.379504273809338932e-01 9.682384468062001925e-01
3.399037844537201591e-01 9.431334871947879561e-01
3.418684319512097503e-01 9.252570245749374145e-01
3.438444351321779946e-01 9.302215585670594589e-01
3.458318596325960503e-01 9.578915901387681231e-01
3.478307714678123830e-01 1.001936303388055283e+00
3.498412370347446232e-01 1.053743982034424764e+00
3.518633231140849693e-01 1.093770772587282947e+00
3.538970968725191901e-01 1.106347717496058536e+00
3.559426258649572294e-01 1.089592885755398699e+00
3.579999780367765227e-01 1.061875805908556014e+00
3.600692217260801353e-01 1.035545709212658982e+00
3.621504256659661136e-01 1.015648052693059133e+00
3.642436589868098817e-01 1.000982164368341198e+00
3.663489912185618480e-01 9.879855488453718193e-01
3.684664922930561692e-01 9.555956343122371521e-01
3.705962325463332818e-01 9.288138741750551208e-01
3.727382827209774208e-01 9.241165743856935011e-01
3.748927139684648524e-01 9.270072204099161217e-01
3.770595978515288715e-01 9.354232158658557506e-01
3.792390063465359562e-01 9.553095807994234079e-01
3.814310118458763554e-01 9.808774954381526134e-01
3.836356871603694985e-01 1.000745041061666729e+00
3.858531055216822825e-01 1.010239382983673773e+00
3.880833405847607942e-01 1.009255133067874066e+00
3.903264664302779630e-01 1.011982051094630908e+00
3.925825575670940371e-01 1.029911207782631122e+00
3.948516889347303827e-01 1.069939880266494781e+00
3.971339359058604912e-01 1.121339179884702553e+00
3.994293742888124776e-01 1.154579727232256880e+00
4.017380803300868997e-01 1.151079335562299688e+00
4.040601307168905088e-01 1.104763131589551195e+00
4.063956025796829352e-01 1.035112865081427636e+00
4.087445734947380283e-01 9.773827495612115168e-01
4.111071214867221824e-01 9.457625448092663589e-01
4.134833250312844322e-01 9.370811970815718928e-01
4.158732630576643108e-01 9.461972708715030711e-01
4.182770149513134750e-01 9.719928991618798086e-01
4.206946605565314856e-01 1.005764151052943811e+00
4.231262801791195738e-01 1.033272336558192173e+00
4.255719545890473410e-01 1.043009447579889892e+00
4.280317650231349469e-01 1.056002299240848652e+00
4.305057931877529498e-01 1.067946915331825730e+00
4.329941212615355806e-01 1.059685238218324832e+00
4.354968318981098929e-01 1.030108810538193254e+00
4.380140082288422887e-01 9.830774727834105109e-01
4.405457338655994204e-01 9.242821843141644234e-01
4.430920929035247480e-01 8.763117629877104076e-01
4.456531699238333033e-01 8.580551503047786355e-01
4.482290499966203323e-01 8.668400042377674142e-01
4.508198186836865351e-01 8.912223023431241620e-01
4.534255620413813470e-01 9.155519063803307933e-01
4.560463666234608748e-01 9.367989074307688790e-01
4.586823194839622087e-01 9.589868739838837142e-01
4.613335081800964965e-01 9.901911719836457015e-01
4.640000207751556194e-01 1.020409338136602617e+00
4.666819458414390720e-01 1.038323439376560353e+00
4.693793724631949438e-01 1.033415363314599045e+00
4.720923902395786631e-01 1.002376675243308091e+00
4.748210892876304490e-01 9.820217094894073684e-01
4.775655602452679171e-01 9.781223484463155149e-01
4.803258942742961168e-01 9.907820983193266207e-01
4.831021830634371073e-01 1.035709437210124761e+00
4.858945188313745223e-01 1.082742656895912869e+00
4.887029943298164536e-01 1.099890812216691494e+00
4.915277028465775411e-01 1.104279475321175319e+00
4.943687382086768833e-01 1.085537324438862417e+00
4.972261947854541564e-01 1.062436621348151311e+00
5.001001674917054940e-01 1.052829363565823018e+00
5.029907517908354109e-01 1.059060437124547560e+00
5.058980436980275996e-01 1.070199586745233411e+00
5.088221397834349347e-01 1.068447508979249561e+00
5.117631371753864622e-01 1.046658511799269720e+00
5.147211335636141527e-01 1.006750282899748994e+00
5.176962272024980827e-01 9.704817085645812691e-01
5.206885169143288250e-01 9.561470400968055117e-01
5.236981020925914887e-01 9.691662387918392740e-01
5.267250827052667450e-01 9.973236904939346559e-01
5.297695592981502832e-01 1.034070275304461939e+00
5.328316329981945820e-01 1.063571425744379351e+00
5.359114055168668900e-01 1.065775166951647979e+00
5.390089791535270791e-01 1.051766072547798414e+00
5.421244567988269258e-01 1.009849823265565716e+00
5.452579419381275994e-01 9.625794802731029165e-01
5.484095386549359130e-01 9.201946301705373754e-01
5.515793516343632241e-01 8.846882378925376988e-01
5.547674861666017643e-01 8.681742933205628399e-01
5.579740481504216199e-01 8.645252291011830126e-01
5.611991440966896949e-01 8.666612207922589350e-01
5.644428811319066597e-01 8.753613878300069429e-01
5.677053670017649933e-01 8.892180458224229200e-01
5.709867100747291202e-01 9.041342309708526592e-01
5.742870193456336425e-01 8.861392066976649939e-01
5.776064044393048880e-01 8.497106682270423317e-01
5.809449756142023302e-01 8.464455179327543544e-01
5.843028437660793273e-01 8.509113402084577116e-01
5.876801204316687288e-01 8.272234746440763065e-01
5.910769177923870243e-01 7.863629886558468618e-01
5.944933486780595855e-01 7.453895868072960562e-01
5.979295265706701112e-01 6.994290677945591561e-01
6.013855656081297241e-01 6.662336867911333727e-01
6.048615805880666052e-01 6.460255116556502530e-01
6.083576869716416091e-01 6.311714302303971236e-01
6.118740008873820857e-01 6.270161265705771481e-01
6.154106391350390171e-01 6.196634221326620118e-01
6.189677191894675801e-01 6.121676909383401144e-01
6.225453592045292472e-01 6.168311159696053814e-01
6.261436780170150929e-01 6.283824084804635612e-01
6.297627951505950783e-01 6.294776923255791523e-01
6.334028308197864332e-01 6.309041960276369210e-01
6.370639059339481269e-01 6.438556452064779778e-01
6.407461421012968783e-01 6.586814976666508503e-01
6.444496616329448146e-01 6.676263157350946775e-01
6.481745875469649976e-01 6.714372260209350296e-01
6.519210435724759334e-01 6.720789644937604779e-01
6.556891541537508417e-01 6.680027019361653995e-01
6.594790444543533470e-01 6.678709667657906079e-01
6.632908403612935988e-01 6.794147315526274378e-01
6.671246684892090384e-01 6.834213626630244454e-01
6.709806561845721440e-01 6.752763652718556386e-01
6.748589315299192704e-01 6.633656239389749132e-01
6.787596233481042463e-01 6.606311781881967216e-01
6.826828612065795054e-01 6.743090527351041086e-01
6.866287754216984229e-01 6.801317472656670526e-01
6.905974970630435195e-01 6.699900210778183540e-01
6.945891579577818664e-01 6.626279069848765024e-01
6.986038906950429173e-01 6.607459759795233367e-01
7.026418286303216520e-01 6.500321427660472606e-01
7.067031058899108098e-01 6.362827548409364375e-01
7.107878573753529938e-01 6.310001745089098835e-01
7.148962187679240854e-01 6.313953800200340361e-01
7.190283265331394169e-01 6.277707809037238462e-01
7.231843179252852583e-01 6.255726854894712030e-01
7.273643309919801681e-01 6.408389098048966614e-01
7.315685045787596597e-01 6.824841610223585375e-01
7.357969783336865133e-01 7.377169540984708229e-01
7.400498927119919523e-01 7.633206254263017465e-01
7.443273889807401344e-01 7.436017523522104877e-01
7.486296092235191768e-01 7.277144908050183769e-01
7.529566963451627126e-01 6.960773486740250426e-01
7.573087940764960946e-01 6.517390541879026777e-01
7.616860469791092436e-01 6.227140322923395699e-01
7.660886004501606950e-01 6.246110187457356577e-01
7.705166007272060691e-01 6.444258703010999900e-01
7.749701948930545203e-01 6.659739803123946311e-01
7.794495308806568268e-01 6.710288469927734312e-01
7.839547574780165728e-01 6.683884977922628368e-01
7.884860243331343055e-01 6.744878361806126987e-01
7.930434819589780027e-01 6.940618005672917201e-01
7.976272817384808533e-01 7.150152203808947116e-01
8.022375759295721220e-01 7.165094735991451858e-01
8.068745176702336597e-01 7.010362368731307692e-01
8.115382609835852801e-01 6.950611059311343487e-01
8.162289607830032212e-01 6.921478767348474559e-01
8.209467728772645856e-01 6.670447990544405847e-01
8.256918539757219788e-01 6.493772307761843665e-01
8.304643616935105666e-01 6.467895756438236665e-01
8.352644545567829981e-01 6.652437910823174594e-01
8.400922920079733069e-01 6.840499276188124478e-01
8.449480344110958940e-01 6.784982311530204369e-01
8.498318430570707127e-01 6.557757961943853076e-01
8.547438801690798726e-01 6.389852077646237527e-01
8.596843089079587719e-01 6.415333423458720041e-01
8.646532933776126528e-01 6.610621403884225922e-01
8.696509986304700179e-01 6.979573977483729541e-01
8.746775906729644667e-01 7.393994004172566026e-01
8.797332364710471753e-01 7.434455520787661698e-01
8.848181039557355687e-01 7.250402668464114297e-01
8.899323620286901937e-01 7.106359669314377125e-01
8.950761805678236760e-01 7.016346909328331494e-01
9.002497304329459826e-01 7.004923588125837597e-01
9.054531834714387717e-01 7.093506080547814507e-01
9.106867125239620497e-01 7.336350457478596487e-01
9.159504914301977996e-01 7.724611643193023403e-01
9.212446950346235841e-01 8.169048469417244940e-01
9.265694991923183466e-01 8.188940480143829248e-01
9.319250807748065135e-01 7.716312327459415865e-01
9.373116176759319629e-01 7.357766832319516670e-01
9.427292888177655206e-01 7.003907345382947014e-01
9.481782741565508710e-01 6.884705835503871496e-01
9.536587546886805544e-01 6.883350845180017386e-01
9.591709124567069367e-01 6.893701465709460852e-01
9.647149305553922582e-01 6.974944427210559850e-01
9.702909931377862174e-01 7.017795996202453868e-01
9.758992854213467405e-01 7.051200271547473086e-01
9.815399936940907288e-01 7.273644516380226577e-01
9.872133053207802211e-01 7.616664080725961128e-01
9.929194087491489684e-01 7.669019401294888683e-01
9.986584935161608723e-01 7.462665666557906086e-01
1.004430750254303728e+00 7.178607000609887878e-01
1.010236370697924935e+00 7.065220657537354398e-01
1.016075547689597958e+00 6.997433502724531573e-01
1.021948475186527761e+00 6.804667309846198497e-01
1.027855348266994762e+00 6.678032172495980134e-01
1.033796363136834096e+00 6.692880608128216613e-01
1.039771717135951290e+00 6.700295416289308026e-01
1.045781608744880131e+00 6.765579602865011699e-01
1.051826237591374280e+00 6.646001706784867569e-01
1.057905804457035748e+00 6.494242790513181651e-01
1.064020511283988890e+00 6.436241676928194932e-01
1.070170561181583713e+00 6.331945060611517961e-01
1.076356158433145582e+00 6.139103590492971385e-01
1.082577508502760022e+00 5.951343334088878834e-01
1.088834818042095476e+00 5.727035977560824831e-01
1.095128294897270704e+00 5.624715388799769178e-01
1.101458148115757263e+00 5.680853390689456495e-01
1.107824587953321727e+00 5.755622509532141162e-01
1.114227825881013212e+00 5.843621603342458171e-01
1.120668074592185315e+00 5.734224954001274632e-01
1.127145548009560017e+00 5.654581633854726119e-01
1.133660461292336441e+00 5.684598433390110062e-01
1.140213030843336250e+00 5.594359841683421708e-01
1.146803474316190341e+00 5.614402406890434127e-01
1.153432010622570836e+00 5.817443943057994948e-01
1.160098859939462601e+00 5.804835005322128705e-01
1.166804243716473621e+00 5.588017734195381836e-01
1.173548384683194445e+00 5.366439177625090817e-01
1.180331506856595603e+00 5.155192422274189612e-01
1.187153835548465874e+00 4.992386571001080631e-01
1.194015597372901416e+00 5.002567817740041223e-01
1.200917020253827294e+00 5.065781880209857535e-01
1.207858333432573428e+00 5.160518287019338901e-01
1.214839767475487387e+00 5.294925799421666968e-01
1.221861554281590267e+00 5.452556340430055881e-01
1.228923927090283863e+00 5.450298023223630883e-01
1.236027120489096909e+00 5.364895994200701290e-01
1.243171370421473965e+00 5.348504375144074174e-01
1.250356914194617142e+00 5.376676882294212367e-01
1.257583990487367132e+00 5.456019093479905768e-01
1.264852839358128644e+00 5.622475890903400053e-01
1.272163702252848472e+00 5.928477872373836277e-01
1.279516822013033517e+00 6.245056306094359799e-01
1.286912442883815677e+00 6.387048000448261043e-01
1.294350810522067352e+00 6.455813759383868256e-01
1.301832172004561583e+00 6.401294218158785077e-01
1.309356775836174380e+00 6.065934113004837203e-01
1.316924871958146337e+00 5.727958123753448261e-01
1.324536711756377994e+00 5.813040224505469089e-01
1.332192548069784932e+00 6.140627954607307259e-01
1.339892635198694837e+00 6.187111650439532928e-01
1.347637228913291185e+00 6.023214279183318753e-01
1.355426586462114891e+00 5.939449530135045840e-01
1.363260966580605249e+00 5.782214194637782523e-01
1.371140629499693731e+00 5.736125704316681340e-01
1.379065836954451285e+00 5.791962597245512434e-01
1.387036852192779834e+00 5.693537605665538459e-01
1.395053939984155722e+00 5.662485744077209171e-01
1.403117366628427343e+00 6.208923230791576486e-01
1.411227399964658957e+00 7.384772542246336169e-01
1.419384309380025577e+00 8.455685380842596910e-01
1.427588365818764915e+00 8.852132966430312777e-01
1.435839841791175742e+00 8.929612065920704556e-01
1.444139011382666204e+00 8.755985111366815232e-01
1.452486150262864761e+00 8.261997041771642625e-01
1.460881535694769973e+00 7.706394551061205300e-01
1.469325446543965796e+00 7.384038589154248156e-01
1.477818163287882181e+00 7.173055304144095867e-01
1.486359968025109168e+00 6.859751430372887926e-01
1.494951144484772509e+00 6.990432719384617188e-01
1.503591978035954568e+00 7.565287364279819071e-01
1.512282755697172298e+00 8.031592228786245125e-01
1.521023766145914724e+00 8.391285701839410471e-01
1.529815299728230382e+00 8.595569312470504597e-01
1.538657648468367833e+00 8.690757382721272517e-01
1.547551106078482119e+00 8.847183487886234321e-01
1.556495967968387184e+00 8.932397323808628498e-01
1.565492531255366693e+00 8.742040002617147421e-01
1.574541094774047689e+00 8.962790509545083273e-01
1.583641959086324214e+00 1.024865750757279370e+00
1.592795426491339539e+00 1.168289594606255255e+00
1.602001801035530804e+00 1.205216844793296493e+00
1.611261388522727822e+00 1.036044420929077337e+00
1.620574496524306296e+00 9.028771010592766544e-01
1.629941434389411858e+00 8.510204922067681199e-01
1.639362513255227638e+00 8.391850281141016721e-01
1.648838046057315765e+00 9.125201155307066658e-01
1.658368347540009280e+00 1.003613103913824967e+00
1.667953734266863997e+00 9.818278705958559671e-01
1.677594524631179640e+00 8.674685691935555276e-01
1.687291038866571835e+00 7.992222232154254646e-01
1.697043599057607821e+00 7.541311563271618779e-01
1.706852529150509445e+00 7.114978913318894538e-01
1.716718154963911225e+00 6.923228963183453155e-01
1.726640804199680579e+00 6.486018752019788725e-01
1.736620806453807120e+00 5.999370213345492919e-01
1.746658493227349673e+00 5.878606700731975332e-01
1.756754197937443251e+00 5.733810929180097604e-01
1.766908255928380411e+00 5.719169505958449085e-01
1.777121004482747679e+00 5.812607380374237298e-01
1.787392782832625482e+00 5.976561209560611321e-01
1.797723932170862682e+00 6.059422631726315567e-01
1.808114795662403074e+00 6.024023509515620267e-01
1.818565718455690483e+00 6.115730007406483537e-01
1.829077047694130043e+00 6.235533735207271500e-01
1.839649132527616748e+00 5.978725430216768055e-01
1.850282324124138622e+00 5.980569722602014915e-01
1.860976975681438272e+00 6.257740521070439543e-01
1.871733442438742401e+00 6.479130884540195146e-01
1.882552081688566581e+00 6.585629360133135046e-01
1.893433252788581767e+00 6.683922616542734563e-01
1.904377317173546302e+00 6.800075398193137222e-01
1.915384638367318981e+00 6.840386360327803672e-01
1.926455581994929611e+00 7.002872283330001668e-01
1.937590515794722412e+00 7.060289998303329595e-01
1.948789809630575354e+00 7.007784123253975039e-01
1.960053835504184105e+00 6.994102484845056145e-01
1.971382967567415045e+00 7.042788039953544743e-01
1.982777582134739092e+00 6.825970768826797874e-01
1.994238057695728816e+00 6.551829879276991342e-01
2.005764774927627947e+00 6.644044498539299903e-01
2.017358116708002580e+00 7.156080286475809960e-01
2.029018468127450348e+00 7.427812304338764493e-01
2.040746216502401289e+00 6.688608624746065212e-01
2.052541751387976898e+00 6.131086564410166417e-01
2.064405464590929995e+00 6.159033239839661888e-01
2.076337750182662312e+00 6.269728421574539690e-01
2.088339004512313135e+00 6.429542002549136770e-01
2.100409626219920778e+00 6.566565399048907015e-01
2.112550016249669760e+00 6.168800461757445452e-01
2.124760577863207711e+00 5.863664168549470590e-01
2.137041716653034662e+00 5.796479231658360209e-01
2.149393840555982482e+00 5.571513199278432804e-01
2.161817359866763155e+00 5.255348790379089641e-01
2.174312687251592546e+00 5.041015668179408271e-01
2.186880237761905654e+00 5.230375565938051308e-01
2.199520428848138476e+00 5.443523071604360331e-01
2.212233680373592026e+00 5.457844566555097865e-01
2.225020414628386511e+00 5.383301279433055919e-01
2.237881056343477670e+00 5.599666887118518455e-01
2.250816032704775704e+00 5.932561662655453372e-01
2.263825773367328598e+00 5.859147534136623925e-01
2.276910710469592924e+00 5.605256222204417771e-01
2.290071278647793029e+00 5.477680119351521215e-01
2.303307915050354371e+00 5.407013610100507295e-01
2.316621059352423018e+00 5.271081733583842244e-01
2.330011153770474852e+00 5.181370082558652834e-01
2.343478643077001600e+00 5.259978340652257112e-01
2.357023974615280792e+00 5.399994007450539257e-01
2.370647598314243876e+00 5.260411184783488903e-01
2.384349966703414481e+00 5.144239583823033701e-01
2.398131534927939956e+00 5.240312161646316635e-01
2.411992760763713051e+00 5.412264197605443083e-01
2.425934104632577970e+00 5.460272257552003516e-01
2.439956029617617261e+00 5.323531150703036952e-01
2.454059001478542612e+00 5.226103582555899907e-01
2.468243488667162033e+00 5.332093936777394516e-01
2.482509962342935861e+00 5.615964409624877307e-01
2.496858896388636673e+00 5.759593383953436341e-01
2.511290767426078485e+00 5.586022887329707975e-01
2.525806054831960523e+00 5.366156887974288248e-01
2.540405240753779381e+00 5.435261394490858988e-01
2.555088810125852206e+00 5.378276523648762852e-01
2.569857250685421590e+00 5.312860601902684721e-01
2.584711052988855506e+00 5.120000312474084492e-01
2.599650710427946265e+00 5.043631552276849339e-01
2.614676719246288084e+00 5.200829249154005351e-01
2.629789578555775442e+00 5.241102572668564497e-01
2.644989790353173831e+00 4.995849324050930518e-01
2.660277859536794409e+00 4.814694645475627310e-01
2.675654293923265481e+00 4.933689142944112649e-01
2.691119604264405218e+00 4.836223936176868299e-01
2.706674304264172548e+00 4.873787279043719223e-01
2.722318910595750374e+00 4.915039206681062200e-01
2.738053942918694972e+00 5.204386098754123502e-01
2.753879923896200843e+00 5.659493473778698380e-01
2.769797379212459720e+00 5.750710669608170011e-01
2.785806837590128815e+00 5.467329498822077749e-01
2.801908830807877226e+00 5.260072437202525375e-01
2.818103893718070019e+00 5.408218045943932184e-01
2.834392564264522019e+00 5.665101628174650239e-01
2.850775383500368410e+00 5.618975499233441750e-01
2.867252895606037466e+00 5.578928007439525327e-01
2.883825647907329426e+00 5.529847246819913353e-01
2.900494190893583735e+00 5.424816677411148369e-01
2.917259078235983960e+00 5.553465480937096466e-01
2.934120866805935979e+00 5.770922608605663084e-01
2.951080116693567401e+00 5.557059969157320811e-01
2.968137391226336685e+00 5.266753292271529885e-01
2.985293256987731514e+00 5.275033788695083770e-01
3.002548283836107057e+00 5.160217178058482679e-01
3.019903044923603730e+00 5.364933632820808596e-01
3.037358116715186629e+00 5.466125062978651750e-01
3.054914079007794214e+00 5.274488028703532283e-01
3.072571514949601568e+00 5.284857468543027181e-01
3.090331011059376021e+00 5.464751253344743986e-01
3.108193157245980220e+00 5.929117728915656027e-01
3.126158546827951579e+00 6.194037156539231592e-01
3.144227776553216724e+00 5.821471275409451085e-01
3.162401446618910317e+00 5.610977292460691546e-01
3.180680160691316427e+00 5.571663753758862025e-01
3.199064525925907621e+00 5.557361078118177034e-01
3.217555152987530587e+00 5.494711594949966971e-01
3.236152656070678812e+00 5.708517776468149396e-01
3.254857652919894928e+00 5.890349950205380214e-01
3.273670764850296955e+00 6.013766985536446175e-01
3.292592616768199143e+00 6.120585389400294840e-01
3.311623837191892683e+00 6.089495889191860467e-01
3.330765058272506351e+00 6.070074361216614145e-01
3.350016915815009710e+00 5.959868481543129093e-01
3.369380049299332214e+00 5.848740455677019501e-01
3.388855101901607103e+00 5.810461979028134216e-01
3.408442720515521884e+00 5.888618573680455270e-01
3.428143555773827789e+00 5.819702260264418836e-01
3.447958262069935831e+00 5.609133000075444686e-01
3.467887497579658529e+00 5.804533896361272483e-01
3.487931924283071528e+00 5.769567618281808974e-01
3.508092207986506228e+00 5.331811647126590836e-01
3.528369018344649444e+00 5.218199472333415745e-01
3.548763028882812254e+00 5.087612279871953636e-01
3.569274917019284565e+00 5.193207428582324869e-01
3.589905364087840223e+00 5.526328035839901398e-01
3.610655055360374899e+00 5.807319154249195314e-01
3.631524680069651456e+00 5.914024642252723174e-01
3.652514931432215839e+00 5.821847661610521918e-01
3.673626506671410219e+00 5.803423557068113636e-01
3.694860107040534913e+00 5.703191911723000107e-01
3.716216437846141751e+00 5.873939511838699445e-01
3.737696208471465109e+00 5.793806889630758183e-01
3.759300132399972405e+00 5.746231673815428431e-01
3.781028927239082016e+00 5.794634939273113350e-01
3.802883314743989107e+00 5.876649492486407667e-01
3.824864020841640233e+00 6.080763729327020028e-01
3.846971775654848713e+00 6.148419148969469505e-01
3.869207313526548564e+00 5.909865574730892579e-01
3.891571373044171445e+00 5.924921022773719237e-01
3.914064697064205678e+00 5.893906799805497254e-01
3.936688032736852527e+00 5.934274219870324663e-01
3.959442131530850340e+00 5.982112906026404442e-01
3.982327749258438132e+00 5.935271643303161593e-01
4.005345646100446189e+00 5.626277391534213468e-01
4.028496586631570509e+00 5.369243254823067302e-01
4.051781339845751617e+00 5.404190713592477158e-01
4.075200679181723906e+00 5.756695210205192703e-01
4.098755382548707082e+00 5.750785946848383512e-01
4.122446232352245943e+00 5.963688801483995050e-01
4.146274015520188705e+00 6.445801886435389427e-01
4.170239523528843861e+00 6.841703712031551587e-01
4.194343552429258715e+00 7.552414956203201690e-01
4.218586902873665778e+00 7.195996043099351924e-01
4.242970380142073950e+00 6.929138226540262346e-01
4.267494794169023997e+00 7.421112629959707441e-01
4.292160959570472833e+00 7.524844666974778162e-01
4.316969695670882068e+00 7.842307608267815588e-01
4.341921826530410478e+00 8.240185461419599067e-01
4.367018180972294772e+00 8.179493186496956669e-01
4.392259592610382235e+00 7.892254057149890034e-01
4.417646899876805477e+00 7.642013691368071404e-01
4.443180946049855251e+00 7.815038428000247173e-01
4.468862579281975833e+00 7.810051310836060301e-01
4.494692652627942486e+00 7.665951853756164391e-01
4.520672024073195239e+00 7.605899435375342854e-01
4.546801556562344082e+00 7.478944369754211285e-01
4.573082118027814502e+00 7.554372164448770466e-01
4.599514581418703507e+00 7.538018184012249545e-01
4.626099824729760002e+00 7.347190380069431592e-01
4.652838731030551678e+00 8.115356977834516927e-01
4.679732188494796219e+00 9.126123301499690088e-01
4.706781090429870140e+00 8.807982865044725607e-01
4.733986335306464177e+00 8.543402185002112459e-01
4.761348826788450062e+00 8.700976268080339304e-01
4.788869473762884077e+00 8.140405479515769871e-01
4.816549190370198019e+00 7.606388737436734493e-01
4.844388896034566017e+00 7.167974090429641842e-01
4.872389515494448098e+00 7.130184915842149307e-01
4.900551978833287414e+00 6.425401754337359828e-01
4.928877221510434836e+00 5.835472842089278744e-01
4.957366184392200559e+00 6.170362464491888632e-01
4.986019813783113541e+00 6.233388333861168418e-01
5.014839061457356806e+00 6.231619318716137279e-01
5.043824884690362609e+00 6.574206038930640039e-01
5.072978246290641202e+00 6.974078738948097378e-01
5.102300114631742822e+00 6.463849604776726876e-01
5.131791463684423960e+00 6.092826907071334785e-01
5.161453273049005475e+00 6.168668726587070994e-01
5.191286527987911903e+00 6.152088914429908462e-01
5.221292219458380401e+00 6.517221168088545014e-01
5.251471344145405951e+00 6.904315556579653235e-01
5.281824904494829553e+00 7.156155563716024570e-01
5.312353908746639597e+00 7.526895971770611871e-01
5.343059370968462396e+00 7.330196543091090922e-01
5.373942311089249912e+00 7.307970937917870335e-01
5.405003754933139781e+00 7.278368163203663421e-01
5.436244734253559585e+00 6.600440157145265330e-01
5.467666286767478567e+00 6.387273832168903764e-01
5.499269456189878724e+00 6.496745758750301913e-01
5.531055292268432844e+00 6.492906619499381193e-01
5.563024850818350409e+00 6.382474908105252309e-01
5.595179193757479297e+00 6.186434155277605873e-01
5.627519389141558470e+00 5.765295634899656463e-01
5.660046511199702479e+00 5.639977849253184905e-01
5.692761640370078702e+00 5.861537586513422271e-01
5.725665863335805739e+00 5.962522004260676356e-01
5.758760273061025892e+00 5.788274012475019825e-01
5.792045968827241431e+00 5.764091199056231574e-01
5.825524056269808071e+00 6.729427708252176954e-01
5.859195647414667363e+00 7.452936083260229827e-01
5.893061860715279821e+00 8.066784338586350245e-01
5.927123821089786304e+00 1.090720162427605278e+00
5.961382659958350594e+00 1.173259774391393062e+00
5.995839515280771082e+00 9.424334088607964066e-01
6.030495531594262104e+00 8.474692883996666204e-01
6.065351860051475086e+00 7.701350975966857471e-01
6.100409658458743500e+00 6.823185510938875042e-01
6.135670091314512575e+00 6.355111631287416740e-01
6.171134329848062094e+00 6.135151535381729859e-01
6.206803552058381079e+00 5.769191232080738141e-01
6.242678942753306259e+00 5.392033439297895248e-01
6.278761693588877257e+00 5.458183314136061393e-01
6.315053003108923591e+00 5.649650974620700206e-01
6.351554076784851510e+00 5.864228747851076839e-01
6.388266127055725718e+00 6.034035382464100206e-01
6.425190373368511843e+00 5.972609154449369795e-01
6.462328042218596025e+00 6.199532395074863755e-01
6.499680367190518560e+00 6.277651351107077504e-01
6.537248588998957999e+00 5.600513756070927274e-01
6.575033955529916874e+00 5.363258714226043500e-01
6.613037721882214726e+00 5.660961379962873297e-01
6.651261150409145451e+00 5.914833872585025798e-01
6.689705510760421525e+00 6.075927166643262378e-01
6.728372079924347382e+00 6.241762926834990566e-01
6.767262142270216607e+00 6.528381018950289993e-01
6.806376989591010229e+00 6.942274104957627534e-01
6.845717921146279750e+00 6.997527599274798726e-01
6.885286243705309062e+00 7.026076492626007752e-01
6.925083271590525058e+00 6.749413815529027305e-01
6.965110326721157818e+00 6.493904042932218124e-01
7.005368738657123728e+00 6.252809861836414740e-01
7.045859844643230119e+00 6.389776800406022916e-01
7.086584989653569089e+00 7.684225403818144562e-01
7.127545526436194656e+00 8.228009367814963504e-01
7.168742815558059256e+00 8.326377901464777631e-01
7.210178225450215805e+00 8.577446316888952538e-01
7.251853132453240036e+00 8.395576504531615525e-01
7.293768920862992111e+00 7.734247129940433618e-01
7.335926982976571864e+00 7.442171437909610443e-01
7.378328719138569802e+00 7.512423922339446225e-01
7.420975537787583676e+00 6.888507336134686021e-01
7.463868855503007715e+00 6.166598602481182523e-01
7.507010097052058128e+00 5.703097815172732954e-01
7.550400695437144982e+00 5.893812703255230101e-01
7.594042091943437711e+00 5.785940418028381327e-01
7.637935736186750368e+00 6.054134405601272473e-01
7.682083086161699548e+00 6.358348552616623905e-01
7.726485608290103890e+00 7.473524408458794843e-01
7.771144777469737974e+00 8.061759582802057178e-01
7.816062077123293150e+00 7.692468261621590031e-01
7.861238999247660786e+00 8.021730910318194407e-01
7.906677044463489068e+00 8.316008461625280512e-01
7.952377722065040011e+00 1.116274903549296926e+00
7.998342550070284496e+00 1.306449677433258127e+00
