2.511886431509579437e-02 6.138353720358116217e-01
2.526405161860213050e-02 6.210353588856858398e-01
2.541007810627042562e-02 6.246294345132120673e-01
2.555694862859406516e-02 6.314625179236132979e-01
2.570466806410236227e-02 6.388518742906349468e-01
2.585324131952258450e-02 6.477068718164117334e-01
2.600267332994290678e-02 6.571694298763698372e-01
2.615296905897638788e-02 6.673874934057802966e-01
2.630413349892583852e-02 6.782880762365761651e-01
2.645617167094958117e-02 6.899027399549486628e-01
2.660908862522835469e-02 7.022354297591715255e-01
2.676288944113292337e-02 7.158976513817000287e-01
2.691757922739292791e-02 7.321360874770875826e-01
2.707316312226650673e-02 7.511677239503989911e-01
2.722964629371095457e-02 7.726138217673393926e-01
2.738703393955444973e-02 7.965532848933869481e-01
2.754533128766867636e-02 8.229841407294047340e-01
2.770454359614242176e-02 8.520267178227467486e-01
2.786467615345633933e-02 8.837993721216301779e-01
2.802573427865854422e-02 9.193377181729546210e-01
2.818772332154127064e-02 9.598805482347257945e-01
2.835064866281864979e-02 1.005769121957636569e+00
2.851451571430539678e-02 1.057502506923335472e+00
2.867932991909653145e-02 1.115692208864278001e+00
2.884509675174826843e-02 1.181038500474081765e+00
2.901182171845980567e-02 1.254316613213568798e+00
2.917951035725619563e-02 1.325815441531525307e+00
2.934816823817239240e-02 1.359144476549463798e+00
2.951780096343814899e-02 1.345527624707085090e+00
2.968841416766421215e-02 1.307643858281924976e+00
2.986001351802944001e-02 1.258330852457265836e+00
3.003260471446899879e-02 1.208593737818162150e+00
3.020619348986378766e-02 1.163622422693933789e+00
3.038078561023081769e-02 1.126872900772521113e+00
3.055638687491469066e-02 1.100787249785469823e+00
3.073300311678033025e-02 1.082045585385290387e+00
3.091064020240668481e-02 1.067513447543366079e+00
3.108930403228154019e-02 1.056190728497262699e+00
3.126900054099761295e-02 1.047536936083454773e+00
3.144973569744963920e-02 1.041281824220180674e+00
3.163151550503255638e-02 1.034752521076869991e+00
3.181434600184106232e-02 1.022557913212233549e+00
3.199823326087009728e-02 1.004932739923569018e+00
3.218318339021652985e-02 9.851653239721746003e-01
3.236920253328214730e-02 9.647607584995445684e-01
3.255629686897762443e-02 9.449953151472871848e-01
3.274447261192782455e-02 9.264864174452679402e-01
3.293373601267822470e-02 9.101868307766349808e-01
3.312409335790250653e-02 8.961695413094551421e-01
3.331555097061136145e-02 8.839887416387774977e-01
3.350811521036261426e-02 8.727074471745499551e-01
3.370179247347232510e-02 8.613669747362138196e-01
3.389658919322740410e-02 8.501251322547251910e-01
3.409251184009919750e-02 8.396723294280173944e-01
3.428956692195841288e-02 8.304997434411912627e-01
3.448776098429136294e-02 8.223844705917713327e-01
3.468710061041735404e-02 8.150740181902278447e-01
3.488759242170727526e-02 8.084894822710825268e-01
3.508924307780367929e-02 8.016800700503248223e-01
3.529205927684192501e-02 7.946970691055152969e-01
3.549604775567258980e-02 7.884695736301583491e-01
3.570121529008542238e-02 7.830626793957734533e-01
3.590756869503420462e-02 7.784665234066755479e-01
3.611511482486330638e-02 7.746811056628649661e-01
3.632386057353523962e-02 7.716906453712459868e-01
3.653381287485973905e-02 7.698679637687024790e-01
3.674497870272393912e-02 7.695622109024748969e-01
3.695736507132423021e-02 7.705978254493747182e-01
3.717097903539903075e-02 7.727972734870759419e-01
3.738582769046329413e-02 7.761289934293876813e-01
3.760191817304411876e-02 7.805712866858032228e-01
3.781925766091774610e-02 7.852719904291594055e-01
3.803785337334809891e-02 7.895959277373578722e-01
3.825771257132654091e-02 7.939829882179387788e-01
3.847884255781295476e-02 7.985239114312019382e-01
3.870125067797849233e-02 8.034199024891163221e-01
3.892494431944945599e-02 8.075347442887980121e-01
3.914993091255265789e-02 8.084480576892065784e-01
3.937621793056233360e-02 8.068108004055366544e-01
3.960381288994833243e-02 8.046725029410807251e-01
3.983272335062570252e-02 8.028715199290438198e-01
4.006295691620595512e-02 8.018773299640199470e-01
4.029452123424955012e-02 7.999520732063549744e-01
4.052742399651988042e-02 7.963777235701983148e-01
4.076167293923887297e-02 7.924167445031989887e-01
4.099727584334383890e-02 7.883906696646802992e-01
4.123424053474603751e-02 7.847788406449214271e-01
4.147257488459059338e-02 7.807054234271159077e-01
4.171228680951784978e-02 7.756930490201212613e-01
4.195338427192649156e-02 7.704656613071988458e-01
4.219587528023795858e-02 7.653625473399044976e-01
4.243976788916238585e-02 7.606677613939590854e-01
4.268507019996626434e-02 7.565410839994558545e-01
4.293179036074151744e-02 7.530495835270510918e-01
4.317993656667604152e-02 7.502445475543054743e-01
4.342951706032609216e-02 7.481595102665473673e-01
4.368054013188996804e-02 7.468102524568723810e-01
4.393301411948334623e-02 7.460291031986394650e-01
4.418694740941636612e-02 7.456562819617554849e-01
4.444234843647213579e-02 7.457529393194661793e-01
4.469922568418681352e-02 7.462638424959366912e-01
4.495758768513159753e-02 7.469503069955960584e-01
4.521744302119593689e-02 7.466603349224639752e-01
4.547880032387276866e-02 7.452992415179673369e-01
4.574166827454511502e-02 7.437428607989122753e-01
4.600605560477452616e-02 7.423068086272112120e-01
4.627197109659098723e-02 7.408885098477429043e-01
4.653942358278480296e-02 7.392532251632099038e-01
4.680842194719982141e-02 7.377481320217156302e-01
4.707897512502866311e-02 7.365981067248728031e-01
4.735109210310945588e-02 7.354007390487429241e-01
4.762478192022426976e-02 7.339212896960290999e-01
4.790005366739954334e-02 7.325404703001627826e-01
4.817691648820784933e-02 7.315521981325499024e-01
4.845537957907175564e-02 7.311852946930769148e-01
4.873545218956924774e-02 7.318362524082708820e-01
4.901714362274099679e-02 7.342329603596674525e-01
4.930046323539925834e-02 7.389770612840366182e-01
4.958542043843887359e-02 7.468122250560093045e-01
4.987202469714965836e-02 7.575017397791514728e-01
5.016028553153097091e-02 7.678835290369289135e-01
5.045021251660784106e-02 7.754938165072891021e-01
5.074181528274907677e-02 7.806324372590486282e-01
5.103510351598705003e-02 7.833605418654531194e-01
5.133008695833959217e-02 7.831198847707450117e-01
5.162677540813340182e-02 7.822696945427186632e-01
5.192517872032970105e-02 7.839819105935929011e-01
5.222530680685147364e-02 7.899056258018593013e-01
5.252716963691266006e-02 7.999047308270682555e-01
5.283077723734942721e-02 8.124958311182318704e-01
5.313613969295318679e-02 8.287638562006737208e-01
5.344326714680543849e-02 8.501468308452316824e-01
5.375216980061491706e-02 8.660597880830221973e-01
5.406285791505632127e-02 8.654798439367583640e-01
5.437534181011107609e-02 8.541729056837504830e-01
5.468963186541032917e-02 8.399544111046014505e-01
5.500573852057948770e-02 8.323579318281999484e-01
5.532367227558519784e-02 8.333738203837302017e-01
5.564344369108398941e-02 8.425464063705562223e-01
5.596506338877313413e-02 8.590925679313082819e-01
5.628854205174332881e-02 8.746761011132277996e-01
5.661389042483377931e-02 8.787929155120463021e-01
5.694111931498885282e-02 8.728336935193148349e-01
5.727023959161724881e-02 8.546995896533166048e-01
5.760126218695296035e-02 8.212699520793935726e-01
5.793419809641841417e-02 7.826464609778764903e-01
5.826905837898961604e-02 7.453229127076106408e-01
5.860585415756369709e-02 7.142959008824951717e-01
5.894459661932811845e-02 6.894095901707106844e-01
5.928529701613251268e-02 6.684408613449125403e-01
5.962796666486229469e-02 6.512062626853643010e-01
5.997261694781454155e-02 6.370173570932697871e-01
6.031925931307623168e-02 6.248838998018789725e-01
6.066790527490428103e-02 6.142003028761477967e-01
6.101856641410823012e-02 6.042090882474866476e-01
6.137125437843479747e-02 5.943756815497817092e-01
6.172598088295483398e-02 5.848697263088107334e-01
6.208275771045231733e-02 5.753992778523049356e-01
6.244159671181598315e-02 5.656250491287085902e-01
6.280250980643269088e-02 5.557245740603472539e-01
6.316550898258359303e-02 5.460568656901462203e-01
6.353060629784218483e-02 5.367304169706379469e-01
6.389781387947492119e-02 5.278063784750678389e-01
6.426714392484385308e-02 5.192946131991206249e-01
6.463860870181208085e-02 5.115324355952151070e-01
6.501222054915094251e-02 5.048413793226744772e-01
6.538799187695008841e-02 4.992036909892660912e-01
6.576593516702965159e-02 4.946844663665094233e-01
6.614606297335466623e-02 4.915066091568799922e-01
6.652838792245242827e-02 4.898693518732100127e-01
6.691292271383147972e-02 4.895971331923106296e-01
6.729968012040381253e-02 4.901770773385744628e-01
6.768867298890894613e-02 4.916190473076862966e-01
6.807991424034069705e-02 4.931142774534957862e-01
6.847341687037629410e-02 4.904414056229260410e-01
6.886919394980822728e-02 4.827147348034856456e-01
6.926725862497820629e-02 4.729247252867936346e-01
6.966762411821400547e-02 4.629611270460499139e-01
7.007030372826857090e-02 4.540844309297665804e-01
7.047531083076181979e-02 4.468666906876598288e-01
7.088265887862478520e-02 4.418503710823912800e-01
7.129236140254673060e-02 4.389092257691960541e-01
7.170443201142430445e-02 4.377138306922032096e-01
7.211888439281383123e-02 4.385482401271338371e-01
7.253573231338585059e-02 4.416905905522982012e-01
7.295498961938230720e-02 4.474703060235670771e-01
7.337667023707672431e-02 4.571754937773701566e-01
7.380078817323644513e-02 4.719759051019198348e-01
7.422735751558823258e-02 4.898930230628534277e-01
7.465639243328600627e-02 5.030719578968286809e-01
7.508790717738160481e-02 5.066482801321223750e-01
7.552191608129793510e-02 5.015747551518822123e-01
7.595843356130543844e-02 4.905222821875410699e-01
7.639747411700059665e-02 4.785426876288325082e-01
7.683905233178781047e-02 4.706227020939708905e-01
7.728318287336367887e-02 4.679518028625380688e-01
7.772988049420428980e-02 4.697764570642185555e-01
7.817916003205507836e-02 4.738064771010111476e-01
7.863103641042397396e-02 4.765464173022372352e-01
7.908552463907676799e-02 4.784914000512717758e-01
7.954263981453599253e-02 4.808170944337379904e-01
8.000239712058217212e-02 4.848885390524065864e-01
8.046481182875830918e-02 4.868059054135237540e-01
8.092989929887701994e-02 4.786137011977628086e-01
8.139767497953076525e-02 4.646240281185002874e-01
8.186815440860513438e-02 4.543132524296529806e-01
8.234135321379483508e-02 4.481074555448025243e-01
8.281728711312283386e-02 4.452057622143463789e-01
8.329597191546232737e-02 4.465491022266105392e-01
8.377742352106211376e-02 4.520546264178431084e-01
8.426165792207447602e-02 4.606531860558162328e-01
8.474869120308657633e-02 4.707903730206117188e-01
8.523853954165466762e-02 4.785880574089824147e-01
8.573121920884146929e-02 4.753687756174770351e-01
8.622674656975649887e-02 4.651369038941077227e-01
8.672513808409994251e-02 4.590573533540222018e-01
8.722641030670905127e-02 4.572741237342177190e-01
8.773057988810836760e-02 4.581302317596547824e-01
8.823766357506258873e-02 4.612193220081213796e-01
8.874767821113291322e-02 4.659200257514776178e-01
8.926064073723644077e-02 4.728813281057807072e-01
8.977656819220893036e-02 4.829632822947415582e-01
9.029547771337091688e-02 4.963828742234250302e-01
9.081738653709675591e-02 5.138857463655986946e-01
9.134231199938727674e-02 5.321579321711835675e-01
9.187027153644546085e-02 5.436719933335715238e-01
9.240128268525588107e-02 5.460095233108595014e-01
9.293536308416693037e-02 5.370440602334133340e-01
9.347253047347692245e-02 5.188902303760455359e-01
9.401280269602330097e-02 4.973810093867226390e-01
9.455619769777530437e-02 4.748716806349650987e-01
9.510273352842993355e-02 4.541238829125056053e-01
9.565242834201181932e-02 4.360272584301094212e-01
9.620530039747586526e-02 4.209487106272495338e-01
9.676136805931405405e-02 4.089198010901172187e-01
9.732064979816532069e-02 3.996525303447174271e-01
9.788316419142908953e-02 3.929456932790811874e-01
9.844892992388228070e-02 3.884106878632288540e-01
9.901796578830000806e-02 3.856885010542352998e-01
9.959029068607995472e-02 3.844911333781055318e-01
1.001659236278700377e-01 3.842051065032475177e-01
1.007448837341998471e-01 3.848363382270721389e-01
1.013271902361159299e-01 3.865465816788093978e-01
1.019128624758204177e-01 3.900321643538032790e-01
1.025019199073136378e-01 3.962497968334754983e-01
1.030943820970401520e-01 4.059983817682915053e-01
1.036902687245389171e-01 4.188755089343131344e-01
1.042895995830967204e-01 4.344807407067391991e-01
1.048923945804057928e-01 4.502063010265192622e-01
1.054986737392250712e-01 4.627224425504787297e-01
1.061084571980452224e-01 4.702972232363737959e-01
1.067217652117575799e-01 4.706641266758468389e-01
1.073386181523270227e-01 4.653854513853637465e-01
1.079590365094685589e-01 4.552147302352399505e-01
1.085830408913279893e-01 4.462472945586569151e-01
1.092106520251663743e-01 4.412645091387166207e-01
1.098418907580486492e-01 4.415248922247941854e-01
1.104767780575359459e-01 4.477918396828902692e-01
1.111153350123821049e-01 4.549405389552036993e-01
1.117575828332342536e-01 4.564298513036023630e-01
1.124035428533372433e-01 4.497900826086224102e-01
1.130532365292423180e-01 4.377059402956554046e-01
1.137066854415197809e-01 4.274188357964515683e-01
1.143639112954759340e-01 4.202780269206859431e-01
1.150249359218739331e-01 4.163032396597279305e-01
1.156897812776589568e-01 4.153780906644975457e-01
1.163584694466876512e-01 4.173309638100798913e-01
1.170310226404614878e-01 4.225721597169608823e-01
1.177074631988646730e-01 4.315040886090788508e-01
1.183878135909062629e-01 4.447658726068061119e-01
1.190720964154663303e-01 4.630498940072127478e-01
1.197603344020467531e-01 4.799925479944920914e-01
1.204525504115261381e-01 4.871096856806143571e-01
1.211487674369193246e-01 4.881196564387337289e-01
1.218490086041408849e-01 4.879026705336690362e-01
1.225532971727734816e-01 4.816021888902448089e-01
1.232616565368404721e-01 4.678255565177731334e-01
1.239741102255828148e-01 4.505436154789380088e-01
1.246906819042407494e-01 4.345359734825738340e-01
1.254113953748399735e-01 4.209210942393322163e-01
1.261362745769819826e-01 4.096930599518023297e-01
1.268653435886395453e-01 4.009682539690642700e-01
1.275986266269562852e-01 3.946835531187357082e-01
1.283361480490512463e-01 3.909218065645685414e-01
1.290779323528278288e-01 3.903142460303873906e-01
1.298240041777875831e-01 3.924249271069258360e-01
1.305743883058487209e-01 3.971039322597756382e-01
1.313291096621690413e-01 4.001456801289554055e-01
1.320881933159741561e-01 3.981217934144428150e-01
1.328516644813900749e-01 3.989779014398798784e-01
1.336195485182806453e-01 4.040731250106265326e-01
1.343918709330900185e-01 4.104761818091722247e-01
1.351686573796898327e-01 4.158534870565028796e-01
1.359499336602315311e-01 4.179878393226847955e-01
1.367357257260030934e-01 4.159067472332005910e-01
1.375260596782912625e-01 4.117189192654518437e-01
1.383209617692485738e-01 4.072371740262972772e-01
1.391204584027652402e-01 4.030020036792616445e-01
1.399245761353461737e-01 3.972617401907317936e-01
1.407333416769932510e-01 3.888347966776735110e-01
1.415467818920924381e-01 3.788218834585059813e-01
1.423649238003061035e-01 3.702647484024088054e-01
1.431877945774705507e-01 3.644948959268247690e-01
1.440154215564987683e-01 3.601354518341611799e-01
1.448478322282882313e-01 3.548863655307322729e-01
1.456850542426340045e-01 3.484103225641194124e-01
1.465271154091474515e-01 3.414924173908293059e-01
1.473740436981796631e-01 3.357284827126559845e-01
1.482258672417506584e-01 3.318483802102716873e-01
1.490826143344838317e-01 3.295996171941465991e-01
1.499443134345459228e-01 3.274258129452257138e-01
1.508109931645919832e-01 3.237409977573996178e-01
1.516826823127164214e-01 3.186102674021878967e-01
1.525594098334091819e-01 3.133848522884024601e-01
1.534412048485173929e-01 3.094869963937855739e-01
1.543280966482127869e-01 3.078379035152938870e-01
1.552201146919646169e-01 3.096448043247417292e-01
1.561172886095181789e-01 3.158801901966465375e-01
1.570196482018790252e-01 3.245714619940563428e-01
1.579272234423027277e-01 3.296173705863791881e-01
1.588400444772908315e-01 3.266486088852666447e-01
1.597581416275917487e-01 3.177916387603528237e-01
1.606815453892082024e-01 3.076485339981464562e-01
1.616102864344102497e-01 2.967637319604461976e-01
1.625443956127538836e-01 2.840444127253807238e-01
1.634839039521058524e-01 2.717847090892250295e-01
1.644288426596743347e-01 2.617303712881814959e-01
1.653792431230455828e-01 2.543548231151185335e-01
1.663351369112262834e-01 2.497626123242946417e-01
1.672965557756923849e-01 2.474842603211152292e-01
1.682635316514438095e-01 2.471903430497094378e-01
1.692360966580649384e-01 2.493878184882737659e-01
1.702142831007917856e-01 2.545067132486638073e-01
1.711981234715850009e-01 2.631171084814585837e-01
1.721876504502090899e-01 2.735501853167969233e-01
1.731828969053178791e-01 2.791898462493422328e-01
1.741838958955464201e-01 2.861452308062344407e-01
1.751906806706090836e-01 3.006063550792283934e-01
1.762032846724038426e-01 3.131382773962834709e-01
1.772217415361232173e-01 3.053682093958301480e-01
1.782460850913716033e-01 2.870881331936974146e-01
1.792763493632887617e-01 2.731004327135718723e-01
1.803125685736800821e-01 2.640580382697846340e-01
1.813547771421535060e-01 2.574024887817091267e-01
1.824030096872625850e-01 2.508376788539334323e-01
1.834573010276564775e-01 2.445944025854807913e-01
1.845176861832364401e-01 2.401698627212978110e-01
1.855842003763193415e-01 2.388166597133488667e-01
1.866568790328071992e-01 2.413238332164146516e-01
1.877357577833641822e-01 2.481095742475289967e-01
1.888208724646001924e-01 2.588839107335599854e-01
1.899122591202609955e-01 2.722719410760521264e-01
1.910099540024255971e-01 2.856264372332160684e-01
1.921139935727104175e-01 2.937673538714163923e-01
1.932244145034804905e-01 2.970024164560173818e-01
1.943412536790674328e-01 3.008213683851561626e-01
1.954645481969946030e-01 3.040505131723463261e-01
1.965943353692096995e-01 3.036027331682582542e-01
1.977306527233236300e-01 2.975468538178160927e-01
1.988735380038573475e-01 2.801386664342160326e-01
2.000230291734956534e-01 2.577536114280865598e-01
2.011791644143479663e-01 2.386805503728991751e-01
2.023419821292166965e-01 2.217655127735371212e-01
2.035115209428728922e-01 2.067855949275248240e-01
2.046878197033392410e-01 1.962402772012939445e-01
2.058709174831803157e-01 1.915662035462865898e-01
2.070608535808005912e-01 1.927633739625026488e-01
2.082576675217497619e-01 1.967474324394042628e-01
2.094613990600355524e-01 1.977412278846006066e-01
2.106720881794442723e-01 1.948405208537129230e-01
2.118897750948690872e-01 1.917926579272086207e-01
2.131145002536455058e-01 1.905593889467863400e-01
2.143463043368951104e-01 1.906292189562344419e-01
2.155852282608767823e-01 1.921240545822165413e-01
2.168313131783459469e-01 1.958861956562110984e-01
2.180846004799212312e-01 2.033710258214611599e-01
2.193451317954595303e-01 2.161258518409918117e-01
2.206129489954388734e-01 2.337076279486435815e-01
2.218880941923488948e-01 2.500249680095091853e-01
2.231706097420899648e-01 2.545165762443485913e-01
2.244605382453801201e-01 2.497764205182533004e-01
2.257579225491697927e-01 2.411482718932259350e-01
2.270628057480653939e-01 2.304331133813035115e-01
2.283752311857605299e-01 2.204734603388336656e-01
2.296952424564759343e-01 2.113107373476923734e-01
2.310228834064072811e-01 2.027969994726081804e-01
2.323581981351817149e-01 1.952295174035198200e-01
2.337012309973229007e-01 1.894180430861460152e-01
2.350520266037238737e-01 1.862709584230530513e-01
2.364106298231291869e-01 1.844222385119017593e-01
2.377770857836252472e-01 1.817892131838984293e-01
2.391514398741393099e-01 1.800623998994108077e-01
2.405337377459470793e-01 1.793287902803784029e-01
2.419240253141889951e-01 1.759077115971628136e-01
2.433223487593957901e-01 1.720315542930524466e-01
2.447287545290218747e-01 1.707890140966865089e-01
2.461432893389885190e-01 1.716046838398160856e-01
2.475660001752356676e-01 1.729665662839676155e-01
2.489969342952823017e-01 1.744886237780396698e-01
2.504361392297964617e-01 1.775917194803786070e-01
2.518836627841739007e-01 1.827380333687722846e-01
2.533395530401260642e-01 1.876742654490805851e-01
2.548038583572773130e-01 1.925899824983645925e-01
2.562766273747711931e-01 1.984789799618205952e-01
2.577579090128856998e-01 2.044441197519629716e-01
2.592477524746588102e-01 2.073754020694734135e-01
2.607462072475227322e-01 2.067836223283878450e-01
2.622533231049470337e-01 2.060577058459895916e-01
2.637691501080930423e-01 2.075588537892099350e-01
2.652937386074759596e-01 2.136127605405151453e-01
2.668271392446371348e-01 2.239570704146906233e-01
2.683694029538270520e-01 2.316285084582963283e-01
2.699205809636965880e-01 2.367789648048775897e-01
2.714807247989985406e-01 2.391993439459174919e-01
2.730498862822996475e-01 2.241247413413315348e-01
2.746281175357012105e-01 1.970060401862586685e-01
2.762154709825712651e-01 1.715784482712946202e-01
2.778119993492854656e-01 1.525712720272814349e-01
2.794177556669779627e-01 1.395631642785661874e-01
2.810327932733039380e-01 1.308697226221057219e-01
2.826571658142107979e-01 1.254405380174731521e-01
2.842909272457196934e-01 1.223747244388226074e-01
2.859341318357184192e-01 1.207603493051412069e-01
2.875868341657639160e-01 1.205291606862904652e-01
2.892490891328946545e-01 1.220597003566513961e-01
2.909209519514548425e-01 1.257983675009162472e-01
2.926024781549284581e-01 1.315327131920352444e-01
2.942937235977828858e-01 1.376888005786345570e-01
2.959947444573255426e-01 1.417906232240122300e-01
2.977055972355692748e-01 1.446942891536053266e-01
2.994263387611086902e-01 1.488785664429075617e-01
3.011570261910088142e-01 1.556071020990503206e-01
3.028977170127025720e-01 1.632098936926900945e-01
3.046484690459013711e-01 1.684124266564868966e-01
3.064093404445150659e-01 1.724132522260526379e-01
3.081803896985833569e-01 1.778085081255296462e-01
3.099616756362194026e-01 1.801803613278005201e-01
3.117532574255635347e-01 1.763898148262338650e-01
3.135551945767480198e-01 1.663293619678657687e-01
3.153675469438748658e-01 1.547377776593956422e-01
3.171903747270033436e-01 1.471450463213543058e-01
3.190237384741493876e-01 1.454898383855380006e-01
3.208676990832974307e-01 1.458040734280544315e-01
3.227223178044230090e-01 1.450471871392060297e-01
3.245876562415266342e-01 1.409804767584660889e-01
3.264637763546810456e-01 1.295790510067981460e-01
3.283507404620888970e-01 1.188950595612395522e-01
3.302486112421523790e-01 1.124160576959212232e-01
3.321574517355558864e-01 1.101371139130007670e-01
3.340773253473591775e-01 1.119156092948765530e-01
3.360082958491044103e-01 1.161843138272403431e-01
3.379504273809338932e-01 1.175359387558797403e-01
3.399037844537201591e-01 1.147439219374380981e-01
3.418684319512097503e-01 1.107525648437297505e-01
3.438444351321779946e-01 1.058181081026446924e-01
3.458318596325960503e-01 1.003561783523387457e-01
3.478307714678123830e-01 9.618787911604580187e-02
3.498412370347446232e-01 9.503371136101526617e-02
3.518633231140849693e-01 9.750498355978853837e-02
3.538970968725191901e-01 1.022721638940600614e-01
3.559426258649572294e-01 1.039532128785704418e-01
3.579999780367765227e-01 9.889428513194373216e-02
3.600692217260801353e-01 9.136507148611223983e-02
3.621504256659661136e-01 8.576604609578812599e-02
3.642436589868098817e-01 8.348394615424853393e-02
3.663489912185618480e-01 8.323737126212955861e-02
3.684664922930561692e-01 8.450003196969242680e-02
3.705962325463332818e-01 8.566130108161597312e-02
3.727382827209774208e-01 8.588203492504088710e-02
3.748927139684648524e-01 8.500245296987407606e-02
3.770595978515288715e-01 8.311901531391244213e-02
3.792390063465359562e-01 8.116199971014251280e-02
3.814310118458763554e-01 7.962258334366530133e-02
3.836356871603694985e-01 7.863293035665656905e-02
3.858531055216822825e-01 7.856744006530975988e-02
3.880833405847607942e-01 7.949436439976344249e-02
3.903264664302779630e-01 8.117205996574097804e-02
3.925825575670940371e-01 8.357764461325374594e-02
3.948516889347303827e-01 8.764455225390736792e-02
3.971339359058604912e-01 9.367537959531023473e-02
3.994293742888124776e-01 9.939453627307472117e-02
4.017380803300868997e-01 1.047791401372121650e-01
4.040601307168905088e-01 1.101436234901527061e-01
4.063956025796829352e-01 1.139647452783421055e-01
4.087445734947380283e-01 1.149672201597410487e-01
4.111071214867221824e-01 1.115094511325781523e-01
4.134833250312844322e-01 1.073541710505891006e-01
4.158732630576643108e-01 1.046779458014865383e-01
4.182770149513134750e-01 1.027313849731424505e-01
4.206946605565314856e-01 1.015590693060519634e-01
4.231262801791195738e-01 9.976222875220254471e-02
4.255719545890473410e-01 9.737853995510993566e-02
4.280317650231349469e-01 9.559550759521916186e-02
4.305057931877529498e-01 9.473545437150815429e-02
4.329941212615355806e-01 9.414623900930065015e-02
4.354968318981098929e-01 9.386534089219870924e-02
4.380140082288422887e-01 9.407995967829904660e-02
4.405457338655994204e-01 9.480883505940275457e-02
4.430920929035247480e-01 9.784545417082643470e-02
4.456531699238333033e-01 1.041585604487271083e-01
4.482290499966203323e-01 1.098453665006455804e-01
4.508198186836865351e-01 1.128174816202909131e-01
4.534255620413813470e-01 1.160448510682578344e-01
4.560463666234608748e-01 1.203125693010531488e-01
4.586823194839622087e-01 1.154335425957164624e-01
4.613335081800964965e-01 1.068519473103211603e-01
4.640000207751556194e-01 1.037291256166126968e-01
4.666819458414390720e-01 1.077648661909024752e-01
4.693793724631949438e-01 1.172122352375059434e-01
4.720923902395786631e-01 1.223196889229016537e-01
4.748210892876304490e-01 1.202725255385730246e-01
4.775655602452679171e-01 1.158529171722324225e-01
4.803258942742961168e-01 1.107809702713018485e-01
4.831021830634371073e-01 1.066406819427536262e-01
4.858945188313745223e-01 1.055764647083680952e-01
4.887029943298164536e-01 1.046848498984658538e-01
4.915277028465775411e-01 1.034403371029629370e-01
4.943687382086768833e-01 1.042928944499535299e-01
4.972261947854541564e-01 1.084162184259239714e-01
5.001001674917054940e-01 1.142002736152941678e-01
5.029907517908354109e-01 1.203932486057544826e-01
5.058980436980275996e-01 1.272048306855629030e-01
5.088221397834349347e-01 1.327361959254895474e-01
5.117631371753864622e-01 1.336141998013468113e-01
5.147211335636141527e-01 1.319635288435455078e-01
5.176962272024980827e-01 1.274299042470891097e-01
5.206885169143288250e-01 1.231505476793857690e-01
5.236981020925914887e-01 1.237224041691881160e-01
5.267250827052667450e-01 1.285241049883562858e-01
5.297695592981502832e-01 1.320601862012561467e-01
5.328316329981945820e-01 1.295847715442952908e-01
5.359114055168668900e-01 1.288937700666210606e-01
5.390089791535270791e-01 1.298579765247631357e-01
5.421244567988269258e-01 1.299814612307363115e-01
5.452579419381275994e-01 1.283309875328486893e-01
5.484095386549359130e-01 1.246733942131125900e-01
5.515793516343632241e-01 1.165230090990549555e-01
5.547674861666017643e-01 1.090999212867914958e-01
5.579740481504216199e-01 1.081282189519290060e-01
5.611991440966896949e-01 1.136621485707337148e-01
5.644428811319066597e-01 1.210996363566969464e-01
5.677053670017649933e-01 1.266112756052540922e-01
5.709867100747291202e-01 1.273316688100689098e-01
5.742870193456336425e-01 1.256744882751156533e-01
5.776064044393048880e-01 1.243534386330990005e-01
5.809449756142023302e-01 1.239178887436600263e-01
5.843028437660793273e-01 1.244305672593538220e-01
5.876801204316687288e-01 1.261131943231737496e-01
5.910769177923870243e-01 1.269330065244909100e-01
5.944933486780595855e-01 1.283300012332802276e-01
5.979295265706701112e-01 1.333125893933068684e-01
6.013855656081297241e-01 1.389313407750005225e-01
6.048615805880666052e-01 1.407250251702308330e-01
6.083576869716416091e-01 1.415929687904896594e-01
6.118740008873820857e-01 1.429907525389337297e-01
6.154106391350390171e-01 1.445173470110207581e-01
6.189677191894675801e-01 1.482193238113382883e-01
6.225453592045292472e-01 1.487321995869457514e-01
6.261436780170150929e-01 1.443601308598056743e-01
6.297627951505950783e-01 1.409996109700945299e-01
6.334028308197864332e-01 1.420874993941234621e-01
6.370639059339481269e-01 1.486221285551038440e-01
6.407461421012968783e-01 1.589946465969377110e-01
6.444496616329448146e-01 1.694405453266662198e-01
6.481745875469649976e-01 1.759576183553277218e-01
6.519210435724759334e-01 1.724306110984578089e-01
6.556891541537508417e-01 1.588944385607805598e-01
6.594790444543533470e-01 1.439070248380478478e-01
6.632908403612935988e-01 1.330243926593982218e-01
6.671246684892090384e-01 1.286341760201981932e-01
6.709806561845721440e-01 1.291902517169049303e-01
6.748589315299192704e-01 1.336865941896729637e-01
6.787596233481042463e-01 1.360797514626229388e-01
6.826828612065795054e-01 1.331307157528799079e-01
6.866287754216984229e-01 1.309886703500639238e-01
6.905974970630435195e-01 1.327527657582399656e-01
6.945891579577818664e-01 1.356747768598067228e-01
6.986038906950429173e-01 1.368827965712760275e-01
7.026418286303216520e-01 1.320303999542881968e-01
7.067031058899108098e-01 1.234117198051181974e-01
7.107878573753529938e-01 1.197061923263541550e-01
7.148962187679240854e-01 1.203790458919684336e-01
7.190283265331394169e-01 1.229446083294879893e-01
7.231843179252852583e-01 1.297492863123170803e-01
7.273643309919801681e-01 1.409031508722975723e-01
7.315685045787596597e-01 1.531829750196501971e-01
7.357969783336865133e-01 1.637499913363875403e-01
7.400498927119919523e-01 1.728663582478104643e-01
7.443273889807401344e-01 1.748438888826047144e-01
7.486296092235191768e-01 1.701717878267342554e-01
7.529566963451627126e-01 1.684796922870569758e-01
7.573087940764960946e-01 1.707162251885329662e-01
7.616860469791092436e-01 1.742980707014101238e-01
7.660886004501606950e-01 1.777211219837626366e-01
7.705166007272060691e-01 1.785981395600514665e-01
7.749701948930545203e-01 1.785285068105170736e-01
7.794495308806568268e-01 1.760477661358864077e-01
7.839547574780165728e-01 1.636172354144706520e-01
7.884860243331343055e-01 1.452036142507663052e-01
7.930434819589780027e-01 1.316479129816332250e-01
7.976272817384808533e-01 1.238314889014615477e-01
8.022375759295721220e-01 1.210309899067310152e-01
8.068745176702336597e-01 1.193878148256501265e-01
8.115382609835852801e-01 1.186526271273081745e-01
8.162289607830032212e-01 1.160977167251281417e-01
8.209467728772645856e-01 1.096623093007364630e-01
8.256918539757219788e-01 1.080402410304209526e-01
8.304643616935105666e-01 1.087174343141365240e-01
8.352644545567829981e-01 1.104793598632619056e-01
8.400922920079733069e-01 1.158302322821574692e-01
8.449480344110958940e-01 1.227526744334625775e-01
8.498318430570707127e-01 1.293906677892192325e-01
8.547438801690798726e-01 1.380069808194248904e-01
8.596843089079587719e-01 1.440731176853791984e-01
8.646532933776126528e-01 1.397645666504489792e-01
8.696509986304700179e-01 1.333928741781808258e-01
8.746775906729644667e-01 1.282613547833142964e-01
8.797332364710471753e-01 1.243015592757971688e-01
8.848181039557355687e-01 1.209960749020069642e-01
8.899323620286901937e-01 1.241660417150885765e-01
8.950761805678236760e-01 1.305189944955556791e-01
9.002497304329459826e-01 1.380071780793385716e-01
9.054531834714387717e-01 1.444208869132238005e-01
9.106867125239620497e-01 1.498417866014811750e-01
9.159504914301977996e-01 1.539015928852417447e-01
9.212446950346235841e-01 1.547967583735904984e-01
9.265694991923183466e-01 1.582022535236241589e-01
9.319250807748065135e-01 1.642157219926218548e-01
9.373116176759319629e-01 1.663976138980042818e-01
9.427292888177655206e-01 1.661125733227147294e-01
9.481782741565508710e-01 1.681342901781767152e-01
9.536587546886805544e-01 1.719757297374767124e-01
9.591709124567069367e-01 1.761467906125613880e-01
9.647149305553922582e-01 1.830560163496489090e-01
9.702909931377862174e-01 1.850739852667506458e-01
9.758992854213467405e-01 1.827723565937552641e-01
9.815399936940907288e-01 1.830437862349998113e-01
9.872133053207802211e-01 1.804945963703169509e-01
9.929194087491489684e-01 1.800055890442665840e-01
9.986584935161608723e-01 1.790816236085183422e-01
1.004430750254303728e+00 1.774865799463790916e-01
1.010236370697924935e+00 1.690448419397936608e-01
1.016075547689597958e+00 1.582154699378417184e-01
1.021948475186527761e+00 1.545156629965748762e-01
1.027855348266994762e+00 1.568447107975739219e-01
1.033796363136834096e+00 1.639746703780863568e-01
1.039771717135951290e+00 1.690588473936660563e-01
1.045781608744880131e+00 1.651383066089742446e-01
1.051826237591374280e+00 1.604216248126086874e-01
1.057905804457035748e+00 1.611226865458813551e-01
1.064020511283988890e+00 1.662948414829690802e-01
1.070170561181583713e+00 1.655255278195578716e-01
1.076356158433145582e+00 1.592522680442236271e-01
1.082577508502760022e+00 1.519518758982785489e-01
1.088834818042095476e+00 1.468647399839934364e-01
1.095128294897270704e+00 1.506602179834024835e-01
1.101458148115757263e+00 1.615187844525813043e-01
1.107824587953321727e+00 1.682384434126077410e-01
1.114227825881013212e+00 1.676257541206705171e-01
1.120668074592185315e+00 1.629690393380682778e-01
1.127145548009560017e+00 1.537727821615988144e-01
1.133660461292336441e+00 1.475659989771798131e-01
1.140213030843336250e+00 1.470902080653470334e-01
1.146803474316190341e+00 1.491780069918968721e-01
1.153432010622570836e+00 1.556915293421118618e-01
1.160098859939462601e+00 1.602285073571010909e-01
1.166804243716473621e+00 1.555516720633019767e-01
1.173548384683194445e+00 1.506170180623032373e-01
1.180331506856595603e+00 1.524375298057961126e-01
1.187153835548465874e+00 1.559495453092251405e-01
1.194015597372901416e+00 1.523104944213763967e-01
1.200917020253827294e+00 1.437509922463149625e-01
1.207858333432573428e+00 1.407579675758179050e-01
1.214839767475487387e+00 1.447061247484270341e-01
1.221861554281590267e+00 1.468828878960533879e-01
1.228923927090283863e+00 1.522820889938042987e-01
1.236027120489096909e+00 1.491413166479495511e-01
1.243171370421473965e+00 1.381146847323024562e-01
1.250356914194617142e+00 1.350474903342560318e-01
1.257583990487367132e+00 1.396692901121341923e-01
1.264852839358128644e+00 1.493072122353672204e-01
1.272163702252848472e+00 1.538751600568065980e-01
1.279516822013033517e+00 1.485538766249653031e-01
1.286912442883815677e+00 1.391142007149959725e-01
1.294350810522067352e+00 1.222829985789543605e-01
1.301832172004561583e+00 1.132354753774110212e-01
1.309356775836174380e+00 1.172230845327591753e-01
1.316924871958146337e+00 1.284578256573546962e-01
1.324536711756377994e+00 1.392988359942146370e-01
1.332192548069784932e+00 1.449797242487222693e-01
1.339892635198694837e+00 1.507671328566252689e-01
1.347637228913291185e+00 1.532954131704564460e-01
1.355426586462114891e+00 1.575694437204900045e-01
1.363260966580605249e+00 1.627581684903281201e-01
1.371140629499693731e+00 1.591439723516049620e-01
1.379065836954451285e+00 1.500441752729324285e-01
1.387036852192779834e+00 1.358278505528341673e-01
1.395053939984155722e+00 1.268608093960784944e-01
1.403117366628427343e+00 1.222534095919000779e-01
1.411227399964658957e+00 1.214085453815435950e-01
1.419384309380025577e+00 1.248138432716635604e-01
1.427588365818764915e+00 1.291853202190625383e-01
1.435839841791175742e+00 1.286446307956240487e-01
1.444139011382666204e+00 1.281680508441364885e-01
1.452486150262864761e+00 1.300854172052536561e-01
1.460881535694769973e+00 1.300264364910588277e-01
1.469325446543965796e+00 1.319213152220147511e-01
1.477818163287882181e+00 1.310127360595347290e-01
1.486359968025109168e+00 1.299704146755693845e-01
1.494951144484772509e+00 1.358381080683463416e-01
1.503591978035954568e+00 1.329971707913082946e-01
1.512282755697172298e+00 1.252774040688472423e-01
1.521023766145914724e+00 1.212010279523362682e-01
1.529815299728230382e+00 1.232819227819067637e-01
1.538657648468367833e+00 1.262443721657810214e-01
1.547551106078482119e+00 1.204115937777281431e-01
1.556495967968387184e+00 1.157124681136814520e-01
1.565492531255366693e+00 1.199981369986230229e-01
1.574541094774047689e+00 1.213276688169285661e-01
1.583641959086324214e+00 1.096652681994418760e-01
1.592795426491339539e+00 9.853428578945001848e-02
1.602001801035530804e+00 1.009751799615142415e-01
1.611261388522727822e+00 1.115895386575384007e-01
1.620574496524306296e+00 1.228958851308052935e-01
1.629941434389411858e+00 1.304649452792032149e-01
1.639362513255227638e+00 1.364955753606923727e-01
1.648838046057315765e+00 1.270340036003028694e-01
1.658368347540009280e+00 1.148380149162706865e-01
1.667953734266863997e+00 1.117964643070046421e-01
1.677594524631179640e+00 1.122856688929687041e-01
1.687291038866571835e+00 1.131530207334864313e-01
1.697043599057607821e+00 1.143975335289893619e-01
1.706852529150509445e+00 1.180748528400949876e-01
1.716718154963911225e+00 1.166733211532906961e-01
1.726640804199680579e+00 1.126101614509972815e-01
1.736620806453807120e+00 1.129023033831798584e-01
1.746658493227349673e+00 1.146987494172019145e-01
1.756754197937443251e+00 1.118179656375974385e-01
1.766908255928380411e+00 1.079779068976932654e-01
1.777121004482747679e+00 1.069947634878364862e-01
1.787392782832625482e+00 1.029085243756407281e-01
1.797723932170862682e+00 9.712565274575270247e-02
1.808114795662403074e+00 1.005228629794111678e-01
1.818565718455690483e+00 1.073155081075048423e-01
1.829077047694130043e+00 1.093638550513156421e-01
1.839649132527616748e+00 1.091399650492716061e-01
1.850282324124138622e+00 1.107535511432982123e-01
1.860976975681438272e+00 1.091366116307387890e-01
1.871733442438742401e+00 1.085679112995555640e-01
1.882552081688566581e+00 1.158473938946489729e-01
1.893433252788581767e+00 1.174554567110921016e-01
1.904377317173546302e+00 1.161387467871767415e-01
1.915384638367318981e+00 1.142521529725960133e-01
1.926455581994929611e+00 1.090437022113883575e-01
1.937590515794722412e+00 1.139219398770702635e-01
1.948789809630575354e+00 1.313054697714583774e-01
1.960053835504184105e+00 1.367007256709353580e-01
1.971382967567415045e+00 1.343274916492686044e-01
1.982777582134739092e+00 1.235208045373916291e-01
1.994238057695728816e+00 1.150735432532227487e-01
2.005764774927627947e+00 1.115777030627167071e-01
2.017358116708002580e+00 1.110833697189965580e-01
2.029018468127450348e+00 1.121856581167252481e-01
2.040746216502401289e+00 1.084862456952857684e-01
2.052541751387976898e+00 1.116761357596505883e-01
2.064405464590929995e+00 1.224802584926495408e-01
2.076337750182662312e+00 1.264112540527671802e-01
2.088339004512313135e+00 1.171147888401405102e-01
2.100409626219920778e+00 1.065536903208140485e-01
2.112550016249669760e+00 1.052091667490676619e-01
2.124760577863207711e+00 1.089371818579929624e-01
2.137041716653034662e+00 1.089965570920152088e-01
2.149393840555982482e+00 1.057013302337371508e-01
2.161817359866763155e+00 1.096500791860873514e-01
2.174312687251592546e+00 1.156116682977832155e-01
2.186880237761905654e+00 1.100396675156353338e-01
2.199520428848138476e+00 1.057115877492492972e-01
2.212233680373592026e+00 1.029635598915616818e-01
2.225020414628386511e+00 9.888166049746724418e-02
2.237881056343477670e+00 9.862541986957719387e-02
2.250816032704775704e+00 1.011276618748006006e-01
2.263825773367328598e+00 9.684258476960011519e-02
2.276910710469592924e+00 8.863262716160655308e-02
2.290071278647793029e+00 8.114069563946343933e-02
2.303307915050354371e+00 8.340267506980612866e-02
2.316621059352423018e+00 8.576052281820466250e-02
2.330011153770474852e+00 8.181749440335162049e-02
2.343478643077001600e+00 8.675195114443665090e-02
2.357023974615280792e+00 9.697238179281154891e-02
2.370647598314243876e+00 1.031432636729379959e-01
2.384349966703414481e+00 1.008791143835446741e-01
2.398131534927939956e+00 9.280250447720904405e-02
2.411992760763713051e+00 8.610454410768905720e-02
2.425934104632577970e+00 8.553051775883607766e-02
2.439956029617617261e+00 8.666732664146141463e-02
2.454059001478542612e+00 8.558180533639682397e-02
2.468243488667162033e+00 8.799784475933543348e-02
2.482509962342935861e+00 9.226161779385684547e-02
2.496858896388636673e+00 8.746050875442976102e-02
2.511290767426078485e+00 7.865147278854391077e-02
2.525806054831960523e+00 7.853193328084462355e-02
2.540405240753779381e+00 7.472797310514668612e-02
2.555088810125852206e+00 7.098851692122708223e-02
2.569857250685421590e+00 7.153630770155861018e-02
2.584711052988855506e+00 7.305935149519912630e-02
2.599650710427946265e+00 7.404150860548744384e-02
2.614676719246288084e+00 7.462500343019780324e-02
2.629789578555775442e+00 7.029593736424329109e-02
2.644989790353173831e+00 6.075131918018809862e-02
2.660277859536794409e+00 6.205185379118045158e-02
2.675654293923265481e+00 6.182303229129403749e-02
2.691119604264405218e+00 6.105352136796911994e-02
2.706674304264172548e+00 6.175616118055136938e-02
2.722318910595750374e+00 6.510247835647647863e-02
2.738053942918694972e+00 7.123134387498585018e-02
2.753879923896200843e+00 6.958067291718454672e-02
2.769797379212459720e+00 6.282175923433275244e-02
2.785806837590128815e+00 5.831476472622518920e-02
2.801908830807877226e+00 5.579713644773354186e-02
2.818103893718070019e+00 5.735884318445831631e-02
2.834392564264522019e+00 5.992381384223680052e-02
2.850775383500368410e+00 5.681499760240069086e-02
2.867252895606037466e+00 5.704441088202819726e-02
2.883825647907329426e+00 5.902430863578676107e-02
2.900494190893583735e+00 6.550015434248596113e-02
2.917259078235983960e+00 6.868175949047559958e-02
2.934120866805935979e+00 6.568183072299922654e-02
2.951080116693567401e+00 6.715338967916531510e-02
2.968137391226336685e+00 7.030816747889238882e-02
2.985293256987731514e+00 7.585156557355446361e-02
3.002548283836107057e+00 7.609182814843519493e-02
3.019903044923603730e+00 7.270842610873538836e-02
3.037358116715186629e+00 7.015154310741840427e-02
3.054914079007794214e+00 6.881490993221985042e-02
3.072571514949601568e+00 6.472512014157759397e-02
3.090331011059376021e+00 5.968769372554366681e-02
3.108193157245980220e+00 5.742512251545989904e-02
3.126158546827951579e+00 5.732866241766295529e-02
3.144227776553216724e+00 5.825262785341119715e-02
3.162401446618910317e+00 5.413975865286660416e-02
3.180680160691316427e+00 4.824602695148188375e-02
3.199064525925907621e+00 4.649396439804126535e-02
3.217555152987530587e+00 4.690840747671484040e-02
3.236152656070678812e+00 4.994127864977830622e-02
3.254857652919894928e+00 5.996464664437170522e-02
3.273670764850296955e+00 7.237426781493574990e-02
3.292592616768199143e+00 8.047533795056957540e-02
3.311623837191892683e+00 7.923713747230491655e-02
3.330765058272506351e+00 8.025499862697205167e-02
3.350016915815009710e+00 8.677305795520204312e-02
3.369380049299332214e+00 7.925824428307030878e-02
3.388855101901607103e+00 7.841673349124664294e-02
3.408442720515521884e+00 7.753438989728807240e-02
3.428143555773827789e+00 7.718800148883933621e-02
3.447958262069935831e+00 7.835676647748329726e-02
3.467887497579658529e+00 8.155967569615200918e-02
3.487931924283071528e+00 8.076649358318369054e-02
3.508092207986506228e+00 7.731562865300012355e-02
3.528369018344649444e+00 7.712487831645686853e-02
3.548763028882812254e+00 7.154814329638031767e-02
3.569274917019284565e+00 7.146036263478595940e-02
3.589905364087840223e+00 8.272311466712620187e-02
3.610655055360374899e+00 8.126437760535031030e-02
3.631524680069651456e+00 6.821681787389603790e-02
3.652514931432215839e+00 6.221814389842548337e-02
3.673626506671410219e+00 6.610712309692605426e-02
3.694860107040534913e+00 6.845767222851786848e-02
3.716216437846141751e+00 7.492917821711578275e-02
3.737696208471465109e+00 8.793945582488166268e-02
3.759300132399972405e+00 8.145512794189357919e-02
3.781028927239082016e+00 8.011080163006088772e-02
3.802883314743989107e+00 9.184421581647783661e-02
3.824864020841640233e+00 9.662145640634781096e-02
3.846971775654848713e+00 1.019638466489544981e-01
3.869207313526548564e+00 1.039192841734148526e-01
3.891571373044171445e+00 1.077488881378931562e-01
3.914064697064205678e+00 1.100081059294441138e-01
3.936688032736852527e+00 1.073153108475911471e-01
3.959442131530850340e+00 8.120007087348568575e-02
3.982327749258438132e+00 7.327101138259406454e-02
4.005345646100446189e+00 7.895781743451252277e-02
4.028496586631570509e+00 7.797132060612291249e-02
4.051781339845751617e+00 7.909589937409916560e-02
4.075200679181723906e+00 7.693846769801493402e-02
4.098755382548707082e+00 8.446630052445054659e-02
4.122446232352245943e+00 9.404741179253935102e-02
4.146274015520188705e+00 9.613027922124681157e-02
4.170239523528843861e+00 9.779199673421502814e-02
4.194343552429258715e+00 9.773755299803517371e-02
4.218586902873665778e+00 1.098213007911747613e-01
4.242970380142073950e+00 1.139300275335317636e-01
4.267494794169023997e+00 1.178201902915144844e-01
4.292160959570472833e+00 1.176473906071175135e-01
4.316969695670882068e+00 1.192739958554480117e-01
4.341921826530410478e+00 1.365869067007332571e-01
4.367018180972294772e+00 1.228605756062538523e-01
4.392259592610382235e+00 1.115216812472272501e-01
4.417646899876805477e+00 1.150836035088212000e-01
4.443180946049855251e+00 1.190702263646008785e-01
4.468862579281975833e+00 1.279204896524490098e-01
4.494692652627942486e+00 1.133922970087987009e-01
4.520672024073195239e+00 1.018356277050526254e-01
4.546801556562344082e+00 1.184591151519732016e-01
4.573082118027814502e+00 1.344912173776356135e-01
4.599514581418703507e+00 1.472391393001868942e-01
4.626099824729760002e+00 1.417965410214230837e-01
4.652838731030551678e+00 1.468422523538321922e-01
4.679732188494796219e+00 1.460820126464509594e-01
4.706781090429870140e+00 1.455965559988471048e-01
4.733986335306464177e+00 1.559996493273037299e-01
4.761348826788450062e+00 1.460613003555129574e-01
4.788869473762884077e+00 1.439088001772711178e-01
4.816549190370198019e+00 1.832349310913704288e-01
4.844388896034566017e+00 1.915233981450147061e-01
4.872389515494448098e+00 1.585316775794951283e-01
4.900551978833287414e+00 1.446544426510389114e-01
4.928877221510434836e+00 1.322077366167001555e-01
4.957366184392200559e+00 1.497540059398868029e-01
4.986019813783113541e+00 1.499980164531277416e-01
5.014839061457356806e+00 1.364776247085461025e-01
5.043824884690362609e+00 1.100584072074363845e-01
5.072978246290641202e+00 9.700631049796712424e-02
5.102300114631742822e+00 8.544549873603345114e-02
5.131791463684423960e+00 8.220530739367636064e-02
5.161453273049005475e+00 8.427278854911557371e-02
5.191286527987911903e+00 9.293526039912590464e-02
5.221292219458380401e+00 1.097623200769799190e-01
5.251471344145405951e+00 1.304838822309179469e-01
5.281824904494829553e+00 1.283428231276704246e-01
5.312353908746639597e+00 1.180699213422525956e-01
5.343059370968462396e+00 1.254484284140209571e-01
5.373942311089249912e+00 1.037352406739372596e-01
5.405003754933139781e+00 7.635694547244152586e-02
5.436244734253559585e+00 7.809164915347696634e-02
5.467666286767478567e+00 8.739422942342818523e-02
5.499269456189878724e+00 9.737084681847581191e-02
5.531055292268432844e+00 1.072091850140231423e-01
5.563024850818350409e+00 1.047895949126380066e-01
5.595179193757479297e+00 1.069353882538142120e-01
5.627519389141558470e+00 1.086783768512248755e-01
5.660046511199702479e+00 1.047878195734147505e-01
5.692761640370078702e+00 1.017395621270830580e-01
5.725665863335805739e+00 9.561148564822848084e-02
5.758760273061025892e+00 1.025124264689407927e-01
5.792045968827241431e+00 1.128054487655555105e-01
5.825524056269808071e+00 1.032805565728698444e-01
5.859195647414667363e+00 9.276561687334804185e-02
5.893061860715279821e+00 8.951082829737749824e-02
5.927123821089786304e+00 1.135246584108881712e-01
5.961382659958350594e+00 1.328768422439542407e-01
5.995839515280771082e+00 1.513338605886715427e-01
6.030495531594262104e+00 1.613199464595765353e-01
6.065351860051475086e+00 1.583198204321864810e-01
6.100409658458743500e+00 1.724511261294821296e-01
6.135670091314512575e+00 1.667359146499915457e-01
6.171134329848062094e+00 1.357434233097726539e-01
6.206803552058381079e+00 1.181415266909239536e-01
6.242678942753306259e+00 1.208453683279438473e-01
6.278761693588877257e+00 1.484148083858101985e-01
6.315053003108923591e+00 1.782373511779029585e-01
6.351554076784851510e+00 1.881979905199412662e-01
6.388266127055725718e+00 1.900642665634114381e-01
6.425190373368511843e+00 1.803287007828992816e-01
6.462328042218596025e+00 2.103441637705859291e-01
6.499680367190518560e+00 2.331217660049688667e-01
6.537248588998957999e+00 1.693861015904863376e-01
6.575033955529916874e+00 1.541241020678899287e-01
6.613037721882214726e+00 1.538061190870132766e-01
6.651261150409145451e+00 1.172420214844739073e-01
6.689705510760421525e+00 1.161677439944899387e-01
6.728372079924347382e+00 1.165275460770699573e-01
6.767262142270216607e+00 1.152380580212445382e-01
6.806376989591010229e+00 1.162119302151576605e-01
6.845717921146279750e+00 1.353102405392980212e-01
6.885286243705309062e+00 1.339763690028911991e-01
6.925083271590525058e+00 1.267130617207208043e-01
6.965110326721157818e+00 1.641078208198305799e-01
7.005368738657123728e+00 1.945322036086073458e-01
7.045859844643230119e+00 2.055842820531211534e-01
7.086584989653569089e+00 1.955488812037923241e-01
7.127545526436194656e+00 1.682398242320036208e-01
7.168742815558059256e+00 1.408068880344143237e-01
7.210178225450215805e+00 1.133175355015082209e-01
7.251853132453240036e+00 1.090849295333506386e-01
7.293768920862992111e+00 1.111352490762983897e-01
7.335926982976571864e+00 1.112808268926054334e-01
7.378328719138569802e+00 1.224281818754340001e-01
7.420975537787583676e+00 1.599462284206032703e-01
7.463868855503007715e+00 2.109162175203019574e-01
7.507010097052058128e+00 2.582802953976527371e-01
7.550400695437144982e+00 2.776512189225198157e-01
7.594042091943437711e+00 2.923845618764130960e-01
7.637935736186750368e+00 3.565946363833326083e-01
7.682083086161699548e+00 3.997965300817148959e-01
7.726485608290103890e+00 3.463272578754982289e-01
7.771144777469737974e+00 2.684845507331045655e-01
7.816062077123293150e+00 2.346860371205716778e-01
7.861238999247660786e+00 2.098470687880740759e-01
7.906677044463489068e+00 1.744868484388164276e-01
7.952377722065040011e+00 1.186936571893567743e-01
7.998342550070284496e+00 9.635693086208256541e-02
