2.511886431509579437e-02 7.130204602578983364e-01
2.526405161860213050e-02 7.160040267310100459e-01
2.541007810627042562e-02 7.174980354025283225e-01
2.555694862859406516e-02 7.202308695365272628e-01
2.570466806410236227e-02 7.229889252667682786e-01
2.585324131952258450e-02 7.261712972632001772e-01
2.600267332994290678e-02 7.295287368100185077e-01
2.615296905897638788e-02 7.331027853598574007e-01
2.630413349892583852e-02 7.368385488503075287e-01
2.645617167094958117e-02 7.407360272813688917e-01
2.660908862522835469e-02 7.447789007966495456e-01
2.676288944113292337e-02 7.490101944720918281e-01
2.691757922739292791e-02 7.535174420828890662e-01
2.707316312226650673e-02 7.583050944989663256e-01
2.722964629371095457e-02 7.633256757744560916e-01
2.738703393955444973e-02 7.685747350394332988e-01
2.754533128766867636e-02 7.740359524375058919e-01
2.770454359614242176e-02 7.797063607220573456e-01
2.786467615345633933e-02 7.855829926464706903e-01
2.802573427865854422e-02 7.917474474927059802e-01
2.818772332154127064e-02 7.982798409194143963e-01
2.835064866281864979e-02 8.051519840837373376e-01
2.851451571430539678e-02 8.123460735059742088e-01
2.867932991909653145e-02 8.198502401996583533e-01
2.884509675174826843e-02 8.276615169181730236e-01
2.901182171845980567e-02 8.357769364149014724e-01
2.917951035725619563e-02 8.441460554973594377e-01
2.934816823817239240e-02 8.526308971978694418e-01
2.951780096343814899e-02 8.612418468795901560e-01
2.968841416766421215e-02 8.700797909274898823e-01
2.986001351802944001e-02 8.791788526776608270e-01
3.003260471446899879e-02 8.885805735827373431e-01
3.020619348986378766e-02 8.983116588622696019e-01
3.038078561023081769e-02 9.081302779169950767e-01
3.055638687491469066e-02 9.169830581979784290e-01
3.073300311678033025e-02 9.247498262172423322e-01
3.091064020240668481e-02 9.321204668131740645e-01
3.108930403228154019e-02 9.392952691324023551e-01
3.126900054099761295e-02 9.465279327606567206e-01
3.144973569744963920e-02 9.539534674189977803e-01
3.163151550503255638e-02 9.611401387246928385e-01
3.181434600184106232e-02 9.673609712566458851e-01
3.199823326087009728e-02 9.731738073787996601e-01
3.218318339021652985e-02 9.795044280355713617e-01
3.236920253328214730e-02 9.868854539946616544e-01
3.255629686897762443e-02 9.957708739884288951e-01
3.274447261192782455e-02 1.006528626597346099e+00
3.293373601267822470e-02 1.014903680173037559e+00
3.312409335790250653e-02 1.016896186276164737e+00
3.331555097061136145e-02 1.014532774345947574e+00
3.350811521036261426e-02 1.009298551314053993e+00
3.370179247347232510e-02 1.002944192684348756e+00
3.389658919322740410e-02 9.965290054990005864e-01
3.409251184009919750e-02 9.906701770542876151e-01
3.428956692195841288e-02 9.856006362096220164e-01
3.448776098429136294e-02 9.814820979056149142e-01
3.468710061041735404e-02 9.783961614242263627e-01
3.488759242170727526e-02 9.763665647383902302e-01
3.508924307780367929e-02 9.753918242247976433e-01
3.529205927684192501e-02 9.754229803142732136e-01
3.549604775567258980e-02 9.762003989278538185e-01
3.570121529008542238e-02 9.775341762820694003e-01
3.590756869503420462e-02 9.794406322333117920e-01
3.611511482486330638e-02 9.819672427274486193e-01
3.632386057353523962e-02 9.851807708133560881e-01
3.653381287485973905e-02 9.889224687970397110e-01
3.674497870272393912e-02 9.929935311551791877e-01
3.695736507132423021e-02 9.974992951426678855e-01
3.717097903539903075e-02 1.002588123090342398e+00
3.738582769046329413e-02 1.008369803123020825e+00
3.760191817304411876e-02 1.014943738002363371e+00
3.781925766091774610e-02 1.021790659570444015e+00
3.803785337334809891e-02 1.028698409694167593e+00
3.825771257132654091e-02 1.036106140872808279e+00
3.847884255781295476e-02 1.044205240513144561e+00
3.870125067797849233e-02 1.053224186604664325e+00
3.892494431944945599e-02 1.062008720213462931e+00
3.914993091255265789e-02 1.067234041505506381e+00
3.937621793056233360e-02 1.068355660726626466e+00
3.960381288994833243e-02 1.067336411513783334e+00
3.983272335062570252e-02 1.065329069177572308e+00
4.006295691620595512e-02 1.063208971469926212e+00
4.029452123424955012e-02 1.060272880942682017e+00
4.052742399651988042e-02 1.056103899446190875e+00
4.076167293923887297e-02 1.051492798203808476e+00
4.099727584334383890e-02 1.046623546505771385e+00
4.123424053474603751e-02 1.041792869013751455e+00
4.147257488459059338e-02 1.036506719166065515e+00
4.171228680951784978e-02 1.030687948550678135e+00
4.195338427192649156e-02 1.024873628805215819e+00
4.219587528023795858e-02 1.019315975892099768e+00
4.243976788916238585e-02 1.014222697074500301e+00
4.268507019996626434e-02 1.009933542090032166e+00
4.293179036074151744e-02 1.006731882990591576e+00
4.317993656667604152e-02 1.004614752529561894e+00
4.342951706032609216e-02 1.003637044769352782e+00
4.368054013188996804e-02 1.003825464929514411e+00
4.393301411948334623e-02 1.006237836428907517e+00
4.418694740941636612e-02 1.011483928447267866e+00
4.444234843647213579e-02 1.019140908341713336e+00
4.469922568418681352e-02 1.029369007429546068e+00
4.495758768513159753e-02 1.042424892543112991e+00
4.521744302119593689e-02 1.059547389144894103e+00
4.547880032387276866e-02 1.081375938880792642e+00
4.574166827454511502e-02 1.107774048406439560e+00
4.600605560477452616e-02 1.139177902974492840e+00
4.627197109659098723e-02 1.167997285739382995e+00
4.653942358278480296e-02 1.181708932355244768e+00
4.680842194719982141e-02 1.180447852543138998e+00
4.707897512502866311e-02 1.169418596868791793e+00
4.735109210310945588e-02 1.151938547049696115e+00
4.762478192022426976e-02 1.125743693917294230e+00
4.790005366739954334e-02 1.093014963734875611e+00
4.817691648820784933e-02 1.059442051890000513e+00
4.845537957907175564e-02 1.026791953742925090e+00
4.873545218956924774e-02 9.967174256591622150e-01
4.901714362274099679e-02 9.690181784920838259e-01
4.930046323539925834e-02 9.430681232055614371e-01
4.958542043843887359e-02 9.185735023845401637e-01
4.987202469714965836e-02 8.952746819500569941e-01
5.016028553153097091e-02 8.727028369366700566e-01
5.045021251660784106e-02 8.507971387887367509e-01
5.074181528274907677e-02 8.297741965092775285e-01
5.103510351598705003e-02 8.097200602501772870e-01
5.133008695833959217e-02 7.907163292933958587e-01
5.162677540813340182e-02 7.727926761051003846e-01
5.192517872032970105e-02 7.559520679319076120e-01
5.222530680685147364e-02 7.402197263700596164e-01
5.252716963691266006e-02 7.258567691218278384e-01
5.283077723734942721e-02 7.128261056045032129e-01
5.313613969295318679e-02 7.008859052188231020e-01
5.344326714680543849e-02 6.899990773820784407e-01
5.375216980061491706e-02 6.803673948642061653e-01
5.406285791505632127e-02 6.719300291095636757e-01
5.437534181011107609e-02 6.644243787925712130e-01
5.468963186541032917e-02 6.578356076801449293e-01
5.500573852057948770e-02 6.523105944798128775e-01
5.532367227558519784e-02 6.477899942592404425e-01
5.564344369108398941e-02 6.440705506251822587e-01
5.596506338877313413e-02 6.412205102498229614e-01
5.628854205174332881e-02 6.393912027106153362e-01
5.661389042483377931e-02 6.385173485819912731e-01
5.694111931498885282e-02 6.384520691564233852e-01
5.727023959161724881e-02 6.394668674993416735e-01
5.760126218695296035e-02 6.417991233400832662e-01
5.793419809641841417e-02 6.453167942042045135e-01
5.826905837898961604e-02 6.499649860292959769e-01
5.860585415756369709e-02 6.566783814996243196e-01
5.894459661932811845e-02 6.659836668896573775e-01
5.928529701613251268e-02 6.774906492692964743e-01
5.962796666486229469e-02 6.930078654514322256e-01
5.997261694781454155e-02 7.158794023731077649e-01
6.031925931307623168e-02 7.480784790344419122e-01
6.066790527490428103e-02 7.910798170039440302e-01
6.101856641410823012e-02 8.399177290685339026e-01
6.137125437843479747e-02 8.835837302801812232e-01
6.172598088295483398e-02 9.215971266869775746e-01
6.208275771045231733e-02 9.451526139538071192e-01
6.244159671181598315e-02 9.440725361853210540e-01
6.280250980643269088e-02 9.258640273218204930e-01
6.316550898258359303e-02 9.010741654624355723e-01
6.353060629784218483e-02 8.649687086301900418e-01
6.389781387947492119e-02 8.185505861815352002e-01
6.426714392484385308e-02 7.731235241028646676e-01
6.463860870181208085e-02 7.379141757488684172e-01
6.501222054915094251e-02 7.127890150217941478e-01
6.538799187695008841e-02 6.938179237777966080e-01
6.576593516702965159e-02 6.799697838175657871e-01
6.614606297335466623e-02 6.702906253538259973e-01
6.652838792245242827e-02 6.635668445203392052e-01
6.691292271383147972e-02 6.593355508448968116e-01
6.729968012040381253e-02 6.576338349102081038e-01
6.768867298890894613e-02 6.582005790140016410e-01
6.807991424034069705e-02 6.612078834600469968e-01
6.847341687037629410e-02 6.681245353236205942e-01
6.886919394980822728e-02 6.797902653972542897e-01
6.926725862497820629e-02 6.965952666110464264e-01
6.966762411821400547e-02 7.208510240794216983e-01
7.007030372826857090e-02 7.548111616077788355e-01
7.047531083076181979e-02 7.967339054321034286e-01
7.088265887862478520e-02 8.168800263363220626e-01
7.129236140254673060e-02 7.905887376888769413e-01
7.170443201142430445e-02 7.449331976207189676e-01
7.211888439281383123e-02 7.096823078140886976e-01
7.253573231338585059e-02 6.859636219833395998e-01
7.295498961938230720e-02 6.686927630507224496e-01
7.337667023707672431e-02 6.573727172079367742e-01
7.380078817323644513e-02 6.497899184789095450e-01
7.422735751558823258e-02 6.446194912492754225e-01
7.465639243328600627e-02 6.414148649032180849e-01
7.508790717738160481e-02 6.395677538843100862e-01
7.552191608129793510e-02 6.386938997556861342e-01
7.595843356130543844e-02 6.385499882947752726e-01
7.639747411700059665e-02 6.389683700677326605e-01
7.683905233178781047e-02 6.396107789602525351e-01
7.728318287336367887e-02 6.402680240858559246e-01
7.772988049420428980e-02 6.410009340001857625e-01
7.817916003205507836e-02 6.412843060520825311e-01
7.863103641042397396e-02 6.410691806723701758e-01
7.908552463907676799e-02 6.404401243896256091e-01
7.954263981453599253e-02 6.389757881842745846e-01
8.000239712058217212e-02 6.369714130946803055e-01
8.046481182875830918e-02 6.343275963591830102e-01
8.092989929887701994e-02 6.309938947852984370e-01
8.139767497953076525e-02 6.274569368181686091e-01
8.186815440860513438e-02 6.236202869427499573e-01
8.234135321379483508e-02 6.197420956146972859e-01
8.281728711312283386e-02 6.160285864738725969e-01
8.329597191546232737e-02 6.124560215473420222e-01
8.377742352106211376e-02 6.093240927433943854e-01
8.426165792207447602e-02 6.063331081537408629e-01
8.474869120308657633e-02 6.034875186483066312e-01
8.523853954165466762e-02 6.008511200293511489e-01
8.573121920884146929e-02 5.980752608194098707e-01
8.622674656975649887e-02 5.953988043711286871e-01
8.672513808409994251e-02 5.923455076025241350e-01
8.722641030670905127e-02 5.888945997872790938e-01
8.773057988810836760e-02 5.850534990419353765e-01
8.823766357506258873e-02 5.804898737454204927e-01
8.874767821113291322e-02 5.754633579766972318e-01
8.926064073723644077e-02 5.695466682229581856e-01
8.977656819220893036e-02 5.629267410210564426e-01
9.029547771337091688e-02 5.555976418777587300e-01
9.081738653709675591e-02 5.476157484787826935e-01
9.134231199938727674e-02 5.394409840497198516e-01
9.187027153644546085e-02 5.311593987424551022e-01
9.240128268525588107e-02 5.232442683923552718e-01
9.293536308416693037e-02 5.160605643332768500e-01
9.347253047347692245e-02 5.098916586171166054e-01
9.401280269602330097e-02 5.053488040469186204e-01
9.455619769777530437e-02 5.028014228264647834e-01
9.510273352842993355e-02 5.026812493384875680e-01
9.565242834201181932e-02 5.055550276867806225e-01
9.620530039747586526e-02 5.120948392300309626e-01
9.676136805931405405e-02 5.237041916179467904e-01
9.732064979816532069e-02 5.427924891033047983e-01
9.788316419142908953e-02 5.751636660684085189e-01
9.844892992388228070e-02 6.247938329796625112e-01
9.901796578830000806e-02 6.817575499041393927e-01
9.959029068607995472e-02 7.296963862438631265e-01
1.001659236278700377e-01 7.383295902752092799e-01
1.007448837341998471e-01 7.041587782370649640e-01
1.013271902361159299e-01 6.797027316220609627e-01
1.019128624758204177e-01 6.709018781568703016e-01
1.025019199073136378e-01 6.724522645141064459e-01
1.030943820970401520e-01 6.810795340522189933e-01
1.036902687245389171e-01 6.924752446837310060e-01
1.042895995830967204e-01 7.045074297145295095e-01
1.048923945804057928e-01 7.160218302107103083e-01
1.054986737392250712e-01 7.265258832338982176e-01
1.061084571980452224e-01 7.360700319765771660e-01
1.067217652117575799e-01 7.442611162620319520e-01
1.073386181523270227e-01 7.509389047729596589e-01
1.079590365094685589e-01 7.556019328311346372e-01
1.085830408913279893e-01 7.573674445680829148e-01
1.092106520251663743e-01 7.550544758303499027e-01
1.098418907580486492e-01 7.486289032818432831e-01
1.104767780575359459e-01 7.383592627413764209e-01
1.111153350123821049e-01 7.269605848632476608e-01
1.117575828332342536e-01 7.159595180317592789e-01
1.124035428533372433e-01 7.074494547350070883e-01
1.130532365292423180e-01 7.029881994467690465e-01
1.137066854415197809e-01 7.046157342160397352e-01
1.143639112954759340e-01 7.171686710280724686e-01
1.150249359218739331e-01 7.492119672420288756e-01
1.156897812776589568e-01 8.008732144624274296e-01
1.163584694466876512e-01 8.405838759339874233e-01
1.170310226404614878e-01 8.359401349788210256e-01
1.177074631988646730e-01 7.907875432121971304e-01
1.183878135909062629e-01 7.456052789794058722e-01
1.190720964154663303e-01 7.119196117630953724e-01
1.197603344020467531e-01 6.874991721074920070e-01
1.204525504115261381e-01 6.710858474471069757e-01
1.211487674369193246e-01 6.608592319825823402e-01
1.218490086041408849e-01 6.572213876304840996e-01
1.225532971727734816e-01 6.606915825487377214e-01
1.232616565368404721e-01 6.751020157428370139e-01
1.239741102255828148e-01 7.035430745640955941e-01
1.246906819042407494e-01 7.312527070943326546e-01
1.254113953748399735e-01 7.393740610842945982e-01
1.261362745769819826e-01 7.282617225046792431e-01
1.268653435886395453e-01 7.178244325303676510e-01
1.275986266269562852e-01 7.174757810529029944e-01
1.283361480490512463e-01 7.248983484646274178e-01
1.290779323528278288e-01 7.333891246583708057e-01
1.298240041777875831e-01 7.352540391569791778e-01
1.305743883058487209e-01 7.246847067082234917e-01
1.313291096621690413e-01 7.029852322001522991e-01
1.320881933159741561e-01 6.767844445745171411e-01
1.328516644813900749e-01 6.509115377000296299e-01
1.336195485182806453e-01 6.280058774422616619e-01
1.343918709330900185e-01 6.084888128207877056e-01
1.351686573796898327e-01 5.920339467077685436e-01
1.359499336602315311e-01 5.783178492219815947e-01
1.367357257260030934e-01 5.676491140115659251e-01
1.375260596782912625e-01 5.602992441419510916e-01
1.383209617692485738e-01 5.563706096214141583e-01
1.391204584027652402e-01 5.568780087928733025e-01
1.399245761353461737e-01 5.631537353872354545e-01
1.407333416769932510e-01 5.768030698241461973e-01
1.415467818920924381e-01 5.982162050337040959e-01
1.423649238003061035e-01 6.214898038719451900e-01
1.431877945774705507e-01 6.322787125703380751e-01
1.440154215564987683e-01 6.225431764208806396e-01
1.448478322282882313e-01 5.986746446359872964e-01
1.456850542426340045e-01 5.689042593304383111e-01
1.465271154091474515e-01 5.418118140964789387e-01
1.473740436981796631e-01 5.208630529824377353e-01
1.482258672417506584e-01 5.050179560491543374e-01
1.490826143344838317e-01 4.935139409161320434e-01
1.499443134345459228e-01 4.854089067825620996e-01
1.508109931645919832e-01 4.799165332950139362e-01
1.516826823127164214e-01 4.765679954880456815e-01
1.525594098334091819e-01 4.751852585646543781e-01
1.534412048485173929e-01 4.755635825082861201e-01
1.543280966482127869e-01 4.775145471587792789e-01
1.552201146919646169e-01 4.810455706326757230e-01
1.561172886095181789e-01 4.861447839435086848e-01
1.570196482018790252e-01 4.925777746085570064e-01
1.579272234423027277e-01 4.998030201202695588e-01
1.588400444772908315e-01 5.064377835552547058e-01
1.597581416275917487e-01 5.102417937178894691e-01
1.606815453892082024e-01 5.105014277968524805e-01
1.616102864344102497e-01 5.088724094042733626e-01
1.625443956127538836e-01 5.073591136297462834e-01
1.634839039521058524e-01 5.053250660739849742e-01
1.644288426596743347e-01 5.013682427105892181e-01
1.653792431230455828e-01 4.976428645832975395e-01
1.663351369112262834e-01 4.968120355306160918e-01
1.672965557756923849e-01 4.989988962871384492e-01
1.682635316514438095e-01 5.006160456932506886e-01
1.692360966580649384e-01 4.983401675382266305e-01
1.702142831007917856e-01 4.915778124987224551e-01
1.711981234715850009e-01 4.821849933334961813e-01
1.721876504502090899e-01 4.721334454193581442e-01
1.731828969053178791e-01 4.620997009849203696e-01
1.741838958955464201e-01 4.524828547001317758e-01
1.751906806706090836e-01 4.439089956011201821e-01
1.762032846724038426e-01 4.373142899954605700e-01
1.772217415361232173e-01 4.335013780929757310e-01
1.782460850913716033e-01 4.334939599764339180e-01
1.792763493632887617e-01 4.359612255382363522e-01
1.803125685736800821e-01 4.351348473554799701e-01
1.813547771421535060e-01 4.267850153760306409e-01
1.824030096872625850e-01 4.131327136925032062e-01
1.834573010276564775e-01 3.996287743398117542e-01
1.845176861832364401e-01 3.888917924572114493e-01
1.855842003763193415e-01 3.809188007980855994e-01
1.866568790328071992e-01 3.746860992796658407e-01
1.877357577833641822e-01 3.691966930387343138e-01
1.888208724646001924e-01 3.644743200482249423e-01
1.899122591202609955e-01 3.609032387450027413e-01
1.910099540024255971e-01 3.587237961050220858e-01
1.921139935727104175e-01 3.582386512831884362e-01
1.932244145034804905e-01 3.594878621088274384e-01
1.943412536790674328e-01 3.625159372811899150e-01
1.954645481969946030e-01 3.674964607273539241e-01
1.965943353692096995e-01 3.744383341871697080e-01
1.977306527233236300e-01 3.827777808034604767e-01
1.988735380038573475e-01 3.918486537107726542e-01
2.000230291734956534e-01 4.005115302082858930e-01
2.011791644143479663e-01 4.070290874019107386e-01
2.023419821292166965e-01 4.106268739246833888e-01
2.035115209428728922e-01 4.121386860759020943e-01
2.046878197033392410e-01 4.129086865729408862e-01
2.058709174831803157e-01 4.141564137752715147e-01
2.070608535808005912e-01 4.161326000220068599e-01
2.082576675217497619e-01 4.175820999942744249e-01
2.094613990600355524e-01 4.166281302069990700e-01
2.106720881794442723e-01 4.126624051037531271e-01
2.118897750948690872e-01 4.069356191334840833e-01
2.131145002536455058e-01 4.012251530196070393e-01
2.143463043368951104e-01 3.966526259832418577e-01
2.155852282608767823e-01 3.923783072318571263e-01
2.168313131783459469e-01 3.864853554510517819e-01
2.180846004799212312e-01 3.802778755288740986e-01
2.193451317954595303e-01 3.764174876805218006e-01
2.206129489954388734e-01 3.767646555346779724e-01
2.218880941923488948e-01 3.843622904967888276e-01
2.231706097420899648e-01 4.029787957700883272e-01
2.244605382453801201e-01 4.193312918748307028e-01
2.257579225491697927e-01 4.137039086662217535e-01
2.270628057480653939e-01 4.039520526603724293e-01
2.283752311857605299e-01 3.926394249341285114e-01
2.296952424564759343e-01 3.663763251295422685e-01
2.310228834064072811e-01 3.353315074021122055e-01
2.323581981351817149e-01 3.105802197487446681e-01
2.337012309973229007e-01 2.930704974634815718e-01
2.350520266037238737e-01 2.805042080416735861e-01
2.364106298231291869e-01 2.706010224583715318e-01
2.377770857836252472e-01 2.619678184270254895e-01
2.391514398741393099e-01 2.541090657626433047e-01
2.405337377459470793e-01 2.472027992622281567e-01
2.419240253141889951e-01 2.420264375393605949e-01
2.433223487593957901e-01 2.391407902046006895e-01
2.447287545290218747e-01 2.368990353856689213e-01
2.461432893389885190e-01 2.345905175178610025e-01
2.475660001752356676e-01 2.339659121050415014e-01
2.489969342952823017e-01 2.292005140385896256e-01
2.504361392297964617e-01 2.176786954258669582e-01
2.518836627841739007e-01 2.058735047612475499e-01
2.533395530401260642e-01 1.966305315501656326e-01
2.548038583572773130e-01 1.899735137655549355e-01
2.562766273747711931e-01 1.855908905126599229e-01
2.577579090128856998e-01 1.834396367155381180e-01
2.592477524746588102e-01 1.825094049011964925e-01
2.607462072475227322e-01 1.817987493364921214e-01
2.622533231049470337e-01 1.815376316342207919e-01
2.637691501080930423e-01 1.818862831116853651e-01
2.652937386074759596e-01 1.828120640561018972e-01
2.668271392446371348e-01 1.844544350584562675e-01
2.683694029538270520e-01 1.875359206699196979e-01
2.699205809636965880e-01 1.939985838011352437e-01
2.714807247989985406e-01 2.048572227950210545e-01
2.730498862822996475e-01 2.144102732775501896e-01
2.746281175357012105e-01 2.241161369608404008e-01
2.762154709825712651e-01 2.356616935464968254e-01
2.778119993492854656e-01 2.364836208593281974e-01
2.794177556669779627e-01 2.213120889080402443e-01
2.810327932733039380e-01 2.013484536707499939e-01
2.826571658142107979e-01 1.866175578420449510e-01
2.842909272457196934e-01 1.793329673979980332e-01
2.859341318357184192e-01 1.783611941310223326e-01
2.875868341657639160e-01 1.814664177154194924e-01
2.892490891328946545e-01 1.857021622607868960e-01
2.909209519514548425e-01 1.879454007030270102e-01
2.926024781549284581e-01 1.883622988526761355e-01
2.942937235977828858e-01 1.877287917000064754e-01
2.959947444573255426e-01 1.879869421556610853e-01
2.977055972355692748e-01 1.916856150634022038e-01
2.994263387611086902e-01 2.005858712902530150e-01
3.011570261910088142e-01 2.151046089858625887e-01
3.028977170127025720e-01 2.311618640522413726e-01
3.046484690459013711e-01 2.451420464869163152e-01
3.064093404445150659e-01 2.615449857841429249e-01
3.081803896985833569e-01 2.753708713947484732e-01
3.099616756362194026e-01 2.684690557642583908e-01
3.117532574255635347e-01 2.469045909772478176e-01
3.135551945767480198e-01 2.270744818377099516e-01
3.153675469438748658e-01 2.122501177405782535e-01
3.171903747270033436e-01 2.012698216354069092e-01
3.190237384741493876e-01 1.953071395591086390e-01
3.208676990832974307e-01 1.947329773387733720e-01
3.227223178044230090e-01 1.990933462420430011e-01
3.245876562415266342e-01 2.066078982988857060e-01
3.264637763546810456e-01 2.111270148961498228e-01
3.283507404620888970e-01 2.119133352495805589e-01
3.302486112421523790e-01 2.117278823360355666e-01
3.321574517355558864e-01 2.098585169675021289e-01
3.340773253473591775e-01 2.055055661807743128e-01
3.360082958491044103e-01 1.992120361067117873e-01
3.379504273809338932e-01 1.929912035747589072e-01
3.399037844537201591e-01 1.884379636414025005e-01
3.418684319512097503e-01 1.866086561021947643e-01
3.438444351321779946e-01 1.879528188195688232e-01
3.458318596325960503e-01 1.920861933566593849e-01
3.478307714678123830e-01 1.977417654081271847e-01
3.498412370347446232e-01 2.025620575369883603e-01
3.518633231140849693e-01 2.041539853468584964e-01
3.538970968725191901e-01 2.001140790781945900e-01
3.559426258649572294e-01 1.895432630061305856e-01
3.579999780367765227e-01 1.750838702428553773e-01
3.600692217260801353e-01 1.601734559938387814e-01
3.621504256659661136e-01 1.467079424848338753e-01
3.642436589868098817e-01 1.352795921405378909e-01
3.663489912185618480e-01 1.262343859164603288e-01
3.684664922930561692e-01 1.204957309597243925e-01
3.705962325463332818e-01 1.187719090377410691e-01
3.727382827209774208e-01 1.178820317773868198e-01
3.748927139684648524e-01 1.172382876238894922e-01
3.770595978515288715e-01 1.197864106559975300e-01
3.792390063465359562e-01 1.206340046520635312e-01
3.814310118458763554e-01 1.195065993000408583e-01
3.836356871603694985e-01 1.177876733349751404e-01
3.858531055216822825e-01 1.142456710485968141e-01
3.880833405847607942e-01 1.107466938381609228e-01
3.903264664302779630e-01 1.089596695632414625e-01
3.925825575670940371e-01 1.093428894637908100e-01
3.948516889347303827e-01 1.120466445809458200e-01
3.971339359058604912e-01 1.166578941856590973e-01
3.994293742888124776e-01 1.234965074632130566e-01
4.017380803300868997e-01 1.335836623367517295e-01
4.040601307168905088e-01 1.473654843350989674e-01
4.063956025796829352e-01 1.647534011467456649e-01
4.087445734947380283e-01 1.826429309989488770e-01
4.111071214867221824e-01 2.016362765925718004e-01
4.134833250312844322e-01 2.237289112773584721e-01
4.158732630576643108e-01 2.425531238138283752e-01
4.182770149513134750e-01 2.469090418471728832e-01
4.206946605565314856e-01 2.372283997601248307e-01
4.231262801791195738e-01 2.263905314925560575e-01
4.255719545890473410e-01 2.215479850140694706e-01
4.280317650231349469e-01 2.175362675882644148e-01
4.305057931877529498e-01 2.137218720624712298e-01
4.329941212615355806e-01 2.126595977736855658e-01
4.354968318981098929e-01 2.157247635287570242e-01
4.380140082288422887e-01 2.202142076598539722e-01
4.405457338655994204e-01 2.160289063069708027e-01
4.430920929035247480e-01 2.047118277108017914e-01
4.456531699238333033e-01 2.009033666782420180e-01
4.482290499966203323e-01 2.081048742170207855e-01
4.508198186836865351e-01 2.089178997900019985e-01
4.534255620413813470e-01 1.928057506612139149e-01
4.560463666234608748e-01 1.793478036310816315e-01
4.586823194839622087e-01 1.755719823113057743e-01
4.613335081800964965e-01 1.813952037966182207e-01
4.640000207751556194e-01 1.933057317161311628e-01
4.666819458414390720e-01 2.019033287880765692e-01
4.693793724631949438e-01 2.045812688596661266e-01
4.720923902395786631e-01 2.002060637233128992e-01
4.748210892876304490e-01 1.918547481205552518e-01
4.775655602452679171e-01 1.837052052877345132e-01
4.803258942742961168e-01 1.746729065864397190e-01
4.831021830634371073e-01 1.664981421573768772e-01
4.858945188313745223e-01 1.624433996556293724e-01
4.887029943298164536e-01 1.594405460795090268e-01
4.915277028465775411e-01 1.539867467979781912e-01
4.943687382086768833e-01 1.520491347572602014e-01
4.972261947854541564e-01 1.543353982754427367e-01
5.001001674917054940e-01 1.583233777283140631e-01
5.029907517908354109e-01 1.674402429581853813e-01
5.058980436980275996e-01 1.851354181569934421e-01
5.088221397834349347e-01 2.097294417396748378e-01
5.117631371753864622e-01 2.320579725304907082e-01
5.147211335636141527e-01 2.429922763131028840e-01
5.176962272024980827e-01 2.392728326790447280e-01
5.206885169143288250e-01 2.250612050082656246e-01
5.236981020925914887e-01 2.150244933272111580e-01
5.267250827052667450e-01 2.180199287867897184e-01
5.297695592981502832e-01 2.125572277654087239e-01
5.328316329981945820e-01 2.019641573437193360e-01
5.359114055168668900e-01 1.937864256680397745e-01
5.390089791535270791e-01 1.813788839402262765e-01
5.421244567988269258e-01 1.678185669018171788e-01
5.452579419381275994e-01 1.572017585071940060e-01
5.484095386549359130e-01 1.520906762098943044e-01
5.515793516343632241e-01 1.523621792753241388e-01
5.547674861666017643e-01 1.544110630641691018e-01
5.579740481504216199e-01 1.549110441190863774e-01
5.611991440966896949e-01 1.547003696092992542e-01
5.644428811319066597e-01 1.559288097086212466e-01
5.677053670017649933e-01 1.587224723982628427e-01
5.709867100747291202e-01 1.665248473769273541e-01
5.742870193456336425e-01 1.766728308061088215e-01
5.776064044393048880e-01 1.871190225202705726e-01
5.809449756142023302e-01 1.942062910643056195e-01
5.843028437660793273e-01 1.992090688600950676e-01
5.876801204316687288e-01 2.054017125491891249e-01
5.910769177923870243e-01 2.001096282082694966e-01
5.944933486780595855e-01 1.948516672034421582e-01
5.979295265706701112e-01 1.931143443093527867e-01
6.013855656081297241e-01 1.899141688332205702e-01
6.048615805880666052e-01 1.923458274356223685e-01
6.083576869716416091e-01 1.977254455517352127e-01
6.118740008873820857e-01 2.000962755984942720e-01
6.154106391350390171e-01 1.948086421274997093e-01
6.189677191894675801e-01 1.856502354449942882e-01
6.225453592045292472e-01 1.774354131866057727e-01
6.261436780170150929e-01 1.666301846318208879e-01
6.297627951505950783e-01 1.538235482340586102e-01
6.334028308197864332e-01 1.475616193364641393e-01
6.370639059339481269e-01 1.479713960942331263e-01
6.407461421012968783e-01 1.515906951549770010e-01
6.444496616329448146e-01 1.519467647489833872e-01
6.481745875469649976e-01 1.537923921445830400e-01
6.519210435724759334e-01 1.621155189044818645e-01
6.556891541537508417e-01 1.720721149268848726e-01
6.594790444543533470e-01 1.791341618746777886e-01
6.632908403612935988e-01 1.846992329043356251e-01
6.671246684892090384e-01 1.894127041549949209e-01
6.709806561845721440e-01 1.930876390898022821e-01
6.748589315299192704e-01 1.950148657673617669e-01
6.787596233481042463e-01 1.924986406363834168e-01
6.826828612065795054e-01 1.840464386486573012e-01
6.866287754216984229e-01 1.738509792736083470e-01
6.905974970630435195e-01 1.682547521544749680e-01
6.945891579577818664e-01 1.622861355849432308e-01
6.986038906950429173e-01 1.501456460526345293e-01
7.026418286303216520e-01 1.386201183816409277e-01
7.067031058899108098e-01 1.294209120581556460e-01
7.107878573753529938e-01 1.230272374107788252e-01
7.148962187679240854e-01 1.198683066626190091e-01
7.190283265331394169e-01 1.192205567261890864e-01
7.231843179252852583e-01 1.205822261986017607e-01
7.273643309919801681e-01 1.223118342514876999e-01
7.315685045787596597e-01 1.218852925503342288e-01
7.357969783336865133e-01 1.214183962951933676e-01
7.400498927119919523e-01 1.243740706501078874e-01
7.443273889807401344e-01 1.311794507655545672e-01
7.486296092235191768e-01 1.367948166253658004e-01
7.529566963451627126e-01 1.394696410880078008e-01
7.573087940764960946e-01 1.375827689644357199e-01
7.616860469791092436e-01 1.311775220552537091e-01
7.660886004501606950e-01 1.275511016026296962e-01
7.705166007272060691e-01 1.213470340140612724e-01
7.749701948930545203e-01 1.087446925458601249e-01
7.794495308806568268e-01 9.488943119374906865e-02
7.839547574780165728e-01 8.368377270803788182e-02
7.884860243331343055e-01 7.719173383531680033e-02
7.930434819589780027e-01 7.595854614140808148e-02
7.976272817384808533e-01 7.957161398425686982e-02
8.022375759295721220e-01 8.574111314974049158e-02
8.068745176702336597e-01 9.235169352479952187e-02
8.115382609835852801e-01 9.926181744581641375e-02
8.162289607830032212e-01 1.064639184339185030e-01
8.209467728772645856e-01 1.147815557875764003e-01
8.256918539757219788e-01 1.242857950632604708e-01
8.304643616935105666e-01 1.300127293958603658e-01
8.352644545567829981e-01 1.337421133060845424e-01
8.400922920079733069e-01 1.274019974601395266e-01
8.449480344110958940e-01 1.133856146167405987e-01
8.498318430570707127e-01 1.038131286688719485e-01
8.547438801690798726e-01 9.660746698482977624e-02
8.596843089079587719e-01 9.234204997329518994e-02
8.646532933776126528e-01 9.161344256655964968e-02
8.696509986304700179e-01 9.380608945398469234e-02
8.746775906729644667e-01 9.788100923272588516e-02
8.797332364710471753e-01 1.031512843110126143e-01
8.848181039557355687e-01 1.075109114026280566e-01
8.899323620286901937e-01 1.053142587322704465e-01
8.950761805678236760e-01 1.021608173903515715e-01
9.002497304329459826e-01 1.020206149877115748e-01
9.054531834714387717e-01 1.008546354296715464e-01
9.106867125239620497e-01 1.001954615937672571e-01
9.159504914301977996e-01 1.030429798095023469e-01
9.212446950346235841e-01 1.043828400192821221e-01
9.265694991923183466e-01 1.038377568157907160e-01
9.319250807748065135e-01 1.033141861502705205e-01
9.373116176759319629e-01 1.040548109058037629e-01
9.427292888177655206e-01 1.108222102645564228e-01
9.481782741565508710e-01 1.209980858119350383e-01
9.536587546886805544e-01 1.255360444252153207e-01
9.591709124567069367e-01 1.264475825858716318e-01
9.647149305553922582e-01 1.296461260763646373e-01
9.702909931377862174e-01 1.335394503621626094e-01
9.758992854213467405e-01 1.315878922623460456e-01
9.815399936940907288e-01 1.269039451155231091e-01
9.872133053207802211e-01 1.278148898268560985e-01
9.929194087491489684e-01 1.312009633035257916e-01
9.986584935161608723e-01 1.311895394040514251e-01
1.004430750254303728e+00 1.280016780013785715e-01
1.010236370697924935e+00 1.217139340582186757e-01
1.016075547689597958e+00 1.211439259831467996e-01
1.021948475186527761e+00 1.312945799342832842e-01
1.027855348266994762e+00 1.447568294720098236e-01
1.033796363136834096e+00 1.534778640032107566e-01
1.039771717135951290e+00 1.522212350610299414e-01
1.045781608744880131e+00 1.489884198721138087e-01
1.051826237591374280e+00 1.501723512721849785e-01
1.057905804457035748e+00 1.512806178835298110e-01
1.064020511283988890e+00 1.516678435670117120e-01
1.070170561181583713e+00 1.584850926689252704e-01
1.076356158433145582e+00 1.660723422678775929e-01
1.082577508502760022e+00 1.720676640569597793e-01
1.088834818042095476e+00 1.756609997098073639e-01
1.095128294897270704e+00 1.698971231568293105e-01
1.101458148115757263e+00 1.664847895476016526e-01
1.107824587953321727e+00 1.810688066687790587e-01
1.114227825881013212e+00 2.032801312182345166e-01
1.120668074592185315e+00 2.108540282074115868e-01
1.127145548009560017e+00 1.993366604646140128e-01
1.133660461292336441e+00 1.758464526233523562e-01
1.140213030843336250e+00 1.620665593353059764e-01
1.146803474316190341e+00 1.655441723701014944e-01
1.153432010622570836e+00 1.726907858464709344e-01
1.160098859939462601e+00 1.813714658236844635e-01
1.166804243716473621e+00 1.916440736107681286e-01
1.173548384683194445e+00 2.010828850985535710e-01
1.180331506856595603e+00 2.064402488650410317e-01
1.187153835548465874e+00 2.080306930516027941e-01
1.194015597372901416e+00 2.116151269646002198e-01
1.200917020253827294e+00 2.080855871140120938e-01
1.207858333432573428e+00 2.014137330963177985e-01
1.214839767475487387e+00 1.930742864800270575e-01
1.221861554281590267e+00 1.864662282645922486e-01
1.228923927090283863e+00 1.868875772841664396e-01
1.236027120489096909e+00 1.832096751027423587e-01
1.243171370421473965e+00 1.812735466853327149e-01
1.250356914194617142e+00 1.829960333463385436e-01
1.257583990487367132e+00 1.732026358878550887e-01
1.264852839358128644e+00 1.625175808210473916e-01
1.272163702252848472e+00 1.700588380974405456e-01
1.279516822013033517e+00 1.942048074409972735e-01
1.286912442883815677e+00 2.233134967510176927e-01
1.294350810522067352e+00 2.497798529488492181e-01
1.301832172004561583e+00 2.696663397741048129e-01
1.309356775836174380e+00 2.880617851744586844e-01
1.316924871958146337e+00 3.062050146123914129e-01
1.324536711756377994e+00 3.142655400467105897e-01
1.332192548069784932e+00 3.180932881822789993e-01
1.339892635198694837e+00 3.311729112687795129e-01
1.347637228913291185e+00 3.129525334188120733e-01
1.355426586462114891e+00 2.756512762000284389e-01
1.363260966580605249e+00 2.660611351347903497e-01
1.371140629499693731e+00 2.698414073244912448e-01
1.379065836954451285e+00 2.607809197803376278e-01
1.387036852192779834e+00 2.454180004222712430e-01
1.395053939984155722e+00 2.407267835212373863e-01
1.403117366628427343e+00 2.604827114953572886e-01
1.411227399964658957e+00 3.103235529163984041e-01
1.419384309380025577e+00 3.616465340224910285e-01
1.427588365818764915e+00 3.736505302104305981e-01
1.435839841791175742e+00 3.585576302944857852e-01
1.444139011382666204e+00 3.295973033153012932e-01
1.452486150262864761e+00 3.191896858071568976e-01
1.460881535694769973e+00 3.105728016322028551e-01
1.469325446543965796e+00 2.951757589380442637e-01
1.477818163287882181e+00 2.919666817220618604e-01
1.486359968025109168e+00 3.049350330604354009e-01
1.494951144484772509e+00 3.245752384165032089e-01
1.503591978035954568e+00 3.484422865780882894e-01
1.512282755697172298e+00 3.543055658927264373e-01
1.521023766145914724e+00 3.295364747596585819e-01
1.529815299728230382e+00 3.223319999742630948e-01
1.538657648468367833e+00 3.234358157156828062e-01
1.547551106078482119e+00 3.150518604001412704e-01
1.556495967968387184e+00 3.234818080382420025e-01
1.565492531255366693e+00 3.441442298537697453e-01
1.574541094774047689e+00 3.563485151883379332e-01
1.583641959086324214e+00 3.523560848655415967e-01
1.592795426491339539e+00 3.524465858873515600e-01
1.602001801035530804e+00 3.406725513122076943e-01
1.611261388522727822e+00 3.146275441339503876e-01
1.620574496524306296e+00 2.987972834337506711e-01
1.629941434389411858e+00 2.977824850908324938e-01
1.639362513255227638e+00 3.073755934026873304e-01
1.648838046057315765e+00 3.457613792598819846e-01
1.658368347540009280e+00 3.996688321691375112e-01
1.667953734266863997e+00 4.395916517737929463e-01
1.677594524631179640e+00 4.397963917903466302e-01
1.687291038866571835e+00 4.172601537363603841e-01
1.697043599057607821e+00 4.005782932571620991e-01
1.706852529150509445e+00 3.890193840617304222e-01
1.716718154963911225e+00 4.085572194095214438e-01
1.726640804199680579e+00 3.856129849457361480e-01
1.736620806453807120e+00 3.504214400714403266e-01
1.746658493227349673e+00 3.886336420015568671e-01
1.756754197937443251e+00 4.066611488214375014e-01
1.766908255928380411e+00 4.146074352610129021e-01
1.777121004482747679e+00 4.991086844119570487e-01
1.787392782832625482e+00 4.843733377133270235e-01
1.797723932170862682e+00 4.415411328009777869e-01
1.808114795662403074e+00 4.805975163935511385e-01
1.818565718455690483e+00 5.009676644173319815e-01
1.829077047694130043e+00 4.800352231596827779e-01
1.839649132527616748e+00 4.728752570735380578e-01
1.850282324124138622e+00 4.406657950490455167e-01
1.860976975681438272e+00 3.489645219826309486e-01
1.871733442438742401e+00 3.102464045043636931e-01
1.882552081688566581e+00 3.136765415932917245e-01
1.893433252788581767e+00 3.073325683267449371e-01
1.904377317173546302e+00 2.792579644626513313e-01
1.915384638367318981e+00 2.663237364603700530e-01
1.926455581994929611e+00 2.820545943989096194e-01
1.937590515794722412e+00 2.989100388051860180e-01
1.948789809630575354e+00 3.118042089781415394e-01
1.960053835504184105e+00 3.050374030687122429e-01
1.971382967567415045e+00 2.998120817766687929e-01
1.982777582134739092e+00 3.231094185878436997e-01
1.994238057695728816e+00 3.414381009393213651e-01
2.005764774927627947e+00 3.435047882078666182e-01
2.017358116708002580e+00 3.459483157967352951e-01
2.029018468127450348e+00 3.020197132595082712e-01
2.040746216502401289e+00 2.631458153338632200e-01
2.052541751387976898e+00 2.474698514577329256e-01
2.064405464590929995e+00 2.297405529228326027e-01
2.076337750182662312e+00 2.265626317963257974e-01
2.088339004512313135e+00 2.302880099236174205e-01
2.100409626219920778e+00 2.367625420412998172e-01
2.112550016249669760e+00 2.571223047019222108e-01
2.124760577863207711e+00 2.698992686335173197e-01
2.137041716653034662e+00 2.730831242532575920e-01
2.149393840555982482e+00 2.834061752328254635e-01
2.161817359866763155e+00 3.115089679397779476e-01
2.174312687251592546e+00 3.455225159072360941e-01
2.186880237761905654e+00 3.650885400978858830e-01
2.199520428848138476e+00 3.860669736780942829e-01
2.212233680373592026e+00 3.939361117056349726e-01
2.225020414628386511e+00 4.143418666888165069e-01
2.237881056343477670e+00 4.482604627645396245e-01
2.250816032704775704e+00 4.681721711860373225e-01
2.263825773367328598e+00 4.733574346487550155e-01
2.276910710469592924e+00 4.918122249814432800e-01
2.290071278647793029e+00 4.589633213110476673e-01
2.303307915050354371e+00 4.392667382692621580e-01
2.316621059352423018e+00 4.672493574882374823e-01
2.330011153770474852e+00 4.847412762938002606e-01
2.343478643077001600e+00 4.669719199295742085e-01
2.357023974615280792e+00 4.940910703830840300e-01
2.370647598314243876e+00 5.332661438403261123e-01
2.384349966703414481e+00 6.281097310738468220e-01
2.398131534927939956e+00 6.773778938978610720e-01
2.411992760763713051e+00 7.069776625229485800e-01
2.425934104632577970e+00 6.384446510398816832e-01
2.439956029617617261e+00 5.743269025224936319e-01
2.454059001478542612e+00 5.146748601632686881e-01
2.468243488667162033e+00 4.529071709663227141e-01
2.482509962342935861e+00 3.871069936172545356e-01
2.496858896388636673e+00 3.293806943122807862e-01
2.511290767426078485e+00 3.000895193353320667e-01
2.525806054831960523e+00 3.277961846189524908e-01
2.540405240753779381e+00 3.702263276147360616e-01
2.555088810125852206e+00 4.089963719087958971e-01
2.569857250685421590e+00 4.223282109577176646e-01
2.584711052988855506e+00 4.229216602810615955e-01
2.599650710427946265e+00 3.699785625222399843e-01
2.614676719246288084e+00 2.801318185912752279e-01
2.629789578555775442e+00 2.448957650177285561e-01
2.644989790353173831e+00 2.413632579205237383e-01
2.660277859536794409e+00 2.657762794595852629e-01
2.675654293923265481e+00 2.959665301614000099e-01
2.691119604264405218e+00 3.036309281723870712e-01
2.706674304264172548e+00 2.933019426995857604e-01
2.722318910595750374e+00 2.765844752609867840e-01
2.738053942918694972e+00 2.664513280648889704e-01
2.753879923896200843e+00 2.538894895130060503e-01
2.769797379212459720e+00 2.229322055607692032e-01
2.785806837590128815e+00 2.181653238710090092e-01
2.801908830807877226e+00 2.278800892941493517e-01
2.818103893718070019e+00 2.389004432286463697e-01
2.834392564264522019e+00 2.809834183702737964e-01
2.850775383500368410e+00 3.184582595161354890e-01
2.867252895606037466e+00 3.133011848962766188e-01
2.883825647907329426e+00 2.880706869143088156e-01
2.900494190893583735e+00 2.419537399972509772e-01
2.917259078235983960e+00 1.854484626750573795e-01
2.934120866805935979e+00 1.560549176898318180e-01
2.951080116693567401e+00 1.444145575747712018e-01
2.968137391226336685e+00 1.390898335210676573e-01
2.985293256987731514e+00 1.331155791829641832e-01
3.002548283836107057e+00 1.351070467497756389e-01
3.019903044923603730e+00 1.463766494000771357e-01
3.037358116715186629e+00 1.586794473223204216e-01
3.054914079007794214e+00 1.541202728957305756e-01
3.072571514949601568e+00 1.538547043235341805e-01
3.090331011059376021e+00 1.372482119084005858e-01
3.108193157245980220e+00 1.288476400118053755e-01
3.126158546827951579e+00 1.376048749517302938e-01
3.144227776553216724e+00 1.532464187671066236e-01
3.162401446618910317e+00 1.565845712109162902e-01
3.180680160691316427e+00 1.463330308748113373e-01
3.199064525925907621e+00 1.658275444219982075e-01
3.217555152987530587e+00 1.851101965607513389e-01
3.236152656070678812e+00 1.819886531199621793e-01
3.254857652919894928e+00 1.907924738317695879e-01
3.273670764850296955e+00 1.858416228517727198e-01
3.292592616768199143e+00 1.771772627309511627e-01
3.311623837191892683e+00 1.855241274637837168e-01
3.330765058272506351e+00 1.854187902088901829e-01
3.350016915815009710e+00 1.901441304460163295e-01
3.369380049299332214e+00 2.004315744661835930e-01
3.388855101901607103e+00 1.937893929146564942e-01
3.408442720515521884e+00 1.747960473210335985e-01
3.428143555773827789e+00 1.512806178835298110e-01
3.447958262069935831e+00 1.472545093116336690e-01
3.467887497579658529e+00 1.442026961663374351e-01
3.487931924283071528e+00 1.446641030152373553e-01
3.508092207986506228e+00 1.652711856813632862e-01
3.528369018344649444e+00 1.695232500831226341e-01
3.548763028882812254e+00 1.598455752426912735e-01
3.569274917019284565e+00 1.693125755733355386e-01
3.589905364087840223e+00 1.803596347273830613e-01
3.610655055360374899e+00 1.722724040735134354e-01
3.631524680069651456e+00 1.768820216925875433e-01
3.652514931432215839e+00 1.985043477886241359e-01
3.673626506671410219e+00 2.125512932721752846e-01
3.694860107040534913e+00 1.973827285675040788e-01
3.716216437846141751e+00 1.946142874741045858e-01
3.737696208471465109e+00 1.984257157532810512e-01
3.759300132399972405e+00 2.199516063342742689e-01
3.781028927239082016e+00 2.669483418731894986e-01
3.802883314743989107e+00 2.911670087588558720e-01
3.824864020841640233e+00 2.914948895100034076e-01
3.846971775654848713e+00 2.945170301891324449e-01
3.869207313526548564e+00 3.083607192794383112e-01
3.891571373044171445e+00 2.970228699569522623e-01
3.914064697064205678e+00 2.697375536929060846e-01
3.936688032736852527e+00 2.652303060821087910e-01
3.959442131530850340e+00 2.667821760626532535e-01
3.982327749258438132e+00 2.423795398867502615e-01
4.005345646100446189e+00 2.490588120209863421e-01
4.028496586631570509e+00 2.316811322101673121e-01
4.051781339845751617e+00 2.008380872526742134e-01
4.075200679181723906e+00 1.863861126059408180e-01
4.098755382548707082e+00 2.020665273519961502e-01
4.122446232352245943e+00 2.141269012256534765e-01
4.146274015520188705e+00 2.091285742997890940e-01
4.170239523528843861e+00 2.020205350294370095e-01
4.194343552429258715e+00 1.875878474857123057e-01
4.218586902873665778e+00 1.723376834990812956e-01
4.242970380142073950e+00 1.819753005101869270e-01
4.267494794169023997e+00 2.138227584474396981e-01
4.292160959570472833e+00 2.074713670643511254e-01
4.316969695670882068e+00 1.842467277952858640e-01
4.341921826530410478e+00 1.767262412452097475e-01
4.367018180972294772e+00 1.598233208930658900e-01
4.392259592610382235e+00 1.484305775081705137e-01
4.417646899876805477e+00 1.470660891514719570e-01
4.443180946049855251e+00 1.488593446442865176e-01
4.468862579281975833e+00 1.530817365798786689e-01
4.494692652627942486e+00 1.487154331833756005e-01
4.520672024073195239e+00 1.762173584504423129e-01
4.546801556562344082e+00 2.070989776139527949e-01
4.573082118027814502e+00 2.072888813974228528e-01
4.599514581418703507e+00 1.749028681992354783e-01
4.626099824729760002e+00 1.780451823663416755e-01
4.652838731030551678e+00 1.894631473474791550e-01
4.679732188494796219e+00 1.769769735843225722e-01
4.706781090429870140e+00 1.871516622330544888e-01
4.733986335306464177e+00 2.040649679483568790e-01
4.761348826788450062e+00 2.103970722284367600e-01
4.788869473762884077e+00 2.004775667887427615e-01
4.816549190370198019e+00 2.008440217459076249e-01
4.844388896034566017e+00 1.968782966426617098e-01
4.872389515494448098e+00 1.926425520972943339e-01
4.900551978833287414e+00 1.877139554669228771e-01
4.928877221510434836e+00 1.814011382898516878e-01
4.957366184392200559e+00 1.735527709886280356e-01
4.986019813783113541e+00 1.778805001791137208e-01
5.014839061457356806e+00 1.675322276033036906e-01
5.043824884690362609e+00 1.525476321888691311e-01
5.072978246290641202e+00 1.491367822029497914e-01
5.102300114631742822e+00 1.476184421091743248e-01
5.131791463684423960e+00 1.484350283780955793e-01
5.161453273049005475e+00 1.568293690567956755e-01
5.191286527987911903e+00 1.508859740835060692e-01
5.221292219458380401e+00 1.361378682244240579e-01
5.251471344145405951e+00 1.402988381550501207e-01
5.281824904494829553e+00 1.415479006183582855e-01
5.312353908746639597e+00 1.318577633421366968e-01
5.343059370968462396e+00 1.314651966147447060e-01
5.373942311089249912e+00 1.278022790287350330e-01
5.405003754933139781e+00 1.344342235794344365e-01
5.436244734253559585e+00 1.492510211976935397e-01
5.467666286767478567e+00 1.475496019876664511e-01
5.499269456189878724e+00 1.530357442573195004e-01
5.531055292268432844e+00 1.568486561598043394e-01
5.563024850818350409e+00 1.635768878632163081e-01
5.595179193757479297e+00 1.598010665434404787e-01
5.627519389141558470e+00 1.418205905824348467e-01
5.660046511199702479e+00 1.517108686429541609e-01
5.692761640370078702e+00 1.572492344530615205e-01
5.725665863335805739e+00 1.483457142549323149e-01
5.758760273061025892e+00 1.412612645951831503e-01
5.792045968827241431e+00 1.269715983383843394e-01
5.825524056269808071e+00 1.233069004044046457e-01
5.859195647414667363e+00 1.163679941912055815e-01
5.893061860715279821e+00 1.116235152134015945e-01
5.927123821089786304e+00 1.177596328544471271e-01
5.961382659958350594e+00 1.144438831225936815e-01
5.995839515280771082e+00 1.194537823102632540e-01
6.030495531594262104e+00 1.270331687056812653e-01
6.065351860051475086e+00 1.200292797915760434e-01
6.100409658458743500e+00 1.255566667892015487e-01
6.135670091314512575e+00 1.351426537091762747e-01
6.171134329848062094e+00 1.205713957484507437e-01
6.206803552058381079e+00 1.187674581678159758e-01
6.242678942753306259e+00 1.222972947430657625e-01
6.278761693588877257e+00 1.177026617194061181e-01
6.315053003108923591e+00 1.128587799799420088e-01
6.351554076784851510e+00 1.075747072048875430e-01
6.388266127055725718e+00 1.166985454643081621e-01
6.425190373368511843e+00 1.388404364429323690e-01
6.462328042218596025e+00 1.401724334491778468e-01
6.499680367190518560e+00 1.473433783478043935e-01
6.537248588998957999e+00 1.584287149832075969e-01
6.575033955529916874e+00 1.540668624566296219e-01
6.613037721882214726e+00 1.471005092122258939e-01
6.651261150409145451e+00 1.515343174692593553e-01
6.689705510760421525e+00 1.589539176343670035e-01
6.728372079924347382e+00 1.600547661291700230e-01
6.767262142270216607e+00 1.732397264705640982e-01
6.806376989591010229e+00 1.814441633657941089e-01
6.845717921146279750e+00 1.722961420464472204e-01
6.885286243705309062e+00 1.622712993518596325e-01
6.925083271590525058e+00 1.580696781425845188e-01
6.965110326721157818e+00 1.654685075813751571e-01
7.005368738657123728e+00 1.571557661846348652e-01
7.045859844643230119e+00 1.559614494214051628e-01
7.086584989653569089e+00 1.447494113554680384e-01
7.127545526436194656e+00 1.303182074350516806e-01
7.168742815558059256e+00 1.403335549404657601e-01
7.210178225450215805e+00 1.449726966633761993e-01
7.251853132453240036e+00 1.566008910673082621e-01
7.293768920862992111e+00 1.692309762913757343e-01
7.335926982976571864e+00 1.631273500007832944e-01
7.378328719138569802e+00 1.402759903561013877e-01
7.420975537787583676e+00 1.315484278823436659e-01
7.463868855503007715e+00 1.289482296721121690e-01
7.507010097052058128e+00 1.310527493350206463e-01
7.550400695437144982e+00 1.535624305317872806e-01
7.594042091943437711e+00 1.566172109237002064e-01
7.637935736186750368e+00 1.602698915088821841e-01
7.682083086161699548e+00 1.761461445316410412e-01
7.726485608290103890e+00 1.668082194288240949e-01
7.771144777469737974e+00 1.724252172742745115e-01
7.816062077123293150e+00 1.678289522649756560e-01
7.861238999247660786e+00 1.516900979166371233e-01
7.906677044463489068e+00 1.697932695252441226e-01
7.952377722065040011e+00 3.547476856386176935e-01
7.998342550070284496e+00 2.061168189838185616e-01
