2.511886431509579437e-02 7.492652363054389530e-01
2.526405161860213050e-02 7.509540989132115207e-01
2.541007810627042562e-02 7.513883778694957494e-01
2.555694862859406516e-02 7.547500186792526211e-01
2.570466806410236227e-02 7.588515421552717299e-01
2.585324131952258450e-02 7.643899392150463878e-01
2.600267332994290678e-02 7.675532056867473418e-01
2.615296905897638788e-02 7.675853744983239801e-01
2.630413349892583852e-02 7.657410293012645308e-01
2.645617167094958117e-02 7.633015610900374393e-01
2.660908862522835469e-02 7.612320342119415217e-01
2.676288944113292337e-02 7.599613661546651411e-01
2.691757922739292791e-02 7.596182321645145175e-01
2.707316312226650673e-02 7.602079937100858498e-01
2.722964629371095457e-02 7.617092049169947865e-01
2.738703393955444973e-02 7.638966841042049705e-01
2.754533128766867636e-02 7.661485009145683200e-01
2.770454359614242176e-02 7.682609195414330516e-01
2.786467615345633933e-02 7.703894225740860469e-01
2.802573427865854422e-02 7.726305164472572207e-01
2.818772332154127064e-02 7.750914305328686638e-01
2.835064866281864979e-02 7.778633097970540922e-01
2.851451571430539678e-02 7.810265762687550462e-01
2.867932991909653145e-02 7.846133987595480530e-01
2.884509675174826843e-02 7.885916084578568075e-01
2.901182171845980567e-02 7.923285520693408301e-01
2.917951035725619563e-02 7.955347102898105982e-01
2.934816823817239240e-02 7.986121932639739240e-01
2.951780096343814899e-02 8.017218450497137772e-01
2.968841416766421215e-02 8.050405941107017238e-01
2.986001351802944001e-02 8.086703083502637668e-01
3.003260471446899879e-02 8.126646024543606739e-01
3.020619348986378766e-02 8.170502837659732176e-01
3.038078561023081769e-02 8.217790990677363849e-01
3.055638687491469066e-02 8.265990593356332683e-01
3.073300311678033025e-02 8.314779957580872294e-01
3.091064020240668481e-02 8.366410900161347364e-01
3.108930403228154019e-02 8.422223788246783194e-01
3.126900054099761295e-02 8.483130071498515834e-01
3.144973569744963920e-02 8.549933970205964018e-01
3.163151550503255638e-02 8.622903557798929919e-01
3.181434600184106232e-02 8.702038834277414647e-01
3.199823326087009728e-02 8.786857267467770294e-01
3.218318339021652985e-02 8.876393793022695489e-01
3.236920253328214730e-02 8.972417695578905894e-01
3.255629686897762443e-02 9.078306700351945757e-01
3.274447261192782455e-02 9.197116844441595163e-01
3.293373601267822470e-02 9.321342071813309982e-01
3.312409335790250653e-02 9.446317904788478215e-01
3.331555097061136145e-02 9.580783537178749754e-01
3.350811521036261426e-02 9.707260581360827034e-01
3.370179247347232510e-02 9.793526611072128629e-01
3.389658919322740410e-02 9.847999132008539158e-01
3.409251184009919750e-02 9.884617962519924861e-01
3.428956692195841288e-02 9.899844533332857743e-01
3.448776098429136294e-02 9.896466808117313496e-01
3.468710061041735404e-02 9.887834843677586472e-01
3.488759242170727526e-02 9.886816164644327554e-01
3.508924307780367929e-02 9.890998110149287204e-01
3.529205927684192501e-02 9.894375835364832561e-01
3.549604775567258980e-02 9.903865634779935867e-01
3.570121529008542238e-02 9.919413893708635133e-01
3.590756869503420462e-02 9.942682667415723152e-01
3.611511482486330638e-02 9.974958708364265458e-01
3.632386057353523962e-02 1.001661731935598709e+00
3.653381287485973905e-02 1.006052774715807452e+00
3.674497870272393912e-02 1.009596705457831867e+00
3.695736507132423021e-02 1.012529428779900265e+00
3.717097903539903075e-02 1.015435344758988334e+00
3.738582769046329413e-02 1.018738009414187795e+00
3.760191817304411876e-02 1.022753749392669276e+00
3.781925766091774610e-02 1.027702384906872712e+00
3.803785337334809891e-02 1.032795780073170855e+00
3.825771257132654091e-02 1.036345072283791247e+00
3.847884255781295476e-02 1.038318092727157360e+00
3.870125067797849233e-02 1.039824665402662163e+00
3.892494431944945599e-02 1.041524250947627017e+00
3.914993091255265789e-02 1.043636669574491638e+00
3.937621793056233360e-02 1.046371018558504451e+00
3.960381288994833243e-02 1.047700662770338020e+00
3.983272335062570252e-02 1.045137880781400685e+00
4.006295691620595512e-02 1.039599483721625806e+00
4.029452123424955012e-02 1.032206018527599412e+00
4.052742399651988042e-02 1.024029778918541744e+00
4.076167293923887297e-02 1.015955407212810302e+00
4.099727584334383890e-02 1.008111578656711194e+00
4.123424053474603751e-02 9.987987077052796758e-01
4.147257488459059338e-02 9.876414915567887087e-01
4.171228680951784978e-02 9.758998753313222752e-01
4.195338427192649156e-02 9.638901856760510034e-01
4.219587528023795858e-02 9.520574244844509648e-01
4.243976788916238585e-02 9.405999660945781882e-01
4.268507019996626434e-02 9.281881662945989930e-01
4.293179036074151744e-02 9.143394929108640268e-01
4.317993656667604152e-02 9.002013002229395378e-01
4.342951706032609216e-02 8.862775662788593412e-01
4.368054013188996804e-02 8.729811241605229810e-01
4.393301411948334623e-02 8.603763114910840670e-01
4.418694740941636612e-02 8.477446914786647136e-01
4.444234843647213579e-02 8.344589722975206403e-01
4.469922568418681352e-02 8.209212640923598814e-01
4.495758768513159753e-02 8.075712072880625314e-01
4.521744302119593689e-02 7.946822367830301825e-01
4.547880032387276866e-02 7.825438718814522465e-01
4.574166827454511502e-02 7.711400281775405707e-01
4.600605560477452616e-02 7.603795607051612171e-01
4.627197109659098723e-02 7.503053612130828887e-01
4.653942358278480296e-02 7.407351397690384864e-01
4.680842194719982141e-02 7.318351018995070678e-01
4.707897512502866311e-02 7.237607301937754034e-01
4.735109210310945588e-02 7.160723842269632877e-01
4.762478192022426976e-02 7.077406620286187389e-01
4.790005366739954334e-02 6.991033361202962926e-01
4.817691648820784933e-02 6.920154746362476850e-01
4.845537957907175564e-02 6.877477456337495187e-01
4.873545218956924774e-02 6.848364681860653613e-01
4.901714362274099679e-02 6.771695680936375972e-01
4.930046323539925834e-02 6.627793863816963116e-01
4.958542043843887359e-02 6.450597326715747926e-01
4.987202469714965836e-02 6.282247212798104385e-01
5.016028553153097091e-02 6.147352662920144706e-01
5.045021251660784106e-02 6.047790191090506307e-01
5.074181528274907677e-02 5.969512749587396749e-01
5.103510351598705003e-02 5.904960667690313247e-01
5.133008695833959217e-02 5.849094164918916539e-01
5.162677540813340182e-02 5.798749974801507001e-01
5.192517872032970105e-02 5.754088941395965051e-01
5.222530680685147364e-02 5.710661045767528865e-01
5.252716963691266006e-02 5.667930141056585214e-01
5.283077723734942721e-02 5.628148044073498779e-01
5.313613969295318679e-02 5.595389470951307453e-01
5.344326714680543849e-02 5.573032146905556594e-01
5.375216980061491706e-02 5.560647154448558060e-01
5.406285791505632127e-02 5.557591117348779086e-01
5.437534181011107609e-02 5.565150788069285204e-01
5.468963186541032917e-02 5.585631598106399753e-01
5.500573852057948770e-02 5.608364224953877875e-01
5.532367227558519784e-02 5.616567271905915648e-01
5.564344369108398941e-02 5.613082317318448533e-01
5.596506338877313413e-02 5.611902794227305868e-01
5.628854205174332881e-02 5.620963676154721034e-01
5.661389042483377931e-02 5.636243861653614795e-01
5.694111931498885282e-02 5.655652377971508438e-01
5.727023959161724881e-02 5.680047060083778243e-01
5.760126218695296035e-02 5.709910440164074341e-01
5.793419809641841417e-02 5.745028059468550996e-01
5.826905837898961604e-02 5.786043294228742084e-01
5.860585415756369709e-02 5.831991080097347346e-01
5.894459661932811845e-02 5.882335270214757994e-01
5.928529701613251268e-02 5.940292745738634528e-01
5.962796666486229469e-02 6.000609267444796391e-01
5.997261694781454155e-02 6.054813714951401415e-01
6.031925931307623168e-02 6.106015740044188345e-01
6.066790527490428103e-02 6.164241288997870383e-01
6.101856641410823012e-02 6.227667462489772099e-01
6.137125437843479747e-02 6.279405634442168926e-01
6.172598088295483398e-02 6.320045566400632753e-01
6.208275771045231733e-02 6.360899957102940094e-01
6.244159671181598315e-02 6.417945982965479468e-01
6.280250980643269088e-02 6.494722213261678867e-01
6.316550898258359303e-02 6.589030445867135599e-01
6.353060629784218483e-02 6.700441763294162634e-01
6.389781387947492119e-02 6.825685669699136371e-01
6.426714392484385308e-02 6.951680181707564632e-01
6.463860870181208085e-02 7.072527683863732983e-01
6.501222054915094251e-02 7.196484837805642298e-01
6.538799187695008841e-02 7.323605258219252345e-01
6.576593516702965159e-02 7.430888244827279498e-01
6.614606297335466623e-02 7.515009687100140390e-01
6.652838792245242827e-02 7.597201000678404093e-01
6.691292271383147972e-02 7.689847178019069140e-01
6.729968012040381253e-02 7.786353612748929676e-01
6.768867298890894613e-02 7.885594396462801692e-01
6.807991424034069705e-02 7.992448465583140704e-01
6.847341687037629410e-02 8.065096365060340222e-01
6.886919394980822728e-02 8.060968034241341451e-01
6.926725862497820629e-02 8.005315990213789368e-01
6.966762411821400547e-02 7.931971099819095095e-01
7.007030372826857090e-02 7.816377836887108410e-01
7.047531083076181979e-02 7.651995209730581005e-01
7.088265887862478520e-02 7.479945682481624614e-01
7.129236140254673060e-02 7.317064266532005146e-01
7.170443201142430445e-02 7.160294924781943626e-01
7.211888439281383123e-02 7.009905730661246670e-01
7.253573231338585059e-02 6.873134666774650681e-01
7.295498961938230720e-02 6.753520302395585873e-01
7.337667023707672431e-02 6.651330710953856640e-01
7.380078817323644513e-02 6.569407470805397331e-01
7.422735751558823258e-02 6.510109628132495496e-01
7.465639243328600627e-02 6.462392557627175682e-01
7.508790717738160481e-02 6.415640551469155017e-01
7.552191608129793510e-02 6.376072913229912098e-01
7.595843356130543844e-02 6.350177019910733245e-01
7.639747411700059665e-02 6.338220944941422852e-01
7.683905233178781047e-02 6.339346853346604638e-01
7.728318287336367887e-02 6.356449938168173830e-01
7.772988049420428980e-02 6.386903079794040705e-01
7.817916003205507836e-02 6.411619450022076894e-01
7.863103641042397396e-02 6.424647818710608194e-01
7.908552463907676799e-02 6.425612883057906233e-01
7.954263981453599253e-02 6.395427814861844862e-01
8.000239712058217212e-02 6.338542633057189235e-01
8.046481182875830918e-02 6.265948348265950596e-01
8.092989929887701994e-02 6.155984627359870620e-01
8.139767497953076525e-02 6.014441856422743093e-01
8.186815440860513438e-02 5.866787011286057618e-01
8.234135321379483508e-02 5.726906295613721776e-01
8.281728711312283386e-02 5.602412994812202562e-01
8.329597191546232737e-02 5.490626374583449376e-01
8.377742352106211376e-02 5.397604894441057066e-01
8.426165792207447602e-02 5.332404074843843933e-01
8.474869120308657633e-02 5.292289566807798495e-01
8.523853954165466762e-02 5.278473062235640167e-01
8.573121920884146929e-02 5.283598626213514837e-01
8.622674656975649887e-02 5.306792339360257849e-01
8.672513808409994251e-02 5.358895091177190428e-01
8.722641030670905127e-02 5.453900314700140806e-01
8.773057988810836760e-02 5.597909361191476529e-01
8.823766357506258873e-02 5.810330746969090132e-01
8.874767821113291322e-02 6.143974937704599348e-01
8.926064073723644077e-02 6.655941573946505541e-01
8.977656819220893036e-02 7.321782358896575804e-01
9.029547771337091688e-02 7.926287943107225287e-01
9.081738653709675591e-02 8.295371441262978651e-01
9.134231199938727674e-02 8.239880241293310315e-01
9.187027153644546085e-02 7.634784895537088945e-01
9.240128268525588107e-02 6.805472933091827326e-01
9.293536308416693037e-02 6.152070755284715364e-01
9.347253047347692245e-02 5.696506768673815779e-01
9.401280269602330097e-02 5.328731468855513187e-01
9.455619769777530437e-02 5.057789653351431047e-01
9.510273352842993355e-02 4.870384880043236442e-01
9.565242834201181932e-02 4.734997075054435123e-01
9.620530039747586526e-02 4.642281198622020266e-01
9.676136805931405405e-02 4.575509468726149387e-01
9.732064979816532069e-02 4.525267146512065297e-01
9.788316419142908953e-02 4.470306731933410549e-01
9.844892992388228070e-02 4.395348039491289716e-01
9.901796578830000806e-02 4.315145830762179835e-01
9.959029068607995472e-02 4.241179010010338590e-01
1.001659236278700377e-01 4.173168780868767858e-01
1.007448837341998471e-01 4.106734823494452291e-01
1.013271902361159299e-01 4.041775269984064223e-01
1.019128624758204177e-01 3.976858608222445524e-01
1.025019199073136378e-01 3.914520812855551979e-01
1.030943820970401520e-01 3.860493293812619076e-01
1.036902687245389171e-01 3.817960763439731120e-01
1.042895995830967204e-01 3.781937055942512504e-01
1.048923945804057928e-01 3.751344516133147122e-01
1.054986737392250712e-01 3.722859033482049940e-01
1.061084571980452224e-01 3.699938755233708743e-01
1.067217652117575799e-01 3.693510354386980721e-01
1.073386181523270227e-01 3.704978535714046339e-01
1.079590365094685589e-01 3.732606183389766685e-01
1.085830408913279893e-01 3.778103605896298567e-01
1.092106520251663743e-01 3.842548458421461421e-01
1.098418907580486492e-01 3.949874336778256834e-01
1.104767780575359459e-01 4.122701276973647633e-01
1.111153350123821049e-01 4.359940900882623982e-01
1.117575828332342536e-01 4.666043227439950480e-01
1.124035428533372433e-01 5.019144187710719018e-01
1.130532365292423180e-01 5.224595664313398391e-01
1.137066854415197809e-01 5.158231406030830968e-01
1.143639112954759340e-01 4.942566331752575315e-01
1.150249359218739331e-01 4.640308178178654264e-01
1.156897812776589568e-01 4.349839894047565214e-01
1.163584694466876512e-01 4.115275642968044822e-01
1.170310226404614878e-01 3.936138254235040934e-01
1.177074631988646730e-01 3.814797496968030388e-01
1.183878135909062629e-01 3.734906253417494826e-01
1.190720964154663303e-01 3.695327892241059842e-01
1.197603344020467531e-01 3.692614989131431380e-01
1.204525504115261381e-01 3.727577125846621708e-01
1.211487674369193246e-01 3.804181789147745296e-01
1.218490086041408849e-01 3.899605207221192860e-01
1.225532971727734816e-01 3.966049887532701046e-01
1.232616565368404721e-01 3.962811560500654751e-01
1.239741102255828148e-01 3.848692701432595564e-01
1.246906819042407494e-01 3.678021071612838644e-01
1.254113953748399735e-01 3.521085524336298178e-01
1.261362745769819826e-01 3.392705158802604148e-01
1.268653435886395453e-01 3.295796613928036467e-01
1.275986266269562852e-01 3.225775834062927228e-01
1.283361480490512463e-01 3.181752815420322844e-01
1.290779323528278288e-01 3.159861939142433185e-01
1.298240041777875831e-01 3.150704550780288882e-01
1.305743883058487209e-01 3.155787223009394737e-01
1.313291096621690413e-01 3.174927665897483431e-01
1.320881933159741561e-01 3.201038017960506910e-01
1.328516644813900749e-01 3.208056180352805709e-01
1.336195485182806453e-01 3.181634863111208467e-01
1.343918709330900185e-01 3.139461551134259953e-01
1.351686573796898327e-01 3.084190171377030887e-01
1.359499336602315311e-01 3.036692921084151453e-01
1.367357257260030934e-01 3.001998857798767184e-01
1.375260596782912625e-01 2.971041738124866605e-01
1.383209617692485738e-01 2.933876037816677829e-01
1.391204584027652402e-01 2.897348352271426064e-01
1.399245761353461737e-01 2.867661900654802087e-01
1.407333416769932510e-01 2.846596690540712515e-01
1.415467818920924381e-01 2.834656699977189942e-01
1.423649238003061035e-01 2.829997583767176472e-01
1.431877945774705507e-01 2.832780185968554187e-01
1.440154215564987683e-01 2.847400910830127918e-01
1.448478322282882313e-01 2.865865808675107651e-01
1.456850542426340045e-01 2.878920984706619390e-01
1.465271154091474515e-01 2.877510918465844281e-01
1.473740436981796631e-01 2.859464215171360069e-01
1.482258672417506584e-01 2.833605852132353720e-01
1.490826143344838317e-01 2.807484777132138731e-01
1.499443134345459228e-01 2.790515729025471736e-01
1.508109931645919832e-01 2.780060865263070391e-01
1.516826823127164214e-01 2.758582822067079943e-01
1.525594098334091819e-01 2.717841022205291224e-01
1.534412048485173929e-01 2.667856050483819463e-01
1.543280966482127869e-01 2.630486614368979792e-01
1.552201146919646169e-01 2.598714551468471190e-01
1.561172886095181789e-01 2.550938504808594742e-01
1.570196482018790252e-01 2.498106593262592323e-01
1.579272234423027277e-01 2.453552789228974074e-01
1.588400444772908315e-01 2.421544821710237272e-01
1.597581416275917487e-01 2.401782448465000219e-01
1.606815453892082024e-01 2.394292476836244188e-01
1.616102864344102497e-01 2.397252007501293192e-01
1.625443956127538836e-01 2.406886566568490482e-01
1.634839039521058524e-01 2.419335896648642514e-01
1.644288426596743347e-01 2.435173674881531691e-01
1.653792431230455828e-01 2.456490874019638671e-01
1.663351369112262834e-01 2.488568540630124448e-01
1.672965557756923849e-01 2.531578241708065669e-01
1.682635316514438095e-01 2.573102815984885661e-01
1.692360966580649384e-01 2.596741531025105187e-01
1.702142831007917856e-01 2.604295840277014995e-01
1.711981234715850009e-01 2.608638629839858392e-01
1.721876504502090899e-01 2.622390796788863776e-01
1.731828969053178791e-01 2.653733942201683682e-01
1.741838958955464201e-01 2.702180172436073335e-01
1.751906806706090836e-01 2.768785696805464713e-01
1.762032846724038426e-01 2.861951936599952395e-01
1.772217415361232173e-01 3.004432964541398077e-01
1.782460850913716033e-01 3.233496348841315982e-01
1.792763493632887617e-01 3.602161652446572160e-01
1.803125685736800821e-01 4.204994458455237893e-01
1.813547771421535060e-01 5.054369036387117431e-01
1.824030096872625850e-01 5.915254687394830846e-01
1.834573010276564775e-01 6.188153438936490058e-01
1.845176861832364401e-01 5.761863070860315794e-01
1.855842003763193415e-01 5.215599120009136724e-01
1.866568790328071992e-01 4.731394168157853630e-01
1.877357577833641822e-01 4.395787679916170476e-01
1.888208724646001924e-01 4.175919214258569934e-01
1.899122591202609955e-01 4.033770597370082145e-01
1.910099540024255971e-01 3.941312071430280173e-01
1.921139935727104175e-01 3.862005227956720188e-01
1.932244145034804905e-01 3.769112423060633765e-01
1.943412536790674328e-01 3.658446349768465500e-01
1.954645481969946030e-01 3.527712299521081896e-01
1.965943353692096995e-01 3.380234382848067987e-01
1.977306527233236300e-01 3.228864039974282951e-01
1.988735380038573475e-01 3.084849632014351473e-01
2.000230291734956534e-01 2.953359614694917590e-01
2.011791644143479663e-01 2.841948297267890555e-01
2.023419821292166965e-01 2.743956735736910457e-01
2.035115209428728922e-01 2.651315919864841164e-01
2.046878197033392410e-01 2.564503020356735941e-01
2.058709174831803157e-01 2.479641695417612590e-01
2.070608535808005912e-01 2.394576634671837512e-01
2.082576675217497619e-01 2.315468165536332668e-01
2.094613990600355524e-01 2.243125869769110603e-01
2.106720881794442723e-01 2.179158187949001846e-01
2.118897750948690872e-01 2.124439039457171885e-01
2.131145002536455058e-01 2.068915670675925689e-01
2.143463043368951104e-01 2.015601226956274250e-01
2.155852282608767823e-01 1.974012315056300759e-01
2.168313131783459469e-01 1.949644440287011116e-01
2.180846004799212312e-01 1.943816523923046768e-01
2.193451317954595303e-01 1.942626277894712039e-01
2.206129489954388734e-01 1.930852492857669245e-01
2.218880941923488948e-01 1.914060373214673538e-01
2.231706097420899648e-01 1.899166213454698549e-01
2.244605382453801201e-01 1.888759602909662050e-01
2.257579225491697927e-01 1.889531654387500981e-01
2.270628057480653939e-01 1.900227784236727113e-01
2.283752311857605299e-01 1.908656012869801299e-01
2.296952424564759343e-01 1.915041521967760507e-01
2.310228834064072811e-01 1.924917347121782585e-01
2.323581981351817149e-01 1.935500886130490650e-01
2.337012309973229007e-01 1.939693554572643752e-01
2.350520266037238737e-01 1.936347998168674867e-01
2.364106298231291869e-01 1.925421325169816289e-01
2.377770857836252472e-01 1.907664141179522266e-01
2.391514398741393099e-01 1.895622282712674245e-01
2.405337377459470793e-01 1.888234178987243939e-01
2.419240253141889951e-01 1.878283293272876020e-01
2.433223487593957901e-01 1.867104631250000590e-01
2.447287545290218747e-01 1.860751290963618410e-01
2.461432893389885190e-01 1.877398650954519022e-01
2.475660001752356676e-01 1.933946060237620446e-01
2.489969342952823017e-01 2.019590159591775069e-01
2.504361392297964617e-01 2.023750659222351422e-01
2.518836627841739007e-01 1.946647379341789608e-01
2.533395530401260642e-01 1.889923041595016617e-01
2.548038583572773130e-01 1.866118121028317589e-01
2.562766273747711931e-01 1.857025070289326230e-01
2.577579090128856998e-01 1.849765641810202643e-01
2.592477524746588102e-01 1.840061383651255267e-01
2.607462072475227322e-01 1.835225338977570231e-01
2.622533231049470337e-01 1.852081796243719158e-01
2.637691501080930423e-01 1.861855753494415233e-01
2.652937386074759596e-01 1.836533537315019615e-01
2.668271392446371348e-01 1.821435641748392620e-01
2.683694029538270520e-01 1.815999112591943632e-01
2.699205809636965880e-01 1.814052899491558346e-01
2.714807247989985406e-01 1.819291054309951083e-01
2.730498862822996475e-01 1.834667746243575370e-01
2.746281175357012105e-01 1.848387744381004005e-01
2.762154709825712651e-01 1.851374082389033726e-01
2.778119993492854656e-01 1.848875638023249057e-01
2.794177556669779627e-01 1.856992901477749758e-01
2.810327932733039380e-01 1.874691109313486870e-01
2.826571658142107979e-01 1.898013497706536323e-01
2.842909272457196934e-01 1.919250274815701429e-01
2.859341318357184192e-01 1.938878611346036007e-01
2.875868341657639160e-01 1.961504008821591816e-01
2.892490891328946545e-01 1.967406985745901726e-01
2.909209519514548425e-01 1.949392451262994264e-01
2.926024781549284581e-01 1.921244741133451839e-01
2.942937235977828858e-01 1.890480634329011200e-01
2.959947444573255426e-01 1.863592869319553036e-01
2.977055972355692748e-01 1.840860242472074915e-01
2.994263387611086902e-01 1.828030248121599588e-01
3.011570261910088142e-01 1.824169990732405211e-01
3.028977170127025720e-01 1.828780853725053834e-01
3.046484690459013711e-01 1.833804549799603056e-01
3.064093404445150659e-01 1.830539415424575767e-01
3.081803896985833569e-01 1.826571928663459632e-01
3.099616756362194026e-01 1.836603236406768869e-01
3.117532574255635347e-01 1.860574362499946843e-01
3.135551945767480198e-01 1.885430130911481816e-01
3.153675469438748658e-01 1.901198210052621740e-01
3.171903747270033436e-01 1.926440004203075762e-01
3.190237384741493876e-01 1.972655863501486528e-01
3.208676990832974307e-01 2.013231457836796578e-01
3.227223178044230090e-01 2.039486569551914874e-01
3.245876562415266342e-01 2.063832998446819833e-01
3.264637763546810456e-01 2.100290984900322344e-01
3.283507404620888970e-01 2.134218358176464270e-01
3.302486112421523790e-01 2.151996988041142700e-01
3.321574517355558864e-01 2.157975025525797896e-01
3.340773253473591775e-01 2.171700385131822286e-01
3.360082958491044103e-01 2.198191401465169059e-01
3.379504273809338932e-01 2.228505144907536872e-01
3.399037844537201591e-01 2.263236738473094478e-01
3.418684319512097503e-01 2.307259757115698862e-01
3.438444351321779946e-01 2.353802665998471766e-01
3.458318596325960503e-01 2.401090819016102884e-01
3.478307714678123830e-01 2.472687870648466735e-01
3.498412370347446232e-01 2.591192411028138687e-01
3.518633231140849693e-01 2.709809542248328151e-01
3.538970968725191901e-01 2.770088533674318065e-01
3.559426258649572294e-01 2.764566221020331449e-01
3.579999780367765227e-01 2.696325448729128271e-01
3.600692217260801353e-01 2.598832503777585567e-01
3.621504256659661136e-01 2.515290100113103944e-01
3.642436589868098817e-01 2.442449187766443930e-01
3.663489912185618480e-01 2.369297310241210430e-01
3.684664922930561692e-01 2.309179162873103708e-01
3.705962325463332818e-01 2.276056009886377463e-01
3.727382827209774208e-01 2.254695918999501669e-01
3.748927139684648524e-01 2.221288608177181823e-01
3.770595978515288715e-01 2.206887703528048472e-01
3.792390063465359562e-01 2.234375953020270311e-01
3.814310118458763554e-01 2.284484238519451649e-01
3.836356871603694985e-01 2.333343301835741623e-01
3.858531055216822825e-01 2.373532870432132069e-01
3.880833405847607942e-01 2.412805627898588490e-01
3.903264664302779630e-01 2.456651718077521862e-01
3.925825575670940371e-01 2.463852170402088260e-01
3.948516889347303827e-01 2.429088408024954182e-01
3.971339359058604912e-01 2.356290387427063537e-01
3.994293742888124776e-01 2.256824422032154831e-01
4.017380803300868997e-01 2.161234798432228599e-01
4.040601307168905088e-01 2.084233386454992787e-01
4.063956025796829352e-01 2.036644991195979693e-01
4.087445734947380283e-01 2.017997803418732361e-01
4.111071214867221824e-01 2.016228518782018364e-01
4.134833250312844322e-01 2.018705517273418071e-01
4.158732630576643108e-01 2.027755676263640616e-01
4.182770149513134750e-01 2.053185121814958547e-01
4.206946605565314856e-01 2.079702945491285482e-01
4.231262801791195738e-01 2.086978458376197720e-01
4.255719545890473410e-01 2.091069258915024820e-01
4.280317650231349469e-01 2.105218174540141318e-01
4.305057931877529498e-01 2.119152631421413746e-01
4.329941212615355806e-01 2.117930216581502267e-01
4.354968318981098929e-01 2.095320903511734556e-01
4.380140082288422887e-01 2.057560080189378970e-01
4.405457338655994204e-01 2.011590848446388746e-01
4.430920929035247480e-01 1.979829508483072764e-01
4.456531699238333033e-01 1.970881217396176499e-01
4.482290499966203323e-01 1.977690282513227538e-01
4.508198186836865351e-01 1.985523388132134637e-01
4.534255620413813470e-01 2.002739063794222452e-01
4.560463666234608748e-01 2.044022371984217934e-01
4.586823194839622087e-01 2.112348927772958462e-01
4.613335081800964965e-01 2.184074654651628755e-01
4.640000207751556194e-01 2.234847762256727544e-01
4.666819458414390720e-01 2.256583155945330321e-01
4.693793724631949438e-01 2.260979560194135152e-01
4.720923902395786631e-01 2.269665139319822500e-01
4.748210892876304490e-01 2.311913511857116299e-01
4.775655602452679171e-01 2.360863720139539934e-01
4.803258942742961168e-01 2.367034770493654794e-01
4.831021830634371073e-01 2.324084045570271040e-01
4.858945188313745223e-01 2.270506889889410407e-01
4.887029943298164536e-01 2.225250733469702480e-01
4.915277028465775411e-01 2.177721314365246574e-01
4.943687382086768833e-01 2.114938517104876792e-01
4.972261947854541564e-01 2.037181138055589869e-01
5.001001674917054940e-01 1.948926003495133341e-01
5.029907517908354109e-01 1.858955198983923418e-01
5.058980436980275996e-01 1.793379076584983578e-01
5.088221397834349347e-01 1.767365230956690347e-01
5.117631371753864622e-01 1.752953603370364932e-01
5.147211335636141527e-01 1.717884237283253124e-01
5.176962272024980827e-01 1.678997505555715475e-01
5.206885169143288250e-01 1.656892170533981745e-01
5.236981020925914887e-01 1.649412921842417501e-01
5.267250827052667450e-01 1.649782863175548731e-01
5.297695592981502832e-01 1.646319354462465745e-01
5.328316329981945820e-01 1.652040041454508057e-01
5.359114055168668900e-01 1.663309848443517147e-01
5.390089791535270791e-01 1.669496983203420659e-01
5.421244567988269258e-01 1.673882664515033147e-01
5.452579419381275994e-01 1.690385264853839220e-01
5.484095386549359130e-01 1.713820244087406741e-01
5.515793516343632241e-01 1.733850690762448743e-01
5.547674861666017643e-01 1.736853113176266561e-01
5.579740481504216199e-01 1.721165456064068233e-01
5.611991440966896949e-01 1.695784263730115149e-01
5.644428811319066597e-01 1.671309159588903470e-01
5.677053670017649933e-01 1.645161277245707487e-01
5.709867100747291202e-01 1.612761922519455327e-01
5.742870193456336425e-01 1.597749810450365959e-01
5.776064044393048880e-01 1.596983120441123061e-01
5.809449756142023302e-01 1.600934522796451376e-01
5.843028437660793273e-01 1.609239437651815430e-01
5.876801204316687288e-01 1.626932284018956232e-01
5.910769177923870243e-01 1.645391820395339932e-01
5.944933486780595855e-01 1.643831633033873973e-01
5.979295265706701112e-01 1.621281296118663451e-01
6.013855656081297241e-01 1.604741165499684596e-01
6.048615805880666052e-01 1.585622168485980310e-01
6.083576869716416091e-01 1.569108845209982173e-01
6.118740008873820857e-01 1.562707251706234590e-01
6.154106391350390171e-01 1.543840243716547156e-01
6.189677191894675801e-01 1.529621628999681127e-01
6.225453592045292472e-01 1.531975313713370423e-01
6.261436780170150929e-01 1.543958196025661256e-01
6.297627951505950783e-01 1.563232675628652701e-01
6.334028308197864332e-01 1.594404254046397351e-01
6.370639059339481269e-01 1.631811220441410359e-01
6.407461421012968783e-01 1.678686540377141434e-01
6.444496616329448146e-01 1.717310560143469889e-01
6.481745875469649976e-01 1.724698663868900195e-01
6.519210435724759334e-01 1.709627575645253916e-01
6.556891541537508417e-01 1.679603351507075459e-01
6.594790444543533470e-01 1.643450968763550679e-01
6.632908403612935988e-01 1.598907887667124217e-01
6.671246684892090384e-01 1.534371890175828534e-01
6.709806561845721440e-01 1.470983246964099045e-01
6.748589315299192704e-01 1.421807857000639275e-01
6.787596233481042463e-01 1.394105148764573643e-01
6.826828612065795054e-01 1.393896051489325605e-01
6.866287754216984229e-01 1.420767732092995395e-01
6.905974970630435195e-01 1.447628689759472842e-01
6.945891579577818664e-01 1.451188704907285520e-01
6.986038906950429173e-01 1.450598943361714188e-01
7.026418286303216520e-01 1.448481163266253369e-01
7.067031058899108098e-01 1.452829314297693075e-01
7.107878573753529938e-01 1.461927726505280467e-01
7.148962187679240854e-01 1.468259620917278518e-01
7.190283265331394169e-01 1.487630606954999934e-01
7.231843179252852583e-01 1.491399719378060373e-01
7.273643309919801681e-01 1.451885695824778888e-01
7.315685045787596597e-01 1.416006747979655367e-01
7.357969783336865133e-01 1.407728640467272030e-01
7.400498927119919523e-01 1.429528371779028306e-01
7.443273889807401344e-01 1.457949516806971990e-01
7.486296092235191768e-01 1.472109155369280831e-01
7.529566963451627126e-01 1.483250287111983479e-01
7.573087940764960946e-01 1.517917543054387308e-01
7.616860469791092436e-01 1.586817775982911072e-01
7.660886004501606950e-01 1.657058376060460969e-01
7.705166007272060691e-01 1.710276313345382437e-01
7.749701948930545203e-01 1.758888749106251315e-01
7.794495308806568268e-01 1.802107547459440018e-01
7.839547574780165728e-01 1.819934430541483572e-01
7.884860243331343055e-01 1.829113264778012560e-01
7.930434819589780027e-01 1.830743151231227772e-01
7.976272817384808533e-01 1.828421635329115225e-01
8.022375759295721220e-01 1.813463137945986736e-01
8.068745176702336597e-01 1.756588679078522897e-01
8.115382609835852801e-01 1.695500105894521548e-01
8.162289607830032212e-01 1.625012878261551386e-01
8.209467728772645856e-01 1.552713474243098135e-01
8.256918539757219788e-01 1.500192527875670034e-01
8.304643616935105666e-01 1.460598082293446953e-01
8.352644545567829981e-01 1.405047906169220318e-01
8.400922920079733069e-01 1.362708388665792303e-01
8.449480344110958940e-01 1.367201299349327104e-01
8.498318430570707127e-01 1.402613799426589702e-01
8.547438801690798726e-01 1.425609138235276740e-01
8.596843089079587719e-01 1.430321869131251644e-01
8.646532933776126528e-01 1.452084070162834861e-01
8.696509986304700179e-01 1.481229013451252630e-01
8.746775906729644667e-01 1.503725735680501996e-01
8.797332364710471753e-01 1.526924810295841040e-01
8.848181039557355687e-01 1.557587049196955953e-01
8.899323620286901937e-01 1.586565786958894220e-01
8.950761805678236760e-01 1.608622868763263380e-01
9.002497304329459826e-01 1.595481909234214013e-01
9.054531834714387717e-01 1.589943512174439577e-01
9.106867125239620497e-01 1.558503860326889701e-01
9.159504914301977996e-01 1.472843676566946980e-01
9.212446950346235841e-01 1.402688859986934988e-01
9.265694991923183466e-01 1.345616026781415175e-01
9.319250807748065135e-01 1.302863676196087117e-01
9.373116176759319629e-01 1.273783070530822847e-01
9.427292888177655206e-01 1.253425574271418430e-01
9.481782741565508710e-01 1.247249162448707538e-01
9.536587546886805544e-01 1.248466215820022984e-01
9.591709124567069367e-01 1.252283581460448547e-01
9.647149305553922582e-01 1.263682063695764357e-01
9.702909931377862174e-01 1.280774425580141485e-01
9.758992854213467405e-01 1.307265441913487980e-01
9.815399936940907288e-01 1.337847258785661297e-01
9.872133053207802211e-01 1.364997735756328656e-01
9.929194087491489684e-01 1.368429075657834615e-01
9.986584935161608723e-01 1.355599081307359288e-01
1.004430750254303728e+00 1.337064484370630302e-01
1.010236370697924935e+00 1.318079524071828490e-01
1.016075547689597958e+00 1.298247451734842461e-01
1.021948475186527761e+00 1.268818350610831369e-01
1.027855348266994762e+00 1.250031764650085253e-01
1.033796363136834096e+00 1.245989217328623139e-01
1.039771717135951290e+00 1.253618587140878371e-01
1.045781608744880131e+00 1.257677218868128444e-01
1.051826237591374280e+00 1.248948747993672143e-01
1.057905804457035748e+00 1.240418651457271815e-01
1.064020511283988890e+00 1.252524847547273057e-01
1.070170561181583713e+00 1.278259896808568996e-01
1.076356158433145582e+00 1.304622237895609327e-01
1.082577508502760022e+00 1.309940814742943660e-01
1.088834818042095476e+00 1.313447215204795182e-01
1.095128294897270704e+00 1.342720833739519393e-01
1.101458148115757263e+00 1.368815101396754219e-01
1.107824587953321727e+00 1.366220150596240135e-01
1.114227825881013212e+00 1.351604787203262437e-01
1.120668074592185315e+00 1.338635394669288603e-01
1.127145548009560017e+00 1.314181736402461331e-01
1.133660461292336441e+00 1.280141772285801338e-01
1.140213030843336250e+00 1.255736367236339190e-01
1.146803474316190341e+00 1.258443908877371342e-01
1.153432010622570836e+00 1.272142461140415293e-01
1.160098859939462601e+00 1.270158717759856948e-01
1.166804243716473621e+00 1.253211115527574360e-01
1.173548384683194445e+00 1.233207476195512936e-01
1.180331506856595603e+00 1.237636049255894238e-01
1.187153835548465874e+00 1.249029170022613738e-01
1.194015597372901416e+00 1.241598174548414757e-01
1.200917020253827294e+00 1.233588140465836369e-01
1.207858333432573428e+00 1.243383543590916990e-01
1.214839767475487387e+00 1.265628276796149643e-01
1.221861554281590267e+00 1.274624821100411032e-01
1.228923927090283863e+00 1.267976600041242907e-01
1.236027120489096909e+00 1.261714404720994387e-01
1.243171370421473965e+00 1.247415367975186762e-01
1.250356914194617142e+00 1.232279942128387124e-01
1.257583990487367132e+00 1.212694497346821637e-01
1.264852839358128644e+00 1.218077411817309330e-01
1.272163702252848472e+00 1.242938541697440474e-01
1.279516822013033517e+00 1.246166145792294566e-01
1.286912442883815677e+00 1.242852758199902846e-01
1.294350810522067352e+00 1.245667529212856894e-01
1.301832172004561583e+00 1.231003912602514488e-01
1.309356775836174380e+00 1.197167684292506362e-01
1.316924871958146337e+00 1.180466709615644594e-01
1.324536711756377994e+00 1.180804482137199074e-01
1.332192548069784932e+00 1.151557670945455442e-01
1.339892635198694837e+00 1.110569243528245487e-01
1.347637228913291185e+00 1.090463736292858060e-01
1.355426586462114891e+00 1.086045886169668961e-01
1.363260966580605249e+00 1.087252216603792204e-01
1.371140629499693731e+00 1.115807398346638502e-01
1.379065836954451285e+00 1.163771096407378719e-01
1.387036852192779834e+00 1.201467582106581361e-01
1.395053939984155722e+00 1.232413978843289598e-01
1.403117366628427343e+00 1.269140038726597475e-01
1.411227399964658957e+00 1.307238634570507541e-01
1.419384309380025577e+00 1.354483895839370122e-01
1.427588365818764915e+00 1.398426492453032632e-01
1.435839841791175742e+00 1.400785538635318239e-01
1.444139011382666204e+00 1.365228278905961101e-01
1.452486150262864761e+00 1.337900873471622454e-01
1.460881535694769973e+00 1.343637644869452863e-01
1.469325446543965796e+00 1.363024715312962654e-01
1.477818163287882181e+00 1.394523343315069719e-01
1.486359968025109168e+00 1.407943099211116100e-01
1.494951144484772509e+00 1.424247325211866200e-01
1.503591978035954568e+00 1.450990330569229825e-01
1.512282755697172298e+00 1.495517327259867635e-01
1.521023766145914724e+00 1.539669021148778738e-01
1.529815299728230382e+00 1.558959585157558558e-01
1.538657648468367833e+00 1.530077353830349707e-01
1.547551106078482119e+00 1.478987919578081400e-01
1.556495967968387184e+00 1.440787455830845332e-01
1.565492531255366693e+00 1.439983235541429651e-01
1.574541094774047689e+00 1.460828625443079398e-01
1.583641959086324214e+00 1.475749592546034827e-01
1.592795426491339539e+00 1.473513860141459908e-01
1.602001801035530804e+00 1.453794378644991947e-01
1.611261388522727822e+00 1.416521448964881691e-01
1.620574496524306296e+00 1.419668631030794048e-01
1.629941434389411858e+00 1.437951238943506460e-01
1.639362513255227638e+00 1.465241114097672326e-01
1.648838046057315765e+00 1.527546740652989121e-01
1.658368347540009280e+00 1.565763288806013565e-01
1.667953734266863997e+00 1.562551769116947709e-01
1.677594524631179640e+00 1.537497626367356762e-01
1.687291038866571835e+00 1.489828809079402350e-01
1.697043599057607821e+00 1.449414058801975214e-01
1.706852529150509445e+00 1.419127122702587840e-01
1.716718154963911225e+00 1.398244202520765311e-01
1.726640804199680579e+00 1.394448282754724155e-01
1.736620806453807120e+00 1.380074185448571245e-01
1.746658493227349673e+00 1.348017964712469596e-01
1.756754197937443251e+00 1.329794332954314373e-01
1.766908255928380411e+00 1.331622593745585559e-01
1.777121004482747679e+00 1.335037849241303420e-01
1.787392782832625482e+00 1.315532826488679252e-01
1.797723932170862682e+00 1.329547705398893553e-01
1.808114795662403074e+00 1.393858521209152823e-01
1.818565718455690483e+00 1.465514548996073585e-01
1.829077047694130043e+00 1.485920298472842849e-01
1.839649132527616748e+00 1.465804068300263219e-01
1.850282324124138622e+00 1.435501047795087193e-01
1.860976975681438272e+00 1.397584741883444448e-01
1.871733442438742401e+00 1.381805939805112460e-01
1.882552081688566581e+00 1.375672419731170382e-01
1.893433252788581767e+00 1.385639389851326397e-01
1.904377317173546302e+00 1.405643029183387960e-01
1.915384638367318981e+00 1.433629895255047193e-01
1.926455581994929611e+00 1.463616589113053146e-01
1.937590515794722412e+00 1.465503826058881520e-01
1.948789809630575354e+00 1.444851449026691437e-01
1.960053835504184105e+00 1.421046528459992686e-01
1.971382967567415045e+00 1.424654796825170211e-01
1.982777582134739092e+00 1.416087170008596963e-01
1.994238057695728816e+00 1.413106193469163829e-01
2.005764774927627947e+00 1.465069547102597070e-01
2.017358116708002580e+00 1.515161748195990588e-01
2.029018468127450348e+00 1.528951445425167921e-01
2.040746216502401289e+00 1.511837637666406386e-01
2.052541751387976898e+00 1.499597404861502392e-01
2.064405464590929995e+00 1.460823263974483366e-01
2.076337750182662312e+00 1.376240735402357307e-01
2.088339004512313135e+00 1.314750052073648257e-01
2.100409626219920778e+00 1.301003246593239182e-01
2.112550016249669760e+00 1.291770797670749316e-01
2.124760577863207711e+00 1.265547854767208324e-01
2.137041716653034662e+00 1.226135699117252564e-01
2.149393840555982482e+00 1.206276819437285819e-01
2.161817359866763155e+00 1.235748812310065864e-01
2.174312687251592546e+00 1.272217521700760579e-01
2.186880237761905654e+00 1.278415379397856155e-01
2.199520428848138476e+00 1.242884927011479318e-01
2.212233680373592026e+00 1.191827661570787622e-01
2.225020414628386511e+00 1.161422773162285593e-01
2.237881056343477670e+00 1.184235822038705310e-01
2.250816032704775704e+00 1.232939402765707848e-01
2.263825773367328598e+00 1.252846535663039440e-01
2.276910710469592924e+00 1.271552699594843960e-01
2.290071278647793029e+00 1.295191414635063210e-01
2.303307915050354371e+00 1.310482323071149868e-01
2.316621059352423018e+00 1.315205776904317114e-01
2.330011153770474852e+00 1.313640228074254845e-01
2.343478643077001600e+00 1.285841013403459243e-01
2.357023974615280792e+00 1.275922296500668074e-01
2.370647598314243876e+00 1.276335129582568118e-01
2.384349966703414481e+00 1.269038170823271472e-01
2.398131534927939956e+00 1.273884938434148850e-01
2.411992760763713051e+00 1.282468649656510196e-01
2.425934104632577970e+00 1.268834435016619466e-01
2.439956029617617261e+00 1.272984211710003477e-01
2.454059001478542612e+00 1.280055988788263710e-01
2.468243488667162033e+00 1.296928530460201012e-01
2.482509962342935861e+00 1.277595074702652378e-01
2.496858896388636673e+00 1.222237911447885544e-01
2.511290767426078485e+00 1.208416045407131184e-01
2.525806054831960523e+00 1.224039364896176291e-01
2.540405240753779381e+00 1.271708182184130842e-01
2.555088810125852206e+00 1.315699032015158476e-01
2.569857250685421590e+00 1.322674302658689016e-01
2.584711052988855506e+00 1.341675347363279203e-01
2.599650710427946265e+00 1.384250769484935695e-01
2.614676719246288084e+00 1.425099798718647004e-01
2.629789578555775442e+00 1.392309056784878929e-01
2.644989790353173831e+00 1.346066390143487723e-01
2.660277859536794409e+00 1.330732589958632250e-01
2.675654293923265481e+00 1.319655795839082824e-01
2.691119604264405218e+00 1.261676874440821605e-01
2.706674304264172548e+00 1.206979171823375496e-01
2.722318910595750374e+00 1.193248450748754935e-01
2.738053942918694972e+00 1.175212470391463204e-01
2.753879923896200843e+00 1.170017207321839281e-01
2.769797379212459720e+00 1.186337517728377616e-01
2.785806837590128815e+00 1.174767468497986689e-01
2.801908830807877226e+00 1.151000078211460720e-01
2.818103893718070019e+00 1.116793908568321364e-01
2.834392564264522019e+00 1.072513539433104235e-01
2.850775383500368410e+00 1.078974109091408728e-01
2.867252895606037466e+00 1.070647748361660268e-01
2.883825647907329426e+00 1.019290240679586457e-01
2.900494190893583735e+00 9.955014045186760807e-02
2.917259078235983960e+00 9.642333196662015993e-02
2.934120866805935979e+00 9.330027650938997608e-02
2.951080116693567401e+00 9.580676307806826331e-02
2.968137391226336685e+00 1.005173493866046569e-01
2.985293256987731514e+00 1.030779867881035927e-01
3.002548283836107057e+00 1.020432233490556478e-01
3.019903044923603730e+00 1.004883974561856935e-01
3.037358116715186629e+00 1.000943295143720962e-01
3.054914079007794214e+00 1.010256166095152425e-01
3.072571514949601568e+00 9.975870158025602896e-02
3.090331011059376021e+00 1.013151359137048207e-01
3.108193157245980220e+00 1.060616440618350892e-01
3.126158546827951579e+00 1.071489498931248452e-01
3.144227776553216724e+00 1.048295785784505441e-01
3.162401446618910317e+00 1.023901103672235358e-01
3.180680160691316427e+00 1.002085287954690984e-01
3.199064525925907621e+00 1.000139074854305421e-01
3.217555152987530587e+00 9.837008121386527082e-02
3.236152656070678812e+00 9.210145213130127573e-02
3.254857652919894928e+00 8.937943452505961450e-02
3.273670764850296955e+00 8.953009179261010864e-02
3.292592616768199143e+00 8.728310030398320207e-02
3.311623837191892683e+00 8.679198978058014213e-02
3.330765058272506351e+00 8.764821631537784985e-02
3.350016915815009710e+00 8.979494834125761882e-02
3.369380049299332214e+00 9.268156303339965263e-02
3.388855101901607103e+00 9.071604864606817864e-02
3.408442720515521884e+00 8.764178255306252774e-02
3.428143555773827789e+00 8.460022141849310451e-02
3.447958262069935831e+00 8.404262868449836887e-02
3.467887497579658529e+00 8.163050396311148649e-02
3.487931924283071528e+00 8.047242674635315951e-02
3.508092207986506228e+00 8.366786202963073793e-02
3.528369018344649444e+00 8.704719568575468303e-02
3.548763028882812254e+00 9.296786545643156985e-02
3.569274917019284565e+00 9.631234956668081881e-02
3.589905364087840223e+00 9.747578825203524755e-02
3.610655055360374899e+00 1.037465619220376833e-01
3.631524680069651456e+00 1.105121991434604711e-01
3.652514931432215839e+00 1.144775413171384842e-01
3.673626506671410219e+00 1.134111452133735182e-01
3.694860107040534913e+00 1.089847167404306288e-01
3.716216437846141751e+00 1.073033601886926175e-01
3.737696208471465109e+00 1.068873102256349961e-01
3.759300132399972405e+00 1.009226764124700609e-01
3.781028927239082016e+00 9.757497542106315092e-02
3.802883314743989107e+00 9.851966618769654460e-02
3.824864020841640233e+00 9.778889801804767357e-02
3.846971775654848713e+00 9.322789668334258151e-02
3.869207313526548564e+00 8.908669833971237517e-02
3.891571373044171445e+00 8.290385275468602211e-02
3.914064697064205678e+00 7.691187545168094719e-02
3.936688032736852527e+00 7.875300376758283261e-02
3.959442131530850340e+00 8.295585900006822999e-02
3.982327749258438132e+00 8.096300112289661621e-02
4.005345646100446189e+00 7.692259838887316459e-02
4.028496586631570509e+00 7.320334762375629856e-02
4.051781339845751617e+00 7.206403554708433468e-02
4.075200679181723906e+00 7.176486559942177323e-02
4.098755382548707082e+00 7.098316347810990079e-02
4.122446232352245943e+00 7.069471646763954287e-02
4.146274015520188705e+00 7.149947290391465982e-02
4.170239523528843861e+00 7.298352741131605703e-02
4.194343552429258715e+00 7.108717596887431656e-02
4.218586902873665778e+00 6.982026093961510305e-02
4.242970380142073950e+00 7.210907188329160333e-02
4.267494794169023997e+00 7.321675129524654602e-02
4.292160959570472833e+00 7.281624959111762663e-02
4.316969695670882068e+00 7.336472782849899621e-02
4.341921826530410478e+00 7.418396022998358097e-02
4.367018180972294772e+00 7.268489361051309883e-02
4.392259592610382235e+00 7.456891367518381220e-02
4.417646899876805477e+00 7.928003613057979515e-02
4.443180946049855251e+00 8.175649847511991253e-02
4.468862579281975833e+00 8.476052932951660956e-02
4.494692652627942486e+00 8.628318641080993945e-02
4.520672024073195239e+00 8.345662016694428698e-02
4.546801556562344082e+00 8.024349203729955193e-02
4.573082118027814502e+00 7.773968620291930864e-02
4.599514581418703507e+00 7.454210633220328952e-02
4.626099824729760002e+00 7.242754311790014499e-02
4.652838731030551678e+00 7.384457926785023552e-02
4.679732188494796219e+00 7.697567692797459282e-02
4.706781090429870140e+00 7.870206981591984507e-02
4.733986335306464177e+00 7.886559460810099731e-02
4.761348826788450062e+00 8.053569207578718803e-02
4.788869473762884077e+00 8.371879598129372546e-02
4.816549190370198019e+00 8.779672899548990328e-02
4.844388896034566017e+00 8.948666389698167745e-02
4.872389515494448098e+00 8.932260295794092197e-02
4.900551978833287414e+00 8.889797464512953773e-02
4.928877221510434836e+00 8.964482722056671404e-02
4.957366184392200559e+00 8.543017675716990667e-02
4.986019813783113541e+00 7.924357814412628931e-02
5.014839061457356806e+00 7.738154010069960009e-02
5.043824884690362609e+00 7.287200886451709880e-02
5.072978246290641202e+00 6.865253307938379290e-02
5.102300114631742822e+00 6.456387712799539769e-02
5.131791463684423960e+00 6.211797515445306728e-02
5.161453273049005475e+00 6.141562276836352863e-02
5.191286527987911903e+00 6.105640437242460666e-02
5.221292219458380401e+00 6.069933056392412540e-02
5.251471344145405951e+00 6.041892575634792012e-02
5.281824904494829553e+00 5.951230141674684893e-02
5.312353908746639597e+00 5.853651413225604422e-02
5.343059370968462396e+00 5.854187560085215292e-02
5.373942311089249912e+00 6.052025751281427807e-02
5.405003754933139781e+00 6.329374521757852312e-02
5.436244734253559585e+00 6.511664454025364868e-02
5.467666286767478567e+00 6.769926396299662252e-02
5.499269456189878724e+00 6.788530692328140215e-02
5.531055292268432844e+00 6.783919829335491314e-02
5.563024850818350409e+00 6.680979632290308390e-02
5.595179193757479297e+00 6.712773141065200844e-02
5.627519389141558470e+00 6.676368769297659489e-02
5.660046511199702479e+00 6.394516365200507424e-02
5.692761640370078702e+00 6.222359608579629969e-02
5.725665863335805739e+00 5.929784267290272304e-02
5.758760273061025892e+00 5.731731617350215024e-02
5.792045968827241431e+00 5.733929819474616746e-02
5.825524056269808071e+00 5.748834702171784494e-02
5.859195647414667363e+00 5.694415795921336371e-02
5.893061860715279821e+00 5.844858604727995455e-02
5.927123821089786304e+00 5.925280633669545438e-02
5.961382659958350594e+00 6.094542197248526555e-02
5.995839515280771082e+00 6.686233871514489502e-02
6.030495531594262104e+00 6.812764530382527106e-02
6.065351860051475086e+00 6.800111464495722791e-02
6.100409658458743500e+00 6.921387884139580671e-02
6.135670091314512575e+00 7.123193562096909182e-02
6.171134329848062094e+00 7.334060121981653135e-02
6.206803552058381079e+00 7.391374221273996903e-02
6.242678942753306259e+00 7.339421590577756283e-02
6.278761693588877257e+00 7.163940723427295043e-02
6.315053003108923591e+00 7.048722763297034233e-02
6.351554076784851510e+00 6.943906052243214999e-02
6.388266127055725718e+00 6.724407527918745131e-02
6.425190373368511843e+00 6.465341365355031789e-02
6.462328042218596025e+00 6.383257281148689566e-02
6.499680367190518560e+00 6.421055634751218766e-02
6.537248588998957999e+00 6.347603514984603845e-02
6.575033955529916874e+00 6.521154253440468451e-02
6.613037721882214726e+00 6.736899749747665700e-02
6.651261150409145451e+00 6.657764473269180139e-02
6.689705510760421525e+00 6.576323765294371515e-02
6.728372079924347382e+00 6.491398102732094666e-02
6.767262142270216607e+00 6.447916592417697601e-02
6.806376989591010229e+00 6.757487789156702007e-02
6.845717921146279750e+00 6.919350526073060614e-02
6.885286243705309062e+00 7.196484837805641743e-02
6.925083271590525058e+00 7.351484894918988711e-02
6.965110326721157818e+00 7.048561919239150486e-02
7.005368738657123728e+00 6.700120075178396528e-02
7.045859844643230119e+00 6.744727493897977044e-02
7.086584989653569089e+00 6.668380181089464398e-02
7.127545526436194656e+00 6.550159798545386602e-02
7.168742815558059256e+00 6.258549521603326560e-02
7.210178225450215805e+00 5.829042272369490407e-02
7.251853132453240036e+00 5.949889774525659453e-02
7.293768920862992111e+00 6.126979082254951914e-02
7.335926982976571864e+00 6.015138847340237294e-02
7.378328719138569802e+00 6.031008794384701971e-02
7.420975537787583676e+00 6.056261311472348891e-02
7.463868855503007715e+00 5.631740228032888068e-02
7.507010097052058128e+00 5.441783395672947915e-02
7.550400695437144982e+00 5.428272494810766624e-02
7.594042091943437711e+00 5.321611438559888108e-02
7.637935736186750368e+00 5.267975306724470563e-02
7.682083086161699548e+00 5.142892244377380434e-02
7.726485608290103890e+00 5.010458608585031254e-02
7.771144777469737974e+00 4.998411388649587339e-02
7.816062077123293150e+00 5.308073730354727349e-02
7.861238999247660786e+00 5.269245974781746472e-02
7.906677044463489068e+00 5.165780353814144327e-02
7.952377722065040011e+00 7.644435539010074887e-02
7.998342550070284496e+00 7.136543618901207420e-02
