2.511886431509579437e-02 9.946884419856808490e-01
2.526405161860213050e-02 1.002532374052114594e+00
2.541007810627042562e-02 1.006158173313944415e+00
2.555694862859406516e-02 1.012383284732228494e+00
2.570466806410236227e-02 1.013277394265544862e+00
2.585324131952258450e-02 1.010896841656137912e+00
2.600267332994290678e-02 1.006774065577169974e+00
2.615296905897638788e-02 1.002551445397241947e+00
2.630413349892583852e-02 9.990580237074715431e-01
2.645617167094958117e-02 9.967043953500089870e-01
2.660908862522835469e-02 9.956105976147724412e-01
2.676288944113292337e-02 9.957070761842394813e-01
2.691757922739292791e-02 9.964104722662838753e-01
2.707316312226650673e-02 9.973932074622500199e-01
2.722964629371095457e-02 9.988415078480862297e-01
2.738703393955444973e-02 1.000657773010493967e+00
2.754533128766867636e-02 1.002563785679383201e+00
2.770454359614242176e-02 1.004745771930700693e+00
2.786467615345633933e-02 1.007552625195892171e+00
2.802573427865854422e-02 1.009892791427382308e+00
2.818772332154127064e-02 1.010093601473133651e+00
2.835064866281864979e-02 1.008448978416870423e+00
2.851451571430539678e-02 1.005810401726330738e+00
2.867932991909653145e-02 1.002950821801082082e+00
2.884509675174826843e-02 1.000304392203725357e+00
2.901182171845980567e-02 9.974784675934068590e-01
2.917951035725619563e-02 9.944472455620134710e-01
2.934816823817239240e-02 9.912959862407014766e-01
2.951780096343814899e-02 9.879943998460339882e-01
2.968841416766421215e-02 9.849183040614000184e-01
2.986001351802944001e-02 9.822494375874232242e-01
3.003260471446899879e-02 9.801549551549243455e-01
3.020619348986378766e-02 9.787257261142152664e-01
3.038078561023081769e-02 9.777295287922770362e-01
3.055638687491469066e-02 9.757853734331337625e-01
3.073300311678033025e-02 9.724523754111980001e-01
3.091064020240668481e-02 9.685887452571936285e-01
3.108930403228154019e-02 9.645803972489888078e-01
3.126900054099761295e-02 9.608210985712686281e-01
3.144973569744963920e-02 9.574959534561499064e-01
3.163151550503255638e-02 9.544781935507283821e-01
3.181434600184106232e-02 9.513145939472754664e-01
3.199823326087009728e-02 9.477897606302366773e-01
3.218318339021652985e-02 9.439945629499240098e-01
3.236920253328214730e-02 9.401455167657229994e-01
3.255629686897762443e-02 9.364288481535811837e-01
3.274447261192782455e-02 9.329645944034169469e-01
3.293373601267822470e-02 9.294790256204636947e-01
3.312409335790250653e-02 9.258880035173953083e-01
3.331555097061136145e-02 9.224843293341056238e-01
3.350811521036261426e-02 9.191109449342534932e-01
3.370179247347232510e-02 9.156579096223994574e-01
3.389658919322740410e-02 9.123697853537040547e-01
3.409251184009919750e-02 9.095236675544274840e-01
3.428956692195841288e-02 9.074089919329703102e-01
3.448776098429136294e-02 9.062748078198176183e-01
3.468710061041735404e-02 9.064195256740181783e-01
3.488759242170727526e-02 9.082593495568772601e-01
3.508924307780367929e-02 9.120938117712753535e-01
3.529205927684192501e-02 9.173406753689169468e-01
3.549604775567258980e-02 9.201800621052076412e-01
3.570121529008542238e-02 9.173507719633960944e-01
3.590756869503420462e-02 9.103706596468413847e-01
3.611511482486330638e-02 9.025132654544353317e-01
3.632386057353523962e-02 8.961636293709090983e-01
3.653381287485973905e-02 8.925254898269382453e-01
3.674497870272393912e-02 8.909571521511837622e-01
3.695736507132423021e-02 8.906306955963594341e-01
3.717097903539903075e-02 8.913486756482069673e-01
3.738582769046329413e-02 8.931828903119111152e-01
3.760191817304411876e-02 8.962500113458969908e-01
3.781925766091774610e-02 8.992543091253464294e-01
3.803785337334809891e-02 9.006925129167033806e-01
3.825771257132654091e-02 9.007014876673514747e-01
3.847884255781295476e-02 8.999173188294742332e-01
3.870125067797849233e-02 8.992677712513185151e-01
3.892494431944945599e-02 8.991522213367243443e-01
3.914993091255265789e-02 8.996020807129599950e-01
3.937621793056233360e-02 9.008013317683114529e-01
3.960381288994833243e-02 9.017941635587569671e-01
3.983272335062570252e-02 9.017504116493474386e-01
4.006295691620595512e-02 9.018468902188144787e-01
4.029452123424955012e-02 9.012612877390263622e-01
4.052742399651988042e-02 8.987382609630809593e-01
4.076167293923887297e-02 8.956341190826715426e-01
4.099727584334383890e-02 8.932883436320261383e-01
4.123424053474603751e-02 8.931144578382193000e-01
4.147257488459059338e-02 8.926657203058145917e-01
4.171228680951784978e-02 8.889871943839272594e-01
4.195338427192649156e-02 8.838805612651620125e-01
4.219587528023795858e-02 8.792484680869145919e-01
4.243976788916238585e-02 8.766850549330529319e-01
4.268507019996626434e-02 8.771999812514873485e-01
4.293179036074151744e-02 8.801896950611334258e-01
4.317993656667604152e-02 8.852290175500380220e-01
4.342951706032609216e-02 8.923975996302028202e-01
4.368054013188996804e-02 9.019725367278876860e-01
4.393301411948334623e-02 9.112860842129468786e-01
4.418694740941636612e-02 9.162648271349767004e-01
4.444234843647213579e-02 9.172228817666607803e-01
4.469922568418681352e-02 9.167158083550436265e-01
4.495758768513159753e-02 9.172430749556190754e-01
4.521744302119593689e-02 9.189056475131783808e-01
4.547880032387276866e-02 9.219155545117827533e-01
4.574166827454511502e-02 9.278534739093275974e-01
4.600605560477452616e-02 9.380633746153651531e-01
4.627197109659098723e-02 9.517375290715668346e-01
4.653942358278480296e-02 9.609680601131311839e-01
4.680842194719982141e-02 9.616198513789488977e-01
4.707897512502866311e-02 9.577180785346902647e-01
4.735109210310945588e-02 9.550469683730513637e-01
4.762478192022426976e-02 9.553240637993112294e-01
4.790005366739954334e-02 9.526024706652769236e-01
4.817691648820784933e-02 9.455640224695095464e-01
4.845537957907175564e-02 9.377279433098926198e-01
4.873545218956924774e-02 9.324339622713485598e-01
4.901714362274099679e-02 9.273744465934856684e-01
4.930046323539925834e-02 9.220793437111105550e-01
4.958542043843887359e-02 9.173328224620999061e-01
4.987202469714965836e-02 9.139134424651762512e-01
5.016028553153097091e-02 9.116843387729559600e-01
5.045021251660784106e-02 9.102147233543306237e-01
5.074181528274907677e-02 9.101373161299908254e-01
5.103510351598705003e-02 9.122654538774200850e-01
5.133008695833959217e-02 9.154559777328173942e-01
5.162677540813340182e-02 9.185444137995926184e-01
5.192517872032970105e-02 9.218639496955562951e-01
5.222530680685147364e-02 9.254998455518650413e-01
5.252716963691266006e-02 9.271074477617049503e-01
5.283077723734942721e-02 9.257881594164351080e-01
5.313613969295318679e-02 9.246281728951690759e-01
5.344326714680543849e-02 9.256311012800935156e-01
5.375216980061491706e-02 9.273822995003027092e-01
5.406285791505632127e-02 9.271545652026074169e-01
5.437534181011107609e-02 9.264208793371258022e-01
5.468963186541032917e-02 9.268191338971349946e-01
5.500573852057948770e-02 9.293982528646308472e-01
5.532367227558519784e-02 9.344207476960701975e-01
5.564344369108398941e-02 9.427190265140638070e-01
5.596506338877313413e-02 9.550211659649380236e-01
5.628854205174332881e-02 9.690789910113457584e-01
5.661389042483377931e-02 9.798228893809448614e-01
5.694111931498885282e-02 9.860693158320179563e-01
5.727023959161724881e-02 9.890848320497773738e-01
5.760126218695296035e-02 9.886641406131481125e-01
5.793419809641841417e-02 9.870700005292804002e-01
5.826905837898961604e-02 9.867816866647104446e-01
5.860585415756369709e-02 9.862723695654310729e-01
5.894459661932811845e-02 9.817210491430167218e-01
5.928529701613251268e-02 9.760232043253082024e-01
5.962796666486229469e-02 9.725118331342414990e-01
5.997261694781454155e-02 9.724736904439871266e-01
6.031925931307623168e-02 9.756036347325097724e-01
6.066790527490428103e-02 9.826117931448399290e-01
6.101856641410823012e-02 9.914990399741147042e-01
6.137125437843479747e-02 9.969512009928314100e-01
6.172598088295483398e-02 9.978531634329648181e-01
6.208275771045231733e-02 9.968087268262929568e-01
6.244159671181598315e-02 9.969792470886067459e-01
6.280250980643269088e-02 9.970297300610022617e-01
6.316550898258359303e-02 9.964486149565382478e-01
6.353060629784218483e-02 9.952706789339759164e-01
6.389781387947492119e-02 9.938784707396903784e-01
6.426714392484385308e-02 9.940904992237517002e-01
6.463860870181208085e-02 9.972866322983039433e-01
6.501222054915094251e-02 1.003491550527629617e+00
6.538799187695008841e-02 1.012340654666650019e+00
6.576593516702965159e-02 1.021402909133562575e+00
6.614606297335466623e-02 1.029861611619390827e+00
6.652838792245242827e-02 1.039933525534213921e+00
6.691292271383147972e-02 1.052353458587344415e+00
6.729968012040381253e-02 1.063718858439324011e+00
6.768867298890894613e-02 1.072390711253044415e+00
6.807991424034069705e-02 1.079382042007909437e+00
6.847341687037629410e-02 1.077590457409783653e+00
6.886919394980822728e-02 1.062420885126843517e+00
6.926725862497820629e-02 1.043259792493163474e+00
6.966762411821400547e-02 1.029897510621983203e+00
7.007030372826857090e-02 1.022705369821367061e+00
7.047531083076181979e-02 1.019833449613977150e+00
7.088265887862478520e-02 1.019763895296454503e+00
7.129236140254673060e-02 1.021517337204325804e+00
7.170443201142430445e-02 1.025018611800913249e+00
7.211888439281383123e-02 1.028168749278394190e+00
7.253573231338585059e-02 1.027608949206719302e+00
7.295498961938230720e-02 1.027098510263608988e+00
7.337667023707672431e-02 1.031055253455587239e+00
7.380078817323644513e-02 1.037840164945545984e+00
7.422735751558823258e-02 1.047286090002664594e+00
7.465639243328600627e-02 1.060820013979989707e+00
7.508790717738160481e-02 1.079903699389329841e+00
7.552191608129793510e-02 1.102692834972501590e+00
7.595843356130543844e-02 1.121492693892595538e+00
7.639747411700059665e-02 1.135070369779330290e+00
7.683905233178781047e-02 1.148117413533996212e+00
7.728318287336367887e-02 1.160715719756257869e+00
7.772988049420428980e-02 1.171081556754805852e+00
7.817916003205507836e-02 1.166840987073581637e+00
7.863103641042397396e-02 1.146322463404377601e+00
7.908552463907676799e-02 1.118554584899176030e+00
7.954263981453599253e-02 1.089247536657826254e+00
8.000239712058217212e-02 1.060629300528717733e+00
8.046481182875830918e-02 1.036288654927256747e+00
8.092989929887701994e-02 1.017221797175381859e+00
8.139767497953076525e-02 1.001430723410061230e+00
8.186815440860513438e-02 9.891341931783419472e-01
8.234135321379483508e-02 9.827901663139707589e-01
8.281728711312283386e-02 9.804185884552120145e-01
8.329597191546232737e-02 9.749742803433121274e-01
8.377742352106211376e-02 9.630468367319957590e-01
8.426165792207447602e-02 9.516758276608612288e-01
8.474869120308657633e-02 9.422859947952931803e-01
8.523853954165466762e-02 9.343399749402374610e-01
8.573121920884146929e-02 9.245518875146603310e-01
8.622674656975649887e-02 9.122991091923504658e-01
8.672513808409994251e-02 8.963980947315904890e-01
8.722641030670905127e-02 8.714494097737213174e-01
8.773057988810836760e-02 8.477594335942472137e-01
8.823766357506258873e-02 8.302238926717033785e-01
8.874767821113291322e-02 8.168963879592843202e-01
8.926064073723644077e-02 8.047535503324135808e-01
8.977656819220893036e-02 7.912880588287801720e-01
9.029547771337091688e-02 7.791564396402195225e-01
9.081738653709675591e-02 7.691720295442153743e-01
9.134231199938727674e-02 7.628683890577606652e-01
9.187027153644546085e-02 7.618946286124426148e-01
9.240128268525588107e-02 7.670607194542514717e-01
9.293536308416693037e-02 7.739589371711423915e-01
9.347253047347692245e-02 7.724455698431076378e-01
9.401280269602330097e-02 7.680344798995695221e-01
9.455619769777530437e-02 7.666691959572283777e-01
9.510273352842993355e-02 7.637961539060074134e-01
9.565242834201181932e-02 7.577505375006853283e-01
9.620530039747586526e-02 7.538431554372715393e-01
9.676136805931405405e-02 7.481621382770282658e-01
9.732064979816532069e-02 7.406132511381505745e-01
9.788316419142908953e-02 7.326952773788699691e-01
9.844892992388228070e-02 7.247615978059551711e-01
9.901796578830000806e-02 7.179194722806148121e-01
9.959029068607995472e-02 7.113622950883514706e-01
1.001659236278700377e-01 7.061546960247950810e-01
1.007448837341998471e-01 7.028755465067478836e-01
1.013271902361159299e-01 7.014945567507725466e-01
1.019128624758204177e-01 7.015102625644066281e-01
1.025019199073136378e-01 7.033781325430411568e-01
1.030943820970401520e-01 7.089211629120699687e-01
1.036902687245389171e-01 7.151103753277615604e-01
1.042895995830967204e-01 7.115978822928639147e-01
1.048923945804057928e-01 6.981234160385823007e-01
1.054986737392250712e-01 6.816210932844002368e-01
1.061084571980452224e-01 6.670640477331922780e-01
1.067217652117575799e-01 6.517407828454034879e-01
1.073386181523270227e-01 6.379622969129177257e-01
1.079590365094685589e-01 6.266126028745724330e-01
1.085830408913279893e-01 6.115754081636914918e-01
1.092106520251663743e-01 5.919868930303961996e-01
1.098418907580486492e-01 5.754094067395363332e-01
1.104767780575359459e-01 5.615221019554423876e-01
1.111153350123821049e-01 5.499794507781630148e-01
1.117575828332342536e-01 5.406715125122588672e-01
1.124035428533372433e-01 5.340515120654587555e-01
1.130532365292423180e-01 5.306343757561972074e-01
1.137066854415197809e-01 5.289302949768903694e-01
1.143639112954759340e-01 5.274494611199549432e-01
1.150249359218739331e-01 5.255097931361357722e-01
1.156897812776589568e-01 5.226502132108868937e-01
1.163584694466876512e-01 5.207812213884214225e-01
1.170310226404614878e-01 5.204413027076247866e-01
1.177074631988646730e-01 5.210538294393571856e-01
1.183878135909062629e-01 5.208956494591845399e-01
1.190720964154663303e-01 5.176120125658133508e-01
1.197603344020467531e-01 5.133815394790682829e-01
1.204525504115261381e-01 5.092206207098457504e-01
1.211487674369193246e-01 5.059223998466714223e-01
1.218490086041408849e-01 5.033567430051476554e-01
1.225532971727734816e-01 5.013968818323701893e-01
1.232616565368404721e-01 5.009200982041902561e-01
1.239741102255828148e-01 5.026387629533001222e-01
1.246906819042407494e-01 5.073247046354359968e-01
1.254113953748399735e-01 5.144495348061913775e-01
1.261362745769819826e-01 5.229351615439639112e-01
1.268653435886395453e-01 5.315172668512033738e-01
1.275986266269562852e-01 5.384581146336727686e-01
1.283361480490512463e-01 5.408420327745726564e-01
1.290779323528278288e-01 5.375864419769766922e-01
1.298240041777875831e-01 5.329532269548984402e-01
1.305743883058487209e-01 5.295259940511576335e-01
1.313291096621690413e-01 5.260617403009935078e-01
1.320881933159741561e-01 5.189806620396476555e-01
1.328516644813900749e-01 5.095201530127260181e-01
1.336195485182806453e-01 5.020430638790329692e-01
1.343918709330900185e-01 4.971832364030902007e-01
1.351686573796898327e-01 4.928058017744825769e-01
1.359499336602315311e-01 4.873547625995967580e-01
1.367357257260030934e-01 4.796028217273058947e-01
1.375260596782912625e-01 4.722480135711931704e-01
1.383209617692485738e-01 4.668384826180547176e-01
1.391204584027652402e-01 4.635963539464308947e-01
1.399245761353461737e-01 4.620123104570423855e-01
1.407333416769932510e-01 4.595352792781685070e-01
1.415467818920924381e-01 4.543332894337673289e-01
1.423649238003061035e-01 4.479836533502410401e-01
1.431877945774705507e-01 4.435108619959974297e-01
1.440154215564987683e-01 4.421949391822206921e-01
1.448478322282882313e-01 4.438249782686806699e-01
1.456850542426340045e-01 4.481451988619067350e-01
1.465271154091474515e-01 4.527402711937306701e-01
1.473740436981796631e-01 4.543837724061628447e-01
1.482258672417506584e-01 4.540999459169168806e-01
1.490826143344838317e-01 4.541089206675649192e-01
1.499443134345459228e-01 4.570694665376048293e-01
1.508109931645919832e-01 4.638577435590566234e-01
1.516826823127164214e-01 4.739543380381619486e-01
1.525594098334091819e-01 4.850830288417980474e-01
1.534412048485173929e-01 4.969151157274784292e-01
1.543280966482127869e-01 5.130079654833412661e-01
1.552201146919646169e-01 5.372173553565738890e-01
1.561172886095181789e-01 5.621940864102183966e-01
1.570196482018790252e-01 5.591280872200634633e-01
1.579272234423027277e-01 5.381630697061167146e-01
1.588400444772908315e-01 5.191713754909196288e-01
1.597581416275917487e-01 5.048689884893514668e-01
1.606815453892082024e-01 4.951336277238318484e-01
1.616102864344102497e-01 4.898127224333433949e-01
1.625443956127538836e-01 4.890005074996908729e-01
1.634839039521058524e-01 4.920317295310845385e-01
1.644288426596743347e-01 4.968264900648285409e-01
1.653792431230455828e-01 5.016436874751928343e-01
1.663351369112262834e-01 5.044426878335669384e-01
1.672965557756923849e-01 5.026264226711590899e-01
1.682635316514438095e-01 4.949990064641104914e-01
1.692360966580649384e-01 4.852759859807320164e-01
1.702142831007917856e-01 4.779952195174660412e-01
1.711981234715850009e-01 4.744086847897217019e-01
1.721876504502090899e-01 4.725206216221289890e-01
1.731828969053178791e-01 4.695477354699479355e-01
1.741838958955464201e-01 4.670146120995235517e-01
1.751906806706090836e-01 4.643345271872366675e-01
1.762032846724038426e-01 4.566936488542159278e-01
1.772217415361232173e-01 4.474137566840870606e-01
1.782460850913716033e-01 4.403472623925443474e-01
1.792763493632887617e-01 4.343027678310533157e-01
1.803125685736800821e-01 4.295001543904922725e-01
1.813547771421535060e-01 4.260190729828629008e-01
1.824030096872625850e-01 4.252057362053794365e-01
1.834573010276564775e-01 4.286127759201619480e-01
1.845176861832364401e-01 4.351082517017197393e-01
1.855842003763193415e-01 4.426403111831322956e-01
1.866568790328071992e-01 4.502194881054473741e-01
1.877357577833641822e-01 4.554192342621865564e-01
1.888208724646001924e-01 4.570896597265630690e-01
1.899122591202609955e-01 4.573387090570476543e-01
1.910099540024255971e-01 4.570313238473504014e-01
1.921139935727104175e-01 4.557961737894065113e-01
1.932244145034804905e-01 4.512257820218648630e-01
1.943412536790674328e-01 4.395799212121324073e-01
1.954645481969946030e-01 4.253067021501705236e-01
1.965943353692096995e-01 4.134274978235875642e-01
1.977306527233236300e-01 4.044291884550427763e-01
1.988735380038573475e-01 3.979617587692602654e-01
2.000230291734956534e-01 3.941598300259615550e-01
2.011791644143479663e-01 3.922807416090169919e-01
2.023419821292166965e-01 3.906787486183322944e-01
2.035115209428728922e-01 3.895109091902490550e-01
2.046878197033392410e-01 3.893605821168935055e-01
2.058709174831803157e-01 3.907404500290379001e-01
2.070608535808005912e-01 3.941329057740172725e-01
2.082576675217497619e-01 3.990061953759321267e-01
2.094613990600355524e-01 4.040522489278228213e-01
2.106720881794442723e-01 4.069858705459183934e-01
2.118897750948690872e-01 4.051303408494250635e-01
2.131145002536455058e-01 3.995099032560563979e-01
2.143463043368951104e-01 3.944515094220246709e-01
2.155852282608767823e-01 3.914629174562094249e-01
2.168313131783459469e-01 3.901122174836713641e-01
2.180846004799212312e-01 3.890846085344646377e-01
2.193451317954595303e-01 3.885393924325929449e-01
2.206129489954388734e-01 3.890015920909697389e-01
2.218880941923488948e-01 3.898463404957216438e-01
2.231706097420899648e-01 3.904117497865514652e-01
2.244605382453801201e-01 3.904341866631717561e-01
2.257579225491697927e-01 3.911622633094983259e-01
2.270628057480653939e-01 3.935024295409887407e-01
2.283752311857605299e-01 3.965527229175095925e-01
2.296952424564759343e-01 3.992933873966710845e-01
2.310228834064072811e-01 3.973234296294145818e-01
2.323581981351817149e-01 3.893168302074840326e-01
2.337012309973229007e-01 3.796173684445569019e-01
2.350520266037238737e-01 3.715030720148492782e-01
2.364106298231291869e-01 3.671043223534523614e-01
2.377770857836252472e-01 3.667756221109659820e-01
2.391514398741393099e-01 3.686793910921928319e-01
2.405337377459470793e-01 3.705820382295886284e-01
2.419240253141889951e-01 3.727483186672722049e-01
2.433223487593957901e-01 3.759309896158524733e-01
2.447287545290218747e-01 3.813438861004839198e-01
2.461432893389885190e-01 3.888894077078686173e-01
2.475660001752356676e-01 3.968500115327276423e-01
2.489969342952823017e-01 4.057955942412149186e-01
2.504361392297964617e-01 4.140063692403896378e-01
2.518836627841739007e-01 4.193687827526255685e-01
2.533395530401260642e-01 4.263242145048981024e-01
2.548038583572773130e-01 4.378354540549091456e-01
2.562766273747711931e-01 4.476257851681483269e-01
2.577579090128856998e-01 4.484200506005045495e-01
2.592477524746588102e-01 4.461225144345926097e-01
2.607462072475227322e-01 4.469683846831754570e-01
2.622533231049470337e-01 4.478501539343506810e-01
2.637691501080930423e-01 4.435411517794347058e-01
2.652937386074759596e-01 4.345192836904385736e-01
2.668271392446371348e-01 4.251294508248706361e-01
2.683694029538270520e-01 4.179530158378887417e-01
2.699205809636965880e-01 4.137618072852290996e-01
2.714807247989985406e-01 4.137337611894538192e-01
2.730498862822996475e-01 4.185273998793667682e-01
2.746281175357012105e-01 4.254918063822874519e-01
2.762154709825712651e-01 4.338955385203960846e-01
2.778119993492854656e-01 4.439360408079508491e-01
2.794177556669779627e-01 4.523678190418347622e-01
2.810327932733039380e-01 4.587600851909394706e-01
2.826571658142107979e-01 4.646351813339477110e-01
2.842909272457196934e-01 4.727898641415717584e-01
2.859341318357184192e-01 4.824567924333996172e-01
2.875868341657639160e-01 4.889668521847605476e-01
2.892490891328946545e-01 4.883060861682946285e-01
2.909209519514548425e-01 4.836279973929759057e-01
2.926024781549284581e-01 4.781051602129052780e-01
2.942937235977828858e-01 4.721638752838672737e-01
2.959947444573255426e-01 4.623713004829660966e-01
2.977055972355692748e-01 4.496877341295478225e-01
2.994263387611086902e-01 4.385489467314326317e-01
3.011570261910088142e-01 4.297750061290900869e-01
3.028977170127025720e-01 4.224190761291464202e-01
3.046484690459013711e-01 4.174425768947784832e-01
3.064093404445150659e-01 4.149756423103836966e-01
3.081803896985833569e-01 4.134566657631938980e-01
3.099616756362194026e-01 4.135497788011678333e-01
3.117532574255635347e-01 4.153974555908441224e-01
3.135551945767480198e-01 4.193923414730768018e-01
3.153675469438748658e-01 4.253179205884806136e-01
3.171903747270033436e-01 4.295147383602953561e-01
3.190237384741493876e-01 4.294283563853074637e-01
3.208676990832974307e-01 4.283794324033114997e-01
3.227223178044230090e-01 4.293588020677847061e-01
3.245876562415266342e-01 4.311526303535724303e-01
3.264637763546810456e-01 4.318975346573642460e-01
3.283507404620888970e-01 4.335791785600507930e-01
3.302486112421523790e-01 4.381405955769443472e-01
3.321574517355558864e-01 4.438238564248496165e-01
3.340773253473591775e-01 4.478467884028576318e-01
3.360082958491044103e-01 4.501084255661771949e-01
3.379504273809338932e-01 4.508892288725613318e-01
3.399037844537201591e-01 4.454258494155343695e-01
3.418684319512097503e-01 4.330541556471372844e-01
3.438444351321779946e-01 4.181257797878645266e-01
3.458318596325960503e-01 4.061355129220114990e-01
3.478307714678123830e-01 3.987470494509684493e-01
3.498412370347446232e-01 3.944144885756012409e-01
3.518633231140849693e-01 3.921147087220272498e-01
3.538970968725191901e-01 3.934979421656646936e-01
3.559426258649572294e-01 3.993797693716590325e-01
3.579999780367765227e-01 4.066280023638256802e-01
3.600692217260801353e-01 4.121183060727968694e-01
3.621504256659661136e-01 4.154793501905080233e-01
3.642436589868098817e-01 4.198994148846941221e-01
3.663489912185618480e-01 4.251922740794073508e-01
3.684664922930561692e-01 4.297110610307224854e-01
3.705962325463332818e-01 4.322598902147810063e-01
3.727382827209774208e-01 4.314330913113254562e-01
3.748927139684648524e-01 4.285690240107524751e-01
3.770595978515288715e-01 4.241534466918904234e-01
3.792390063465359562e-01 4.155926564174401427e-01
3.814310118458763554e-01 4.047399391962329673e-01
3.836356871603694985e-01 3.967580203385846493e-01
3.858531055216822825e-01 3.931411958274029228e-01
3.880833405847607942e-01 3.877731730960119472e-01
3.903264664302779630e-01 3.815144063627977089e-01
3.925825575670940371e-01 3.821605884094603778e-01
3.948516889347303827e-01 3.859456894952938977e-01
3.971339359058604912e-01 3.878270215999005677e-01
3.994293742888124776e-01 3.875375858914995031e-01
4.017380803300868997e-01 3.875813378009089760e-01
4.040601307168905088e-01 3.888075131082047164e-01
4.063956025796829352e-01 3.784652348301078550e-01
4.087445734947380283e-01 3.646587028018468124e-01
4.111071214867221824e-01 3.558589597913910940e-01
4.134833250312844322e-01 3.533292019524596483e-01
4.158732630576643108e-01 3.548694935324387401e-01
4.182770149513134750e-01 3.560810848699313969e-01
4.206946605565314856e-01 3.573981295275391323e-01
4.231262801791195738e-01 3.579231524404525855e-01
4.255719545890473410e-01 3.552823320622510161e-01
4.280317650231349469e-01 3.501846736941338634e-01
4.305057931877529498e-01 3.429588775785875066e-01
4.329941212615355806e-01 3.367573248807548270e-01
4.354968318981098929e-01 3.299701697031340308e-01
4.380140082288422887e-01 3.203817704794769683e-01
4.405457338655994204e-01 3.089086736197202976e-01
4.430920929035247480e-01 2.973121739385523044e-01
4.456531699238333033e-01 2.866524138562791535e-01
4.482290499966203323e-01 2.786357178398695122e-01
4.508198186836865351e-01 2.740036246616222027e-01
4.534255620413813470e-01 2.732979848919158683e-01
4.560463666234608748e-01 2.763191103288303863e-01
4.586823194839622087e-01 2.815255875485556669e-01
4.613335081800964965e-01 2.876228087701042657e-01
4.640000207751556194e-01 2.920473608396144671e-01
4.666819458414390720e-01 2.976992100602514069e-01
4.693793724631949438e-01 3.051650807556342548e-01
4.720923902395786631e-01 3.124806243776615533e-01
4.748210892876304490e-01 3.189592725017541541e-01
4.775655602452679171e-01 3.241937958172547707e-01
4.803258942742961168e-01 3.273293493249324615e-01
4.831021830634371073e-01 3.272990595414951298e-01
4.858945188313745223e-01 3.272822318840299949e-01
4.887029943298164536e-01 3.267639400341025846e-01
4.915277028465775411e-01 3.241545312831693448e-01
4.943687382086768833e-01 3.214946395598405893e-01
4.972261947854541564e-01 3.207519789437108249e-01
5.001001674917054940e-01 3.184320059011786497e-01
5.029907517908354109e-01 3.125154015364229321e-01
5.058980436980275996e-01 3.054174956176118894e-01
5.088221397834349347e-01 2.989332382743642436e-01
5.117631371753864622e-01 2.946657443411957455e-01
5.147211335636141527e-01 2.924938546843571241e-01
5.176962272024980827e-01 2.900919870421610480e-01
5.206885169143288250e-01 2.885494517745199605e-01
5.236981020925914887e-01 2.884294144846016872e-01
5.267250827052667450e-01 2.917949459776367771e-01
5.297695592981502832e-01 2.942484184360593669e-01
5.328316329981945820e-01 2.919194706428790975e-01
5.359114055168668900e-01 2.912878725660195123e-01
5.390089791535270791e-01 2.924747833392298824e-01
5.421244567988269258e-01 2.925813585031760145e-01
5.452579419381275994e-01 2.920238021191631783e-01
5.484095386549359130e-01 2.886504177193109921e-01
5.515793516343632241e-01 2.807548808366506221e-01
5.547674861666017643e-01 2.750211370163498370e-01
5.579740481504216199e-01 2.681004824228386263e-01
5.611991440966896949e-01 2.607748422063322358e-01
5.644428811319066597e-01 2.568472669539602626e-01
5.677053670017649933e-01 2.580218374450294894e-01
5.709867100747291202e-01 2.619628748233736037e-01
5.742870193456336425e-01 2.647214888038313951e-01
5.776064044393048880e-01 2.646609092369567318e-01
5.809449756142023302e-01 2.619123918509780879e-01
5.843028437660793273e-01 2.584436507254899151e-01
5.876801204316687288e-01 2.536343062219427180e-01
5.910769177923870243e-01 2.477771595802306381e-01
5.944933486780595855e-01 2.443398300820107949e-01
5.979295265706701112e-01 2.436454087506145227e-01
6.013855656081297241e-01 2.452014061442277515e-01
6.048615805880666052e-01 2.486813657080260698e-01
6.083576869716416091e-01 2.515678698852191753e-01
6.118740008873820857e-01 2.486488322369267423e-01
6.154106391350390171e-01 2.426738919929583849e-01
6.189677191894675801e-01 2.376783214134632893e-01
6.225453592045292472e-01 2.334557012335352344e-01
6.261436780170150929e-01 2.312894207958516579e-01
6.297627951505950783e-01 2.328285905319997240e-01
6.334028308197864332e-01 2.349769214683870844e-01
6.370639059339481269e-01 2.345068689031932219e-01
6.407461421012968783e-01 2.327624017459700156e-01
6.444496616329448146e-01 2.297278141830833287e-01
6.481745875469649976e-01 2.281841570716112433e-01
6.519210435724759334e-01 2.273427741983524708e-01
6.556891541537508417e-01 2.276041638109781995e-01
6.594790444543533470e-01 2.288292172744429975e-01
6.632908403612935988e-01 2.285588529111691469e-01
6.671246684892090384e-01 2.261334265485218653e-01
6.709806561845721440e-01 2.243283798244240512e-01
6.748589315299192704e-01 2.259662718177010976e-01
6.787596233481042463e-01 2.275525589947516580e-01
6.826828612065795054e-01 2.249061293973950437e-01
6.866287754216984229e-01 2.225446481331154192e-01
6.905974970630435195e-01 2.211984355359014054e-01
6.945891579577818664e-01 2.190725414761341971e-01
6.986038906950429173e-01 2.143383605092648025e-01
7.026418286303216520e-01 2.099799972257843650e-01
7.067031058899108098e-01 2.070934930485912595e-01
7.107878573753529938e-01 2.028574107426910633e-01
7.148962187679240854e-01 1.982309267835988265e-01
7.190283265331394169e-01 1.964629009059243592e-01
7.231843179252852583e-01 1.966266901052520777e-01
7.273643309919801681e-01 1.960309910309848691e-01
7.315685045787596597e-01 1.950830329937799923e-01
7.357969783336865133e-01 1.920024498338218089e-01
7.400498927119919523e-01 1.873647474364194543e-01
7.443273889807401344e-01 1.841753454248531985e-01
7.486296092235191768e-01 1.844715121962402782e-01
7.529566963451627126e-01 1.864403481196658108e-01
7.573087940764960946e-01 1.877102753363710519e-01
7.616860469791092436e-01 1.901401890743423806e-01
7.660886004501606950e-01 1.955037244304093369e-01
7.705166007272060691e-01 2.026027521930514053e-01
7.749701948930545203e-01 2.096456877641428573e-01
7.794495308806568268e-01 2.182805197314399426e-01
7.839547574780165728e-01 2.266775208065625324e-01
7.884860243331343055e-01 2.298186835333953237e-01
7.930434819589780027e-01 2.271172835883191465e-01
7.976272817384808533e-01 2.232772121547660638e-01
8.022375759295721220e-01 2.200137684503530033e-01
8.068745176702336597e-01 2.155140528441650827e-01
8.115382609835852801e-01 2.109290771068202675e-01
8.162289607830032212e-01 2.069756994463350097e-01
8.209467728772645856e-01 2.031726488592053570e-01
8.256918539757219788e-01 2.028686291810011810e-01
8.304643616935105666e-01 2.069801868216590568e-01
8.352644545567829981e-01 2.090477450022136252e-01
8.400922920079733069e-01 2.050293003995297125e-01
8.449480344110958940e-01 1.994357870581053571e-01
8.498318430570707127e-01 1.962542379533561698e-01
8.547438801690798726e-01 1.969621214107245555e-01
8.596843089079587719e-01 2.051201697498416521e-01
8.646532933776126528e-01 2.176141444958190063e-01
8.696509986304700179e-01 2.257318064570196792e-01
8.746775906729644667e-01 2.275301221181314226e-01
8.797332364710471753e-01 2.233512538476128684e-01
8.848181039557355687e-01 2.195773712000894662e-01
8.899323620286901937e-01 2.183624143311038157e-01
8.950761805678236760e-01 2.191566797634600661e-01
9.002497304329459826e-01 2.190220585037386536e-01
9.054531834714387717e-01 2.137235900898704355e-01
9.106867125239620497e-01 2.078473721030311139e-01
9.159504914301977996e-01 2.043034674408651663e-01
9.212446950346235841e-01 1.943751495364115789e-01
9.265694991923183466e-01 1.820270144884657826e-01
9.319250807748065135e-01 1.752600524998031983e-01
9.373116176759319629e-01 1.748057057482434451e-01
9.427292888177655206e-01 1.781061702990798801e-01
9.481782741565508710e-01 1.823209375721908387e-01
9.536587546886805544e-01 1.867342712033908669e-01
9.591709124567069367e-01 1.870685806650323746e-01
9.647149305553922582e-01 1.864605413086240226e-01
9.702909931377862174e-01 1.872996804942207716e-01
9.758992854213467405e-01 1.892976843572526102e-01
9.815399936940907288e-01 1.924377252402543759e-01
9.872133053207802211e-01 1.920877099649787034e-01
9.929194087491489684e-01 1.877764641224007325e-01
9.986584935161608723e-01 1.850694549581695103e-01
1.004430750254303728e+00 1.862832899833241629e-01
1.010236370697924935e+00 1.929694792161539274e-01
1.016075547689597958e+00 2.023548247063978178e-01
1.021948475186527761e+00 2.097275823638067305e-01
1.027855348266994762e+00 2.039871074805198470e-01
1.033796363136834096e+00 1.944850902318507324e-01
1.039771717135951290e+00 1.881253575538454070e-01
1.045781608744880131e+00 1.846240829572578790e-01
1.051826237591374280e+00 1.828885905506827392e-01
1.057905804457035748e+00 1.817768433141501438e-01
1.064020511283988890e+00 1.835302852220214442e-01
1.070170561181583713e+00 1.869541525942691740e-01
1.076356158433145582e+00 1.897217413253750318e-01
1.082577508502760022e+00 1.902893943038669600e-01
1.088834818042095476e+00 1.885202465823615225e-01
1.095128294897270704e+00 1.890620971527401384e-01
1.101458148115757263e+00 1.894491332744391854e-01
1.107824587953321727e+00 1.884372301388666515e-01
1.114227825881013212e+00 1.889229885176947066e-01
1.120668074592185315e+00 1.876687671146236303e-01
1.127145548009560017e+00 1.832531897957615785e-01
1.133660461292336441e+00 1.807941081181839160e-01
1.140213030843336250e+00 1.825273568370969768e-01
1.146803474316190341e+00 1.872054456124158106e-01
1.153432010622570836e+00 1.930648359417898863e-01
1.160098859939462601e+00 1.967186812993950151e-01
1.166804243716473621e+00 1.990330451227721453e-01
1.173548384683194445e+00 2.041834301509469207e-01
1.180331506856595603e+00 2.129158625315419606e-01
1.187153835548465874e+00 2.206274170259164280e-01
1.194015597372901416e+00 2.229810453833789841e-01
1.200917020253827294e+00 2.204737244210678015e-01
1.207858333432573428e+00 2.124065454322627000e-01
1.214839767475487387e+00 2.046613356229579073e-01
1.221861554281590267e+00 1.999260328122574870e-01
1.228923927090283863e+00 1.960848395348734063e-01
1.236027120489096909e+00 1.940397182309391011e-01
1.243171370421473965e+00 1.935820059478863264e-01
1.250356914194617142e+00 1.899909838448178567e-01
1.257583990487367132e+00 1.864089364923974812e-01
1.264852839358128644e+00 1.853487940720913996e-01
1.272163702252848472e+00 1.849516613559132883e-01
1.279516822013033517e+00 1.850234593610980138e-01
1.286912442883815677e+00 1.881029206772251439e-01
1.294350810522067352e+00 1.900201517844241350e-01
1.301832172004561583e+00 1.872132985192328514e-01
1.309356775836174380e+00 1.861352065976306092e-01
1.316924871958146337e+00 1.851524714016643813e-01
1.324536711756377994e+00 1.811598292070937255e-01
1.332192548069784932e+00 1.784797442948067581e-01
1.339892635198694837e+00 1.773354635871748353e-01
1.347637228913291185e+00 1.758321928536191736e-01
1.355426586462114891e+00 1.751646957741672117e-01
1.363260966580605249e+00 1.778268311851579631e-01
1.371140629499693731e+00 1.813471771268726773e-01
1.379065836954451285e+00 1.806348062941802723e-01
1.387036852192779834e+00 1.763067327941371110e-01
1.395053939984155722e+00 1.719461258229946221e-01
1.403117366628427343e+00 1.687522364361043192e-01
1.411227399964658957e+00 1.673162763324093361e-01
1.419384309380025577e+00 1.705662579108502275e-01
1.427588365818764915e+00 1.783047366571689496e-01
1.435839841791175742e+00 1.826395412201981816e-01
1.444139011382666204e+00 1.842572400245170161e-01
1.452486150262864761e+00 1.869922952845235464e-01
1.460881535694769973e+00 1.913226124722287591e-01
1.469325446543965796e+00 1.998172139606493314e-01
1.477818163287882181e+00 2.136517920846856544e-01
1.486359968025109168e+00 2.255837230713261254e-01
1.494951144484772509e+00 2.273035096642670727e-01
1.503591978035954568e+00 2.276501594080496960e-01
1.512282755697172298e+00 2.273921353269169887e-01
1.521023766145914724e+00 2.273169717902391862e-01
1.529815299728230382e+00 2.341389041266213611e-01
1.538657648468367833e+00 2.425291741387578803e-01
1.547551106078482119e+00 2.377826528897473701e-01
1.556495967968387184e+00 2.347940609239322074e-01
1.565492531255366693e+00 2.252056617002751726e-01
1.574541094774047689e+00 2.113553777626047125e-01
1.583641959086324214e+00 2.066929948009200435e-01
1.592795426491339539e+00 2.095963266355783394e-01
1.602001801035530804e+00 2.130392653529532832e-01
1.611261388522727822e+00 2.101493956442671562e-01
1.620574496524306296e+00 2.097522629280889617e-01
1.629941434389411858e+00 2.094235626856025545e-01
1.639362513255227638e+00 2.147119345049917083e-01
1.648838046057315765e+00 2.306039742151035077e-01
1.658368347540009280e+00 2.529567125480116641e-01
1.667953734266863997e+00 2.709499657536083572e-01
1.677594524631179640e+00 2.677830006186623368e-01
1.687291038866571835e+00 2.470502047777350385e-01
1.697043599057607821e+00 2.369300515781785077e-01
1.706852529150509445e+00 2.310695394049733509e-01
1.716718154963911225e+00 2.243698880461714729e-01
1.726640804199680579e+00 2.202168221837661477e-01
1.736620806453807120e+00 2.177207196597650829e-01
1.746658493227349673e+00 2.136383299587135409e-01
1.756754197937443251e+00 2.079359977656810299e-01
1.766908255928380411e+00 2.033869210309285913e-01
1.777121004482747679e+00 2.006451347079359904e-01
1.787392782832625482e+00 1.978248193167725655e-01
1.797723932170862682e+00 2.005968954232024981e-01
1.808114795662403074e+00 2.049530150190209399e-01
1.818565718455690483e+00 2.040016914503229861e-01
1.829077047694130043e+00 2.031434809195990510e-01
1.839649132527616748e+00 2.036976717721188102e-01
1.850282324124138622e+00 2.017546382568065622e-01
1.860976975681438272e+00 2.010647043007343371e-01
1.871733442438742401e+00 1.993819385542168199e-01
1.882552081688566581e+00 1.922615957587855418e-01
1.893433252788581767e+00 1.857010530350290956e-01
1.904377317173546302e+00 1.859153252067523299e-01
1.915384638367318981e+00 1.870887738539905865e-01
1.926455581994929611e+00 1.858424053577365787e-01
1.937590515794722412e+00 1.849247371039690335e-01
1.948789809630575354e+00 1.851266689935510967e-01
1.960053835504184105e+00 1.852231475630181090e-01
1.971382967567415045e+00 1.814694581044529464e-01
1.982777582134739092e+00 1.773904339348943981e-01
1.994238057695728816e+00 1.780186664802609620e-01
2.005764774927627947e+00 1.791943588151612421e-01
2.017358116708002580e+00 1.787400120636014889e-01
2.029018468127450348e+00 1.831286651305192581e-01
2.040746216502401289e+00 1.904385995333915116e-01
2.052541751387976898e+00 1.957785761690072068e-01
2.064405464590929995e+00 1.959737769956032827e-01
2.076337750182662312e+00 1.936762408296912874e-01
2.088339004512313135e+00 1.944850902318507324e-01
2.100409626219920778e+00 1.967321434253671564e-01
2.112550016249669760e+00 1.979583187326629801e-01
2.124760577863207711e+00 1.992731197026086920e-01
2.137041716653034662e+00 1.995580680356856262e-01
2.149393840555982482e+00 1.966895133597887091e-01
2.161817359866763155e+00 1.908940681287822905e-01
2.174312687251592546e+00 1.882521259067496955e-01
2.186880237761905654e+00 1.866591076667130922e-01
2.199520428848138476e+00 1.859467368340206594e-01
2.212233680373592026e+00 1.886638425927310014e-01
2.225020414628386511e+00 1.927630599512477616e-01
2.237881056343477670e+00 1.987750210416394658e-01
2.250816032704775704e+00 1.962048768247916519e-01
2.263825773367328598e+00 1.884989315495723128e-01
2.276910710469592924e+00 1.910634665472650262e-01
2.290071278647793029e+00 1.945198673906121112e-01
2.303307915050354371e+00 1.860510683103047402e-01
2.316621059352423018e+00 1.780377378253881759e-01
2.330011153770474852e+00 1.788477090713785911e-01
2.343478643077001600e+00 1.832890887983539552e-01
2.357023974615280792e+00 1.860768707184180248e-01
2.370647598314243876e+00 1.875621919506775259e-01
2.384349966703414481e+00 1.854475163292204631e-01
2.398131534927939956e+00 1.834652182798227615e-01
2.411992760763713051e+00 1.809051706574540674e-01
2.425934104632577970e+00 1.744186696265443981e-01
2.439956029617617261e+00 1.683853935033634841e-01
2.454059001478542612e+00 1.651578488015428003e-01
2.468243488667162033e+00 1.627761743483049639e-01
2.482509962342935861e+00 1.574103953045759841e-01
2.496858896388636673e+00 1.538934148943543190e-01
2.511290767426078485e+00 1.553462026555144648e-01
2.525806054831960523e+00 1.563872737306933325e-01
2.540405240753779381e+00 1.548447384630522172e-01
2.555088810125852206e+00 1.578299648973743585e-01
2.569857250685421590e+00 1.635782926874783383e-01
2.584711052988855506e+00 1.652285249628965558e-01
2.599650710427946265e+00 1.606300870995795715e-01
2.614676719246288084e+00 1.575764281915657261e-01
2.629789578555775442e+00 1.552295308970892407e-01
2.644989790353173831e+00 1.519200915956047115e-01
2.660277859536794409e+00 1.494195016962796552e-01
2.675654293923265481e+00 1.459462731954674075e-01
2.691119604264405218e+00 1.423832971881742460e-01
2.706674304264172548e+00 1.401138071180375588e-01
2.722318910595750374e+00 1.397660355304239377e-01
2.738053942918694972e+00 1.369973249554870542e-01
2.753879923896200843e+00 1.342824628844387358e-01
2.769797379212459720e+00 1.349813715911590273e-01
2.785806837590128815e+00 1.376637001911080183e-01
2.801908830807877226e+00 1.402237478134767124e-01
2.818103893718070019e+00 1.409406060214931922e-01
2.834392564264522019e+00 1.410819583442006753e-01
2.850775383500368410e+00 1.415441580025774970e-01
2.867252895606037466e+00 1.408542240465052997e-01
2.883825647907329426e+00 1.401272692440097001e-01
2.900494190893583735e+00 1.424046122209634557e-01
2.917259078235983960e+00 1.426087877982075980e-01
2.934120866805935979e+00 1.391871641136218918e-01
2.951080116693567401e+00 1.400790299592762078e-01
2.968137391226336685e+00 1.428051104686346440e-01
2.985293256987731514e+00 1.446774678225931643e-01
3.002548283836107057e+00 1.442152681642163425e-01
3.019903044923603730e+00 1.430519161114572058e-01
3.037358116715186629e+00 1.394855745726710228e-01
3.054914079007794214e+00 1.349600565583698175e-01
3.072571514949601568e+00 1.327690955564039543e-01
3.090331011059376021e+00 1.310728676839142681e-01
3.108193157245980220e+00 1.309303935173757594e-01
3.126158546827951579e+00 1.287214830141137356e-01
3.144227776553216724e+00 1.278262516369663981e-01
3.162401446618910317e+00 1.278307390122904452e-01
3.180680160691316427e+00 1.258484409628927714e-01
3.199064525925907621e+00 1.249891085883378106e-01
3.217555152987530587e+00 1.252763006090767961e-01
3.236152656070678812e+00 1.269579445117633432e-01
3.254857652919894928e+00 1.307856756631752548e-01
3.273670764850296955e+00 1.320432625977393803e-01
3.292592616768199143e+00 1.276983614402310563e-01
3.311623837191892683e+00 1.230595371989976761e-01
3.330765058272506351e+00 1.233186831239613673e-01
3.350016915815009710e+00 1.262276241777746943e-01
3.369380049299332214e+00 1.277443570373025528e-01
3.388855101901607103e+00 1.279934063677871381e-01
3.408442720515521884e+00 1.303245978486294587e-01
3.428143555773827789e+00 1.326513019541477323e-01
3.447958262069935831e+00 1.339178636393599520e-01
3.467887497579658529e+00 1.330686278592840555e-01
3.487931924283071528e+00 1.354749828768041786e-01
3.508092207986506228e+00 1.403090079446336069e-01
3.528369018344649444e+00 1.405737630887523570e-01
3.548763028882812254e+00 1.385880995078616618e-01
3.569274917019284565e+00 1.383839239306175195e-01
3.589905364087840223e+00 1.397368675908176316e-01
3.610655055360374899e+00 1.454234939702159501e-01
3.631524680069651456e+00 1.470636296511550478e-01
3.652514931432215839e+00 1.424405112235558324e-01
3.673626506671410219e+00 1.417281403908633997e-01
3.694860107040534913e+00 1.401485842767989098e-01
3.716216437846141751e+00 1.355422935066648849e-01
3.737696208471465109e+00 1.313252825458919026e-01
3.759300132399972405e+00 1.282895731391742455e-01
3.781028927239082016e+00 1.284623370891500305e-01
3.802883314743989107e+00 1.248399033588132451e-01
3.824864020841640233e+00 1.238762395079741757e-01
3.846971775654848713e+00 1.258921928723022166e-01
3.869207313526548564e+00 1.260739315729260956e-01
3.891571373044171445e+00 1.206285016171953217e-01
3.914064697064205678e+00 1.157630649220975638e-01
3.936688032736852527e+00 1.151438071273790942e-01
3.959442131530850340e+00 1.144505076398138615e-01
3.982327749258438132e+00 1.154220243974699994e-01
4.005345646100446189e+00 1.164799231301140298e-01
4.028496586631570509e+00 1.192789234884882310e-01
4.051781339845751617e+00 1.167693588385150527e-01
4.075200679181723906e+00 1.147163846277636373e-01
4.098755382548707082e+00 1.128586112436082561e-01
4.122446232352245943e+00 1.127060404825906692e-01
4.146274015520188705e+00 1.140275725155224656e-01
4.170239523528843861e+00 1.144325581385176732e-01
4.194343552429258715e+00 1.154500704932452937e-01
4.218586902873665778e+00 1.157967202370279031e-01
4.242970380142073950e+00 1.145918599625213447e-01
4.267494794169023997e+00 1.126712633238293043e-01
4.292160959570472833e+00 1.120008494504167035e-01
4.316969695670882068e+00 1.108149483366542287e-01
4.341921826530410478e+00 1.089819677011642091e-01
4.367018180972294772e+00 1.082656704150632559e-01
4.392259592610382235e+00 1.086689732723119667e-01
4.417646899876805477e+00 1.081101828600850301e-01
4.443180946049855251e+00 1.106182891130778889e-01
4.468862579281975833e+00 1.155588893448534354e-01
4.494692652627942486e+00 1.167502874933878526e-01
4.520672024073195239e+00 1.157855017987177854e-01
4.546801556562344082e+00 1.150058203361646603e-01
4.573082118027814502e+00 1.143259829745715550e-01
4.599514581418703507e+00 1.153894909263706581e-01
4.626099824729760002e+00 1.189188116187334804e-01
4.652838731030551678e+00 1.212174696284764458e-01
4.679732188494796219e+00 1.213857462031282114e-01
4.706781090429870140e+00 1.183724736730307758e-01
4.733986335306464177e+00 1.166706365813860308e-01
4.761348826788450062e+00 1.159952865951169865e-01
4.788869473762884077e+00 1.150316227442779310e-01
4.816549190370198019e+00 1.145021124560404030e-01
4.844388896034566017e+00 1.111151537458329730e-01
4.872389515494448098e+00 1.104635868487813810e-01
4.900551978833287414e+00 1.107062416694292034e-01
4.928877221510434836e+00 1.084953118472713474e-01
4.957366184392200559e+00 1.051330337013461624e-01
4.986019813783113541e+00 1.024866041039895759e-01
5.014839061457356806e+00 9.974605180921108927e-02
5.043824884690362609e+00 1.023872087405619247e-01
5.072978246290641202e+00 1.045193851257827794e-01
5.102300114631742822e+00 9.785215505369712630e-02
5.131791463684423960e+00 9.521918758231266711e-02
5.161453273049005475e+00 9.515501811517879105e-02
5.191286527987911903e+00 9.285535044598790255e-02
5.221292219458380401e+00 8.861893158693841255e-02
5.251471344145405951e+00 8.871081059669826130e-02
5.281824904494829553e+00 8.759255666594580048e-02
5.312353908746639597e+00 8.609051996060422540e-02
5.343059370968462396e+00 8.759367850977681225e-02
5.373942311089249912e+00 8.878126238928579772e-02
5.405003754933139781e+00 8.770014148933982789e-02
5.436244734253559585e+00 8.792237875226324717e-02
5.467666286767478567e+00 8.946861610454666380e-02
5.499269456189878724e+00 8.928081944723531560e-02
5.531055292268432844e+00 8.760512131685313508e-02
5.563024850818350409e+00 8.711566085338272314e-02
5.595179193757479297e+00 8.756652988906632462e-02
5.627519389141558470e+00 8.715750562827946635e-02
5.660046511199702479e+00 8.561205356667775379e-02
5.692761640370078702e+00 8.704891114543752972e-02
5.725665863335805739e+00 8.727025093329614236e-02
5.758760273061025892e+00 8.637602921559671409e-02
5.792045968827241431e+00 8.505045854487328083e-02
5.825524056269808071e+00 8.218594250676800050e-02
5.859195647414667363e+00 8.354090548586393106e-02
5.893061860715279821e+00 8.394342305243093771e-02
5.927123821089786304e+00 8.297975920159188223e-02
5.961382659958350594e+00 8.489530754304436266e-02
5.995839515280771082e+00 8.448493706966028749e-02
6.030495531594262104e+00 8.514144007956832294e-02
6.065351860051475086e+00 8.617364858848219900e-02
6.100409658458743500e+00 8.404674486926710930e-02
6.135670091314512575e+00 8.172935206754623760e-02
6.171134329848062094e+00 8.335535251621460640e-02
6.206803552058381079e+00 8.478839582594895063e-02
6.242678942753306259e+00 8.486557868152255768e-02
6.278761693588877257e+00 8.589980650933225215e-02
6.315053003108923591e+00 8.534348415353354422e-02
6.351554076784851510e+00 8.536861345534821344e-02
6.388266127055725718e+00 8.359654893988212321e-02
6.425190373368511843e+00 8.175941748221736416e-02
6.462328042218596025e+00 8.296842857889866196e-02
6.499680367190518560e+00 8.138528256457494559e-02
6.537248588998957999e+00 7.908045441376140849e-02
6.575033955529916874e+00 8.037966175445605821e-02
6.613037721882214726e+00 7.715121957757058169e-02
6.651261150409145451e+00 7.432720210176482767e-02
6.689705510760421525e+00 7.397662590457367016e-02
6.728372079924347382e+00 7.348671670357086183e-02
6.767262142270216607e+00 7.426852966940290790e-02
6.806376989591010229e+00 7.535929842629560116e-02
6.845717921146279750e+00 7.945066287799527893e-02
6.885286243705309062e+00 8.286858447793862825e-02
6.925083271590525058e+00 8.114778822554977178e-02
6.965110326721157818e+00 7.763473426873662708e-02
7.005368738657123728e+00 7.615648065261250432e-02
7.045859844643230119e+00 7.419919972064639713e-02
7.086584989653569089e+00 7.229857190214636353e-02
7.127545526436194656e+00 7.325808493081067962e-02
7.168742815558059256e+00 7.144855083138880458e-02
7.210178225450215805e+00 7.177164185472016678e-02
7.251853132453240036e+00 7.137237763526310674e-02
7.293768920862992111e+00 7.053413592473116445e-02
7.335926982976571864e+00 7.093485854116854394e-02
7.378328719138569802e+00 7.090770992045805632e-02
7.420975537787583676e+00 7.332595648258688481e-02
7.463868855503007715e+00 7.492851039518709511e-02
7.507010097052058128e+00 7.378591245330168302e-02
7.550400695437144982e+00 7.320412424253901207e-02
7.594042091943437711e+00 7.342535184601452214e-02
7.637935736186750368e+00 7.262974020106102713e-02
7.682083086161699548e+00 7.129205361696266952e-02
7.726485608290103890e+00 6.984947463466471829e-02
7.771144777469737974e+00 6.993462258143851029e-02
7.816062077123293150e+00 6.819666211843516956e-02
7.861238999247660786e+00 6.691843325738044967e-02
7.906677044463489068e+00 6.511708861792495084e-02
7.952377722065040011e+00 1.289716541884293466e-01
7.998342550070284496e+00 8.048489070580495952e-02
