2.511886431509579437e-02 8.732679130433436132e-01
2.526405161860213050e-02 8.880460022822063149e-01
2.541007810627042562e-02 8.949763355243093299e-01
2.555694862859406516e-02 9.080060882679766854e-01
2.570466806410236227e-02 9.164380471131614581e-01
2.585324131952258450e-02 9.233064356291060815e-01
2.600267332994290678e-02 9.285236767891729137e-01
2.615296905897638788e-02 9.333030328160507594e-01
2.630413349892583852e-02 9.380695726926892020e-01
2.645617167094958117e-02 9.433498265914344039e-01
2.660908862522835469e-02 9.494439060303987432e-01
2.676288944113292337e-02 9.543514235596733952e-01
2.691757922739292791e-02 9.534959455311753374e-01
2.707316312226650673e-02 9.475545918825669656e-01
2.722964629371095457e-02 9.401521971066360006e-01
2.738703393955444973e-02 9.332421561024124568e-01
2.754533128766867636e-02 9.281990009831012634e-01
2.770454359614242176e-02 9.256144106847671305e-01
2.786467615345633933e-02 9.257212119367644876e-01
2.802573427865854422e-02 9.273242987292434902e-01
2.818772332154127064e-02 9.280473432052650518e-01
2.835064866281864979e-02 9.277750000126718799e-01
2.851451571430539678e-02 9.271139002628088210e-01
2.867932991909653145e-02 9.267016474300994178e-01
2.884509675174826843e-02 9.266578589167805413e-01
2.901182171845980567e-02 9.239600592913294053e-01
2.917951035725619563e-02 9.174505229820956176e-01
2.934816823817239240e-02 9.090271082370706690e-01
2.951780096343814899e-02 8.995217968093133232e-01
2.968841416766421215e-02 8.900389136444754046e-01
2.986001351802944001e-02 8.810644044391445773e-01
3.003260471446899879e-02 8.729133328867126895e-01
3.020619348986378766e-02 8.657159965146165037e-01
3.038078561023081769e-02 8.595407481241341685e-01
3.055638687491469066e-02 8.543747715650260588e-01
3.073300311678033025e-02 8.501401019233342238e-01
3.091064020240668481e-02 8.468474193242582215e-01
3.108930403228154019e-02 8.445597365064765327e-01
3.126900054099761295e-02 8.433251140333882789e-01
3.144973569744963920e-02 8.431948165059515166e-01
3.163151550503255638e-02 8.442297206378051033e-01
3.181434600184106232e-02 8.463283652395515722e-01
3.199823326087009728e-02 8.495815313753883879e-01
3.218318339021652985e-02 8.542989426761079530e-01
3.236920253328214730e-02 8.609003280620594056e-01
3.255629686897762443e-02 8.698417288792711366e-01
3.274447261192782455e-02 8.816261790246502361e-01
3.293373601267822470e-02 8.931254698271966497e-01
3.312409335790250653e-02 9.000429869190600396e-01
3.331555097061136145e-02 9.032577046041779800e-01
3.350811521036261426e-02 9.039860891427994316e-01
3.370179247347232510e-02 9.039690009424797834e-01
3.389658919322740410e-02 9.047582621947396486e-01
3.409251184009919750e-02 9.071869226651575469e-01
3.428956692195841288e-02 9.111300248888969389e-01
3.448776098429136294e-02 9.169827334983475797e-01
3.468710061041735404e-02 9.259038420776798395e-01
3.488759242170727526e-02 9.392390464020593521e-01
3.508924307780367929e-02 9.573119542650379010e-01
3.529205927684192501e-02 9.764165622223099916e-01
3.549604775567258980e-02 9.855662254809164358e-01
3.570121529008542238e-02 9.807964815667181702e-01
3.590756869503420462e-02 9.674100126413799350e-01
3.611511482486330638e-02 9.505225986755712064e-01
3.632386057353523962e-02 9.344447381999015922e-01
3.653381287485973905e-02 9.207335934684917067e-01
3.674497870272393912e-02 9.074272254821514894e-01
3.695736507132423021e-02 8.936103475112643357e-01
3.717097903539903075e-02 8.802089264106464084e-01
3.738582769046329413e-02 8.684287483153472209e-01
3.760191817304411876e-02 8.591648077171037956e-01
3.781925766091774610e-02 8.510329603900314011e-01
3.803785337334809891e-02 8.411805448932829776e-01
3.825771257132654091e-02 8.294986239498212122e-01
3.847884255781295476e-02 8.170477339919790527e-01
3.870125067797849233e-02 8.054341658497955470e-01
3.892494431944945599e-02 7.954151403999314418e-01
3.914993091255265789e-02 7.863626662806425527e-01
3.937621793056233360e-02 7.775205906277883328e-01
3.960381288994833243e-02 7.690758156323639350e-01
3.983272335062570252e-02 7.613540851129610987e-01
4.006295691620595512e-02 7.548135764406480597e-01
4.029452123424955012e-02 7.498120738096157867e-01
4.052742399651988042e-02 7.463271489569446304e-01
4.076167293923887297e-02 7.444036584084737784e-01
4.099727584334383890e-02 7.440864586900418631e-01
4.123424053474603751e-02 7.444549230094325010e-01
4.147257488459059338e-02 7.433164216631416021e-01
4.171228680951784978e-02 7.398197486727509098e-01
4.195338427192649156e-02 7.351781662609494505e-01
4.219587528023795858e-02 7.304607549602298855e-01
4.243976788916238585e-02 7.265048365862508684e-01
4.268507019996626434e-02 7.224965855987932617e-01
4.293179036074151744e-02 7.177802423105935636e-01
4.317993656667604152e-02 7.132988617767879180e-01
4.342951706032609216e-02 7.096387828708414780e-01
4.368054013188996804e-02 7.072656590514619923e-01
4.393301411948334623e-02 7.061228856550911814e-01
4.418694740941636612e-02 7.052353672509938942e-01
4.444234843647213579e-02 7.040584174539840090e-01
4.469922568418681352e-02 7.030683698479691657e-01
4.495758768513159753e-02 7.026956334784988378e-01
4.521744302119593689e-02 7.029968130091310829e-01
4.547880032387276866e-02 7.041737628061409682e-01
4.574166827454511502e-02 7.061399738554107186e-01
4.600605560477452616e-02 7.089253505074997186e-01
4.627197109659098723e-02 7.125277567373676790e-01
4.653942358278480296e-02 7.161675434054347589e-01
4.680842194719982141e-02 7.200134564898565959e-01
4.707897512502866311e-02 7.247084395276567337e-01
4.735109210310945588e-02 7.308665997178194207e-01
4.762478192022426976e-02 7.370279639455421528e-01
4.790005366739954334e-02 7.428304759665539381e-01
4.817691648820784933e-02 7.500011120256510067e-01
4.845537957907175564e-02 7.594444787272497388e-01
4.873545218956924774e-02 7.700626592008187332e-01
4.901714362274099679e-02 7.788278379522349804e-01
4.930046323539925834e-02 7.858179798954564310e-01
4.958542043843887359e-02 7.929223991783150849e-01
4.987202469714965836e-02 8.019214726716054065e-01
5.016028553153097091e-02 8.119725384970686299e-01
5.045021251660784106e-02 8.187170375606964701e-01
5.074181528274907677e-02 8.210100604410778269e-01
5.103510351598705003e-02 8.214532856368664815e-01
5.133008695833959217e-02 8.202026429759785575e-01
5.162677540813340182e-02 8.176191206901645137e-01
5.192517872032970105e-02 8.161313792498423592e-01
5.222530680685147364e-02 8.171993917698152643e-01
5.252716963691266006e-02 8.223108996904047174e-01
5.283077723734942721e-02 8.317766946549229878e-01
5.313613969295318679e-02 8.455946406383302305e-01
5.344326714680543849e-02 8.643649606768509797e-01
5.375216980061491706e-02 8.862047486977734367e-01
5.406285791505632127e-02 9.098441378148497405e-01
5.437534181011107609e-02 9.366245517531660569e-01
5.468963186541032917e-02 9.644868623742147706e-01
5.500573852057948770e-02 9.796611842579873164e-01
5.532367227558519784e-02 9.774973908925225219e-01
5.564344369108398941e-02 9.678318775867692514e-01
5.596506338877313413e-02 9.561125762051084775e-01
5.628854205174332881e-02 9.445641568266432975e-01
5.661389042483377931e-02 9.333275971040102537e-01
5.694111931498885282e-02 9.238244217012927528e-01
5.727023959161724881e-02 9.149866180985184450e-01
5.760126218695296035e-02 9.038536555903227132e-01
5.793419809641841417e-02 8.904746627526243241e-01
5.826905837898961604e-02 8.766599208067770155e-01
5.860585415756369709e-02 8.644546737285286886e-01
5.894459661932811845e-02 8.539400904693972283e-01
5.928529701613251268e-02 8.452881210450979843e-01
5.962796666486229469e-02 8.390135474902583601e-01
5.997261694781454155e-02 8.353716247971512132e-01
6.031925931307623168e-02 8.344040054540560192e-01
6.066790527490428103e-02 8.364182770667244471e-01
6.101856641410823012e-02 8.419495139076632606e-01
6.137125437843479747e-02 8.509934439267923256e-01
6.172598088295483398e-02 8.642485473121739314e-01
6.208275771045231733e-02 8.799504673808130617e-01
6.244159671181598315e-02 8.902322239105905366e-01
6.280250980643269088e-02 8.918470588407894084e-01
6.316550898258359303e-02 8.876572457249363168e-01
6.353060629784218483e-02 8.790576089141158844e-01
6.389781387947492119e-02 8.689574145127336724e-01
6.426714392484385308e-02 8.606877935705848914e-01
6.463860870181208085e-02 8.557802760413101284e-01
6.501222054915094251e-02 8.535171575114879339e-01
6.538799187695008841e-02 8.536164826758454449e-01
6.576593516702965159e-02 8.557621198284706132e-01
6.614606297335466623e-02 8.594029745090576711e-01
6.652838792245242827e-02 8.651243175785516826e-01
6.691292271383147972e-02 8.723152458755280003e-01
6.729968012040381253e-02 8.766107922308582490e-01
6.768867298890894613e-02 8.755320995856857857e-01
6.807991424034069705e-02 8.724498154530445637e-01
6.847341687037629410e-02 8.702582537620605629e-01
6.886919394980822728e-02 8.695619095990383407e-01
6.926725862497820629e-02 8.718207560787806232e-01
6.966762411821400547e-02 8.760757179583519294e-01
7.007030372826857090e-02 8.812481025925799072e-01
7.047531083076181979e-02 8.902557201860299418e-01
7.088265887862478520e-02 9.047401059819001334e-01
7.129236140254673060e-02 9.237646130001743172e-01
7.170443201142430445e-02 9.450682587360704767e-01
7.211888439281383123e-02 9.518875186760963336e-01
7.253573231338585059e-02 9.384316289369598607e-01
7.295498961938230720e-02 9.192853684914087387e-01
7.337667023707672431e-02 9.052922684547259902e-01
7.380078817323644513e-02 8.982604740232256191e-01
7.422735751558823258e-02 8.971785773404931108e-01
7.465639243328600627e-02 8.991180880767636330e-01
7.508790717738160481e-02 9.017731672014159816e-01
7.552191608129793510e-02 9.046685491430619397e-01
7.595843356130543844e-02 9.065621353409736294e-01
7.639747411700059665e-02 9.097394725878924504e-01
7.683905233178781047e-02 9.104902853894333292e-01
7.728318287336367887e-02 9.021779439464855388e-01
7.772988049420428980e-02 8.880759066327654772e-01
7.817916003205507836e-02 8.729496453123918309e-01
7.863103641042397396e-02 8.590216940394272971e-01
7.908552463907676799e-02 8.477851343167942533e-01
7.954263981453599253e-02 8.385777983821094406e-01
8.000239712058217212e-02 8.303829383163585653e-01
8.046481182875830918e-02 8.230937528675447146e-01
8.092989929887701994e-02 8.146041213462815733e-01
8.139767497953076525e-02 8.053124124225187197e-01
8.186815440860513438e-02 7.973044545477631084e-01
8.234135321379483508e-02 7.914731061887120278e-01
8.281728711312283386e-02 7.886994776743427860e-01
8.329597191546232737e-02 7.875513642153721960e-01
8.377742352106211376e-02 7.861640159519276416e-01
8.426165792207447602e-02 7.844616039950910169e-01
8.474869120308657633e-02 7.837171992686700062e-01
8.523853954165466762e-02 7.866446215859153046e-01
8.573121920884146929e-02 7.933709644367036296e-01
8.622674656975649887e-02 8.043319769291836785e-01
8.672513808409994251e-02 8.195799916768343740e-01
8.722641030670905127e-02 8.380897166604819315e-01
8.773057988810836760e-02 8.572744255567519289e-01
8.823766357506258873e-02 8.676523032133270918e-01
8.874767821113291322e-02 8.682001936360730365e-01
8.926064073723644077e-02 8.599049403934447833e-01
8.977656819220893036e-02 8.429203372883184997e-01
9.029547771337091688e-02 8.262774981895834037e-01
9.081738653709675591e-02 8.136674743662652975e-01
9.134231199938727674e-02 8.049492881657279719e-01
9.187027153644546085e-02 7.978000123570304636e-01
9.240128268525588107e-02 7.903495570177008211e-01
9.293536308416693037e-02 7.820521677500325008e-01
9.347253047347692245e-02 7.719402252109307527e-01
9.401280269602330097e-02 7.616627407312331899e-01
9.455619769777530437e-02 7.534166160645238142e-01
9.510273352842993355e-02 7.473748692390379533e-01
9.565242834201181932e-02 7.355530386554598454e-01
9.620530039747586526e-02 7.168307791803378848e-01
9.676136805931405405e-02 7.023795017725867895e-01
9.732064979816532069e-02 6.931059490616635621e-01
9.788316419142908953e-02 6.877466622364403204e-01
9.844892992388228070e-02 6.858626881512084328e-01
9.901796578830000806e-02 6.854579114061388756e-01
9.959029068607995472e-02 6.832556695899550947e-01
1.001659236278700377e-01 6.788597300577472460e-01
1.007448837341998471e-01 6.755029667074730071e-01
1.013271902361159299e-01 6.753449008545170384e-01
1.019128624758204177e-01 6.788308937197080617e-01
1.025019199073136378e-01 6.889503123464496559e-01
1.030943820970401520e-01 7.069206910075107597e-01
1.036902687245389171e-01 7.313974019402459392e-01
1.042895995830967204e-01 7.602850045804683266e-01
1.048923945804057928e-01 7.896072883163196554e-01
1.054986737392250712e-01 8.102647864776323372e-01
1.061084571980452224e-01 8.134346476369113121e-01
1.067217652117575799e-01 7.935557306026588265e-01
1.073386181523270227e-01 7.659711032368031747e-01
1.079590365094685589e-01 7.387506681402581377e-01
1.085830408913279893e-01 7.160276337653184164e-01
1.092106520251663743e-01 6.979088013639810351e-01
1.098418907580486492e-01 6.834233475555907544e-01
1.104767780575359459e-01 6.718610440143659712e-01
1.111153350123821049e-01 6.614735542451112282e-01
1.117575828332342536e-01 6.465940038168511705e-01
1.124035428533372433e-01 6.303869138262648830e-01
1.130532365292423180e-01 6.178431067791851916e-01
1.137066854415197809e-01 6.095596016742766965e-01
1.143639112954759340e-01 6.025790718437349369e-01
1.150249359218739331e-01 5.928088933110243763e-01
1.156897812776589568e-01 5.820540072348989735e-01
1.163584694466876512e-01 5.716184569022454420e-01
1.170310226404614878e-01 5.626183153964352535e-01
1.177074631988646730e-01 5.571575673818146557e-01
1.183878135909062629e-01 5.535797254399059675e-01
1.190720964154663303e-01 5.487437647494693982e-01
1.197603344020467531e-01 5.443627773925413527e-01
1.204525504115261381e-01 5.409558174538282582e-01
1.211487674369193246e-01 5.381715088142593473e-01
1.218490086041408849e-01 5.357257601435218008e-01
1.225532971727734816e-01 5.308609631150460473e-01
1.232616565368404721e-01 5.237277074941480981e-01
1.239741102255828148e-01 5.159653924989863194e-01
1.246906819042407494e-01 5.086067862363742309e-01
1.254113953748399735e-01 5.012919684870810189e-01
1.261362745769819826e-01 4.924392127090269633e-01
1.268653435886395453e-01 4.803407668827759380e-01
1.275986266269562852e-01 4.651707170490832488e-01
1.283361480490512463e-01 4.498191050869952412e-01
1.290779323528278288e-01 4.359296022647498048e-01
1.298240041777875831e-01 4.244014751241640959e-01
1.305743883058487209e-01 4.151952072019992057e-01
1.313291096621690413e-01 4.074713406575563579e-01
1.320881933159741561e-01 4.009543282606827796e-01
1.328516644813900749e-01 3.953526025934258614e-01
1.336195485182806453e-01 3.910410360502959426e-01
1.343918709330900185e-01 3.889520035612292759e-01
1.351686573796898327e-01 3.892286188039021932e-01
1.359499336602315311e-01 3.912888149549295647e-01
1.367357257260030934e-01 3.939684583675411300e-01
1.375260596782912625e-01 3.937836922015858776e-01
1.383209617692485738e-01 3.892467750167417639e-01
1.391204584027652402e-01 3.839910854059559453e-01
1.399245761353461737e-01 3.806887906942001965e-01
1.407333416769932510e-01 3.789906507874435393e-01
1.415467818920924381e-01 3.770415279384933815e-01
1.423649238003061035e-01 3.730183247757560827e-01
1.431877945774705507e-01 3.680349783575633249e-01
1.440154215564987683e-01 3.638547773543899799e-01
1.448478322282882313e-01 3.612723230810959696e-01
1.456850542426340045e-01 3.603591723765193211e-01
1.465271154091474515e-01 3.594983542854212621e-01
1.473740436981796631e-01 3.558863359428734441e-01
1.482258672417506584e-01 3.494269962220784009e-01
1.490826143344838317e-01 3.430712537157206699e-01
1.499443134345459228e-01 3.392178645436590978e-01
1.508109931645919832e-01 3.374043792847453704e-01
1.516826823127164214e-01 3.362754900511342182e-01
1.525594098334091819e-01 3.349490185013280219e-01
1.534412048485173929e-01 3.322512188758769414e-01
1.543280966482127869e-01 3.299464478577757709e-01
1.552201146919646169e-01 3.291422344302363245e-01
1.561172886095181789e-01 3.299079994070567845e-01
1.570196482018790252e-01 3.323024834768356084e-01
1.579272234423027277e-01 3.362284975002554077e-01
1.588400444772908315e-01 3.404973435425863726e-01
1.597581416275917487e-01 3.427059934338900216e-01
1.606815453892082024e-01 3.403029652639513736e-01
1.616102864344102497e-01 3.368960053252383346e-01
1.625443956127538836e-01 3.359764465455418181e-01
1.634839039521058524e-01 3.380868392850079340e-01
1.644288426596743347e-01 3.423813176278183157e-01
1.653792431230455828e-01 3.445568591310027018e-01
1.663351369112262834e-01 3.444126774408063918e-01
1.672965557756923849e-01 3.444158814783663258e-01
1.682635316514438095e-01 3.449114392876336810e-01
1.692360966580649384e-01 3.464888937796334334e-01
1.702142831007917856e-01 3.494857369106769140e-01
1.711981234715850009e-01 3.541102311221588361e-01
1.721876504502090899e-01 3.597760375406142130e-01
1.731828969053178791e-01 3.656682626133037073e-01
1.741838958955464201e-01 3.716630168879107021e-01
1.751906806706090836e-01 3.774986372970416948e-01
1.762032846724038426e-01 3.837828229645612321e-01
1.772217415361232173e-01 3.907046121065044786e-01
1.782460850913716033e-01 3.979201046914402906e-01
1.792763493632887617e-01 4.061470051327902286e-01
1.803125685736800821e-01 4.161649625701344113e-01
1.813547771421535060e-01 4.282142798204667811e-01
1.824030096872625850e-01 4.415452120947664372e-01
1.834573010276564775e-01 4.498393973248747124e-01
1.845176861832364401e-01 4.503936958227405252e-01
1.855842003763193415e-01 4.474833617058148194e-01
1.866568790328071992e-01 4.422031078070696175e-01
1.877357577833641822e-01 4.364037998236177107e-01
1.888208724646001924e-01 4.305841996022863327e-01
1.899122591202609955e-01 4.249589776595899537e-01
1.910099540024255971e-01 4.188563541204657348e-01
1.921139935727104175e-01 4.119409730536423009e-01
1.932244145034804905e-01 4.057699967132398777e-01
1.943412536790674328e-01 4.028180101080351960e-01
1.954645481969946030e-01 4.041893381836801913e-01
1.965943353692096995e-01 4.107821794694718753e-01
1.977306527233236300e-01 4.244324474872433473e-01
1.988735380038573475e-01 4.409962536595004590e-01
2.000230291734956534e-01 4.470080961344269355e-01
2.011791644143479663e-01 4.417961950369599933e-01
2.023419821292166965e-01 4.337017281480867181e-01
2.035115209428728922e-01 4.264157467368326904e-01
2.046878197033392410e-01 4.199542709909976912e-01
2.058709174831803157e-01 4.152603559657175314e-01
2.070608535808005912e-01 4.112499689532199687e-01
2.082576675217497619e-01 4.063969200624638067e-01
2.094613990600355524e-01 4.009799605611621409e-01
2.106720881794442723e-01 3.964045949255989854e-01
2.118897750948690872e-01 3.924540166142198583e-01
2.131145002536455058e-01 3.874407658454678272e-01
2.143463043368951104e-01 3.815581528854580240e-01
2.155852282608767823e-01 3.758955505045625811e-01
2.168313131783459469e-01 3.712358118799216067e-01
2.180846004799212312e-01 3.684045106894738297e-01
2.193451317954595303e-01 3.675671888738152315e-01
2.206129489954388734e-01 3.670855152273075350e-01
2.218880941923488948e-01 3.648170566348854504e-01
2.231706097420899648e-01 3.589077433618763635e-01
2.244605382453801201e-01 3.514562200100265765e-01
2.257579225491697927e-01 3.461567418859218814e-01
2.270628057480653939e-01 3.439064395063393675e-01
2.283752311857605299e-01 3.448121141232762810e-01
2.296952424564759343e-01 3.489848390388096688e-01
2.310228834064072811e-01 3.536007891501318223e-01
2.323581981351817149e-01 3.567322018586918664e-01
2.337012309973229007e-01 3.595175785107808109e-01
2.350520266037238737e-01 3.618009892784824766e-01
2.364106298231291869e-01 3.634916530975992877e-01
2.377770857836252472e-01 3.675404885608159478e-01
2.391514398741393099e-01 3.775680581108399325e-01
2.405337377459470793e-01 3.919670029051122717e-01
2.419240253141889951e-01 3.994110501693221571e-01
2.433223487593957901e-01 3.986890737058206291e-01
2.447287545290218747e-01 3.977695149261240570e-01
2.461432893389885190e-01 3.984829472894658720e-01
2.475660001752356676e-01 3.992871607170053738e-01
2.489969342952823017e-01 3.998126228768320023e-01
2.504361392297964617e-01 4.016731006866244846e-01
2.518836627841739007e-01 4.066446989670975398e-01
2.533395530401260642e-01 4.157185333367858782e-01
2.548038583572773130e-01 4.281704913071479601e-01
2.562766273747711931e-01 4.448656630193616457e-01
2.577579090128856998e-01 4.687987555794306260e-01
2.592477524746588102e-01 4.951508964972377580e-01
2.607462072475227322e-01 5.045899911487568001e-01
2.622533231049470337e-01 5.020929778770605312e-01
2.637691501080930423e-01 5.040634609764101937e-01
2.652937386074759596e-01 5.063778441071911107e-01
2.668271392446371348e-01 5.017597579708290567e-01
2.683694029538270520e-01 4.969088451051128508e-01
2.699205809636965880e-01 4.945613535862128374e-01
2.714807247989985406e-01 4.948646691418850385e-01
2.730498862822996475e-01 4.977055824450125621e-01
2.746281175357012105e-01 5.032250711482315619e-01
2.762154709825712651e-01 5.092817701489970039e-01
2.778119993492854656e-01 5.153502172874819820e-01
2.794177556669779627e-01 5.233047745362389147e-01
2.810327932733039380e-01 5.334743897514193645e-01
2.826571658142107979e-01 5.456475964540685730e-01
2.842909272457196934e-01 5.569247406524605593e-01
2.859341318357184192e-01 5.677928360557030762e-01
2.875868341657639160e-01 5.789524988768981473e-01
2.892490891328946545e-01 5.933930961594494624e-01
2.909209519514548425e-01 6.139074806430856457e-01
2.926024781549284581e-01 6.360548562697602160e-01
2.942937235977828858e-01 6.523003947110653788e-01
2.959947444573255426e-01 6.622564074222512254e-01
2.977055972355692748e-01 6.721878558454776886e-01
2.994263387611086902e-01 6.849612855843515424e-01
3.011570261910088142e-01 7.020121054657161297e-01
3.028977170127025720e-01 7.227603846912263874e-01
3.046484690459013711e-01 7.425378405360814060e-01
3.064093404445150659e-01 7.541268443903055285e-01
3.081803896985833569e-01 7.587865830149466140e-01
3.099616756362194026e-01 7.634132132514684921e-01
3.117532574255635347e-01 7.582888891806393028e-01
3.135551945767480198e-01 7.405545412864921184e-01
3.153675469438748658e-01 7.187425215910890897e-01
3.171903747270033436e-01 7.002926053085600788e-01
3.190237384741493876e-01 6.895996639585930676e-01
3.208676990832974307e-01 6.851140113747076210e-01
3.227223178044230090e-01 6.827846760686471228e-01
3.245876562415266342e-01 6.849666256469513215e-01
3.264637763546810456e-01 6.913394563536285897e-01
3.283507404620888970e-01 7.016970417723241704e-01
3.302486112421523790e-01 7.198852949874599005e-01
3.321574517355558864e-01 7.450476699580174111e-01
3.340773253473591775e-01 7.830507594562070572e-01
3.360082958491044103e-01 8.435931851759013167e-01
3.379504273809338932e-01 9.180560860809201529e-01
3.399037844537201591e-01 9.615306037189300659e-01
3.418684319512097503e-01 9.477286779233224934e-01
3.438444351321779946e-01 9.036304409736484189e-01
3.458318596325960503e-01 8.609654768257777313e-01
3.478307714678123830e-01 8.258161167809551229e-01
3.498412370347446232e-01 7.990047304795596661e-01
3.518633231140849693e-01 7.755148631152795069e-01
3.538970968725191901e-01 7.523016109936722096e-01
3.559426258649572294e-01 7.318481032236743289e-01
3.579999780367765227e-01 7.148400038431086401e-01
3.600692217260801353e-01 6.985528129135245567e-01
3.621504256659661136e-01 6.864212586991542686e-01
3.642436589868098817e-01 6.854344151306994704e-01
3.663489912185618480e-01 6.874113063051690009e-01
3.684664922930561692e-01 6.699663898039344145e-01
3.705962325463332818e-01 6.395792975856702256e-01
3.727382827209774208e-01 6.147480064963042334e-01
3.748927139684648524e-01 6.035830036125092724e-01
3.770595978515288715e-01 6.028321908109683935e-01
3.792390063465359562e-01 6.078358294670406226e-01
3.814310118458763554e-01 6.188694668108789543e-01
3.836356871603694985e-01 6.356564875998103048e-01
3.858531055216822825e-01 6.576885178743278049e-01
3.880833405847607942e-01 6.827430235803680914e-01
3.903264664302779630e-01 7.077441286604098103e-01
3.925825575670940371e-01 7.321161743661875887e-01
3.948516889347303827e-01 7.519972274254799194e-01
3.971339359058604912e-01 7.645164701846003386e-01
3.994293742888124776e-01 7.660330479629615663e-01
4.017380803300868997e-01 7.546587146252520251e-01
4.040601307168905088e-01 7.393028306130841054e-01
4.063956025796829352e-01 7.237205279466819574e-01
4.087445734947380283e-01 7.091902176124529333e-01
4.111071214867221824e-01 6.939005503765232064e-01
4.134833250312844322e-01 6.813706274922032291e-01
4.158732630576643108e-01 6.717894871755277775e-01
4.182770149513134750e-01 6.666416668292592940e-01
4.206946605565314856e-01 6.702964056726059550e-01
4.231262801791195738e-01 6.723758260489929306e-01
4.255719545890473410e-01 6.706969103675957111e-01
4.280317650231349469e-01 6.790028437354236335e-01
4.305057931877529498e-01 7.016842256220845453e-01
4.329941212615355806e-01 7.153088613393767670e-01
4.354968318981098929e-01 7.050719613354380355e-01
4.380140082288422887e-01 6.852571250523840085e-01
4.405457338655994204e-01 6.694601518694672793e-01
4.430920929035247480e-01 6.623792288620480306e-01
4.456531699238333033e-01 6.568458559960693721e-01
4.482290499966203323e-01 6.455687117976772749e-01
4.508198186836865351e-01 6.339807759559731304e-01
4.534255620413813470e-01 6.228702417106968259e-01
4.560463666234608748e-01 6.130851110027066841e-01
4.586823194839622087e-01 6.101416684976618265e-01
4.613335081800964965e-01 6.137312585772901619e-01
4.640000207751556194e-01 6.198413582040541714e-01
4.666819458414390720e-01 6.282701130116788990e-01
4.693793724631949438e-01 6.368729538600592655e-01
4.720923902395786631e-01 6.455676437851572969e-01
4.748210892876304490e-01 6.541555324582580822e-01
4.775655602452679171e-01 6.558793046654940451e-01
4.803258942742961168e-01 6.505114737401110903e-01
4.831021830634371073e-01 6.410755831261519821e-01
4.858945188313745223e-01 6.271262716027882211e-01
4.887029943298164536e-01 6.067389806090286442e-01
4.915277028465775411e-01 5.822644057013336427e-01
4.943687382086768833e-01 5.549339653152313145e-01
4.972261947854541564e-01 5.338150857452905740e-01
5.001001674917054940e-01 5.201028730013607104e-01
5.029907517908354109e-01 5.122316207291616186e-01
5.058980436980275996e-01 5.118610203847311357e-01
5.088221397834349347e-01 5.154014818884408156e-01
5.117631371753864622e-01 5.219783029864328849e-01
5.147211335636141527e-01 5.275650764784102220e-01
5.176962272024980827e-01 5.304860907205356524e-01
5.206885169143288250e-01 5.356040067162448626e-01
5.236981020925914887e-01 5.428643558270195291e-01
5.267250827052667450e-01 5.463823890678096706e-01
5.297695592981502832e-01 5.488569740765866234e-01
5.328316329981945820e-01 5.545708410584406778e-01
5.359114055168668900e-01 5.637717689180057334e-01
5.390089791535270791e-01 5.751055177799563323e-01
5.421244567988269258e-01 5.863687778155888264e-01
5.452579419381275994e-01 5.953507631085594998e-01
5.484095386549359130e-01 6.064164408279969498e-01
5.515793516343632241e-01 6.154037661835675133e-01
5.547674861666017643e-01 6.231436529158098647e-01
5.579740481504216199e-01 6.304499265649433637e-01
5.611991440966896949e-01 6.327685817458040818e-01
5.644428811319066597e-01 6.332929758931107322e-01
5.677053670017649933e-01 6.344453614021612342e-01
5.709867100747291202e-01 6.325442991166098095e-01
5.742870193456336425e-01 6.243024464999802348e-01
5.776064044393048880e-01 6.142172042738778259e-01
5.809449756142023302e-01 6.043850810150087627e-01
5.843028437660793273e-01 5.964967405424902447e-01
5.876801204316687288e-01 5.890601693659200944e-01
5.910769177923870243e-01 5.831017275169921854e-01
5.944933486780595855e-01 5.778844863569254642e-01
5.979295265706701112e-01 5.697996315807317691e-01
6.013855656081297241e-01 5.545078283197623081e-01
6.048615805880666052e-01 5.350785445564183451e-01
6.083576869716416091e-01 5.119571415115286017e-01
6.118740008873820857e-01 4.908339898915080046e-01
6.154106391350390171e-01 4.811471163353552849e-01
6.189677191894675801e-01 4.835255802173346051e-01
6.225453592045292472e-01 4.926218428499423707e-01
6.261436780170150929e-01 5.024432859836115428e-01
6.297627951505950783e-01 5.105697932480840473e-01
6.334028308197864332e-01 5.178376184464985599e-01
6.370639059339481269e-01 5.202790950671561943e-01
6.407461421012968783e-01 5.213236113116895831e-01
6.444496616329448146e-01 5.251118517200328295e-01
6.481745875469649976e-01 5.273012773859768743e-01
6.519210435724759334e-01 5.243322025804527664e-01
6.556891541537508417e-01 5.169693242677607659e-01
6.594790444543533470e-01 5.094622642648723998e-01
6.632908403612935988e-01 4.998405394724380613e-01
6.671246684892090384e-01 4.893088680129869528e-01
6.709806561845721440e-01 4.839431731126439540e-01
6.748589315299192704e-01 4.878211265726649648e-01
6.787596233481042463e-01 4.966407739625997020e-01
6.826828612065795054e-01 5.047790293647919091e-01
6.866287754216984229e-01 5.116452818556966875e-01
6.905974970630435195e-01 5.149091281167332834e-01
6.945891579577818664e-01 5.156471247680344261e-01
6.986038906950429173e-01 5.145641600727821618e-01
7.026418286303216520e-01 5.130913708077396995e-01
7.067031058899108098e-01 5.138165513088012171e-01
7.107878573753529938e-01 5.175631392288655430e-01
7.148962187679240854e-01 5.200900568511210853e-01
7.190283265331394169e-01 5.138667478972399616e-01
7.231843179252852583e-01 5.031535143093933682e-01
7.273643309919801681e-01 4.918646219732816793e-01
7.315685045787596597e-01 4.821745443795691366e-01
7.357969783336865133e-01 4.717101577088762543e-01
7.400498927119919523e-01 4.508080846804899400e-01
7.443273889807401344e-01 4.245136164387612876e-01
7.486296092235191768e-01 4.037845614386105231e-01
7.529566963451627126e-01 3.922756585233844184e-01
7.573087940764960946e-01 3.897807812767280500e-01
7.616860469791092436e-01 3.883592566126443657e-01
7.660886004501606950e-01 3.810828873140701401e-01
7.705166007272060691e-01 3.730599772640350587e-01
7.749701948930545203e-01 3.729104555112388031e-01
7.794495308806568268e-01 3.779301143551106468e-01
7.839547574780165728e-01 3.843114891619477391e-01
7.884860243331343055e-01 3.930734638758040522e-01
7.930434819589780027e-01 3.975324161466901596e-01
7.976272817384808533e-01 3.968008275705088295e-01
8.022375759295721220e-01 3.958812687908123684e-01
8.068745176702336597e-01 3.920673960819897053e-01
8.115382609835852801e-01 3.820387585194457425e-01
8.162289607830032212e-01 3.684525712528726182e-01
8.209467728772645856e-01 3.557966228911957351e-01
8.256918539757219788e-01 3.471361093667368891e-01
8.304643616935105666e-01 3.394923437612920591e-01
8.352644545567829981e-01 3.277548861667917701e-01
8.400922920079733069e-01 3.173855526103764868e-01
8.449480344110958940e-01 3.145670675701684460e-01
8.498318430570707127e-01 3.194414767113240017e-01
8.547438801690798726e-01 3.255067198122491012e-01
8.596843089079587719e-01 3.263707419409070942e-01
8.646532933776126528e-01 3.259723732709572386e-01
8.696509986304700179e-01 3.288442589371639024e-01
8.746775906729644667e-01 3.332850549952105501e-01
8.797332364710471753e-01 3.368960053252383346e-01
8.848181039557355687e-01 3.382363610378041341e-01
8.899323620286901937e-01 3.364837524925288759e-01
8.950761805678236760e-01 3.347332799722935737e-01
9.002497304329459826e-01 3.341939336497073421e-01
9.054531834714387717e-01 3.348571694246104125e-01
9.106867125239620497e-01 3.346659951835352920e-01
9.159504914301977996e-01 3.318816865439663810e-01
9.212446950346235841e-01 3.256177931143263149e-01
9.265694991923183466e-01 3.175671147387718607e-01
9.319250807748065135e-01 3.083651188666868270e-01
9.373116176759319629e-01 2.999854926349807549e-01
9.427292888177655206e-01 2.952723533843410464e-01
9.481782741565508710e-01 2.940249147610129454e-01
9.536587546886805544e-01 2.936767426795018343e-01
9.591709124567069367e-01 2.953716785486985574e-01
9.647149305553922582e-01 3.000880218368981445e-01
9.702909931377862174e-01 3.060069472225870335e-01
9.758992854213467405e-01 3.105353203072713786e-01
9.815399936940907288e-01 3.119995654721540168e-01
9.872133053207802211e-01 3.157012968663794883e-01
9.929194087491489684e-01 3.196315829398791442e-01
9.986584935161608723e-01 3.210178631908037761e-01
1.004430750254303728e+00 3.227832878863186594e-01
1.010236370697924935e+00 3.256412893897657201e-01
1.016075547689597958e+00 3.271471870429272233e-01
1.021948475186527761e+00 3.301290779986911228e-01
1.027855348266994762e+00 3.359476102075025783e-01
1.033796363136834096e+00 3.439491600071382660e-01
1.039771717135951290e+00 3.567984186349301701e-01
1.045781608744880131e+00 3.726082079680865244e-01
1.051826237591374280e+00 3.891057973641052770e-01
1.057905804457035748e+00 4.033712405933810863e-01
1.064020511283988890e+00 4.145426515522958599e-01
1.070170561181583713e+00 4.235609492709456192e-01
1.076356158433145582e+00 4.314749220439435540e-01
1.082577508502760022e+00 4.364016637985777547e-01
1.088834818042095476e+00 4.482587387953150260e-01
1.095128294897270704e+00 4.645106853117401124e-01
1.101458148115757263e+00 4.848648679173804266e-01
1.107824587953321727e+00 5.084764887089375796e-01
1.114227825881013212e+00 5.336100273414557948e-01
1.120668074592185315e+00 5.493034033099351010e-01
1.127145548009560017e+00 5.549692097283904779e-01
1.133660461292336441e+00 5.524454961436949807e-01
1.140213030843336250e+00 5.409259131032689849e-01
1.146803474316190341e+00 5.297352779189947736e-01
1.153432010622570836e+00 5.293272971363651713e-01
1.160098859939462601e+00 5.317612976693830706e-01
1.166804243716473621e+00 5.374538044008376758e-01
1.173548384683194445e+00 5.491933980203779209e-01
1.180331506856595603e+00 5.699908058218069451e-01
1.187153835548465874e+00 5.789290026014587420e-01
1.194015597372901416e+00 5.807467599104523259e-01
1.200917020253827294e+00 5.829863821648351152e-01
1.207858333432573428e+00 5.749357037892807165e-01
1.214839767475487387e+00 5.575538000267244998e-01
1.221861554281590267e+00 5.390686393310364366e-01
1.228923927090283863e+00 5.252603054603089960e-01
1.236027120489096909e+00 5.116880023564955859e-01
1.243171370421473965e+00 5.008519473288521873e-01
1.250356914194617142e+00 5.035978075177021118e-01
1.257583990487367132e+00 5.093095384745163212e-01
1.264852839358128644e+00 5.222709384169054170e-01
1.272163702252848472e+00 5.280777224879970033e-01
1.279516822013033517e+00 5.165517313724513615e-01
1.286912442883815677e+00 5.081699691157053334e-01
1.294350810522067352e+00 5.035753792547826846e-01
1.301832172004561583e+00 5.075505218541211949e-01
1.309356775836174380e+00 5.107748516519189375e-01
1.316924871958146337e+00 5.067249481761822993e-01
1.324536711756377994e+00 5.042033706165266471e-01
1.332192548069784932e+00 5.023129884561748915e-01
1.339892635198694837e+00 4.932647863869659144e-01
1.347637228913291185e+00 4.803290187450561799e-01
1.355426586462114891e+00 4.707873948916198037e-01
1.363260966580605249e+00 4.683181499454428520e-01
1.371140629499693731e+00 4.673281023394281197e-01
1.379065836954451285e+00 4.706474852515034057e-01
1.387036852192779834e+00 4.761381376166831658e-01
1.395053939984155722e+00 4.716289887573583695e-01
1.403117366628427343e+00 4.738322985860620729e-01
1.411227399964658957e+00 4.752623673503055257e-01
1.419384309380025577e+00 4.708034150794194184e-01
1.427588365818764915e+00 4.716791853457970585e-01
1.435839841791175742e+00 4.710116775208141315e-01
1.444139011382666204e+00 4.597772538232209327e-01
1.452486150262864761e+00 4.358772696512711042e-01
1.460881535694769973e+00 4.200632082680348933e-01
1.469325446543965796e+00 4.120552503932793376e-01
1.477818163287882181e+00 4.076464947108319747e-01
1.486359968025109168e+00 3.992882287295253518e-01
1.494951144484772509e+00 3.894902818712954740e-01
1.503591978035954568e+00 3.840049695687155484e-01
1.512282755697172298e+00 3.786841311942114041e-01
1.521023766145914724e+00 3.806652944187608467e-01
1.529815299728230382e+00 3.844204264389849413e-01
1.538657648468367833e+00 3.903041074115147224e-01
1.547551106078482119e+00 3.944373158638092014e-01
1.556495967968387184e+00 3.983419696368294960e-01
1.565492531255366693e+00 4.022626435976494053e-01
1.574541094774047689e+00 3.984391587761470510e-01
1.583641959086324214e+00 3.944533360516087606e-01
1.592795426491339539e+00 4.031223936762274307e-01
1.602001801035530804e+00 4.102983697979242228e-01
1.611261388522727822e+00 4.109359732723479874e-01
1.620574496524306296e+00 4.171389899883495289e-01
1.629941434389411858e+00 4.194512370940905455e-01
1.639362513255227638e+00 4.193081234164141580e-01
1.648838046057315765e+00 4.319309633899719447e-01
1.658368347540009280e+00 4.464783619245205060e-01
1.667953734266863997e+00 4.556718136964457155e-01
1.677594524631179640e+00 4.608452663431936713e-01
1.687291038866571835e+00 4.507066234910925284e-01
1.697043599057607821e+00 4.379353297772585751e-01
1.706852529150509445e+00 4.356412388843571848e-01
1.716718154963911225e+00 4.444704983869717241e-01
1.726640804199680579e+00 4.503819476850207670e-01
1.736620806453807120e+00 4.401813601067612880e-01
1.746658493227349673e+00 4.315090984445826838e-01
1.756754197937443251e+00 4.218831016020684332e-01
1.766908255928380411e+00 4.182262267336818162e-01
1.777121004482747679e+00 4.296112401965910821e-01
1.787392782832625482e+00 4.367786722181281611e-01
1.797723932170862682e+00 4.233195784414318097e-01
1.808114795662403074e+00 4.270416020735366969e-01
1.818565718455690483e+00 4.469867358840275418e-01
1.829077047694130043e+00 4.658403608991061318e-01
1.839649132527616748e+00 4.755485947056582452e-01
1.850282324124138622e+00 4.815016964919862641e-01
1.860976975681438272e+00 4.898364661978534818e-01
1.871733442438742401e+00 4.748810868806752628e-01
1.882552081688566581e+00 4.566821535403399190e-01
1.893433252788581767e+00 4.464847699996403185e-01
1.904377317173546302e+00 4.368715893073657486e-01
1.915384638367318981e+00 4.385814773518420528e-01
1.926455581994929611e+00 4.441148502178208224e-01
1.937590515794722412e+00 4.482299024572757862e-01
1.948789809630575354e+00 4.427146858041365318e-01
1.960053835504184105e+00 4.226317783785693560e-01
1.971382967567415045e+00 4.075471695464744637e-01
1.982777582134739092e+00 3.985854764913833170e-01
1.994238057695728816e+00 3.927989846581710354e-01
2.005764774927627947e+00 3.958866088534122030e-01
2.017358116708002580e+00 3.972921133296962726e-01
2.029018468127450348e+00 3.975420282593699062e-01
2.040746216502401289e+00 4.000401095435861532e-01
2.052541751387976898e+00 4.082264255091771488e-01
2.064405464590929995e+00 4.078643692649064345e-01
2.076337750182662312e+00 3.913091071928090914e-01
2.088339004512313135e+00 3.746716081566738854e-01
2.100409626219920778e+00 3.653574709699916601e-01
2.112550016249669760e+00 3.555680682119215508e-01
2.124760577863207711e+00 3.516431222010217850e-01
2.137041716653034662e+00 3.479766352199554214e-01
2.149393840555982482e+00 3.397144903654463755e-01
2.161817359866763155e+00 3.295502152128659268e-01
2.174312687251592546e+00 3.250645626289804246e-01
2.186880237761905654e+00 3.203727836287402209e-01
2.199520428848138476e+00 3.196358549899590562e-01
2.212233680373592026e+00 3.232788456955860146e-01
2.225020414628386511e+00 3.186917319223031564e-01
2.237881056343477670e+00 3.157376092920585742e-01
2.250816032704775704e+00 3.197351801543165117e-01
2.263825773367328598e+00 3.267007578095786346e-01
2.276910710469592924e+00 3.320504325221220743e-01
2.290071278647793029e+00 3.360031468585411574e-01
2.303307915050354371e+00 3.415055473614406756e-01
2.316621059352423018e+00 3.449530917759126569e-01
2.330011153770474852e+00 3.557336101525173655e-01
2.343478643077001600e+00 3.645724817678116514e-01
2.357023974615280792e+00 3.672606692805830964e-01
2.370647598314243876e+00 3.683948985767940831e-01
2.384349966703414481e+00 3.699627409561141445e-01
2.398131534927939956e+00 3.740617730077693825e-01
2.411992760763713051e+00 3.857522380513909166e-01
2.425934104632577970e+00 4.010664695752799158e-01
2.439956029617617261e+00 4.065432377777000728e-01
2.454059001478542612e+00 4.185861469529126300e-01
2.468243488667162033e+00 4.304966225756485243e-01
2.482509962342935861e+00 4.387149789168386937e-01
2.496858896388636673e+00 4.478486219876454677e-01
2.511290767426078485e+00 4.317408571614168022e-01
2.525806054831960523e+00 4.140631139308281194e-01
2.540405240753779381e+00 4.143931297994997154e-01
2.555088810125852206e+00 4.122592407845941942e-01
2.569857250685421590e+00 4.063905119873439942e-01
2.584711052988855506e+00 4.053363836301309142e-01
2.599650710427946265e+00 4.187410087683087201e-01
2.614676719246288084e+00 4.338864943140419705e-01
2.629789578555775442e+00 4.293015165657990684e-01
2.644989790353173831e+00 4.164405098002874062e-01
2.660277859536794409e+00 4.112136565275408273e-01
2.675654293923265481e+00 3.950973476011523378e-01
2.691119604264405218e+00 3.692866890309713379e-01
2.706674304264172548e+00 3.571273664910817880e-01
2.722318910595750374e+00 3.469321189754220880e-01
2.738053942918694972e+00 3.405774444815843349e-01
2.753879923896200843e+00 3.378273122426545538e-01
2.769797379212459720e+00 3.335638062629234235e-01
2.785806837590128815e+00 3.328909583753406065e-01
2.801908830807877226e+00 3.344972492053795987e-01
2.818103893718070019e+00 3.367795919605613419e-01
2.834392564264522019e+00 3.428010465481675650e-01
2.850775383500368410e+00 3.474650572228885070e-01
2.867252895606037466e+00 3.557250660523575969e-01
2.883825647907329426e+00 3.589461918125954054e-01
2.900494190893583735e+00 3.370839755287535766e-01
2.917259078235983960e+00 3.226262900458827243e-01
2.934120866805935979e+00 3.175115780877332816e-01
2.951080116693567401e+00 3.150476732041561645e-01
2.968137391226336685e+00 3.224329797797676478e-01
2.985293256987731514e+00 3.207348398730109351e-01
3.002548283836107057e+00 3.206878473221321801e-01
3.019903044923603730e+00 3.235800252262183152e-01
3.037358116715186629e+00 3.178213017185253508e-01
3.054914079007794214e+00 3.070343752668007742e-01
3.072571514949601568e+00 3.008591268763184390e-01
3.090331011059376021e+00 2.972908970470895529e-01
3.108193157245980220e+00 3.008121343254396840e-01
3.126158546827951579e+00 3.000420972985393120e-01
3.144227776553216724e+00 2.896802398297638748e-01
3.162401446618910317e+00 2.876371318790560405e-01
3.180680160691316427e+00 2.812963415479779461e-01
3.199064525925907621e+00 2.786252422355261493e-01
3.217555152987530587e+00 2.798118041452158367e-01
3.236152656070678812e+00 2.787544717504428227e-01
3.254857652919894928e+00 2.771289566950443373e-01
3.273670764850296955e+00 2.831311870572910672e-01
3.292592616768199143e+00 2.910932203936877904e-01
3.311623837191892683e+00 2.906927156986980343e-01
3.330765058272506351e+00 2.994675065627939725e-01
3.350016915815009710e+00 3.095976053147353468e-01
3.369380049299332214e+00 3.145894958330878732e-01
3.388855101901607103e+00 3.146834809348454942e-01
3.408442720515521884e+00 3.169925240030265212e-01
3.428143555773827789e+00 3.115178918256463203e-01
3.447958262069935831e+00 3.041635576131140328e-01
3.467887497579658529e+00 2.990819540430837975e-01
3.487931924283071528e+00 3.035323622138101918e-01
3.508092207986506228e+00 3.195183736127620300e-01
3.528369018344649444e+00 3.305797792821196235e-01
3.548763028882812254e+00 3.463009235761181914e-01
3.569274917019284565e+00 3.734839782344641645e-01
3.589905364087840223e+00 3.778895298793517044e-01
3.610655055360374899e+00 3.728858912232794753e-01
3.631524680069651456e+00 3.912129860660115699e-01
3.652514931432215839e+00 3.853613454690809070e-01
3.673626506671410219e+00 3.742102267480456046e-01
3.694860107040534913e+00 3.879106913542558210e-01
3.716216437846141751e+00 3.774121282829239199e-01
3.737696208471465109e+00 3.643994637395761016e-01
3.759300132399972405e+00 3.490916402908070260e-01
3.781028927239082016e+00 3.231239838801899800e-01
3.802883314743989107e+00 3.147187253480046021e-01
3.824864020841640233e+00 3.031585578318197194e-01
3.846971775654848713e+00 2.894474131004098338e-01
3.869207313526548564e+00 2.787437916252430981e-01
3.891571373044171445e+00 2.714706263642287509e-01
3.914064697064205678e+00 2.768502054273314639e-01
3.936688032736852527e+00 2.874619778257805347e-01
3.959442131530850340e+00 2.938027681568586291e-01
3.982327749258438132e+00 2.848848636150863034e-01
4.005345646100446189e+00 2.694200423258811261e-01
4.028496586631570509e+00 2.558007466711889055e-01
4.051781339845751617e+00 2.633740234503155198e-01
4.075200679181723906e+00 2.755888826412436488e-01
4.098755382548707082e+00 2.656798624809366682e-01
4.122446232352245943e+00 2.674079067382525432e-01
4.146274015520188705e+00 2.663836827315986810e-01
4.170239523528843861e+00 2.702050315280611348e-01
4.194343552429258715e+00 2.807003905618331019e-01
4.218586902873665778e+00 2.913068228976823382e-01
4.242970380142073950e+00 2.908571896267738155e-01
4.267494794169023997e+00 2.826751457112627319e-01
4.292160959570472833e+00 2.833875100620845133e-01
4.316969695670882068e+00 2.850237052426827788e-01
4.341921826530410478e+00 2.892808031472940411e-01
4.367018180972294772e+00 2.852223555713976899e-01
4.392259592610382235e+00 2.867934019882775742e-01
4.417646899876805477e+00 3.043825001797084706e-01
4.443180946049855251e+00 3.124107502923434976e-01
4.468862579281975833e+00 3.183040433775530254e-01
4.494692652627942486e+00 3.406084168446635863e-01
4.520672024073195239e+00 3.414201063598428232e-01
4.546801556562344082e+00 3.459559555321670143e-01
4.573082118027814502e+00 3.532451409809809761e-01
4.599514581418703507e+00 3.299144074821765971e-01
4.626099824729760002e+00 3.139166479455050562e-01
4.652838731030551678e+00 3.138942196825856290e-01
4.679732188494796219e+00 3.018139300691740634e-01
4.706781090429870140e+00 2.984048341054211240e-01
4.733986335306464177e+00 3.006401843097240567e-01
4.761348826788450062e+00 2.941626883760893874e-01
4.788869473762884077e+00 3.084313356429251307e-01
4.816549190370198019e+00 3.296709006276228315e-01
4.844388896034566017e+00 3.317343008162101370e-01
4.872389515494448098e+00 3.338735298937154927e-01
4.900551978833287414e+00 3.292180633191543748e-01
4.928877221510434836e+00 3.254212788106513043e-01
4.957366184392200559e+00 3.190249518285346308e-01
4.986019813783113541e+00 3.106677538597479860e-01
5.014839061457356806e+00 3.065868780209322075e-01
5.043824884690362609e+00 3.064886208690946745e-01
5.072978246290641202e+00 3.102053044385998382e-01
5.102300114631742822e+00 3.152153511697918797e-01
5.131791463684423960e+00 3.248509601249858769e-01
5.161453273049005475e+00 3.302241311129686663e-01
5.191286527987911903e+00 3.311800023183442687e-01
5.221292219458380401e+00 3.392808772823374119e-01
5.251471344145405951e+00 3.278392591558695890e-01
5.281824904494829553e+00 3.051301089436894154e-01
5.312353908746639597e+00 3.168504783378701672e-01
5.343059370968462396e+00 3.309450395639502718e-01
5.373942311089249912e+00 3.190698083543734853e-01
5.405003754933139781e+00 3.034319690369327582e-01
5.436244734253559585e+00 2.949049570774704976e-01
5.467666286767478567e+00 2.711523586332769131e-01
5.499269456189878724e+00 2.702050315280611348e-01
5.531055292268432844e+00 2.746650518114672201e-01
5.563024850818350409e+00 2.810047741300253921e-01
5.595179193757479297e+00 2.794465438633851329e-01
5.627519389141558470e+00 2.863971693433676746e-01
5.660046511199702479e+00 2.866129078724021784e-01
5.692761640370078702e+00 2.962036603017573211e-01
5.725665863335805739e+00 2.896193631161254056e-01
5.758760273061025892e+00 2.877385930684534521e-01
5.792045968827241431e+00 3.044059964551478759e-01
5.825524056269808071e+00 3.004532821187288483e-01
5.859195647414667363e+00 3.219726663836593450e-01
5.893061860715279821e+00 3.341116966856694237e-01
5.927123821089786304e+00 3.350216433526861937e-01
5.961382659958350594e+00 3.397604149038052079e-01
5.995839515280771082e+00 3.427946384730477525e-01
6.030495531594262104e+00 3.409277525881354021e-01
6.065351860051475086e+00 3.468199776608249518e-01
6.100409658458743500e+00 3.589483278376353059e-01
6.135670091314512575e+00 3.621779976980328275e-01
6.171134329848062094e+00 3.367849320231611765e-01
6.206803552058381079e+00 3.235736171510985026e-01
6.242678942753306259e+00 3.249203809387841146e-01
6.278761693588877257e+00 3.270532019411696578e-01
6.315053003108923591e+00 3.003240526038121194e-01
6.351554076784851510e+00 2.856762608923860691e-01
6.388266127055725718e+00 2.824679512823879968e-01
6.425190373368511843e+00 2.632661541857982401e-01
6.462328042218596025e+00 2.519505615366871565e-01
6.499680367190518560e+00 2.482691223803411562e-01
6.537248588998957999e+00 2.449561475433857660e-01
6.575033955529916874e+00 2.644804844210072448e-01
6.613037721882214726e+00 2.729722519673104530e-01
6.651261150409145451e+00 2.621191087393475727e-01
6.689705510760421525e+00 2.655773332790192232e-01
6.728372079924347382e+00 2.678586080216810439e-01
6.767262142270216607e+00 2.690590540941303344e-01
6.806376989591010229e+00 2.825320320335863999e-01
6.845717921146279750e+00 3.095004161754177918e-01
6.885286243705309062e+00 2.981207427751083605e-01
6.925083271590525058e+00 2.841927915021439932e-01
6.965110326721157818e+00 2.853035245229156303e-01
7.005368738657123728e+00 3.034853696629313813e-01
7.045859844643230119e+00 3.125453198698600610e-01
7.086584989653569089e+00 3.083373505411675097e-01
7.127545526436194656e+00 3.071806929820370402e-01
7.168742815558059256e+00 2.977277141677583949e-01
7.210178225450215805e+00 2.908870939773330333e-01
7.251853132453240036e+00 2.949038890649505196e-01
7.293768920862992111e+00 2.947223269365551457e-01
7.335926982976571864e+00 2.793333345362680187e-01
7.378328719138569802e+00 2.767412681502942062e-01
7.420975537787583676e+00 2.826623295610230513e-01
7.463868855503007715e+00 2.724072733442448602e-01
7.507010097052058128e+00 2.604957297089889878e-01
7.550400695437144982e+00 2.581525102401688310e-01
7.594042091943437711e+00 2.569242958422001677e-01
7.637935736186750368e+00 2.467375924267002640e-01
7.682083086161699548e+00 2.535290840412068869e-01
7.726485608290103890e+00 2.663388262057598266e-01
7.771144777469737974e+00 2.710306052060000304e-01
7.816062077123293150e+00 2.733748926873401652e-01
7.861238999247660786e+00 2.677058822313249098e-01
7.906677044463489068e+00 2.597118085193290127e-01
7.952377722065040011e+00 3.812142528540268249e-01
7.998342550070284496e+00 3.879341876296952263e-01
