2.511886431509579437e-02 1.037428184377673146e+00
2.526405161860213050e-02 1.035241935532323687e+00
2.541007810627042562e-02 1.034093491047772817e+00
2.555694862859406516e-02 1.032334313080108146e+00
2.570466806410236227e-02 1.030699052051046172e+00
2.585324131952258450e-02 1.029119111083860449e+00
2.600267332994290678e-02 1.027813557623580953e+00
2.615296905897638788e-02 1.026755838040507074e+00
2.630413349892583852e-02 1.025881781062862430e+00
2.645617167094958117e-02 1.025173684270846319e+00
2.660908862522835469e-02 1.024613845244658705e+00
2.676288944113292337e-02 1.024180135959549043e+00
2.691757922739292791e-02 1.023839364378391403e+00
2.707316312226650673e-02 1.023598168908610884e+00
2.722964629371095457e-02 1.023460975155157771e+00
2.738703393955444973e-02 1.023529572031884216e+00
2.754533128766867636e-02 1.023910174057592881e+00
2.770454359614242176e-02 1.024580653207532999e+00
2.786467615345633933e-02 1.025474625407453155e+00
2.802573427865854422e-02 1.026547834607852483e+00
2.818772332154127064e-02 1.027762663166654766e+00
2.835064866281864979e-02 1.029125749491285546e+00
2.851451571430539678e-02 1.030641519186694888e+00
2.867932991909653145e-02 1.032318823462782698e+00
2.884509675174826843e-02 1.034199705566575034e+00
2.901182171845980567e-02 1.036636001091605142e+00
2.917951035725619563e-02 1.039711796531924692e+00
2.934816823817239240e-02 1.043199173232603361e+00
2.951780096343814899e-02 1.047089279983741239e+00
2.968841416766421215e-02 1.051353350353162464e+00
2.986001351802944001e-02 1.055986958735916970e+00
3.003260471446899879e-02 1.060983466724579882e+00
3.020619348986378766e-02 1.066340661516675947e+00
3.038078561023081769e-02 1.072310802594360624e+00
3.055638687491469066e-02 1.079896289478831983e+00
3.073300311678033025e-02 1.089393637701746353e+00
3.091064020240668481e-02 1.100340371545818652e+00
3.108930403228154019e-02 1.112745342220948563e+00
3.126900054099761295e-02 1.126513399220709477e+00
3.144973569744963920e-02 1.141646755347576203e+00
3.163151550503255638e-02 1.158183028243624291e+00
3.181434600184106232e-02 1.176237283637556974e+00
3.199823326087009728e-02 1.199524816884982803e+00
3.218318339021652985e-02 1.231464407809854000e+00
3.236920253328214730e-02 1.271438684521631446e+00
3.255629686897762443e-02 1.319890207515325597e+00
3.274447261192782455e-02 1.377383241422073690e+00
3.293373601267822470e-02 1.445898244457045401e+00
3.312409335790250653e-02 1.527570571008664446e+00
3.331555097061136145e-02 1.623774371413936546e+00
3.350811521036261426e-02 1.709046927592462017e+00
3.370179247347232510e-02 1.748222382610746362e+00
3.389658919322740410e-02 1.748627325463680382e+00
3.409251184009919750e-02 1.722197612701683811e+00
3.428956692195841288e-02 1.672737051779367157e+00
3.448776098429136294e-02 1.606700387516450945e+00
3.468710061041735404e-02 1.532571504602277424e+00
3.488759242170727526e-02 1.456791871041716480e+00
3.508924307780367929e-02 1.385026261170896111e+00
3.529205927684192501e-02 1.319252920402511187e+00
3.549604775567258980e-02 1.259405464662309848e+00
3.570121529008542238e-02 1.205415297073565872e+00
3.590756869503420462e-02 1.156932794845221268e+00
3.611511482486330638e-02 1.113517610284741055e+00
3.632386057353523962e-02 1.074705054872364673e+00
3.653381287485973905e-02 1.041765277228771103e+00
3.674497870272393912e-02 1.014822194292562596e+00
3.695736507132423021e-02 9.918444533916439543e-01
3.717097903539903075e-02 9.714202865469327985e-01
3.738582769046329413e-02 9.529455986827406466e-01
3.760191817304411876e-02 9.360353621684088798e-01
3.781925766091774610e-02 9.200589282985480732e-01
3.803785337334809891e-02 9.047684631959529433e-01
3.825771257132654091e-02 8.903763958982279236e-01
3.847884255781295476e-02 8.767211918246946567e-01
3.870125067797849233e-02 8.637209772837761701e-01
3.892494431944945599e-02 8.511146415834165424e-01
3.914993091255265789e-02 8.384795394508812727e-01
3.937621793056233360e-02 8.259639286519986356e-01
3.960381288994833243e-02 8.138466222986251442e-01
3.983272335062570252e-02 8.022271965021376960e-01
4.006295691620595512e-02 7.912981650778659892e-01
4.029452123424955012e-02 7.811391889149116308e-01
4.052742399651988042e-02 7.720866139894821956e-01
4.076167293923887297e-02 7.645232551297613810e-01
4.099727584334383890e-02 7.587854583119568730e-01
4.123424053474603751e-02 7.548024138568669716e-01
4.147257488459059338e-02 7.482060496787429349e-01
4.171228680951784978e-02 7.345574840126348759e-01
4.195338427192649156e-02 7.159411767900395462e-01
4.219587528023795858e-02 6.947204010543104324e-01
4.243976788916238585e-02 6.732208122067249167e-01
4.268507019996626434e-02 6.532215034372235163e-01
4.293179036074151744e-02 6.348220508571831289e-01
4.317993656667604152e-02 6.175887451814939810e-01
4.342951706032609216e-02 6.013799670517530060e-01
4.368054013188996804e-02 5.861226939862834717e-01
4.393301411948334623e-02 5.718766716519118054e-01
4.418694740941636612e-02 5.583232564922308017e-01
4.444234843647213579e-02 5.452655090869610310e-01
4.469922568418681352e-02 5.327875159301542762e-01
4.495758768513159753e-02 5.210087683554633919e-01
4.521744302119593689e-02 5.102058666722694147e-01
4.547880032387276866e-02 5.003279164236463794e-01
4.574166827454511502e-02 4.909633363492349467e-01
4.600605560477452616e-02 4.819882095104323638e-01
4.627197109659098723e-02 4.739269700938253393e-01
4.653942358278480296e-02 4.672553706315497046e-01
4.680842194719982141e-02 4.617963869256014875e-01
4.707897512502866311e-02 4.572800570740244708e-01
4.735109210310945588e-02 4.535382080887150336e-01
4.762478192022426976e-02 4.505885423894733788e-01
4.790005366739954334e-02 4.484620392109504028e-01
4.817691648820784933e-02 4.470746120590940453e-01
4.845537957907175564e-02 4.464328993413295699e-01
4.873545218956924774e-02 4.465877955145830525e-01
4.901714362274099679e-02 4.475149597516290267e-01
4.930046323539925834e-02 4.491148159410900953e-01
4.958542043843887359e-02 4.513320440210901729e-01
4.987202469714965836e-02 4.541179623371781049e-01
5.016028553153097091e-02 4.574659324819286277e-01
5.045021251660784106e-02 4.615131482087950765e-01
5.074181528274907677e-02 4.662750991351026220e-01
5.103510351598705003e-02 4.716477835445239131e-01
5.133008695833959217e-02 4.775360509306318391e-01
5.162677540813340182e-02 4.839089220587757256e-01
5.192517872032970105e-02 4.908438450155822586e-01
5.222530680685147364e-02 4.983540966159018537e-01
5.252716963691266006e-02 5.063423135508322570e-01
5.283077723734942721e-02 5.148018574129481495e-01
5.313613969295318679e-02 5.238146018938266701e-01
5.344326714680543849e-02 5.333982494132680774e-01
5.375216980061491706e-02 5.434731390821705421e-01
5.406285791505632127e-02 5.540658245302346741e-01
5.437534181011107609e-02 5.652935842886381845e-01
5.468963186541032917e-02 5.771763335796564753e-01
5.500573852057948770e-02 5.897074339958644495e-01
5.532367227558519784e-02 6.029820360436891624e-01
5.564344369108398941e-02 6.171240566617334222e-01
5.596506338877313413e-02 6.321622622821729820e-01
5.628854205174332881e-02 6.481409089545087099e-01
5.661389042483377931e-02 6.651971904321938300e-01
5.694111931498885282e-02 6.834461724439309105e-01
5.727023959161724881e-02 7.027440228288416302e-01
5.760126218695296035e-02 7.230553367473251392e-01
5.793419809641841417e-02 7.446456504963876455e-01
5.826905837898961604e-02 7.677650107557095760e-01
5.860585415756369709e-02 7.906210475205006638e-01
5.894459661932811845e-02 8.124525567393435788e-01
5.928529701613251268e-02 8.345363254403421749e-01
5.962796666486229469e-02 8.541948626286860469e-01
5.997261694781454155e-02 8.661130167593051876e-01
6.031925931307623168e-02 8.714193170944749545e-01
6.066790527490428103e-02 8.756347058094451352e-01
6.101856641410823012e-02 8.801001412040958538e-01
6.137125437843479747e-02 8.826338000380280491e-01
6.172598088295483398e-02 8.839238638809822080e-01
6.208275771045231733e-02 8.821292810737167978e-01
6.244159671181598315e-02 8.746986903624990317e-01
6.280250980643269088e-02 8.632053943070894242e-01
6.316550898258359303e-02 8.511766000527178910e-01
6.353060629784218483e-02 8.409357501981866712e-01
6.389781387947492119e-02 8.324253118791444805e-01
6.426714392484385308e-02 8.251651069585055343e-01
6.463860870181208085e-02 8.194162461283258647e-01
6.501222054915094251e-02 8.152340494504812796e-01
6.538799187695008841e-02 8.124569823442936434e-01
6.576593516702965159e-02 8.109721918835350873e-01
6.614606297335466623e-02 8.108106573028565078e-01
6.652838792245242827e-02 8.119945066270082279e-01
6.691292271383147972e-02 8.138621119159504813e-01
6.729968012040381253e-02 8.150304716227767532e-01
6.768867298890894613e-02 8.152849439074074667e-01
6.807991424034069705e-02 8.152561774752319357e-01
6.847341687037629410e-02 8.143290132381858504e-01
6.886919394980822728e-02 8.116692246631758145e-01
6.926725862497820629e-02 8.078853324308404860e-01
6.966762411821400547e-02 8.039111391856507138e-01
7.007030372826857090e-02 7.998617106563093992e-01
7.047531083076181979e-02 7.958321973492432644e-01
7.088265887862478520e-02 7.922363933272871250e-01
7.129236140254673060e-02 7.893354092824966806e-01
7.170443201142430445e-02 7.875961465371074111e-01
7.211888439281383123e-02 7.875585288950315288e-01
7.253573231338585059e-02 7.893376220849717129e-01
7.295498961938230720e-02 7.940553169617782237e-01
7.337667023707672431e-02 8.046081719652914410e-01
7.380078817323644513e-02 8.236515500655714472e-01
7.422735751558823258e-02 8.533008904287658902e-01
7.465639243328600627e-02 8.883494688310822340e-01
7.508790717738160481e-02 9.032040118460926692e-01
7.552191608129793510e-02 8.852648221808625539e-01
7.595843356130543844e-02 8.542988643450134534e-01
7.639747411700059665e-02 8.365743165198631370e-01
7.683905233178781047e-02 8.299735267367891467e-01
7.728318287336367887e-02 8.288936791289647221e-01
7.772988049420428980e-02 8.333613273260905840e-01
7.817916003205507836e-02 8.430356997470090930e-01
7.863103641042397396e-02 8.570869954635763621e-01
7.908552463907676799e-02 8.753735951173892138e-01
7.954263981453599253e-02 8.986677667722401397e-01
8.000239712058217212e-02 9.274275605404644907e-01
8.046481182875830918e-02 9.574198852872916055e-01
8.092989929887701994e-02 9.825883006385099927e-01
8.139767497953076525e-02 1.007194664161065401e+00
8.186815440860513438e-02 1.040092398557633135e+00
8.234135321379483508e-02 1.075278170713402703e+00
8.281728711312283386e-02 1.096596309758034016e+00
8.329597191546232737e-02 1.104571249878113948e+00
8.377742352106211376e-02 1.090329653148692568e+00
8.426165792207447602e-02 1.056276835860148644e+00
8.474869120308657633e-02 1.020106366602981929e+00
8.523853954165466762e-02 9.979584266302069517e-01
8.573121920884146929e-02 9.930991123949972632e-01
8.622674656975649887e-02 1.001760021282342761e+00
8.672513808409994251e-02 1.019298693699588698e+00
8.722641030670905127e-02 1.038339858997393783e+00
8.773057988810836760e-02 1.056341007131925025e+00
8.823766357506258873e-02 1.069250496771366521e+00
8.874767821113291322e-02 1.068794659461506313e+00
8.926064073723644077e-02 1.061963738221026965e+00
8.977656819220893036e-02 1.060164729808811490e+00
9.029547771337091688e-02 1.042280860205457627e+00
9.081738653709675591e-02 9.823802972058551797e-01
9.134231199938727674e-02 9.008695052349149357e-01
9.187027153644546085e-02 8.274265910880066466e-01
9.240128268525588107e-02 7.797052929110791508e-01
9.293536308416693037e-02 7.547625834123160571e-01
9.347253047347692245e-02 7.448713563488428280e-01
9.401280269602330097e-02 7.404523898061680098e-01
9.455619769777530437e-02 7.378103036509583434e-01
9.510273352842993355e-02 7.360334232634931917e-01
9.565242834201181932e-02 7.331722696632535508e-01
9.620530039747586526e-02 7.280717599582633426e-01
9.676136805931405405e-02 7.208690879019757913e-01
9.732064979816532069e-02 7.126839315467659031e-01
9.788316419142908953e-02 7.022262270496798520e-01
9.844892992388228070e-02 6.902394760423342657e-01
9.901796578830000806e-02 6.774074344895194555e-01
9.959029068607995472e-02 6.639513826387407613e-01
1.001659236278700377e-01 6.508471663814947572e-01
1.007448837341998471e-01 6.388582025716741386e-01
1.013271902361159299e-01 6.281084081478813808e-01
1.019128624758204177e-01 6.185845062952664009e-01
1.025019199073136378e-01 6.103196890509547945e-01
1.030943820970401520e-01 6.031745498590185273e-01
1.036902687245389171e-01 5.970981942625313010e-01
1.042895995830967204e-01 5.919799821377407234e-01
1.048923945804057928e-01 5.879283408059242655e-01
1.054986737392250712e-01 5.851645505145868231e-01
1.061084571980452224e-01 5.836045247696766136e-01
1.067217652117575799e-01 5.836930368686785719e-01
1.073386181523270227e-01 5.857907736150259614e-01
1.079590365094685589e-01 5.898402021443673870e-01
1.085830408913279893e-01 5.964786095695172596e-01
1.092106520251663743e-01 6.060534058790584266e-01
1.098418907580486492e-01 6.191421325189789826e-01
1.104767780575359459e-01 6.366409744916741165e-01
1.111153350123821049e-01 6.598532724549481809e-01
1.117575828332342536e-01 6.909763392665257964e-01
1.124035428533372433e-01 7.335838509236127791e-01
1.130532365292423180e-01 7.953343167923569990e-01
1.137066854415197809e-01 8.863269673688864980e-01
1.143639112954759340e-01 1.007216792185815946e+00
1.150249359218739331e-01 1.147397828980231127e+00
1.156897812776589568e-01 1.256026515282908651e+00
1.163584694466876512e-01 1.218535002948136992e+00
1.170310226404614878e-01 1.072675915002743841e+00
1.177074631988646730e-01 9.380932684702053548e-01
1.183878135909062629e-01 8.372337316574280930e-01
1.190720964154663303e-01 7.666763119379850222e-01
1.197603344020467531e-01 7.191541659838120992e-01
1.204525504115261381e-01 6.898765764364260811e-01
1.211487674369193246e-01 6.765997615861263359e-01
1.218490086041408849e-01 6.709814561019743495e-01
1.225532971727734816e-01 6.627874485368644430e-01
1.232616565368404721e-01 6.449500477854867020e-01
1.239741102255828148e-01 6.134884221952263683e-01
1.246906819042407494e-01 5.788049562012933524e-01
1.254113953748399735e-01 5.516428058200549822e-01
1.261362745769819826e-01 5.330464138197351653e-01
1.268653435886395453e-01 5.240403077462818526e-01
1.275986266269562852e-01 5.275099820271601514e-01
1.283361480490512463e-01 5.525035859828494322e-01
1.290779323528278288e-01 6.073014264749866387e-01
1.298240041777875831e-01 6.557684390860059054e-01
1.305743883058487209e-01 6.073833001665635001e-01
1.313291096621690413e-01 5.380650498331484011e-01
1.320881933159741561e-01 4.917643708452030249e-01
1.328516644813900749e-01 4.614711049617690741e-01
1.336195485182806453e-01 4.418081421684751375e-01
1.343918709330900185e-01 4.274979485623270903e-01
1.351686573796898327e-01 4.162237199519475128e-01
1.359499336602315311e-01 4.073282540022466480e-01
1.367357257260030934e-01 4.008491683553003782e-01
1.375260596782912625e-01 3.974126861115477860e-01
1.383209617692485738e-01 3.975388158526256266e-01
1.391204584027652402e-01 4.016679052710688813e-01
1.399245761353461737e-01 4.090321119080351786e-01
1.407333416769932510e-01 4.145729693055602572e-01
1.415467818920924381e-01 4.164538514093527044e-01
1.423649238003061035e-01 4.183944791799715235e-01
1.431877945774705507e-01 4.246876894190136364e-01
1.440154215564987683e-01 4.374511340951017790e-01
1.448478322282882313e-01 4.580589635452420594e-01
1.456850542426340045e-01 4.888766636152628853e-01
1.465271154091474515e-01 5.031979212337861496e-01
1.473740436981796631e-01 4.706188303936256756e-01
1.482258672417506584e-01 4.311313702263591119e-01
1.490826143344838317e-01 4.032589102506298206e-01
1.499443134345459228e-01 3.872183051089926331e-01
1.508109931645919832e-01 3.822638403673557783e-01
1.516826823127164214e-01 3.884950921370964871e-01
1.525594098334091819e-01 4.082399286219672851e-01
1.534412048485173929e-01 4.428990537886747791e-01
1.543280966482127869e-01 4.591188959307910267e-01
1.552201146919646169e-01 4.263096736332252501e-01
1.561172886095181789e-01 3.856339385368568462e-01
1.570196482018790252e-01 3.556438265925047637e-01
1.579272234423027277e-01 3.352041701304682708e-01
1.588400444772908315e-01 3.188250062101484206e-01
1.597581416275917487e-01 3.028441467353376604e-01
1.606815453892082024e-01 2.912225081363752355e-01
1.616102864344102497e-01 2.859715278630817203e-01
1.625443956127538836e-01 2.868743512729020617e-01
1.634839039521058524e-01 2.929042380174131655e-01
1.644288426596743347e-01 3.024679703145791154e-01
1.653792431230455828e-01 3.130739325774936077e-01
1.663351369112262834e-01 3.204801824614858519e-01
1.672965557756923849e-01 3.237838965567353955e-01
1.682635316514438095e-01 3.280678821484320773e-01
1.692360966580649384e-01 3.371868411481129812e-01
1.702142831007917856e-01 3.536213251303090277e-01
1.711981234715850009e-01 3.765946404262777714e-01
1.721876504502090899e-01 3.974392397412483957e-01
1.731828969053178791e-01 3.987647084238032935e-01
1.741838958955464201e-01 3.952795445255996576e-01
1.751906806706090836e-01 4.007451666389730272e-01
1.762032846724038426e-01 4.147322910837638599e-01
1.772217415361232173e-01 4.254444678654806800e-01
1.782460850913716033e-01 4.172925035473966093e-01
1.792763493632887617e-01 3.976140511367773356e-01
1.803125685736800821e-01 3.784379048879943364e-01
1.813547771421535060e-01 3.589541790951795153e-01
1.824030096872625850e-01 3.405104704656380377e-01
1.834573010276564775e-01 3.261250415753382814e-01
1.845176861832364401e-01 3.149481762738609580e-01
1.855842003763193415e-01 3.065970597330223701e-01
1.866568790328071992e-01 3.010163718909463215e-01
1.877357577833641822e-01 2.978520643516249233e-01
1.888208724646001924e-01 2.964602115948184458e-01
1.899122591202609955e-01 2.964159555453175221e-01
1.910099540024255971e-01 2.977325730179722352e-01
1.921139935727104175e-01 3.020763042764952888e-01
1.932244145034804905e-01 3.107593411885913315e-01
1.943412536790674328e-01 3.240671352735418065e-01
1.954645481969946030e-01 3.412938025418056909e-01
1.965943353692096995e-01 3.578699058824050261e-01
1.977306527233236300e-01 3.676460672171757427e-01
1.988735380038573475e-01 3.703036429897107462e-01
2.000230291734956534e-01 3.690644736036827744e-01
2.011791644143479663e-01 3.673252108582934494e-01
2.023419821292166965e-01 3.667211157826048562e-01
2.035115209428728922e-01 3.676571312295509597e-01
2.046878197033392410e-01 3.700137658654791828e-01
2.058709174831803157e-01 3.728992602929443456e-01
2.070608535808005912e-01 3.744703500502298277e-01
2.082576675217497619e-01 3.733351823805292069e-01
2.094613990600355524e-01 3.702704509525849286e-01
2.106720881794442723e-01 3.676726208468763524e-01
2.118897750948690872e-01 3.676571312295509597e-01
2.131145002536455058e-01 3.716468140920660690e-01
2.143463043368951104e-01 3.807436450669964279e-01
2.155852282608767823e-01 3.959920669225657219e-01
2.168313131783459469e-01 4.175558270419275630e-01
2.180846004799212312e-01 4.471078040962198075e-01
2.193451317954595303e-01 4.897794870250832266e-01
2.206129489954388734e-01 5.434465854524699324e-01
2.218880941923488948e-01 5.838280178196566528e-01
2.231706097420899648e-01 5.816594713941076744e-01
2.244605382453801201e-01 5.451238897285578533e-01
2.257579225491697927e-01 5.030917067149838218e-01
2.270628057480653939e-01 4.641441703516294148e-01
2.283752311857605299e-01 4.194057299110693360e-01
2.296952424564759343e-01 3.753067893857987003e-01
2.310228834064072811e-01 3.413358457888316932e-01
2.323581981351817149e-01 3.187785373581724091e-01
2.337012309973229007e-01 3.059420702004075343e-01
2.350520266037238737e-01 3.013859099042796585e-01
2.364106298231291869e-01 3.039704631951380409e-01
2.377770857836252472e-01 3.134169169611263350e-01
2.391514398741393099e-01 3.319314352698693460e-01
2.405337377459470793e-01 3.567878454721055692e-01
2.419240253141889951e-01 3.666635829182535167e-01
2.433223487593957901e-01 3.617135437815667820e-01
2.447287545290218747e-01 3.586775787857982567e-01
2.461432893389885190e-01 3.615475835959380269e-01
2.475660001752356676e-01 3.687237020225250794e-01
2.489969342952823017e-01 3.733196927632038142e-01
2.504361392297964617e-01 3.663493649667964314e-01
2.518836627841739007e-01 3.451462916508677425e-01
2.533395530401260642e-01 3.154814616703479624e-01
2.548038583572773130e-01 2.868234568159759301e-01
2.562766273747711931e-01 2.640625705576120086e-01
2.577579090128856998e-01 2.481702231818032067e-01
2.592477524746588102e-01 2.387237694158149126e-01
2.607462072475227322e-01 2.345083807008447319e-01
2.622533231049470337e-01 2.341255658726611177e-01
2.637691501080930423e-01 2.366747143239186224e-01
2.652937386074759596e-01 2.423085094253958349e-01
2.668271392446371348e-01 2.519076465621625793e-01
2.683694029538270520e-01 2.639762712610850826e-01
2.699205809636965880e-01 2.705151025748576687e-01
2.714807247989985406e-01 2.648967970907058489e-01
2.730498862822996475e-01 2.540319369382105230e-01
2.746281175357012105e-01 2.472275693274318953e-01
2.762154709825712651e-01 2.464132580166135400e-01
2.778119993492854656e-01 2.494691382346575226e-01
2.794177556669779627e-01 2.550476132742584556e-01
2.810327932733039380e-01 2.628632316161349514e-01
2.826571658142107979e-01 2.717631231707858808e-01
2.842909272457196934e-01 2.796119335497880831e-01
2.859341318357184192e-01 2.857613116279518750e-01
2.875868341657639160e-01 2.911539112596486789e-01
2.892490891328946545e-01 2.971284779422835309e-01
2.909209519514548425e-01 3.045480046411260799e-01
2.926024781549284581e-01 3.132487439730225476e-01
2.942937235977828858e-01 3.210378086851983781e-01
2.959947444573255426e-01 3.243039051383721505e-01
2.977055972355692748e-01 3.231156302092702548e-01
2.994263387611086902e-01 3.214471771430826297e-01
3.011570261910088142e-01 3.227151129612862990e-01
3.028977170127025720e-01 3.277713666167754170e-01
3.046484690459013711e-01 3.335866115212067218e-01
3.064093404445150659e-01 3.355006856621249312e-01
3.081803896985833569e-01 3.348125040923843887e-01
3.099616756362194026e-01 3.337857637439611835e-01
3.117532574255635347e-01 3.329072811613663641e-01
3.135551945767480198e-01 3.318517743807675169e-01
3.153675469438748658e-01 3.299731050794501575e-01
3.171903747270033436e-01 3.232528239627234234e-01
3.190237384741493876e-01 3.091661234065554154e-01
3.208676990832974307e-01 2.933224576851976018e-01
3.227223178044230090e-01 2.809772326768938955e-01
3.245876562415266342e-01 2.735178755335004874e-01
3.264637763546810456e-01 2.698357722150173665e-01
3.283507404620888970e-01 2.646290479912248306e-01
3.302486112421523790e-01 2.544921998530209062e-01
3.321574517355558864e-01 2.470195658947772210e-01
3.340773253473591775e-01 2.511818473503462101e-01
3.360082958491044103e-01 2.685877516190892100e-01
3.379504273809338932e-01 2.866818374575727524e-01
3.399037844537201591e-01 2.929883245114651147e-01
3.418684319512097503e-01 3.000471644068744559e-01
3.438444351321779946e-01 3.182209111344597718e-01
3.458318596325960503e-01 3.556659546172551978e-01
3.478307714678123830e-01 4.076823023982546479e-01
3.498412370347446232e-01 4.424564932936648209e-01
3.518633231140849693e-01 4.531531804580563039e-01
3.538970968725191901e-01 4.477738576412098603e-01
3.559426258649572294e-01 4.340080134439240345e-01
3.579999780367765227e-01 4.182440086116681055e-01
3.600692217260801353e-01 4.051265155395719630e-01
3.621504256659661136e-01 3.966691844799309918e-01
3.642436589868098817e-01 3.944475307949808496e-01
3.663489912185618480e-01 3.978972898535837466e-01
3.684664922930561692e-01 3.894820020409687222e-01
3.705962325463332818e-01 3.712352328317067296e-01
3.727382827209774208e-01 3.606137809514669557e-01
3.748927139684648524e-01 3.539554583040416258e-01
3.770595978515288715e-01 3.464872499507479775e-01
3.792390063465359562e-01 3.369013896288315935e-01
3.814310118458763554e-01 3.302629822036817209e-01
3.836356871603694985e-01 3.378794483228036993e-01
3.858531055216822825e-01 3.599787066411276326e-01
3.880833405847607942e-01 3.933698959896315128e-01
3.903264664302779630e-01 4.477672192337847079e-01
3.925825575670940371e-01 5.549664351375800386e-01
3.948516889347303827e-01 7.228628229319957743e-01
3.971339359058604912e-01 7.489296360880842718e-01
3.994293742888124776e-01 6.385373462127919009e-01
4.017380803300868997e-01 5.332167996103139851e-01
4.040601307168905088e-01 4.636816946343439994e-01
4.063956025796829352e-01 4.233998383785345654e-01
4.087445734947380283e-01 3.989439454242823535e-01
4.111071214867221824e-01 3.812636536486331829e-01
4.134833250312844322e-01 3.701133419768564137e-01
4.158732630576643108e-01 3.711511463376548914e-01
4.182770149513134750e-01 3.720274161177746230e-01
4.206946605565314856e-01 3.444050028217259807e-01
4.231262801791195738e-01 3.137112196903079631e-01
4.255719545890473410e-01 2.975843152521438495e-01
4.280317650231349469e-01 2.971152011274332261e-01
4.305057931877529498e-01 3.094316597035613459e-01
4.329941212615355806e-01 3.189666255685515983e-01
4.354968318981098929e-01 3.039859528124634336e-01
4.380140082288422887e-01 2.767662695668738349e-01
4.405457338655994204e-01 2.551936582376117535e-01
4.430920929035247480e-01 2.448067634197272635e-01
4.456531699238333033e-01 2.394938246771322887e-01
4.482290499966203323e-01 2.351323909988088379e-01
4.508198186836865351e-01 2.302111182942977174e-01
4.534255620413813470e-01 2.242343388091877499e-01
4.560463666234608748e-01 2.206349943032714922e-01
4.586823194839622087e-01 2.202621370862255790e-01
4.613335081800964965e-01 2.243471917354153133e-01
4.640000207751556194e-01 2.335435988217229586e-01
4.666819458414390720e-01 2.498364634455158273e-01
4.693793724631949438e-01 2.668440632687498204e-01
4.720923902395786631e-01 2.689926944720233415e-01
4.748210892876304490e-01 2.634230706423225654e-01
4.775655602452679171e-01 2.599268427317436569e-01
4.803258942742961168e-01 2.593161092486298558e-01
4.831021830634371073e-01 2.645471742996479692e-01
4.858945188313745223e-01 2.825328328168540404e-01
4.887029943298164536e-01 3.069223416968547280e-01
4.915277028465775411e-01 3.061722016578127814e-01
4.943687382086768833e-01 2.906538179002873812e-01
4.972261947854541564e-01 2.829753933118639986e-01
5.001001674917054940e-01 2.776713057791692640e-01
5.029907517908354109e-01 2.621064531696678523e-01
5.058980436980275996e-01 2.454329865201664018e-01
5.088221397834349347e-01 2.344995294909445471e-01
5.117631371753864622e-01 2.312754762847967216e-01
5.147211335636141527e-01 2.333112545618427069e-01
5.176962272024980827e-01 2.353271176166132073e-01
5.206885169143288250e-01 2.403214128028010044e-01
5.236981020925914887e-01 2.491084514312243703e-01
5.267250827052667450e-01 2.477896211560945972e-01
5.297695592981502832e-01 2.252522279477107425e-01
5.328316329981945820e-01 2.067390373204527620e-01
5.359114055168668900e-01 1.905935453414982217e-01
5.390089791535270791e-01 1.774362218248511647e-01
5.421244567988269258e-01 1.673327870040205445e-01
5.452579419381275994e-01 1.593246548468147394e-01
5.484095386549359130e-01 1.562643490238206645e-01
5.515793516343632241e-01 1.618202534781760793e-01
5.547674861666017643e-01 1.742975827942402911e-01
5.579740481504216199e-01 1.801679264803003333e-01
5.611991440966896949e-01 1.806157977012504412e-01
5.644428811319066597e-01 1.896792153588075791e-01
5.677053670017649933e-01 2.078576089715905018e-01
5.709867100747291202e-01 2.241303370928603989e-01
5.742870193456336425e-01 2.372743837946571788e-01
5.776064044393048880e-01 2.404917985933798241e-01
5.809449756142023302e-01 2.432932065267930655e-01
5.843028437660793273e-01 2.484910795406854167e-01
5.876801204316687288e-01 2.538814663699071605e-01
5.910769177923870243e-01 2.614226972048774300e-01
5.944933486780595855e-01 2.748035137715045262e-01
5.979295265706701112e-01 2.967722167438005543e-01
6.013855656081297241e-01 3.258241004387315010e-01
6.048615805880666052e-01 3.243260331631226401e-01
6.083576869716416091e-01 2.845398446617243282e-01
6.118740008873820857e-01 2.487765310599668878e-01
6.154106391350390171e-01 2.259625375422017746e-01
6.189677191894675801e-01 2.168904899549919663e-01
6.225453592045292472e-01 2.176280170199261232e-01
6.261436780170150929e-01 2.239997817468324659e-01
6.297627951505950783e-01 2.335303220068726537e-01
6.334028308197864332e-01 2.428174539946573451e-01
6.370639059339481269e-01 2.446208880118230511e-01
6.407461421012968783e-01 2.361148752977309806e-01
6.444496616329448146e-01 2.206887654034151991e-01
6.481745875469649976e-01 2.052699577572671130e-01
6.519210435724759334e-01 1.962395108565881952e-01
6.556891541537508417e-01 1.940632196223765482e-01
6.594790444543533470e-01 1.934624437504005035e-01
6.632908403612935988e-01 1.909409553300810691e-01
6.671246684892090384e-01 1.819217937220249381e-01
6.709806561845721440e-01 1.656444187155574066e-01
6.748589315299192704e-01 1.506721546088743702e-01
6.787596233481042463e-01 1.406933005673890735e-01
6.826828612065795054e-01 1.364799033746464385e-01
6.866287754216984229e-01 1.406351038622952743e-01
6.905974970630435195e-01 1.540123799449623077e-01
6.945891579577818664e-01 1.732531400260167165e-01
6.986038906950429173e-01 1.954243144247797825e-01
7.026418286303216520e-01 2.185053932012833988e-01
7.067031058899108098e-01 2.463225331151364661e-01
7.107878573753529938e-01 2.647087088803266042e-01
7.148962187679240854e-01 2.470372683145776183e-01
7.190283265331394169e-01 2.261661153699063842e-01
7.231843179252852583e-01 2.149965523165967007e-01
7.273643309919801681e-01 2.099194983178420681e-01
7.315685045787596597e-01 1.961257728093706298e-01
7.357969783336865133e-01 1.792635541087474194e-01
7.400498927119919523e-01 1.618403899806990232e-01
7.443273889807401344e-01 1.494635218970020996e-01
7.486296092235191768e-01 1.489711733463034704e-01
7.529566963451627126e-01 1.618651733684196015e-01
7.573087940764960946e-01 1.750667529345676376e-01
7.616860469791092436e-01 1.744785900366993825e-01
7.660886004501606950e-01 1.642014502215773664e-01
7.705166007272060691e-01 1.514021581453933729e-01
7.749701948930545203e-01 1.417877526715487779e-01
7.794495308806568268e-01 1.378115679041315156e-01
7.839547574780165728e-01 1.425511695254410016e-01
7.884860243331343055e-01 1.573831419552059185e-01
7.930434819589780027e-01 1.723580614248590159e-01
7.976272817384808533e-01 1.784337531806036714e-01
8.022375759295721220e-01 1.828004975848672720e-01
8.068745176702336597e-01 1.894234153926917796e-01
8.115382609835852801e-01 1.908639498039493287e-01
8.162289607830032212e-01 1.798767216745837672e-01
8.209467728772645856e-01 1.689410518428868524e-01
8.256918539757219788e-01 1.680167642490584812e-01
8.304643616935105666e-01 1.659090698915733908e-01
8.352644545567829981e-01 1.641503344844036927e-01
8.400922920079733069e-01 1.632143190374575614e-01
8.449480344110958940e-01 1.604972188783437004e-01
8.498318430570707127e-01 1.610017378426551182e-01
8.547438801690798726e-01 1.592907989689464898e-01
8.596843089079587719e-01 1.607988238556930238e-01
8.646532933776126528e-01 1.690848840037650902e-01
8.696509986304700179e-01 1.790004518944639800e-01
8.746775906729644667e-01 1.831235667462245698e-01
8.797332364710471753e-01 1.743916268994299135e-01
8.848181039557355687e-01 1.638547040737370342e-01
8.899323620286901937e-01 1.660106375251781952e-01
8.950761805678236760e-01 1.728320437150147326e-01
9.002497304329459826e-01 1.780336784931146332e-01
9.054531834714387717e-01 1.786866765035018956e-01
9.106867125239620497e-01 1.714882087719168668e-01
9.159504914301977996e-01 1.610508620576012184e-01
9.212446950346235841e-01 1.606627365034774269e-01
9.265694991923183466e-01 1.674505080956932013e-01
9.319250807748065135e-01 1.686126719555894327e-01
9.373116176759319629e-01 1.668063612952061792e-01
9.427292888177655206e-01 1.631585564150863088e-01
9.481782741565508710e-01 1.652469993910384571e-01
9.536587546886805544e-01 1.719663953867751616e-01
9.591709124567069367e-01 1.799132329154220777e-01
9.647149305553922582e-01 1.834676575310948410e-01
9.702909931377862174e-01 1.756796992201564989e-01
9.758992854213467405e-01 1.664713430004835792e-01
9.815399936940907288e-01 1.628996585255054474e-01
9.872133053207802211e-01 1.559384032192457914e-01
9.929194087491489684e-01 1.514667719776648103e-01
9.986584935161608723e-01 1.467287193180878413e-01
1.004430750254303728e+00 1.394474927739359493e-01
1.010236370697924935e+00 1.339176993887860878e-01
1.016075547689597958e+00 1.291081732092649870e-01
1.021948475186527761e+00 1.305400776908698379e-01
1.027855348266994762e+00 1.401593513301595262e-01
1.033796363136834096e+00 1.476403939378084229e-01
1.039771717135951290e+00 1.481028696550938939e-01
1.045781608744880131e+00 1.460664275373053933e-01
1.051826237591374280e+00 1.496288182418883395e-01
1.057905804457035748e+00 1.665757872773059589e-01
1.064020511283988890e+00 1.967148208282289146e-01
1.070170561181583713e+00 2.373983007332599870e-01
1.076356158433145582e+00 2.740865657695883417e-01
1.082577508502760022e+00 2.975245695853174777e-01
1.088834818042095476e+00 3.050879284450382922e-01
1.095128294897270704e+00 3.023285637586510255e-01
1.101458148115757263e+00 3.040501240842398700e-01
1.107824587953321727e+00 2.997462232702676754e-01
1.114227825881013212e+00 2.886556572653172781e-01
1.120668074592185315e+00 2.825571736440795623e-01
1.127145548009560017e+00 2.959556926305071389e-01
1.133660461292336441e+00 3.359166925274343352e-01
1.140213030843336250e+00 3.566285236939019665e-01
1.146803474316190341e+00 3.437013316346601011e-01
1.153432010622570836e+00 3.085996459729425934e-01
1.160098859939462601e+00 2.643325324595681147e-01
1.166804243716473621e+00 2.224862248538982956e-01
1.173548384683194445e+00 1.997642839190952868e-01
1.180331506856595603e+00 1.921409581123006693e-01
1.187153835548465874e+00 1.899354578854183795e-01
1.194015597372901416e+00 1.879249055565879734e-01
1.200917020253827294e+00 1.918072674990631277e-01
1.207858333432573428e+00 2.081227027081014869e-01
1.214839767475487387e+00 2.272592397925810581e-01
1.221861554281590267e+00 2.378585636480703980e-01
1.228923927090283863e+00 2.411932569779706437e-01
1.236027120489096909e+00 2.439061528123818989e-01
1.243171370421473965e+00 2.606791955732606358e-01
1.250356914194617142e+00 2.637040965566538886e-01
1.257583990487367132e+00 2.360130863838787174e-01
1.264852839358128644e+00 2.208013970493952760e-01
1.272163702252848472e+00 2.264515668891878275e-01
1.279516822013033517e+00 2.318906353728606429e-01
1.286912442883815677e+00 2.249800532432796041e-01
1.294350810522067352e+00 2.127173657672952467e-01
1.301832172004561583e+00 1.918541789115341678e-01
1.309356775836174380e+00 1.784651749757494021e-01
1.316924871958146337e+00 1.704081398838449557e-01
1.324536711756377994e+00 1.617501076397169779e-01
1.332192548069784932e+00 1.645997546670863176e-01
1.339892635198694837e+00 1.820127399037494986e-01
1.347637228913291185e+00 1.849927209968992847e-01
1.355426586462114891e+00 1.838347614617056036e-01
1.363260966580605249e+00 1.857001539481727415e-01
1.371140629499693731e+00 1.688071772931463432e-01
1.379065836954451285e+00 1.547257874629184016e-01
1.387036852192779834e+00 1.549942004031419907e-01
1.395053939984155722e+00 1.572983916204114818e-01
1.403117366628427343e+00 1.587234364143436660e-01
1.411227399964658957e+00 1.560875461060641511e-01
1.419384309380025577e+00 1.522003159981438758e-01
1.427588365818764915e+00 1.557084930420880864e-01
1.435839841791175742e+00 1.545118094635810901e-01
1.444139011382666204e+00 1.526388934486987980e-01
1.452486150262864761e+00 1.473474188901118254e-01
1.460881535694769973e+00 1.518026753933774120e-01
1.469325446543965796e+00 1.707798906996533805e-01
1.477818163287882181e+00 1.925755525184004724e-01
1.486359968025109168e+00 2.142756212702254248e-01
1.494951144484772509e+00 2.270777899896269658e-01
1.503591978035954568e+00 2.183363350921896096e-01
1.512282755697172298e+00 2.026041946155744122e-01
1.521023766145914724e+00 2.025176740387999441e-01
1.529815299728230382e+00 2.170115302503771715e-01
1.538657648468367833e+00 2.298681339106649624e-01
1.547551106078482119e+00 2.320521699535392779e-01
1.556495967968387184e+00 2.276840978677906746e-01
1.565492531255366693e+00 2.116930595015946159e-01
1.574541094774047689e+00 1.962702688109913829e-01
1.583641959086324214e+00 1.757876839809389136e-01
1.592795426491339539e+00 1.582963655366590450e-01
1.602001801035530804e+00 1.588781113073496343e-01
1.611261388522727822e+00 1.519228305677726154e-01
1.620574496524306296e+00 1.438972172710138997e-01
1.629941434389411858e+00 1.388611001180477256e-01
1.639362513255227638e+00 1.450208783678442748e-01
1.648838046057315765e+00 1.619187231883157940e-01
1.658368347540009280e+00 1.729555180931224845e-01
1.667953734266863997e+00 1.659581941065194910e-01
1.677594524631179640e+00 1.583384087836849641e-01
1.687291038866571835e+00 1.610327170773057925e-01
1.697043599057607821e+00 1.572605526980881407e-01
1.706852529150509445e+00 1.576723552386949112e-01
1.716718154963911225e+00 1.716577094415056848e-01
1.726640804199680579e+00 1.786092284168751543e-01
1.736620806453807120e+00 1.659446960114216996e-01
1.746658493227349673e+00 1.538284960592856410e-01
1.756754197937443251e+00 1.554407439426070403e-01
1.766908255928380411e+00 1.600035426461600685e-01
1.777121004482747679e+00 1.529287705729303337e-01
1.787392782832625482e+00 1.482121820973613391e-01
1.797723932170862682e+00 1.541185944637646910e-01
1.808114795662403074e+00 1.601626431441161569e-01
1.818565718455690483e+00 1.639367990455613544e-01
1.829077047694130043e+00 1.663075956173298842e-01
1.839649132527616748e+00 1.623030869782319807e-01
1.850282324124138622e+00 1.657130155922839632e-01
1.860976975681438272e+00 1.712514389070865228e-01
1.871733442438742401e+00 1.652631528491063095e-01
1.882552081688566581e+00 1.518887534096568515e-01
1.893433252788581767e+00 1.482309909183992525e-01
1.904377317173546302e+00 1.501559077914452200e-01
1.915384638367318981e+00 1.435874249245069068e-01
1.926455581994929611e+00 1.343580470813210415e-01
1.937590515794722412e+00 1.443634547525069478e-01
1.948789809630575354e+00 1.543766072323554950e-01
1.960053835504184105e+00 1.528953572555570573e-01
1.971382967567415045e+00 1.649183982234935508e-01
1.982777582134739092e+00 1.860845177380889004e-01
1.994238057695728816e+00 1.996487756298976901e-01
2.005764774927627947e+00 1.848778765484441755e-01
2.017358116708002580e+00 1.747264239139049991e-01
2.029018468127450348e+00 1.700775471940725037e-01
2.040746216502401289e+00 1.764030643492503492e-01
2.052541751387976898e+00 1.934073449687717661e-01
2.064405464590929995e+00 1.934620011899054748e-01
2.076337750182662312e+00 1.721527133551743749e-01
2.088339004512313135e+00 1.506533457878364568e-01
2.100409626219920778e+00 1.370202697390536517e-01
2.112550016249669760e+00 1.258044591140154156e-01
2.124760577863207711e+00 1.195320492182388034e-01
2.137041716653034662e+00 1.299483743090414922e-01
2.149393840555982482e+00 1.375785598035087487e-01
2.161817359866763155e+00 1.304982557240914054e-01
2.174312687251592546e+00 1.288112151171132980e-01
2.186880237761905654e+00 1.285766580547580140e-01
2.199520428848138476e+00 1.293035636678119271e-01
2.212233680373592026e+00 1.235945332821830195e-01
2.225020414628386511e+00 1.205769345469573928e-01
2.237881056343477670e+00 1.241355634873327340e-01
2.250816032704775704e+00 1.178410255668056045e-01
2.263825773367328598e+00 1.014244652846574557e-01
2.276910710469592924e+00 1.071797432420149021e-01
2.290071278647793029e+00 1.283343561837400337e-01
2.303307915050354371e+00 1.279628266481791510e-01
2.316621059352423018e+00 1.312191867704626536e-01
2.330011153770474852e+00 1.532378990786948114e-01
2.343478643077001600e+00 1.618640669671820576e-01
2.357023974615280792e+00 1.663467622211382835e-01
2.370647598314243876e+00 1.613051130619844453e-01
2.384349966703414481e+00 1.579646664456490490e-01
2.398131534927939956e+00 1.466492797092335543e-01
2.411992760763713051e+00 1.404001042394449617e-01
2.425934104632577970e+00 1.343724302974088625e-01
2.439956029617617261e+00 1.364055532114847591e-01
2.454059001478542612e+00 1.337997570168659445e-01
2.468243488667162033e+00 1.180054367907018287e-01
2.482509962342935861e+00 1.100282838681467257e-01
2.496858896388636673e+00 1.207787421326819433e-01
2.511290767426078485e+00 1.394660803147263761e-01
2.525806054831960523e+00 1.276052377682110883e-01
2.540405240753779381e+00 1.112911302406577319e-01
2.555088810125852206e+00 1.032537890907812700e-01
2.569857250685421590e+00 1.044903031138391808e-01
2.584711052988855506e+00 1.073348606955159129e-01
2.599650710427946265e+00 1.077521952423103196e-01
2.614676719246288084e+00 1.093511663107814280e-01
2.629789578555775442e+00 1.081403207964340973e-01
2.644989790353173831e+00 1.004490619536554386e-01
2.660277859536794409e+00 9.654235918395473459e-02
2.675654293923265481e+00 8.982761007341562298e-02
2.691119604264405218e+00 8.797704336353134869e-02
2.706674304264172548e+00 9.434858681019020477e-02
2.722318910595750374e+00 9.425786190871315862e-02
2.738053942918694972e+00 9.152726365450150614e-02
2.753879923896200843e+00 9.442780513879699134e-02
2.769797379212459720e+00 9.693380394179107462e-02
2.785806837590128815e+00 9.924728892945580694e-02
2.801908830807877226e+00 1.031796602078671049e-01
2.818103893718070019e+00 9.970113471708855202e-02
2.834392564264522019e+00 9.785831281586694630e-02
2.850775383500368410e+00 9.598207759727207800e-02
2.867252895606037466e+00 8.715078291934769128e-02
2.883825647907329426e+00 7.893553245047719991e-02
2.900494190893583735e+00 7.074063976437718060e-02
2.917259078235983960e+00 6.366852305411750679e-02
2.934120866805935979e+00 6.589283210203772390e-02
2.951080116693567401e+00 7.058640743186619937e-02
2.968137391226336685e+00 7.902581479145924515e-02
2.985293256987731514e+00 8.578349227001431931e-02
3.002548283836107057e+00 8.595409934084068115e-02
3.019903044923603730e+00 8.813548002074492183e-02
3.037358116715186629e+00 8.762033960455330173e-02
3.054914079007794214e+00 9.803113268916835432e-02
3.072571514949601568e+00 1.056152918921545864e-01
3.090331011059376021e+00 1.246699552850572962e-01
3.108193157245980220e+00 1.523085220391738326e-01
3.126158546827951579e+00 1.391142447211934086e-01
3.144227776553216724e+00 1.146992886127296829e-01
3.162401446618910317e+00 1.083826226674520637e-01
3.180680160691316427e+00 1.099944279902784483e-01
3.199064525925907621e+00 1.041493102524339853e-01
3.217555152987530587e+00 9.462120407511637188e-02
3.236152656070678812e+00 9.948715671775122671e-02
3.254857652919894928e+00 1.031770048448970301e-01
3.273670764850296955e+00 1.026791242880107785e-01
3.292592616768199143e+00 8.895687229948347208e-02
3.311623837191892683e+00 8.798788609565909302e-02
3.330765058272506351e+00 8.810029646139162784e-02
3.350016915815009710e+00 9.610134765067726570e-02
3.369380049299332214e+00 1.011606992296315011e-01
3.388855101901607103e+00 8.837822445225791690e-02
3.408442720515521884e+00 8.478352683153923819e-02
3.428143555773827789e+00 8.898475361066909839e-02
3.447958262069935831e+00 9.496197565627405301e-02
3.467887497579658529e+00 9.602080164058546252e-02
3.487931924283071528e+00 9.498653776374710311e-02
3.508092207986506228e+00 9.397727855487682247e-02
3.528369018344649444e+00 9.519476247664931945e-02
3.548763028882812254e+00 9.382902078904847842e-02
3.569274917019284565e+00 9.798665535941984694e-02
3.589905364087840223e+00 1.071677941086496277e-01
3.610655055360374899e+00 1.192025629297038675e-01
3.631524680069651456e+00 1.158922104270291159e-01
3.652514931432215839e+00 1.154155727739033521e-01
3.673626506671410219e+00 1.162663953255600596e-01
3.694860107040534913e+00 1.188055861656798912e-01
3.716216437846141751e+00 1.314827315452411216e-01
3.737696208471465109e+00 1.408701034851455591e-01
3.759300132399972405e+00 1.231590537550931869e-01
3.781028927239082016e+00 1.234692886620951946e-01
3.802883314743989107e+00 1.325982052729137994e-01
3.824864020841640233e+00 1.287419543996442539e-01
3.846971775654848713e+00 1.247887827779674830e-01
3.869207313526548564e+00 1.280300958434206771e-01
3.891571373044171445e+00 1.203775610439553889e-01
3.914064697064205678e+00 1.112464316306617240e-01
3.936688032736852527e+00 1.060660397563222557e-01
3.959442131530850340e+00 8.333060072642144156e-02
3.982327749258438132e+00 7.600578197351105791e-02
4.005345646100446189e+00 7.387330422830541699e-02
4.028496586631570509e+00 6.817356761307172275e-02
4.051781339845751617e+00 6.943840550781027465e-02
4.075200679181723906e+00 7.589558441025356927e-02
4.098755382548707082e+00 9.111789519661725456e-02
4.122446232352245943e+00 9.760096388801862977e-02
4.146274015520188705e+00 1.023980983736794553e-01
4.170239523528843861e+00 1.129301530339272414e-01
4.194343552429258715e+00 1.086997172621267244e-01
4.218586902873665778e+00 1.209254509367777564e-01
4.242970380142073950e+00 1.169605514619832254e-01
4.267494794169023997e+00 9.762552599549167986e-02
4.292160959570472833e+00 9.673885604373916314e-02
4.316969695670882068e+00 9.575725686580700835e-02
4.341921826530410478e+00 8.879954204350741509e-02
4.367018180972294772e+00 8.813747154297246755e-02
4.392259592610382235e+00 7.917894072273271022e-02
4.417646899876805477e+00 7.646781513030150024e-02
4.443180946049855251e+00 7.911322048922371508e-02
4.468862579281975833e+00 7.104821930840912736e-02
4.494692652627942486e+00 7.576170986051306011e-02
4.520672024073195239e+00 8.778497210869701251e-02
4.546801556562344082e+00 8.425267551777475272e-02
4.573082118027814502e+00 8.325027599657713884e-02
4.599514581418703507e+00 9.282263822339575920e-02
4.626099824729760002e+00 9.703758437787092517e-02
4.652838731030551678e+00 9.260025157465322232e-02
4.679732188494796219e+00 8.233660985462899762e-02
4.706781090429870140e+00 8.322482876811404529e-02
4.733986335306464177e+00 7.301451558773852657e-02
4.761348826788450062e+00 7.398615715453295272e-02
4.788869473762884077e+00 7.826682354251709994e-02
4.816549190370198019e+00 8.367092974708412179e-02
4.844388896034566017e+00 8.698260993124388996e-02
4.872389515494448098e+00 8.466646958060909667e-02
4.900551978833287414e+00 7.523926719615375847e-02
4.928877221510434836e+00 7.133765387214566212e-02
4.957366184392200559e+00 7.737395774383445946e-02
4.986019813783113541e+00 8.325359520028971505e-02
5.014839061457356806e+00 9.326541999865324561e-02
5.043824884690362609e+00 9.849825529165140425e-02
5.072978246290641202e+00 1.109786825311806779e-01
5.102300114631742822e+00 1.217165278216081198e-01
5.131791463684423960e+00 1.296693399169376870e-01
5.161453273049005475e+00 1.314249774006423233e-01
5.191286527987911903e+00 1.149033090009292934e-01
5.221292219458380401e+00 1.041077095659030394e-01
5.251471344145405951e+00 1.090353993975917979e-01
5.281824904494829553e+00 1.184422439992766918e-01
5.312353908746639597e+00 1.149243306244422669e-01
5.343059370968462396e+00 9.946834789671329946e-02
5.373942311089249912e+00 9.400538114630996311e-02
5.405003754933139781e+00 8.458503844952725004e-02
5.436244734253559585e+00 7.345995272596607395e-02
5.467666286767478567e+00 9.261153686727599532e-02
5.499269456189878724e+00 1.009422956253440834e-01
5.531055292268432844e+00 9.899016128185500474e-02
5.563024850818350409e+00 1.048981226099908876e-01
5.595179193757479297e+00 9.722877051171523177e-02
5.627519389141558470e+00 8.990350919830983334e-02
5.660046511199702479e+00 8.679629196284469050e-02
5.692761640370078702e+00 1.013025398682822070e-01
5.725665863335805739e+00 1.092584498870768361e-01
5.758760273061025892e+00 1.181565711997477341e-01
5.792045968827241431e+00 1.332739951487940666e-01
5.825524056269808071e+00 1.252760418829734768e-01
5.859195647414667363e+00 1.235285917684265378e-01
5.893061860715279821e+00 1.135534994911488182e-01
5.927123821089786304e+00 1.160088251174642565e-01
5.961382659958350594e+00 1.248750820744944368e-01
5.995839515280771082e+00 1.256973594742230027e-01
6.030495531594262104e+00 1.170194120078195676e-01
6.065351860051475086e+00 1.140046899158115024e-01
6.100409658458743500e+00 1.113657016840669117e-01
6.135670091314512575e+00 1.025547647889129832e-01
6.171134329848062094e+00 1.081841342854400756e-01
6.206803552058381079e+00 1.055172647425098725e-01
6.242678942753306259e+00 1.205112143134484115e-01
6.278761693588877257e+00 1.488134005298324125e-01
6.315053003108923591e+00 1.646736622697529961e-01
6.351554076784851510e+00 1.676474475159726585e-01
6.388266127055725718e+00 1.609395580931061998e-01
6.425190373368511843e+00 1.897579911269193509e-01
6.462328042218596025e+00 2.082090020046284407e-01
6.499680367190518560e+00 1.918083739003006716e-01
6.537248588998957999e+00 2.161045025158542243e-01
6.575033955529916874e+00 2.343756125523417388e-01
6.613037721882214726e+00 2.050663799295625034e-01
6.651261150409145451e+00 2.237541606721019094e-01
6.689705510760421525e+00 2.642727867927417429e-01
6.728372079924347382e+00 2.975998048694692422e-01
6.767262142270216607e+00 2.597343289164142921e-01
6.806376989591010229e+00 2.616262750325820119e-01
6.845717921146279750e+00 3.224407254543800727e-01
6.885286243705309062e+00 3.212922809698291471e-01
6.925083271590525058e+00 3.942107609301505056e-01
6.965110326721157818e+00 4.397214694345030761e-01
7.005368738657123728e+00 4.677842304230866444e-01
7.045859844643230119e+00 5.295324834893557764e-01
7.086584989653569089e+00 4.910252948185363508e-01
7.127545526436194656e+00 5.789465755596964192e-01
7.168742815558059256e+00 7.015468966898396053e-01
7.210178225450215805e+00 7.790326009586640010e-01
7.251853132453240036e+00 7.776827914488835258e-01
7.293768920862992111e+00 8.102795847088445358e-01
7.335926982976571864e+00 8.723863117760717323e-01
7.378328719138569802e+00 8.152716670925572728e-01
7.420975537787583676e+00 9.757905714351564619e-01
7.463868855503007715e+00 1.079161639057115263e+00
7.507010097052058128e+00 9.749165144575115960e-01
7.550400695437144982e+00 8.990262407731982597e-01
7.594042091943437711e+00 7.861246328911991599e-01
7.637935736186750368e+00 8.533053160337159548e-01
7.682083086161699548e+00 1.113276414814960535e+00
7.726485608290103890e+00 1.248363580311810495e+00
7.771144777469737974e+00 1.516966821548225264e+00
7.816062077123293150e+00 1.639084751738807189e+00
7.861238999247660786e+00 1.454610047801317085e+00
7.906677044463489068e+00 1.272907985365064665e+00
7.952377722065040011e+00 7.989212696044131201e-01
7.998342550070284496e+00 6.287611848780211288e-01
