2.511886431509579437e-02 6.761920527260627534e-01
2.526405161860213050e-02 6.780845979168748094e-01
2.541007810627042562e-02 6.789120512157988951e-01
2.555694862859406516e-02 6.809437541412295403e-01
2.570466806410236227e-02 6.820762840122019943e-01
2.585324131952258450e-02 6.830664448162184765e-01
2.600267332994290678e-02 6.841304662639940970e-01
2.615296905897638788e-02 6.857050895534084756e-01
2.630413349892583852e-02 6.879358950837548559e-01
2.645617167094958117e-02 6.909491952603024068e-01
2.660908862522835469e-02 6.947856669593243106e-01
2.676288944113292337e-02 6.986959993021052417e-01
2.691757922739292791e-02 7.007780131008209956e-01
2.707316312226650673e-02 7.009342979412387376e-01
2.722964629371095457e-02 7.003819487792144471e-01
2.738703393955444973e-02 6.998028385143787444e-01
2.754533128766867636e-02 6.996893714384589957e-01
2.770454359614242176e-02 7.002909610296561560e-01
2.786467615345633933e-02 7.017403423579138266e-01
2.802573427865854422e-02 7.032989089856414022e-01
2.818772332154127064e-02 7.040032612116337019e-01
2.835064866281864979e-02 7.041723913814008640e-01
2.851451571430539678e-02 7.043479442158426806e-01
2.867932991909653145e-02 7.049869993509756405e-01
2.884509675174826843e-02 7.064203240175465082e-01
2.901182171845980567e-02 7.087367650768889860e-01
2.917951035725619563e-02 7.115359764309464596e-01
2.934816823817239240e-02 7.130121188620154316e-01
2.951780096343814899e-02 7.124415721500794163e-01
2.968841416766421215e-02 7.108819350782392688e-01
2.986001351802944001e-02 7.090664618635236227e-01
3.003260471446899879e-02 7.077883515932579250e-01
3.020619348986378766e-02 7.075646287737558104e-01
3.038078561023081769e-02 7.084948447074751465e-01
3.055638687491469066e-02 7.090675323076360836e-01
3.073300311678033025e-02 7.079831724217239275e-01
3.091064020240668481e-02 7.059525399404057433e-01
3.108930403228154019e-02 7.039294005678746746e-01
3.126900054099761295e-02 7.028514633466371730e-01
3.144973569744963920e-02 7.031297788158742401e-01
3.163151550503255638e-02 7.046562321202284318e-01
3.181434600184106232e-02 7.066322719518116635e-01
3.199823326087009728e-02 7.086447068832182339e-01
3.218318339021652985e-02 7.108883577429140344e-01
3.236920253328214730e-02 7.136286946707868228e-01
3.255629686897762443e-02 7.171429626919610945e-01
3.274447261192782455e-02 7.216452506289270374e-01
3.293373601267822470e-02 7.256283731713545349e-01
3.312409335790250653e-02 7.279116304632110568e-01
3.331555097061136145e-02 7.294958877496374727e-01
3.350811521036261426e-02 7.310180592775418207e-01
3.370179247347232510e-02 7.330882981910206153e-01
3.389658919322740410e-02 7.362300516610622569e-01
3.409251184009919750e-02 7.403159368382850047e-01
3.428956692195841288e-02 7.446544468260460903e-01
3.448776098429136294e-02 7.494457546733735986e-01
3.468710061041735404e-02 7.553139292978260366e-01
3.488759242170727526e-02 7.627599385440302360e-01
3.508924307780367929e-02 7.721616491836812424e-01
3.529205927684192501e-02 7.828949922992203270e-01
3.549604775567258980e-02 7.933671470513214974e-01
3.570121529008542238e-02 8.040758699522742026e-01
3.590756869503420462e-02 8.169725806190752948e-01
3.611511482486330638e-02 8.340889819771555302e-01
3.632386057353523962e-02 8.577297402006203164e-01
3.653381287485973905e-02 8.855152580274925356e-01
3.674497870272393912e-02 9.054918860540398518e-01
3.695736507132423021e-02 9.069327038293980570e-01
3.717097903539903075e-02 8.938090590107573563e-01
3.738582769046329413e-02 8.806554417569681936e-01
3.760191817304411876e-02 8.761499424876648678e-01
3.781925766091774610e-02 8.740037020422021241e-01
3.803785337334809891e-02 8.620575457472566816e-01
3.825771257132654091e-02 8.443138641392806676e-01
3.847884255781295476e-02 8.256538823710471986e-01
3.870125067797849233e-02 8.102234304900762796e-01
3.892494431944945599e-02 7.997084579734771159e-01
3.914993091255265789e-02 7.917764671002203158e-01
3.937621793056233360e-02 7.836132602986745077e-01
3.960381288994833243e-02 7.759060626890323942e-01
3.983272335062570252e-02 7.703633030747647492e-01
4.006295691620595512e-02 7.683101912670849964e-01
4.029452123424955012e-02 7.681292862120809861e-01
4.052742399651988042e-02 7.672889875838074802e-01
4.076167293923887297e-02 7.667355679776706179e-01
4.099727584334383890e-02 7.676829110171892179e-01
4.123424053474603751e-02 7.714144791931908385e-01
4.147257488459059338e-02 7.739407272985735498e-01
4.171228680951784978e-02 7.708332280401304359e-01
4.195338427192649156e-02 7.648066276870352231e-01
4.219587528023795858e-02 7.586751238109200601e-01
4.243976788916238585e-02 7.548589905500346919e-01
4.268507019996626434e-02 7.529118527094875724e-01
4.293179036074151744e-02 7.506457225234304254e-01
4.317993656667604152e-02 7.486065264892125537e-01
4.342951706032609216e-02 7.477630165286017760e-01
4.368054013188996804e-02 7.492188205215341013e-01
4.393301411948334623e-02 7.517643366209408873e-01
4.418694740941636612e-02 7.526174805785638133e-01
4.444234843647213579e-02 7.518510425940493347e-01
4.469922568418681352e-02 7.509978986364265197e-01
4.495758768513159753e-02 7.520833289664511367e-01
4.521744302119593689e-02 7.552903795273521181e-01
4.547880032387276866e-02 7.601180824745029652e-01
4.574166827454511502e-02 7.671723091755503487e-01
4.600605560477452616e-02 7.771210167566634519e-01
4.627197109659098723e-02 7.898625130271592631e-01
4.653942358278480296e-02 8.040148546378645955e-01
4.680842194719982141e-02 8.199783876868357302e-01
4.707897512502866311e-02 8.399121979488851641e-01
4.735109210310945588e-02 8.656809990679010802e-01
4.762478192022426976e-02 8.903483131952055762e-01
4.790005366739954334e-02 9.058065966231003685e-01
4.817691648820784933e-02 9.155101725024620274e-01
4.845537957907175564e-02 9.238971021235101722e-01
4.873545218956924774e-02 9.290052614281228971e-01
4.901714362274099679e-02 9.214415033295491053e-01
4.930046323539925834e-02 9.020611126736367558e-01
4.958542043843887359e-02 8.761456607112150241e-01
4.987202469714965836e-02 8.508050372371793735e-01
5.016028553153097091e-02 8.297258517748080653e-01
5.045021251660784106e-02 8.123889389295632091e-01
5.074181528274907677e-02 7.981124258018136297e-01
5.103510351598705003e-02 7.870247656850535289e-01
5.133008695833959217e-02 7.792105236641664323e-01
5.162677540813340182e-02 7.740499125980435657e-01
5.192517872032970105e-02 7.713052938937210445e-01
5.222530680685147364e-02 7.712153765882751033e-01
5.252716963691266006e-02 7.730244271383160948e-01
5.283077723734942721e-02 7.756748467607430531e-01
5.313613969295318679e-02 7.798913261196848135e-01
5.344326714680543849e-02 7.860645773161856198e-01
5.375216980061491706e-02 7.918150030882685764e-01
5.406285791505632127e-02 7.963194319134594412e-01
5.437534181011107609e-02 8.027934779055587722e-01
5.468963186541032917e-02 8.139774779924394688e-01
5.500573852057948770e-02 8.254965270865169957e-01
5.532367227558519784e-02 8.284188395135063665e-01
5.564344369108398941e-02 8.231565362567007105e-01
5.596506338877313413e-02 8.176405377452443668e-01
5.628854205174332881e-02 8.156366663667373729e-01
5.661389042483377931e-02 8.159717153739344253e-01
5.694111931498885282e-02 8.194592222922973956e-01
5.727023959161724881e-02 8.243201090069341985e-01
5.760126218695296035e-02 8.252150002849425459e-01
5.793419809641841417e-02 8.217018027078807352e-01
5.826905837898961604e-02 8.165904320709306274e-01
5.860585415756369709e-02 8.097738439628471285e-01
5.894459661932811845e-02 7.994237198395652833e-01
5.928529701613251268e-02 7.875011133150938702e-01
5.962796666486229469e-02 7.771659754093863670e-01
5.997261694781454155e-02 7.694084669264591447e-01
6.031925931307623168e-02 7.639299339589384896e-01
6.066790527490428103e-02 7.613116276598851373e-01
6.101856641410823012e-02 7.586622784815706400e-01
6.137125437843479747e-02 7.529750089121222123e-01
6.172598088295483398e-02 7.463778618470909842e-01
6.208275771045231733e-02 7.407901435801005352e-01
6.244159671181598315e-02 7.371656198153437867e-01
6.280250980643269088e-02 7.361519092408533860e-01
6.316550898258359303e-02 7.389093732745253273e-01
6.353060629784218483e-02 7.432243334918123834e-01
6.389781387947492119e-02 7.425082063805832355e-01
6.426714392484385308e-02 7.347742476681299317e-01
6.463860870181208085e-02 7.299037269564809804e-01
6.501222054915094251e-02 7.264205018145677428e-01
6.538799187695008841e-02 7.235538524814258965e-01
6.576593516702965159e-02 7.222960806492968455e-01
6.614606297335466623e-02 7.224416610485899781e-01
6.652838792245242827e-02 7.241201174169120680e-01
6.691292271383147972e-02 7.274010286215722987e-01
6.729968012040381253e-02 7.301220975554209014e-01
6.768867298890894613e-02 7.321666458102008557e-01
6.807991424034069705e-02 7.357986626837448307e-01
6.847341687037629410e-02 7.401350317832808834e-01
6.886919394980822728e-02 7.429524406872500819e-01
6.926725862497820629e-02 7.459261344316370224e-01
6.966762411821400547e-02 7.517686183973907310e-01
7.007030372826857090e-02 7.615128711530256833e-01
7.047531083076181979e-02 7.754254332825422091e-01
7.088265887862478520e-02 7.890693139398335942e-01
7.129236140254673060e-02 7.983800368299261985e-01
7.170443201142430445e-02 8.062906188209338909e-01
7.211888439281383123e-02 8.122337245332579281e-01
7.253573231338585059e-02 8.156634274695486742e-01
7.295498961938230720e-02 8.201935469534382683e-01
7.337667023707672431e-02 8.281833418087672927e-01
7.380078817323644513e-02 8.404174475699617286e-01
7.422735751558823258e-02 8.566100556589972825e-01
7.465639243328600627e-02 8.734395779949406524e-01
7.508790717738160481e-02 8.899179946620005000e-01
7.552191608129793510e-02 9.055882260241603365e-01
7.595843356130543844e-02 9.156332735753939245e-01
7.639747411700059665e-02 9.199739244513798209e-01
7.683905233178781047e-02 9.213269658095171177e-01
7.728318287336367887e-02 9.217722705602963140e-01
7.772988049420428980e-02 9.236862246333574777e-01
7.817916003205507836e-02 9.279209015422107409e-01
7.863103641042397396e-02 9.340813074093623491e-01
7.908552463907676799e-02 9.431319123801295001e-01
7.954263981453599253e-02 9.537164637640379583e-01
8.000239712058217212e-02 9.653586139310473824e-01
8.046481182875830918e-02 9.761283521464096946e-01
8.092989929887701994e-02 9.808607855675524068e-01
8.139767497953076525e-02 9.815865466757938140e-01
8.186815440860513438e-02 9.818991163566292979e-01
8.234135321379483508e-02 9.825049877242761909e-01
8.281728711312283386e-02 9.837488437829433607e-01
8.329597191546232737e-02 9.831237044212723930e-01
8.377742352106211376e-02 9.818381010422196908e-01
8.426165792207447602e-02 9.806113720893516739e-01
8.474869120308657633e-02 9.779545298022500610e-01
8.523853954165466762e-02 9.769750734393579661e-01
8.573121920884146929e-02 9.762514532193415917e-01
8.622674656975649887e-02 9.733698176686254033e-01
8.672513808409994251e-02 9.722715420092512550e-01
8.722641030670905127e-02 9.736652602436617343e-01
8.773057988810836760e-02 9.776879892182499532e-01
8.823766357506258873e-02 9.838312679796020754e-01
8.874767821113291322e-02 9.930081853556385063e-01
8.926064073723644077e-02 1.001901435041875565e+00
8.977656819220893036e-02 1.007930176283195589e+00
9.029547771337091688e-02 1.013071519355294159e+00
9.081738653709675591e-02 1.017841418320372782e+00
9.134231199938727674e-02 1.025710252990994942e+00
9.187027153644546085e-02 1.037268908517233079e+00
9.240128268525588107e-02 1.052458510472902731e+00
9.293536308416693037e-02 1.069030055777745680e+00
9.347253047347692245e-02 1.085826394346203427e+00
9.401280269602330097e-02 1.098960743605968515e+00
9.455619769777530437e-02 1.105918630336895303e+00
9.510273352842993355e-02 1.107749089769185291e+00
9.565242834201181932e-02 1.102921386822034444e+00
9.620530039747586526e-02 1.097815368405646419e+00
9.676136805931405405e-02 1.095203484771267721e+00
9.732064979816532069e-02 1.095813637915364458e+00
9.788316419142908953e-02 1.100106118806290390e+00
9.844892992388228070e-02 1.106785690067979999e+00
9.901796578830000806e-02 1.115627558436819600e+00
9.959029068607995472e-02 1.125593393123731634e+00
1.001659236278700377e-01 1.140868630608397272e+00
1.007448837341998471e-01 1.164033041201821606e+00
1.013271902361159299e-01 1.196831448807298637e+00
1.019128624758204177e-01 1.238461020340490437e+00
1.025019199073136378e-01 1.285838876757540383e+00
1.030943820970401520e-01 1.334169428434671012e+00
1.036902687245389171e-01 1.382778295581039041e+00
1.042895995830967204e-01 1.430295309732707576e+00
1.048923945804057928e-01 1.484342032970322744e+00
1.054986737392250712e-01 1.552186780817422340e+00
1.061084571980452224e-01 1.643934545695536764e+00
1.067217652117575799e-01 1.769604684497201319e+00
1.073386181523270227e-01 1.891720948845530659e+00
1.079590365094685589e-01 1.945628514348527238e+00
1.085830408913279893e-01 1.899053491015815220e+00
1.092106520251663743e-01 1.758311499110850384e+00
1.098418907580486492e-01 1.616563289740182929e+00
1.104767780575359459e-01 1.501908020855631909e+00
1.111153350123821049e-01 1.416229674095110580e+00
1.117575828332342536e-01 1.353640806840141986e+00
1.124035428533372433e-01 1.305556457308874929e+00
1.130532365292423180e-01 1.263734205835441937e+00
1.137066854415197809e-01 1.226632612897914809e+00
1.143639112954759340e-01 1.194754787229145077e+00
1.150249359218739331e-01 1.168785813061100853e+00
1.156897812776589568e-01 1.149046823627517533e+00
1.163584694466876512e-01 1.137079258450323316e+00
1.170310226404614878e-01 1.135473592281647903e+00
1.177074631988646730e-01 1.145450131409684547e+00
1.183878135909062629e-01 1.174352122445842639e+00
1.190720964154663303e-01 1.225744144284580894e+00
1.197603344020467531e-01 1.264729718860020613e+00
1.204525504115261381e-01 1.255491786169574686e+00
1.211487674369193246e-01 1.196884971012921239e+00
1.218490086041408849e-01 1.138064067033777604e+00
1.225532971727734816e-01 1.105276363869425182e+00
1.232616565368404721e-01 1.097954526140265008e+00
1.239741102255828148e-01 1.106507374598743043e+00
1.246906819042407494e-01 1.124876195568389914e+00
1.254113953748399735e-01 1.147890743986071271e+00
1.261362745769819826e-01 1.170027528231543323e+00
1.268653435886395453e-01 1.193641525352196808e+00
1.275986266269562852e-01 1.221708569980643366e+00
1.283361480490512463e-01 1.252933424740818591e+00
1.290779323528278288e-01 1.284126166177619988e+00
1.298240041777875831e-01 1.317245707016831968e+00
1.305743883058487209e-01 1.353405309135403023e+00
1.313291096621690413e-01 1.391331144039516854e+00
1.320881933159741561e-01 1.431836749254635777e+00
1.328516644813900749e-01 1.475243258014495185e+00
1.336195485182806453e-01 1.521497148113472253e+00
1.343918709330900185e-01 1.569881221996225484e+00
1.351686573796898327e-01 1.620234913045887515e+00
1.359499336602315311e-01 1.674163887431133313e+00
1.367357257260030934e-01 1.730715449891881974e+00
1.375260596782912625e-01 1.788733520786687903e+00
1.383209617692485738e-01 1.849545450814989334e+00
1.391204584027652402e-01 1.912958560036544409e+00
1.399245761353461737e-01 1.977110275695690422e+00
1.407333416769932510e-01 2.041401149089455025e+00
1.415467818920924381e-01 2.106430628920810566e+00
1.423649238003061035e-01 2.172980139391845089e+00
1.431877945774705507e-01 2.242848026611475643e+00
1.440154215564987683e-01 2.316184152755444980e+00
1.448478322282882313e-01 2.391158058391463559e+00
1.456850542426340045e-01 2.473079146317284760e+00
1.465271154091474515e-01 2.565672562044234883e+00
1.473740436981796631e-01 2.668970418895687757e+00
1.482258672417506584e-01 2.786772793470842835e+00
1.490826143344838317e-01 2.923382871101749103e+00
1.499443134345459228e-01 3.083424970354192496e+00
1.508109931645919832e-01 3.272080040732431971e+00
1.516826823127164214e-01 3.494282829594864026e+00
1.525594098334091819e-01 3.771581376925112306e+00
1.534412048485173929e-01 4.134312068870017676e+00
1.543280966482127869e-01 4.587591628287094991e+00
1.552201146919646169e-01 5.024686072723921981e+00
1.561172886095181789e-01 5.280565033364039706e+00
1.570196482018790252e-01 5.401000700455822923e+00
1.579272234423027277e-01 5.520997485461500709e+00
1.588400444772908315e-01 5.666213933756507615e+00
1.597581416275917487e-01 5.712928114823838222e+00
1.606815453892082024e-01 5.582023504312291884e+00
1.616102864344102497e-01 5.301577851291439103e+00
1.625443956127538836e-01 4.947260850070392735e+00
1.634839039521058524e-01 4.582817447545566303e+00
1.644288426596743347e-01 4.246858562853041974e+00
1.653792431230455828e-01 3.962302404440380954e+00
1.663351369112262834e-01 3.731974944764450797e+00
1.672965557756923849e-01 3.541050532867816791e+00
1.682635316514438095e-01 3.374960424380029522e+00
1.692360966580649384e-01 3.231617253281810598e+00
1.702142831007917856e-01 3.108441249262155370e+00
1.711981234715850009e-01 2.997479012565558154e+00
1.721876504502090899e-01 2.887330313394423253e+00
1.731828969053178791e-01 2.762216805531233277e+00
1.741838958955464201e-01 2.599552118203286799e+00
1.751906806706090836e-01 2.393716419820219876e+00
1.762032846724038426e-01 2.173665223623813425e+00
1.772217415361232173e-01 1.994151745965899281e+00
1.782460850913716033e-01 1.891378406729546491e+00
1.792763493632887617e-01 1.851450841335150477e+00
1.803125685736800821e-01 1.847565129206955925e+00
1.813547771421535060e-01 1.864306875125678609e+00
1.824030096872625850e-01 1.890693322497578377e+00
1.834573010276564775e-01 1.919327702505623456e+00
1.845176861832364401e-01 1.944804272381940535e+00
1.855842003763193415e-01 1.965099892753998212e+00
1.866568790328071992e-01 1.979368912772960565e+00
1.877357577833641822e-01 1.986401730591758952e+00
1.888208724646001924e-01 1.991732542271761552e+00
1.899122591202609955e-01 2.005295069176506573e+00
1.910099540024255971e-01 2.032698438455234236e+00
1.921139935727104175e-01 2.074285192223928043e+00
1.932244145034804905e-01 2.128364028784916595e+00
1.943412536790674328e-01 2.197193585215470701e+00
1.954645481969946030e-01 2.283771105030450332e+00
1.965943353692096995e-01 2.388792376902948433e+00
1.977306527233236300e-01 2.513188687210797134e+00
1.988735380038573475e-01 2.657998366743072438e+00
2.000230291734956534e-01 2.829751124585722089e+00
2.011791644143479663e-01 3.021842320564926965e+00
2.023419821292166965e-01 3.196999090685168188e+00
2.035115209428728922e-01 3.283383930559907071e+00
2.046878197033392410e-01 3.224124144494658672e+00
2.058709174831803157e-01 3.034377221121720147e+00
2.070608535808005912e-01 2.784931629597428238e+00
2.082576675217497619e-01 2.541009529693380120e+00
2.094613990600355524e-01 2.334456633754971477e+00
2.106720881794442723e-01 2.171042635548309896e+00
2.118897750948690872e-01 2.041379740207205806e+00
2.131145002536455058e-01 1.928554930754945218e+00
2.143463043368951104e-01 1.821007410777064406e+00
2.155852282608767823e-01 1.715472325730589942e+00
2.168313131783459469e-01 1.611157546972308952e+00
2.180846004799212312e-01 1.510000578345756184e+00
2.193451317954595303e-01 1.418520424495754106e+00
2.206129489954388734e-01 1.338611771501339920e+00
2.218880941923488948e-01 1.267448646905644516e+00
2.231706097420899648e-01 1.203949902155093010e+00
2.244605382453801201e-01 1.146327895581893852e+00
2.257579225491697927e-01 1.092955552135122188e+00
2.270628057480653939e-01 1.048326596198844829e+00
2.283752311857605299e-01 1.016578294267681537e+00
2.296952424564759343e-01 9.972407213762669587e-01
2.310228834064072811e-01 9.903106661922637111e-01
2.323581981351817149e-01 9.976667581330220802e-01
2.337012309973229007e-01 1.019799260602044289e+00
2.350520266037238737e-01 1.054560862709755131e+00
2.364106298231291869e-01 1.098157910521630809e+00
2.377770857836252472e-01 1.147323408606472528e+00
2.391514398741393099e-01 1.203329044569871886e+00
2.405337377459470793e-01 1.270510117067252365e+00
2.419240253141889951e-01 1.350397361179417555e+00
2.433223487593957901e-01 1.445720409393116190e+00
2.447287545290218747e-01 1.560611175982406174e+00
2.461432893389885190e-01 1.689064469476441177e+00
2.475660001752356676e-01 1.809810565360834289e+00
2.489969342952823017e-01 1.891292771200550282e+00
2.504361392297964617e-01 1.906878437477826704e+00
2.518836627841739007e-01 1.866961576524555300e+00
2.533395530401260642e-01 1.798271177828620004e+00
2.548038583572773130e-01 1.724335602981678317e+00
2.562766273747711931e-01 1.661040242612492612e+00
2.577579090128856998e-01 1.613405479608454485e+00
2.592477524746588102e-01 1.580607072002977675e+00
2.607462072475227322e-01 1.556778986059834002e+00
2.622533231049470337e-01 1.537393243183359237e+00
2.637691501080930423e-01 1.537361129859985853e+00
2.652937386074759596e-01 1.590283886779528144e+00
2.668271392446371348e-01 1.731261376389231943e+00
2.683694029538270520e-01 1.958591592550300353e+00
2.699205809636965880e-01 2.111697213954065511e+00
2.714807247989985406e-01 2.050200199693796410e+00
2.730498862822996475e-01 1.893166048397338486e+00
2.746281175357012105e-01 1.762400595620410959e+00
2.762154709825712651e-01 1.684975372966881046e+00
2.778119993492854656e-01 1.638025694194811255e+00
2.794177556669779627e-01 1.613127164139217307e+00
2.810327932733039380e-01 1.612281513290381607e+00
2.826571658142107979e-01 1.633840257715130528e+00
2.842909272457196934e-01 1.674388680694747666e+00
2.859341318357184192e-01 1.717645327278863876e+00
2.875868341657639160e-01 1.740627762373171850e+00
2.892490891328946545e-01 1.729045557076459572e+00
2.909209519514548425e-01 1.674688405046233841e+00
2.926024781549284581e-01 1.579194085774543233e+00
2.942937235977828858e-01 1.445634773864120204e+00
2.959947444573255426e-01 1.290120653207341483e+00
2.977055972355692748e-01 1.136522627511849182e+00
2.994263387611086902e-01 1.003700851594904409e+00
3.011570261910088142e-01 9.009178783615396924e-01
3.028977170127025720e-01 8.340204735539588077e-01
3.046484690459013711e-01 8.110466020125506326e-01
3.064093404445150659e-01 8.366163005266507025e-01
3.081803896985833569e-01 9.228512782256462765e-01
3.099616756362194026e-01 1.083974526031664443e+00
3.117532574255635347e-01 1.179929136271708590e+00
3.135551945767480198e-01 1.110286042315692390e+00
3.153675469438748658e-01 1.027057942128569712e+00
3.171903747270033436e-01 1.011049450426875662e+00
3.190237384741493876e-01 1.070615383508284557e+00
3.208676990832974307e-01 1.132551279854658643e+00
3.227223178044230090e-01 1.164975032020778123e+00
3.245876562415266342e-01 1.172885614011785593e+00
3.264637763546810456e-01 1.172810682923914216e+00
3.283507404620888970e-01 1.176514419552992186e+00
3.302486112421523790e-01 1.197398784186897380e+00
3.321574517355558864e-01 1.245515247041538043e+00
3.340773253473591775e-01 1.322458769844464976e+00
3.360082958491044103e-01 1.436139934586686095e+00
3.379504273809338932e-01 1.615632003362351021e+00
3.399037844537201591e-01 1.916533843372128398e+00
3.418684319512097503e-01 2.322307093078660678e+00
3.438444351321779946e-01 2.444594628484982213e+00
3.458318596325960503e-01 2.134369220255762922e+00
3.478307714678123830e-01 1.763214133145873053e+00
3.498412370347446232e-01 1.469259475425898076e+00
3.518633231140849693e-01 1.256337437018410386e+00
3.538970968725191901e-01 1.103114066762275414e+00
3.559426258649572294e-01 1.000336445749473224e+00
3.579999780367765227e-01 9.502664223896106765e-01
3.600692217260801353e-01 9.472905877569989253e-01
3.621504256659661136e-01 9.747817334529472744e-01
3.642436589868098817e-01 1.020432963516614944e+00
3.663489912185618480e-01 1.080409947137204840e+00
3.684664922930561692e-01 1.157214312205513407e+00
3.705962325463332818e-01 1.260373011322348136e+00
3.727382827209774208e-01 1.414409919103945201e+00
3.748927139684648524e-01 1.653996720352569616e+00
3.770595978515288715e-01 1.804865113561313850e+00
3.792390063465359562e-01 1.645625847393208385e+00
3.814310118458763554e-01 1.386043150124012246e+00
3.836356871603694985e-01 1.143245016538037007e+00
3.858531055216822825e-01 9.582979645653252332e-01
3.880833405847607942e-01 8.421954552407416861e-01
3.903264664302779630e-01 7.907124456524448064e-01
3.925825575670940371e-01 7.849181316717512846e-01
3.948516889347303827e-01 8.141658761562307056e-01
3.971339359058604912e-01 8.521944736951397870e-01
3.994293742888124776e-01 8.364685792391325370e-01
4.017380803300868997e-01 7.848549754691167557e-01
4.040601307168905088e-01 7.408768495532089826e-01
4.063956025796829352e-01 7.136843577646342363e-01
4.087445734947380283e-01 6.993115046667641721e-01
4.111071214867221824e-01 6.931039992586648379e-01
4.134833250312844322e-01 6.948413300531717240e-01
4.158732630576643108e-01 7.050266057831361399e-01
4.182770149513134750e-01 7.142870177999437464e-01
4.206946605565314856e-01 7.172510775473185385e-01
4.231262801791195738e-01 7.233879336439961172e-01
4.255719545890473410e-01 7.340891634361617069e-01
4.280317650231349469e-01 7.430209491104469155e-01
4.305057931877529498e-01 7.513811176286836480e-01
4.329941212615355806e-01 7.671744500637752706e-01
4.354968318981098929e-01 7.894396876027414134e-01
4.380140082288422887e-01 8.115165269779162083e-01
4.405457338655994204e-01 8.335430554798058944e-01
4.430920929035247480e-01 8.514034154960390399e-01
4.456531699238333033e-01 8.601553665594326992e-01
4.482290499966203323e-01 8.630038183426629317e-01
4.508198186836865351e-01 8.647711215723183908e-01
4.534255620413813470e-01 8.699349439707785292e-01
4.560463666234608748e-01 8.946536394154807059e-01
4.586823194839622087e-01 9.573805939609554283e-01
4.613335081800964965e-01 1.075068431016077852e+00
4.640000207751556194e-01 1.233076686454865456e+00
4.666819458414390720e-01 1.336792016510174541e+00
4.693793724631949438e-01 1.388526580464897187e+00
4.720923902395786631e-01 1.434073977449656923e+00
4.748210892876304490e-01 1.445142369572393060e+00
4.775655602452679171e-01 1.397582537656226531e+00
4.803258942742961168e-01 1.311754328719962226e+00
4.831021830634371073e-01 1.227574603716871104e+00
4.858945188313745223e-01 1.142592045629442277e+00
4.887029943298164536e-01 1.013543585208884767e+00
4.915277028465775411e-01 8.827802733201819407e-01
4.943687382086768833e-01 7.837609815861926732e-01
4.972261947854541564e-01 7.071332397964383842e-01
5.001001674917054940e-01 6.392071381967926458e-01
5.029907517908354109e-01 5.862180137422782211e-01
5.058980436980275996e-01 5.602501100183465699e-01
5.088221397834349347e-01 5.516244713602220795e-01
5.117631371753864622e-01 5.454265999491348937e-01
5.147211335636141527e-01 5.323222231245183789e-01
5.176962272024980827e-01 5.212634649987945012e-01
5.206885169143288250e-01 5.248826365429889451e-01
5.236981020925914887e-01 5.509393871282538546e-01
5.267250827052667450e-01 6.084093906374852256e-01
5.297695592981502832e-01 6.725396974143822426e-01
5.328316329981945820e-01 6.707488444142528650e-01
5.359114055168668900e-01 6.120745912785150455e-01
5.390089791535270791e-01 5.571565265333652262e-01
5.421244567988269258e-01 5.165610040128003622e-01
5.452579419381275994e-01 4.860051768229067259e-01
5.484095386549359130e-01 4.668656360922954773e-01
5.515793516343632241e-01 4.581404461317131749e-01
5.547674861666017643e-01 4.580248381675685598e-01
5.579740481504216199e-01 4.608700786184614651e-01
5.611991440966896949e-01 4.648382149433146759e-01
5.644428811319066597e-01 4.745888903636243383e-01
5.677053670017649933e-01 4.856240987188744640e-01
5.709867100747291202e-01 4.988654923898845350e-01
5.742870193456336425e-01 5.178669458299897110e-01
5.776064044393048880e-01 5.399801803049878446e-01
5.809449756142023302e-01 5.602554622389088745e-01
5.843028437660793273e-01 5.791006308385961976e-01
5.876801204316687288e-01 5.999817841401641205e-01
5.910769177923870243e-01 6.227308624179577201e-01
5.944933486780595855e-01 6.417590769608740864e-01
5.979295265706701112e-01 6.489042914114797611e-01
6.013855656081297241e-01 6.429879468019670252e-01
6.048615805880666052e-01 6.320512193050623617e-01
6.083576869716416091e-01 6.239897046941992320e-01
6.118740008873820857e-01 6.173775714115937729e-01
6.154106391350390171e-01 6.101734825348033020e-01
6.189677191894675801e-01 6.018026095754420712e-01
6.225453592045292472e-01 5.803091622415526007e-01
6.261436780170150929e-01 5.517133182215555598e-01
6.297627951505950783e-01 5.318940454795383355e-01
6.334028308197864332e-01 5.244576702303461735e-01
6.370639059339481269e-01 5.337812384497881979e-01
6.407461421012968783e-01 5.651859278208548609e-01
6.444496616329448146e-01 6.072897060958623028e-01
6.481745875469649976e-01 6.131300491733909785e-01
6.519210435724759334e-01 5.980646187347655740e-01
6.556891541537508417e-01 5.815637227413443799e-01
6.594790444543533470e-01 5.768002464409405228e-01
6.632908403612935988e-01 6.002001547391040415e-01
6.671246684892090384e-01 6.195698409538920037e-01
6.709806561845721440e-01 6.279738976807393014e-01
6.748589315299192704e-01 6.280060110041127963e-01
6.787596233481042463e-01 6.230316572135562447e-01
6.826828612065795054e-01 6.218937751220215970e-01
6.866287754216984229e-01 6.324547767354561367e-01
6.905974970630435195e-01 6.326431748992473736e-01
6.945891579577818664e-01 6.164494963660993587e-01
6.986038906950429173e-01 5.980036034203559669e-01
7.026418286303216520e-01 5.802374424860184954e-01
7.067031058899108098e-01 5.597470012854950383e-01
7.107878573753529938e-01 5.334633165483905204e-01
7.148962187679240854e-01 5.079642673457119839e-01
7.190283265331394169e-01 4.894798384119203871e-01
7.231843179252852583e-01 4.912535643062505009e-01
7.273643309919801681e-01 5.153332046158197732e-01
7.315685045787596597e-01 5.302273639964532048e-01
7.357969783336865133e-01 5.180061035646083001e-01
7.400498927119919523e-01 5.018316930254842489e-01
7.443273889807401344e-01 4.979909395500126679e-01
7.486296092235191768e-01 5.024022397374202642e-01
7.529566963451627126e-01 5.137703562116424649e-01
7.573087940764960946e-01 5.247102950408844002e-01
7.616860469791092436e-01 5.299201465361800256e-01
7.660886004501606950e-01 5.291023272342679773e-01
7.705166007272060691e-01 5.192274802969140124e-01
7.749701948930545203e-01 5.064196164914462894e-01
7.794495308806568268e-01 4.881267970537832013e-01
7.839547574780165728e-01 4.600651046458987814e-01
7.884860243331343055e-01 4.301633188087123916e-01
7.930434819589780027e-01 4.099715315155624817e-01
7.976272817384808533e-01 4.024345345197999912e-01
8.022375759295721220e-01 4.046171700650861291e-01
8.068745176702336597e-01 4.058064334740184020e-01
8.115382609835852801e-01 4.060387198464200931e-01
8.162289607830032212e-01 4.077878255261638829e-01
8.209467728772645856e-01 4.130940169915799931e-01
8.256918539757219788e-01 4.217164443173670452e-01
8.304643616935105666e-01 4.239579542888380348e-01
8.352644545567829981e-01 4.231272896575765663e-01
8.400922920079733069e-01 4.280716710129844893e-01
8.449480344110958940e-01 4.380021810441858121e-01
8.498318430570707127e-01 4.534037309341206745e-01
8.547438801690798726e-01 4.725068765649085289e-01
8.596843089079587719e-01 4.914323284730297003e-01
8.646532933776126528e-01 4.911572243361300161e-01
8.696509986304700179e-01 4.687153635186096512e-01
8.746775906729644667e-01 4.513367033529791517e-01
8.797332364710471753e-01 4.521748610930276802e-01
8.848181039557355687e-01 4.721836024429486023e-01
8.899323620286901937e-01 4.952463208456900912e-01
8.950761805678236760e-01 5.098728691982109540e-01
9.002497304329459826e-01 5.210954052731398001e-01
9.054531834714387717e-01 5.225308708279355896e-01
9.106867125239620497e-01 5.053138477232851367e-01
9.159504914301977996e-01 4.859195412939106840e-01
9.212446950346235841e-01 4.645406314800534231e-01
9.265694991923183466e-01 4.390030462893269037e-01
9.319250807748065135e-01 4.213375071015597051e-01
9.373116176759319629e-01 4.236111303964040786e-01
9.427292888177655206e-01 4.395960723276243209e-01
9.481782741565508710e-01 4.502940907874525833e-01
9.536587546886805544e-01 4.595919683481957674e-01
9.591709124567069367e-01 4.684798658138705774e-01
9.647149305553922582e-01 4.775015687936016162e-01
9.702909931377862174e-01 4.817908383521899429e-01
9.758992854213467405e-01 4.803254003622455248e-01
9.815399936940907288e-01 4.755854738323155861e-01
9.872133053207802211e-01 4.737421690706761779e-01
9.929194087491489684e-01 4.693394324361681025e-01
9.986584935161608723e-01 4.590139285274726366e-01
1.004430750254303728e+00 4.486723679570903678e-01
1.010236370697924935e+00 4.518076987624572438e-01
1.016075547689597958e+00 4.794305090842370110e-01
1.021948475186527761e+00 5.202411908714045241e-01
1.027855348266994762e+00 5.155537161029846160e-01
1.033796363136834096e+00 4.867823192485457029e-01
1.039771717135951290e+00 4.636007815493221051e-01
1.045781608744880131e+00 4.472947063843668025e-01
1.051826237591374280e+00 4.357531779639278180e-01
1.057905804457035748e+00 4.289858302850170224e-01
1.064020511283988890e+00 4.240607169236331742e-01
1.070170561181583713e+00 4.208065668217843558e-01
1.076356158433145582e+00 4.202328087775109577e-01
1.082577508502760022e+00 4.231305009899139491e-01
1.088834818042095476e+00 4.356472039967951293e-01
1.095128294897270704e+00 4.552962761249327306e-01
1.101458148115757263e+00 4.674062103690828640e-01
1.107824587953321727e+00 4.592376513469747512e-01
1.114227825881013212e+00 4.409223525829502610e-01
1.120668074592185315e+00 4.213225208839853630e-01
1.127145548009560017e+00 4.034450337619530091e-01
1.133660461292336441e+00 4.013351884163134931e-01
1.140213030843336250e+00 4.121359695109369503e-01
1.146803474316190341e+00 4.259810936613690480e-01
1.153432010622570836e+00 4.388874383251822886e-01
1.160098859939462601e+00 4.402244230216326160e-01
1.166804243716473621e+00 4.385770095325716156e-01
1.173548384683194445e+00 4.342716833122965969e-01
1.180331506856595603e+00 4.284645240022537105e-01
1.187153835548465874e+00 4.382505240782743061e-01
1.194015597372901416e+00 4.531286267972208792e-01
1.200917020253827294e+00 4.467370050017802074e-01
1.207858333432573428e+00 4.329015148483602027e-01
1.214839767475487387e+00 4.219754917925800375e-01
1.221861554281590267e+00 4.147178807101670750e-01
1.228923927090283863e+00 4.158108041489788076e-01
1.236027120489096909e+00 4.258215974886139787e-01
1.243171370421473965e+00 4.378276986538564564e-01
1.250356914194617142e+00 4.483244736205439507e-01
1.257583990487367132e+00 4.524531765622647472e-01
1.264852839358128644e+00 4.444933541420844070e-01
1.272163702252848472e+00 4.322635301573398148e-01
1.279516822013033517e+00 4.281498134331933603e-01
1.286912442883815677e+00 4.348165393655338273e-01
1.294350810522067352e+00 4.459620034643662634e-01
1.301832172004561583e+00 4.574104032470220904e-01
1.309356775836174380e+00 4.682379454444568490e-01
1.316924871958146337e+00 4.648746100431379591e-01
1.324536711756377994e+00 4.368525240674142052e-01
1.332192548069784932e+00 4.188283861019761467e-01
1.339892635198694837e+00 4.135114901954355937e-01
1.347637228913291185e+00 4.088796785208631546e-01
1.355426586462114891e+00 4.056351624160263736e-01
1.363260966580605249e+00 4.062988377657454908e-01
1.371140629499693731e+00 4.089556800528471592e-01
1.379065836954451285e+00 4.200037337374465940e-01
1.387036852192779834e+00 4.456226726807194227e-01
1.395053939984155722e+00 4.751027035376005347e-01
1.403117366628427343e+00 4.838856974802551170e-01
1.411227399964658957e+00 4.715584630812776346e-01
1.419384309380025577e+00 4.592772577791354172e-01
1.427588365818764915e+00 4.595577141365973506e-01
1.435839841791175742e+00 4.644614186157322022e-01
1.444139011382666204e+00 4.629296130908158169e-01
1.452486150262864761e+00 4.644335870688084955e-01
1.460881535694769973e+00 4.465625226114508517e-01
1.469325446543965796e+00 4.149148424268579438e-01
1.477818163287882181e+00 4.115986065664869464e-01
1.486359968025109168e+00 4.157594228315811824e-01
1.494951144484772509e+00 4.242469741991996002e-01
1.503591978035954568e+00 4.260785040756019937e-01
1.512282755697172298e+00 4.155806586648019829e-01
1.521023766145914724e+00 4.154158102714846645e-01
1.529815299728230382e+00 4.138807934142308964e-01
1.538657648468367833e+00 4.140413600310984821e-01
1.547551106078482119e+00 4.167538654120475083e-01
1.556495967968387184e+00 4.183456158072610953e-01
1.565492531255366693e+00 4.239750813946371877e-01
1.574541094774047689e+00 4.305187062540458132e-01
1.583641959086324214e+00 4.322977843689382316e-01
1.592795426491339539e+00 4.191024197947634811e-01
1.602001801035530804e+00 4.002636738597507571e-01
1.611261388522727822e+00 3.862408559866519209e-01
1.620574496524306296e+00 3.989084916133887049e-01
1.629941434389411858e+00 4.221360584094476232e-01
1.639362513255227638e+00 4.293390768421255776e-01
1.648838046057315765e+00 4.340993418101920520e-01
1.658368347540009280e+00 4.494173970593556833e-01
1.667953734266863997e+00 4.469714322624067648e-01
1.677594524631179640e+00 4.417947645345972063e-01
1.687291038866571835e+00 4.461257814135711208e-01
1.697043599057607821e+00 4.417562285465490013e-01
1.706852529150509445e+00 4.246772927324045654e-01
1.716718154963911225e+00 4.165354948131076429e-01
1.726640804199680579e+00 4.012452711108677184e-01
1.736620806453807120e+00 3.995379127515094608e-01
1.746658493227349673e+00 4.081507060802845310e-01
1.756754197937443251e+00 4.031453094104669455e-01
1.766908255928380411e+00 3.949606937266720297e-01
1.777121004482747679e+00 3.990530015685694876e-01
1.787392782832625482e+00 3.984899479654205878e-01
1.797723932170862682e+00 3.828989294675821387e-01
1.808114795662403074e+00 3.769108651025351864e-01
1.818565718455690483e+00 3.779128007917886278e-01
1.829077047694130043e+00 3.810449202648181766e-01
1.839649132527616748e+00 3.939480535962940344e-01
1.850282324124138622e+00 4.048044977847649051e-01
1.860976975681438272e+00 4.025340858222578588e-01
1.871733442438742401e+00 3.940743660015632033e-01
1.882552081688566581e+00 3.895228376354245015e-01
1.893433252788581767e+00 3.847593613350207553e-01
1.904377317173546302e+00 3.790902893154839970e-01
1.915384638367318981e+00 3.834255879709076442e-01
1.926455581994929611e+00 3.954691546800859214e-01
1.937590515794722412e+00 4.061628913634643401e-01
1.948789809630575354e+00 4.075309189391757569e-01
1.960053835504184105e+00 3.977438484190427559e-01
1.971382967567415045e+00 4.110537505132497160e-01
1.982777582134739092e+00 4.340019313959590508e-01
1.994238057695728816e+00 4.210538394117603334e-01
2.005764774927627947e+00 4.060333676258578439e-01
2.017358116708002580e+00 4.021283875036391620e-01
2.029018468127450348e+00 4.037629556633507977e-01
2.040746216502401289e+00 3.964496814870903663e-01
2.052541751387976898e+00 3.845452725125306781e-01
2.064405464590929995e+00 3.768691177821495986e-01
2.076337750182662312e+00 3.766036476422619517e-01
2.088339004512313135e+00 3.892124088428139395e-01
2.100409626219920778e+00 3.906328881800354980e-01
2.112550016249669760e+00 3.843247610253658908e-01
2.124760577863207711e+00 3.997273813594131586e-01
2.137041716653034662e+00 4.153355269630508717e-01
2.149393840555982482e+00 4.085371364048790976e-01
2.161817359866763155e+00 4.058728010089903138e-01
2.174312687251592546e+00 3.912944226415297488e-01
2.186880237761905654e+00 3.702698298288935597e-01
2.199520428848138476e+00 3.607921176572587152e-01
2.212233680373592026e+00 3.764420105812819606e-01
2.225020414628386511e+00 3.988378423019669494e-01
2.237881056343477670e+00 4.129280981541502138e-01
2.250816032704775704e+00 4.281487429890808993e-01
2.263825773367328598e+00 4.315934321429459319e-01
2.276910710469592924e+00 4.222570185941544874e-01
2.290071278647793029e+00 4.268513647247911269e-01
2.303307915050354371e+00 4.361256925150605035e-01
2.316621059352423018e+00 4.288595178797479091e-01
2.330011153770474852e+00 4.014764870391569485e-01
2.343478643077001600e+00 4.028659234971174175e-01
2.357023974615280792e+00 4.070470782003482446e-01
2.370647598314243876e+00 4.008181639099999694e-01
2.384349966703414481e+00 4.135425330746966277e-01
2.398131534927939956e+00 4.122076892664711112e-01
2.411992760763713051e+00 3.907934547969030281e-01
2.425934104632577970e+00 3.838944424921609255e-01
2.439956029617617261e+00 3.881152036275523631e-01
2.454059001478542612e+00 3.928476370486951308e-01
2.468243488667162033e+00 3.989416753808746607e-01
2.482509962342935861e+00 4.046214518415358619e-01
2.496858896388636673e+00 4.067441425165248536e-01
2.511290767426078485e+00 4.154982344681433237e-01
2.525806054831960523e+00 4.100700123739078884e-01
2.540405240753779381e+00 3.947797886716679083e-01
2.555088810125852206e+00 3.819569386486258433e-01
2.569857250685421590e+00 3.783516828778932806e-01
2.584711052988855506e+00 3.668947195423378216e-01
2.599650710427946265e+00 3.526877852818974812e-01
2.614676719246288084e+00 3.542046045892395800e-01
2.629789578555775442e+00 3.549239430328061662e-01
2.644989790353173831e+00 3.511559797569811514e-01
2.660277859536794409e+00 3.521375770080980572e-01
2.675654293923265481e+00 3.594337240785592802e-01
2.691119604264405218e+00 3.638632218158785459e-01
2.706674304264172548e+00 3.616677409412430433e-01
2.722318910595750374e+00 3.688600549327965550e-01
2.738053942918694972e+00 3.779855909914352496e-01
2.753879923896200843e+00 3.768209477970893562e-01
2.769797379212459720e+00 3.783741622042547381e-01
2.785806837590128815e+00 3.785775465856202615e-01
2.801908830807877226e+00 3.758950136398198638e-01
2.818103893718070019e+00 3.755289217533618884e-01
2.834392564264522019e+00 3.928251577223336732e-01
2.850775383500368410e+00 4.059059847764762141e-01
2.867252895606037466e+00 3.997734104562484792e-01
2.883825647907329426e+00 3.871453812616724166e-01
2.900494190893583735e+00 3.749069937240281924e-01
2.917259078235983960e+00 3.799830397052675335e-01
2.934120866805935979e+00 3.964796539222389393e-01
2.951080116693567401e+00 4.212936188929492509e-01
2.968137391226336685e+00 4.486520295189538321e-01
2.985293256987731514e+00 4.336604597240873993e-01
3.002548283836107057e+00 4.135403921864717058e-01
3.019903044923603730e+00 3.992446110646980517e-01
3.037358116715186629e+00 3.944800643201818446e-01
3.054914079007794214e+00 4.009262787653575244e-01
3.072571514949601568e+00 4.106940812914663952e-01
3.090331011059376021e+00 4.160976831711155066e-01
3.108193157245980220e+00 3.989181256104007423e-01
3.126158546827951579e+00 3.905183506600032883e-01
3.144227776553216724e+00 4.023232083321051089e-01
3.162401446618910317e+00 4.163867030814770720e-01
3.180680160691316427e+00 4.156266877616373590e-01
3.199064525925907621e+00 4.113053048796755373e-01
3.217555152987530587e+00 4.264531595149596566e-01
3.236152656070678812e+00 4.230544994579299445e-01
3.254857652919894928e+00 4.060462129552072641e-01
3.273670764850296955e+00 4.039138882832062905e-01
3.292592616768199143e+00 3.919024348974015082e-01
3.311623837191892683e+00 3.790046537864879550e-01
3.330765058272506351e+00 3.781044102879172475e-01
3.350016915815009710e+00 3.787498880877248064e-01
3.369380049299332214e+00 3.931602067295306147e-01
3.388855101901607103e+00 4.061072282696169267e-01
3.408442720515521884e+00 4.063545008595929042e-01
3.428143555773827789e+00 3.965738530041345578e-01
3.447958262069935831e+00 3.813435741721918348e-01
3.467887497579658529e+00 3.863125757421861373e-01
3.487931924283071528e+00 4.000399510402486425e-01
3.508092207986506228e+00 4.312926373473473518e-01
3.528369018344649444e+00 4.578921030976247364e-01
3.548763028882812254e+00 4.487119743892510337e-01
3.569274917019284565e+00 4.890966194196631478e-01
3.589905364087840223e+00 5.596292524331254459e-01
3.610655055360374899e+00 5.403997943970684226e-01
3.631524680069651456e+00 5.307593747203410706e-01
3.652514931432215839e+00 5.365708158068336342e-01
3.673626506671410219e+00 4.740151323193509958e-01
3.694860107040534913e+00 4.783718398570237507e-01
3.716216437846141751e+00 4.931107848413517902e-01
3.737696208471465109e+00 5.050612229127467989e-01
3.759300132399972405e+00 4.871270022527546262e-01
3.781028927239082016e+00 4.703659883400079789e-01
3.802883314743989107e+00 4.847120803350667417e-01
3.824864020841640233e+00 5.004518905645358728e-01
3.846971775654848713e+00 4.782369638988549498e-01
3.869207313526548564e+00 4.618795074165020775e-01
3.891571373044171445e+00 4.666804492608415678e-01
3.914064697064205678e+00 4.527239989227146988e-01
3.936688032736852527e+00 4.514309024348747146e-01
3.959442131530850340e+00 4.506451964563362167e-01
3.982327749258438132e+00 4.244685561304767929e-01
4.005345646100446189e+00 4.141794473216045547e-01
4.028496586631570509e+00 4.287364168068160675e-01
4.051781339845751617e+00 4.549644384500731165e-01
4.075200679181723906e+00 4.738342272643469300e-01
4.098755382548707082e+00 4.645631108064148806e-01
4.122446232352245943e+00 4.746852303337449341e-01
4.146274015520188705e+00 4.910084326044994452e-01
4.170239523528843861e+00 4.580719377085163968e-01
4.194343552429258715e+00 4.508699897199507922e-01
4.218586902873665778e+00 4.516385685926901372e-01
4.242970380142073950e+00 4.636478810902699421e-01
4.267494794169023997e+00 4.541401964834864136e-01
4.292160959570472833e+00 4.125737811529290866e-01
4.316969695670882068e+00 3.982105620520711153e-01
4.341921826530410478e+00 3.944436692203585060e-01
4.367018180972294772e+00 3.876335037769497172e-01
4.392259592610382235e+00 3.805974746258140029e-01
4.417646899876805477e+00 3.780722969645437526e-01
4.443180946049855251e+00 3.737616185237064292e-01
4.468862579281975833e+00 3.828036599415740593e-01
4.494692652627942486e+00 3.868510091307486021e-01
4.520672024073195239e+00 3.823958207347304405e-01
4.546801556562344082e+00 3.860738667051096806e-01
4.573082118027814502e+00 3.886472143514401734e-01
4.599514581418703507e+00 3.975682955846008837e-01
4.626099824729760002e+00 4.197457567063460626e-01
4.652838731030551678e+00 4.202788378743463338e-01
4.679732188494796219e+00 4.347801442657104332e-01
4.706781090429870140e+00 4.417198334467256626e-01
4.733986335306464177e+00 4.163567306463284434e-01
4.761348826788450062e+00 4.152295529959182940e-01
4.788869473762884077e+00 4.073864089839949743e-01
4.816549190370198019e+00 3.927363108610003040e-01
4.844388896034566017e+00 3.994940245428990067e-01
4.872389515494448098e+00 3.944682894349448854e-01
4.900551978833287414e+00 3.845848789446913440e-01
4.928877221510434836e+00 3.805782066317898726e-01
4.957366184392200559e+00 3.573228082888073032e-01
4.986019813783113541e+00 3.482732737621525021e-01
5.014839061457356806e+00 3.588503320372738448e-01
5.043824884690362609e+00 3.594979507253062700e-01
5.072978246290641202e+00 3.655363259636383866e-01
5.102300114631742822e+00 3.704571575485723911e-01
5.131791463684423960e+00 3.743546445620038465e-01
5.161453273049005475e+00 3.819976155248989702e-01
5.191286527987911903e+00 3.831119478459597549e-01
5.221292219458380401e+00 3.780380427529453358e-01
5.251471344145405951e+00 3.808693674303763599e-01
5.281824904494829553e+00 3.744734638584858444e-01
5.312353908746639597e+00 3.725134806885893601e-01
5.343059370968462396e+00 3.583076168722615362e-01
5.373942311089249912e+00 3.549721130178664641e-01
5.405003754933139781e+00 3.625358711164402004e-01
5.436244734253559585e+00 3.739328895816984577e-01
5.467666286767478567e+00 3.781515098288650845e-01
5.499269456189878724e+00 3.805503750848661659e-01
5.531055292268432844e+00 4.037907872102745044e-01
5.563024850818350409e+00 4.305101427011462367e-01
5.595179193757479297e+00 4.407960401776811477e-01
5.627519389141558470e+00 4.251354428125332929e-01
5.660046511199702479e+00 4.275781962771448841e-01
5.692761640370078702e+00 4.399782208757690993e-01
5.725665863335805739e+00 4.502341459171553262e-01
5.758760273061025892e+00 4.377013862485872875e-01
5.792045968827241431e+00 4.232568133951830625e-01
5.825524056269808071e+00 4.520817324552444672e-01
5.859195647414667363e+00 4.575067432171426307e-01
5.893061860715279821e+00 4.618495349813534490e-01
5.927123821089786304e+00 4.718838780914624276e-01
5.961382659958350594e+00 4.661141843253553962e-01
5.995839515280771082e+00 4.574821230025562513e-01
6.030495531594262104e+00 4.735023895894873713e-01
6.065351860051475086e+00 4.842988889076609849e-01
6.100409658458743500e+00 5.052646072941123778e-01
6.135670091314512575e+00 5.141236027687510202e-01
6.171134329848062094e+00 5.180328646674194903e-01
6.206803552058381079e+00 5.121186609461315653e-01
6.242678942753306259e+00 4.982360712517638346e-01
6.278761693588877257e+00 5.186323133703916177e-01
6.315053003108923591e+00 5.069195138919605492e-01
6.351554076784851510e+00 4.920178614025401131e-01
6.388266127055725718e+00 5.219528310072124588e-01
6.425190373368511843e+00 5.275084359508295240e-01
6.462328042218596025e+00 5.529678787213472280e-01
6.499680367190518560e+00 6.138129925171342816e-01
6.537248588998957999e+00 6.005127244199394143e-01
6.575033955529916874e+00 6.356992928402930287e-01
6.613037721882214726e+00 6.585125977648336182e-01
6.651261150409145451e+00 6.433272775856138104e-01
6.689705510760421525e+00 6.771982701917659275e-01
6.728372079924347382e+00 6.444972730005219530e-01
6.767262142270216607e+00 6.531518136496825555e-01
6.806376989591010229e+00 6.793798352929396600e-01
6.845717921146279750e+00 7.101583148582228944e-01
6.885286243705309062e+00 7.943069969820528708e-01
6.925083271590525058e+00 7.902018438108059373e-01
6.965110326721157818e+00 7.585338251880765492e-01
7.005368738657123728e+00 7.431783043949771184e-01
7.045859844643230119e+00 7.510407164009245129e-01
7.086584989653569089e+00 7.833927488115096649e-01
7.127545526436194656e+00 7.967358346732025254e-01
7.168742815558059256e+00 8.446499835905901810e-01
7.210178225450215805e+00 8.974464281048634140e-01
7.251853132453240036e+00 9.086946548384912115e-01
7.293768920862992111e+00 8.878156424251482104e-01
7.335926982976571864e+00 9.288072292673197339e-01
7.378328719138569802e+00 1.001515004717280943e+00
7.420975537787583676e+00 1.101850942709584169e+00
7.463868855503007715e+00 1.193052781090349068e+00
7.507010097052058128e+00 1.241062199533744748e+00
7.550400695437144982e+00 1.261186548847810229e+00
7.594042091943437711e+00 1.284168983942118203e+00
7.637935736186750368e+00 1.339842782230657781e+00
7.682083086161699548e+00 1.253158218004432944e+00
7.726485608290103890e+00 1.170048937113792320e+00
7.771144777469737974e+00 1.177691908076687222e+00
7.816062077123293150e+00 1.222115338743374524e+00
7.861238999247660786e+00 1.232166808959282767e+00
7.906677044463489068e+00 1.248972781524752440e+00
7.952377722065040011e+00 2.105285253720488470e+00
7.998342550070284496e+00 2.147514273956652620e+00
