2.511886431509579437e-02 8.287946741450881172e-01
2.526405161860213050e-02 8.369390267176620712e-01
2.541007810627042562e-02 8.409009579606655516e-01
2.555694862859406516e-02 8.480255438828664394e-01
2.570466806410236227e-02 8.530210224066535618e-01
2.585324131952258450e-02 8.576375335941530675e-01
2.600267332994290678e-02 8.619646515430334777e-01
2.615296905897638788e-02 8.666845174586114142e-01
2.630413349892583852e-02 8.720796342643012400e-01
2.645617167094958117e-02 8.785014080355695310e-01
2.660908862522835469e-02 8.862254513806249179e-01
2.676288944113292337e-02 8.940597397689639125e-01
2.691757922739292791e-02 8.983179545657918874e-01
2.707316312226650673e-02 8.980699032184038533e-01
2.722964629371095457e-02 8.952655449298779766e-01
2.738703393955444973e-02 8.913794071541319974e-01
2.754533128766867636e-02 8.877068691497479458e-01
2.770454359614242176e-02 8.848887302308114933e-01
2.786467615345633933e-02 8.831937126903266488e-01
2.802573427865854422e-02 8.827596228323976169e-01
2.818772332154127064e-02 8.832695061575841500e-01
2.835064866281864979e-02 8.845304338401399624e-01
2.851451571430539678e-02 8.865492961952704531e-01
2.867932991909653145e-02 8.893605447990016177e-01
2.884509675174826843e-02 8.930193021729750935e-01
2.901182171845980567e-02 8.975669102084226081e-01
2.917951035725619563e-02 9.025417177865937557e-01
2.934816823817239240e-02 9.065725521816494492e-01
2.951780096343814899e-02 9.096249618175634710e-01
2.968841416766421215e-02 9.126498101926565631e-01
2.986001351802944001e-02 9.160122840128055444e-01
3.003260471446899879e-02 9.200982409295029862e-01
3.020619348986378766e-02 9.251281710293161042e-01
3.038078561023081769e-02 9.302890171180283607e-01
3.055638687491469066e-02 9.312192096707335720e-01
3.073300311678033025e-02 9.270092270803419465e-01
3.091064020240668481e-02 9.207183692979731271e-01
3.108930403228154019e-02 9.137315896798766657e-01
3.126900054099761295e-02 9.073167062238135516e-01
3.144973569744963920e-02 9.020525054070229753e-01
3.163151550503255638e-02 8.979803291207359983e-01
3.181434600184106232e-02 8.945558424637398698e-01
3.199823326087009728e-02 8.917790454360350338e-01
3.218318339021652985e-02 8.901529310476022916e-01
3.236920253328214730e-02 8.900495763195239718e-01
3.255629686897762443e-02 8.918066066968558525e-01
3.274447261192782455e-02 8.956927444726018317e-01
3.293373601267822470e-02 9.015495123970417302e-01
3.312409335790250653e-02 9.094113620462015435e-01
3.331555097061136145e-02 9.198295186364993103e-01
3.350811521036261426e-02 9.333138654931213418e-01
3.370179247347232510e-02 9.504225181476910755e-01
3.389658919322740410e-02 9.717618243382678545e-01
3.409251184009919750e-02 9.889600510905053321e-01
3.428956692195841288e-02 9.862245959540316687e-01
3.448776098429136294e-02 9.651471217412534997e-01
3.468710061041735404e-02 9.363180429225989032e-01
3.488759242170727526e-02 9.071582289740934835e-01
3.508924307780367929e-02 8.818776624861289770e-01
3.529205927684192501e-02 8.638801591700854265e-01
3.549604775567258980e-02 8.542130469371570500e-01
3.570121529008542238e-02 8.504095929438738599e-01
3.590756869503420462e-02 8.506025217696201457e-01
3.611511482486330638e-02 8.543232919804406578e-01
3.632386057353523962e-02 8.613307425441528720e-01
3.653381287485973905e-02 8.701847975828648218e-01
3.674497870272393912e-02 8.779088409279202088e-01
3.695736507132423021e-02 8.845579951009608921e-01
3.717097903539903075e-02 8.920615483594490636e-01
3.738582769046329413e-02 9.022247632871535084e-01
3.760191817304411876e-02 9.165428382836077192e-01
3.781925766091774610e-02 9.313294547140171797e-01
3.803785337334809891e-02 9.409345541100985200e-01
3.825771257132654091e-02 9.476526114351911945e-01
3.847884255781295476e-02 9.562241635504892256e-01
3.870125067797849233e-02 9.717824952838834962e-01
3.892494431944945599e-02 9.937350395277252391e-01
3.914993091255265789e-02 1.003615751532015432e+00
3.937621793056233360e-02 9.878576006576695878e-01
3.960381288994833243e-02 9.565204471043137202e-01
3.983272335062570252e-02 9.235985210537563939e-01
4.006295691620595512e-02 8.984488705546912479e-01
4.029452123424955012e-02 8.839516473629012161e-01
4.052742399651988042e-02 8.715973121999356366e-01
4.076167293923887297e-02 8.583816876363172810e-01
4.099727584334383890e-02 8.452831984311875990e-01
4.123424053474603751e-02 8.338590558209273418e-01
4.147257488459059338e-02 8.242884080008719971e-01
4.171228680951784978e-02 8.155377076902383671e-01
4.195338427192649156e-02 8.076414064650523361e-01
4.219587528023795858e-02 8.007028590533923351e-01
4.243976788916238585e-02 7.948874330201839422e-01
4.268507019996626434e-02 7.897885997683186110e-01
4.293179036074151744e-02 7.850342822767144568e-01
4.317993656667604152e-02 7.810585704033005117e-01
4.342951706032609216e-02 7.782059799083380636e-01
4.368054013188996804e-02 7.767107815088046818e-01
4.393301411948334623e-02 7.774893871269947798e-01
4.418694740941636612e-02 7.807760674798863709e-01
4.444234843647213579e-02 7.860953908183188066e-01
4.469922568418681352e-02 7.934886990335235923e-01
4.495758768513159753e-02 8.027768439301646852e-01
4.521744302119593689e-02 8.130296329555369850e-01
4.547880032387276866e-02 8.241368210663571059e-01
4.574166827454511502e-02 8.372628715323077175e-01
4.600605560477452616e-02 8.538409699160750543e-01
4.627197109659098723e-02 8.707704743753089671e-01
4.653942358278480296e-02 8.783222598402337100e-01
4.680842194719982141e-02 8.736506261310922339e-01
4.707897512502866311e-02 8.625020961290408295e-01
4.735109210310945588e-02 8.515878368439669943e-01
4.762478192022426976e-02 8.469851062868778424e-01
4.790005366739954334e-02 8.478188344267099108e-01
4.817691648820784933e-02 8.522561974188737066e-01
4.845537957907175564e-02 8.600904858072125903e-01
4.873545218956924774e-02 8.707084615384618198e-01
4.901714362274099679e-02 8.831523707990952543e-01
4.930046323539925834e-02 8.974566651651390004e-01
4.958542043843887359e-02 9.143103761571154120e-01
4.987202469714965836e-02 9.343887546651362674e-01
5.016028553153097091e-02 9.582499162208247823e-01
5.045021251660784106e-02 9.871410078763264151e-01
5.074181528274907677e-02 1.022708814965689550e+00
5.103510351598705003e-02 1.064360770381264754e+00
5.133008695833959217e-02 1.096607445541710080e+00
5.162677540813340182e-02 1.108458787694694303e+00
5.192517872032970105e-02 1.109182270791242653e+00
5.222530680685147364e-02 1.107997136575944452e+00
5.252716963691266006e-02 1.114074394586951566e+00
5.283077723734942721e-02 1.128302895485737700e+00
5.313613969295318679e-02 1.149993607751780944e+00
5.344326714680543849e-02 1.180414349382841843e+00
5.375216980061491706e-02 1.223141193970432195e+00
5.406285791505632127e-02 1.282694188289177806e+00
5.437534181011107609e-02 1.362683857506616025e+00
5.468963186541032917e-02 1.463241117611645770e+00
5.500573852057948770e-02 1.541315279202031707e+00
5.532367227558519784e-02 1.558809789508093901e+00
5.564344369108398941e-02 1.530456142438599842e+00
5.596506338877313413e-02 1.476863270772372561e+00
5.628854205174332881e-02 1.417723695365940229e+00
5.661389042483377931e-02 1.360423834119302677e+00
5.694111931498885282e-02 1.312667059431899208e+00
5.727023959161724881e-02 1.279958733152704031e+00
5.760126218695296035e-02 1.251391486311848045e+00
5.793419809641841417e-02 1.218648708456626428e+00
5.826905837898961604e-02 1.183370294605882833e+00
5.860585415756369709e-02 1.151743747813907426e+00
5.894459661932811845e-02 1.124885299143946860e+00
5.928529701613251268e-02 1.103552883268575258e+00
5.962796666486229469e-02 1.090206342716057542e+00
5.997261694781454155e-02 1.085141961040218428e+00
6.031925931307623168e-02 1.086795636689471989e+00
6.066790527490428103e-02 1.094195835219881952e+00
6.101856641410823012e-02 1.097723676604956289e+00
6.137125437843479747e-02 1.090571529421934471e+00
6.172598088295483398e-02 1.081400519883782163e+00
6.208275771045231733e-02 1.075860706458782623e+00
6.244159671181598315e-02 1.072243290976040209e+00
6.280250980643269088e-02 1.070885898880611364e+00
6.316550898258359303e-02 1.076611750816151902e+00
6.353060629784218483e-02 1.086037702016897422e+00
6.389781387947492119e-02 1.090840251714938258e+00
6.426714392484385308e-02 1.091549954181076032e+00
6.463860870181208085e-02 1.075970951502066120e+00
6.501222054915094251e-02 1.041195530661303881e+00
6.538799187695008841e-02 1.000866515765131304e+00
6.576593516702965159e-02 9.656707856968503867e-01
6.614606297335466623e-02 9.364903008027294362e-01
6.652838792245242827e-02 9.106791800439626439e-01
6.691292271383147972e-02 8.876999788345427689e-01
6.729968012040381253e-02 8.673873296095442331e-01
6.768867298890894613e-02 8.496309873256835399e-01
6.807991424034069705e-02 8.345205260806286551e-01
6.847341687037629410e-02 8.206778828333349818e-01
6.886919394980822728e-02 8.068903621076829458e-01
6.926725862497820629e-02 7.932613186317512000e-01
6.966762411821400547e-02 7.785642762990097054e-01
7.007030372826857090e-02 7.635571697820332515e-01
7.047531083076181979e-02 7.503622161640304267e-01
7.088265887862478520e-02 7.404332719533035512e-01
7.129236140254673060e-02 7.338116790410839085e-01
7.170443201142430445e-02 7.296499286571289655e-01
7.211888439281383123e-02 7.243237150034913530e-01
7.253573231338585059e-02 7.163998525174843923e-01
7.295498961938230720e-02 7.090547765087162890e-01
7.337667023707672431e-02 7.037010015942577468e-01
7.380078817323644513e-02 6.999526701226163050e-01
7.422735751558823258e-02 6.975479501159932427e-01
7.465639243328600627e-02 6.958598228907135752e-01
7.508790717738160481e-02 6.950949979029337200e-01
7.552191608129793510e-02 6.959562873035867181e-01
7.595843356130543844e-02 6.992843095477095927e-01
7.639747411700059665e-02 7.062366375897800586e-01
7.683905233178781047e-02 7.157314919425776800e-01
7.728318287336367887e-02 7.242065796450025683e-01
7.772988049420428980e-02 7.313587268280243858e-01
7.817916003205507836e-02 7.379872100554492054e-01
7.863103641042397396e-02 7.456561308788628439e-01
7.908552463907676799e-02 7.564050225990113230e-01
7.954263981453599253e-02 7.705508397153348898e-01
8.000239712058217212e-02 7.879626662389344061e-01
8.046481182875830918e-02 8.057258988380002762e-01
8.092989929887701994e-02 8.228345514925698989e-01
8.139767497953076525e-02 8.444632509217661065e-01
8.186815440860513438e-02 8.587468743421940998e-01
8.234135321379483508e-02 8.373800068907965022e-01
8.281728711312283386e-02 8.017846385406124377e-01
8.329597191546232737e-02 7.760010790426665750e-01
8.377742352106211376e-02 7.592507227787685942e-01
8.426165792207447602e-02 7.455527761507845241e-01
8.474869120308657633e-02 7.314758621865131705e-01
8.523853954165466762e-02 7.193282364797044526e-01
8.573121920884146929e-02 7.093855116385671122e-01
8.622674656975649887e-02 7.029155056608622498e-01
8.672513808409994251e-02 7.021231194122615760e-01
8.722641030670905127e-02 7.080625711191641525e-01
8.773057988810836760e-02 7.154214277583427206e-01
8.823766357506258873e-02 7.082623902601156152e-01
8.874767821113291322e-02 6.887724446706208203e-01
8.926064073723644077e-02 6.719132214264802450e-01
8.977656819220893036e-02 6.598827310781602007e-01
9.029547771337091688e-02 6.516991037089164829e-01
9.081738653709675591e-02 6.466912226177601308e-01
9.134231199938727674e-02 6.454482097547379338e-01
9.187027153644546085e-02 6.444325772934877961e-01
9.240128268525588107e-02 6.441824588515382422e-01
9.293536308416693037e-02 6.502983026276946132e-01
9.347253047347692245e-02 6.647872574412382329e-01
9.401280269602330097e-02 6.857834259345948480e-01
9.455619769777530437e-02 7.092339247040522210e-01
9.510273352842993355e-02 7.410189487457475854e-01
9.565242834201181932e-02 7.891960326606693998e-01
9.620530039747586526e-02 8.506438636608514292e-01
9.676136805931405405e-02 8.820223591054386914e-01
9.732064979816532069e-02 8.110176609156117822e-01
9.788316419142908953e-02 7.495836105458402177e-01
9.844892992388228070e-02 7.164205234631001451e-01
9.901796578830000806e-02 7.017579327063847572e-01
9.959029068607995472e-02 7.016752489239220791e-01
1.001659236278700377e-01 7.102054591479886048e-01
1.007448837341998471e-01 7.249025014807300993e-01
1.013271902361159299e-01 7.299324315805432173e-01
1.019128624758204177e-01 7.132165268926713431e-01
1.025019199073136378e-01 6.957978100538665389e-01
1.030943820970401520e-01 6.819909964456399853e-01
1.036902687245389171e-01 6.738438877469837829e-01
1.042895995830967204e-01 6.717154693800903020e-01
1.048923945804057928e-01 6.779959916896515226e-01
1.054986737392250712e-01 6.957013456409933960e-01
1.061084571980452224e-01 7.185082889702827380e-01
1.067217652117575799e-01 7.296223673963081469e-01
1.073386181523270227e-01 7.236002319069428923e-01
1.079590365094685589e-01 7.089927636718693638e-01
1.085830408913279893e-01 6.990638194611424883e-01
1.092106520251663743e-01 6.928211938852100182e-01
1.098418907580486492e-01 6.840994328984382200e-01
1.104767780575359459e-01 6.690082645359580749e-01
1.111153350123821049e-01 6.521345716298866391e-01
1.117575828332342536e-01 6.356722305415669627e-01
1.124035428533372433e-01 6.217593060791798409e-01
1.130532365292423180e-01 6.097763589057758615e-01
1.137066854415197809e-01 5.984659064964017450e-01
1.143639112954759340e-01 5.871416734566171636e-01
1.150249359218739331e-01 5.774084141977186002e-01
1.156897812776589568e-01 5.705325686544262531e-01
1.163584694466876512e-01 5.667518527013201135e-01
1.170310226404614878e-01 5.627947446789602903e-01
1.177074631988646730e-01 5.532227187958640435e-01
1.183878135909062629e-01 5.420831462035794468e-01
1.190720964154663303e-01 5.334750754176939003e-01
1.197603344020467531e-01 5.282549726182166339e-01
1.204525504115261381e-01 5.255656825936179111e-01
1.211487674369193246e-01 5.272007543918174610e-01
1.218490086041408849e-01 5.323457527555577329e-01
1.225532971727734816e-01 5.334344225579830123e-01
1.232616565368404721e-01 5.272737917329928248e-01
1.239741102255828148e-01 5.166826882310440183e-01
1.246906819042407494e-01 5.079106279432740179e-01
1.254113953748399735e-01 5.045467760600840235e-01
1.261362745769819826e-01 5.094168508471359491e-01
1.268653435886395453e-01 5.296516395103153529e-01
1.275986266269562852e-01 5.722944222524017910e-01
1.283361480490512463e-01 6.146815743003744004e-01
1.290779323528278288e-01 6.239518043774819889e-01
1.298240041777875831e-01 6.056786884532295856e-01
1.305743883058487209e-01 5.944895055914674042e-01
1.313291096621690413e-01 5.988586544630994934e-01
1.320881933159741561e-01 5.925733089328947267e-01
1.328516644813900749e-01 5.635891980221225950e-01
1.336195485182806453e-01 5.335253747186919915e-01
1.343918709330900185e-01 5.102140603163802801e-01
1.351686573796898327e-01 4.935202046371650608e-01
1.359499336602315311e-01 4.827155013638542713e-01
1.367357257260030934e-01 4.774003122145449862e-01
1.375260596782912625e-01 4.760153588582951012e-01
1.383209617692485738e-01 4.746848389921665134e-01
1.391204584027652402e-01 4.732709463120546300e-01
1.399245761353461737e-01 4.740688448128194676e-01
1.407333416769932510e-01 4.768621785970170168e-01
1.415467818920924381e-01 4.812106565230335198e-01
1.423649238003061035e-01 4.872355481384808562e-01
1.431877945774705507e-01 4.903320557917082434e-01
1.440154215564987683e-01 4.896175301049265349e-01
1.448478322282882313e-01 4.900998521692921939e-01
1.456850542426340045e-01 4.920188049539468977e-01
1.465271154091474515e-01 4.943015663814374072e-01
1.473740436981796631e-01 4.993004900628269516e-01
1.482258672417506584e-01 5.097579214497944822e-01
1.490826143344838317e-01 5.233966113670136533e-01
1.499443134345459228e-01 5.325462609280297022e-01
1.508109931645919832e-01 5.334178858014905211e-01
1.516826823127164214e-01 5.292306412512762792e-01
1.525594098334091819e-01 5.273358045698398611e-01
1.534412048485173929e-01 5.315960864612294667e-01
1.543280966482127869e-01 5.410096350946056454e-01
1.552201146919646169e-01 5.519631691763491332e-01
1.561172886095181789e-01 5.614814506008447559e-01
1.570196482018790252e-01 5.722337874785958789e-01
1.579272234423027277e-01 5.881614401069902298e-01
1.588400444772908315e-01 6.080579142935932380e-01
1.597581416275917487e-01 6.267837239268287952e-01
1.606815453892082024e-01 6.449838025099058347e-01
1.616102864344102497e-01 6.616246027620407144e-01
1.625443956127538836e-01 6.821770349561809832e-01
1.634839039521058524e-01 7.211334990634729047e-01
1.644288426596743347e-01 7.840903090935988917e-01
1.653792431230455828e-01 8.504027026286686830e-01
1.663351369112262834e-01 8.803342318801589128e-01
1.672965557756923849e-01 8.619164193365969062e-01
1.682635316514438095e-01 8.190724393905178813e-01
1.692360966580649384e-01 7.756841245432263277e-01
1.702142831007917856e-01 7.377873909144977427e-01
1.711981234715850009e-01 6.994496771126349488e-01
1.721876504502090899e-01 6.637075450485797612e-01
1.731828969053178791e-01 6.296583634304480093e-01
1.741838958955464201e-01 5.886037983431654519e-01
1.751906806706090836e-01 5.474307198343533187e-01
1.762032846724038426e-01 5.144309332219769715e-01
1.772217415361232173e-01 4.912071258227715398e-01
1.782460850913716033e-01 4.763695210598435925e-01
1.792763493632887617e-01 4.679343971856091411e-01
1.803125685736800821e-01 4.647428031825496242e-01
1.813547771421535060e-01 4.666720914400122044e-01
1.824030096872625850e-01 4.720196650707860764e-01
1.834573010276564775e-01 4.758809977117932632e-01
1.845176861832364401e-01 4.749432258123623130e-01
1.855842003763193415e-01 4.729698395375863673e-01
1.866568790328071992e-01 4.777324254074367671e-01
1.877357577833641822e-01 4.958808266264746467e-01
1.888208724646001924e-01 5.206639123566220162e-01
1.899122591202609955e-01 5.327943122754178473e-01
1.910099540024255971e-01 5.333992819504363991e-01
1.921139935727104175e-01 5.319654073562294361e-01
1.932244145034804905e-01 5.330086010783001704e-01
1.943412536790674328e-01 5.331195351531042848e-01
1.954645481969946030e-01 5.238796224628997633e-01
1.965943353692096995e-01 5.098433613583392976e-01
1.977306527233236300e-01 4.998186417662597858e-01
1.988735380038573475e-01 4.957147700300287285e-01
2.000230291734956534e-01 4.942464438597956589e-01
2.011791644143479663e-01 4.910886124012417420e-01
2.023419821292166965e-01 4.875986677497960997e-01
2.035115209428728922e-01 4.841521320841433718e-01
2.046878197033392410e-01 4.809543367973992400e-01
2.058709174831803157e-01 4.787969791066437608e-01
2.070608535808005912e-01 4.735155525018400202e-01
2.082576675217497619e-01 4.639600633752362646e-01
2.094613990600355524e-01 4.541310287349851760e-01
2.106720881794442723e-01 4.463670215617394632e-01
2.118897750948690872e-01 4.422872659287266917e-01
2.131145002536455058e-01 4.420633306845569432e-01
2.143463043368951104e-01 4.407775978672622275e-01
2.155852282608767823e-01 4.341353340094268876e-01
2.168313131783459469e-01 4.253963472346420915e-01
2.180846004799212312e-01 4.178411166121147047e-01
2.193451317954595303e-01 4.123006141555945470e-01
2.206129489954388734e-01 4.077847015700912237e-01
2.218880941923488948e-01 4.017701454274517081e-01
2.231706097420899648e-01 3.928464982051669274e-01
2.244605382453801201e-01 3.813562085689364278e-01
2.257579225491697927e-01 3.688599329127432713e-01
2.270628057480653939e-01 3.576838416498709927e-01
2.283752311857605299e-01 3.490151360901794231e-01
2.296952424564759343e-01 3.417713477149281198e-01
2.310228834064072811e-01 3.346646766122607364e-01
2.323581981351817149e-01 3.279438631610859245e-01
2.337012309973229007e-01 3.239040713562633678e-01
2.350520266037238737e-01 3.243354050881103734e-01
2.364106298231291869e-01 3.272727464600970748e-01
2.377770857836252472e-01 3.296981374123357789e-01
2.391514398741393099e-01 3.289932581668414402e-01
2.405337377459470793e-01 3.252931589016364589e-01
2.419240253141889951e-01 3.244380707846682421e-01
2.433223487593957901e-01 3.283882884918227774e-01
2.447287545290218747e-01 3.369047180854788937e-01
2.461432893389885190e-01 3.436413792616257457e-01
2.475660001752356676e-01 3.437867649124559666e-01
2.489969342952823017e-01 3.431666365439858257e-01
2.504361392297964617e-01 3.457725537546013084e-01
2.518836627841739007e-01 3.516382790888080145e-01
2.533395530401260642e-01 3.619551480455889814e-01
2.548038583572773130e-01 3.803061245316603500e-01
2.562766273747711931e-01 4.065713170624513650e-01
2.577579090128856998e-01 4.250490753482988882e-01
2.592477524746588102e-01 4.233326978306777288e-01
2.607462072475227322e-01 4.117893527673670007e-01
2.622533231049470337e-01 4.015710153180207520e-01
2.637691501080930423e-01 3.935313955365660754e-01
2.652937386074759596e-01 3.831594040581433602e-01
2.668271392446371348e-01 3.734171873894780447e-01
2.683694029538270520e-01 3.685057707111947800e-01
2.699205809636965880e-01 3.674432841065493616e-01
2.714807247989985406e-01 3.722789073175751251e-01
2.730498862822996475e-01 3.852223644305872163e-01
2.746281175357012105e-01 4.051250399008749503e-01
2.762154709825712651e-01 4.205310956682339341e-01
2.778119993492854656e-01 4.256988320721514230e-01
2.794177556669779627e-01 4.264278274208640473e-01
2.810327932733039380e-01 4.173898009661725084e-01
2.826571658142107979e-01 4.044766612400634287e-01
2.842909272457196934e-01 3.954682631407544502e-01
2.859341318357184192e-01 3.911824870831054346e-01
2.875868341657639160e-01 3.923290355332546553e-01
2.892490891328946545e-01 3.960008845061181448e-01
2.909209519514548425e-01 3.982119866554743592e-01
2.926024781549284581e-01 4.005333338481141259e-01
2.942937235977828858e-01 4.062199109869849556e-01
2.959947444573255426e-01 4.151235762951746011e-01
2.977055972355692748e-01 4.246914679891477529e-01
2.994263387611086902e-01 4.280043315398192050e-01
3.011570261910088142e-01 4.174221854476370952e-01
3.028977170127025720e-01 3.983497929595787856e-01
3.046484690459013711e-01 3.784436723316884632e-01
3.064093404445150659e-01 3.640897676961671880e-01
3.081803896985833569e-01 3.575922004576415070e-01
3.099616756362194026e-01 3.565855254061583435e-01
3.117532574255635347e-01 3.569176385990501799e-01
3.135551945767480198e-01 3.596875453115499499e-01
3.153675469438748658e-01 3.652280477680700521e-01
3.171903747270033436e-01 3.773956553889740162e-01
3.190237384741493876e-01 3.947061942790566769e-01
3.208676990832974307e-01 4.072265860384680636e-01
3.227223178044230090e-01 4.104305826088969211e-01
3.245876562415266342e-01 4.037421536391866406e-01
3.264637763546810456e-01 3.913988429805494440e-01
3.283507404620888970e-01 3.797356064326678493e-01
3.302486112421523790e-01 3.722010467557561042e-01
3.321574517355558864e-01 3.685739848317265421e-01
3.340773253473591775e-01 3.642999223099264716e-01
3.360082958491044103e-01 3.622776147971934479e-01
3.379504273809338932e-01 3.673571551664840951e-01
3.399037844537201591e-01 3.747780246425096440e-01
3.418684319512097503e-01 3.776616215558956102e-01
3.438444351321779946e-01 3.709959306263625467e-01
3.458318596325960503e-01 3.584583130789381067e-01
3.478307714678123830e-01 3.476804820349277403e-01
3.498412370347446232e-01 3.435573174161220544e-01
3.518633231140849693e-01 3.449760333168775395e-01
3.538970968725191901e-01 3.521798578639385724e-01
3.559426258649572294e-01 3.665496102244318877e-01
3.579999780367765227e-01 3.798610101694029351e-01
3.600692217260801353e-01 3.904569368919954542e-01
3.621504256659661136e-01 4.040267236571623566e-01
3.642436589868098817e-01 4.141196573697735195e-01
3.663489912185618480e-01 4.222268022402393961e-01
3.684664922930561692e-01 4.335937552342963297e-01
3.705962325463332818e-01 4.492485513805638542e-01
3.727382827209774208e-01 4.645402279155160796e-01
3.748927139684648524e-01 4.730091143342561311e-01
3.770595978515288715e-01 4.789595905454870350e-01
3.792390063465359562e-01 4.831213409294419225e-01
3.814310118458763554e-01 4.798904721297127529e-01
3.836356871603694985e-01 4.732068663806460185e-01
3.858531055216822825e-01 4.676491381361128630e-01
3.880833405847607942e-01 4.633426911328482611e-01
3.903264664302779630e-01 4.585883736412441625e-01
3.925825575670940371e-01 4.556131355356287105e-01
3.948516889347303827e-01 4.589018829830818214e-01
3.971339359058604912e-01 4.538133852040243110e-01
3.994293742888124776e-01 4.324279139015725359e-01
4.017380803300868997e-01 4.154026340609861534e-01
4.040601307168905088e-01 4.034851448820317987e-01
4.063956025796829352e-01 3.983635735899893060e-01
4.087445734947380283e-01 4.026906915388694941e-01
4.111071214867221824e-01 3.964983652639352818e-01
4.134833250312844322e-01 3.899939077102044238e-01
4.158732630576643108e-01 3.903859666453816657e-01
4.182770149513134750e-01 3.909075635064170329e-01
4.206946605565314856e-01 3.890189281086653406e-01
4.231262801791195738e-01 3.905051690984319701e-01
4.255719545890473410e-01 3.940226750106985421e-01
4.280317650231349469e-01 3.979460204885527097e-01
4.305057931877529498e-01 4.070936029550072943e-01
4.329941212615355806e-01 4.231080735549874738e-01
4.354968318981098929e-01 4.349980014731208988e-01
4.380140082288422887e-01 4.303401483943898875e-01
4.405457338655994204e-01 4.199075221421612047e-01
4.430920929035247480e-01 4.097133007960332418e-01
4.456531699238333033e-01 4.032832586465187608e-01
4.482290499966203323e-01 3.922787362322565086e-01
4.508198186836865351e-01 3.754959954868939409e-01
4.534255620413813470e-01 3.691252100481444143e-01
4.560463666234608748e-01 3.818750493038897686e-01
4.586823194839622087e-01 4.078294886189250956e-01
4.613335081800964965e-01 4.150877466561074258e-01
4.640000207751556194e-01 3.998787539036178784e-01
4.666819458414390720e-01 3.761140567608024510e-01
4.693793724631949438e-01 3.604978463796842392e-01
4.720923902395786631e-01 3.624567629925292134e-01
4.748210892876304490e-01 3.775892732462408086e-01
4.775655602452679171e-01 3.825888859591508595e-01
4.803258942742961168e-01 3.732504417615116199e-01
4.831021830634371073e-01 3.628019677843108970e-01
4.858945188313745223e-01 3.625814776977437925e-01
4.887029943298164536e-01 3.779427464162687378e-01
4.915277028465775411e-01 3.890795628824712526e-01
4.943687382086768833e-01 3.825509892255221644e-01
4.972261947854541564e-01 3.791513077032649393e-01
5.001001674917054940e-01 3.801717633851585121e-01
5.029907517908354109e-01 3.807471047047946699e-01
5.058980436980275996e-01 3.788309080462220479e-01
5.088221397834349347e-01 3.711654323804110533e-01
5.117631371753864622e-01 3.660259462688348897e-01
5.147211335636141527e-01 3.688530425975380944e-01
5.176962272024980827e-01 3.725834592496460318e-01
5.206885169143288250e-01 3.728583828263344335e-01
5.236981020925914887e-01 3.703144784525659317e-01
5.267250827052667450e-01 3.660417939938069298e-01
5.297695592981502832e-01 3.615224362507009070e-01
5.328316329981945820e-01 3.618104514262793225e-01
5.359114055168668900e-01 3.697019294308215853e-01
5.390089791535270791e-01 3.817083036759233439e-01
5.421244567988269258e-01 3.922132782378068838e-01
5.452579419381275994e-01 4.001715922998398400e-01
5.484095386549359130e-01 4.045242044149794935e-01
5.515793516343632241e-01 3.993750718621160156e-01
5.547674861666017643e-01 3.897741066551577704e-01
5.579740481504216199e-01 3.794923783059235278e-01
5.611991440966896949e-01 3.651343394812790466e-01
5.644428811319066597e-01 3.500080305112521772e-01
5.677053670017649933e-01 3.438949428611779990e-01
5.709867100747291202e-01 3.505137796473155043e-01
5.742870193456336425e-01 3.582288655826041390e-01
5.776064044393048880e-01 3.535289815811213376e-01
5.809449756142023302e-01 3.457877124480528419e-01
5.843028437660793273e-01 3.407460688123908898e-01
5.876801204316687288e-01 3.386300530128668052e-01
5.910769177923870243e-01 3.460536786149744359e-01
5.944933486780595855e-01 3.550910160381454683e-01
5.979295265706701112e-01 3.599672921088820088e-01
6.013855656081297241e-01 3.549993748459159271e-01
6.048615805880666052e-01 3.445274737970174805e-01
6.083576869716416091e-01 3.408170390590046783e-01
6.118740008873820857e-01 3.468736261243960950e-01
6.154106391350390171e-01 3.623919940296000952e-01
6.189677191894675801e-01 3.815532715838058087e-01
6.225453592045292472e-01 3.985248069657914560e-01
6.261436780170150929e-01 4.087031805869474899e-01
6.297627951505950783e-01 4.093260650814996571e-01
6.334028308197864332e-01 4.023647796296624946e-01
6.370639059339481269e-01 3.855462092452327516e-01
6.407461421012968783e-01 3.754512084380600134e-01
6.444496616329448146e-01 3.744727836789182862e-01
6.481745875469649976e-01 3.680723698847862546e-01
6.519210435724759334e-01 3.637859047956168435e-01
6.556891541537508417e-01 3.688888722366052142e-01
6.594790444543533470e-01 3.810041134619495118e-01
6.632908403612935988e-01 3.866472816150274272e-01
6.671246684892090384e-01 3.740104435286478179e-01
6.709806561845721440e-01 3.546796642203935979e-01
6.748589315299192704e-01 3.387086026062063882e-01
6.787596233481042463e-01 3.297360341459644739e-01
6.826828612065795054e-01 3.302858812993412774e-01
6.866287754216984229e-01 3.287135113695093258e-01
6.905974970630435195e-01 3.190615578300324273e-01
6.945891579577818664e-01 3.141294702061335209e-01
6.986038906950429173e-01 3.191056558473458482e-01
7.026418286303216520e-01 3.324039641934269929e-01
7.067031058899108098e-01 3.472167638216162033e-01
7.107878573753529938e-01 3.615954735918763263e-01
7.148962187679240854e-01 3.768306495421456792e-01
7.190283265331394169e-01 3.878537758074620534e-01
7.231843179252852583e-01 3.976345782412766261e-01
7.273643309919801681e-01 3.952836026932544100e-01
7.315685045787596597e-01 3.738140695452988882e-01
7.357969783336865133e-01 3.576679939248989526e-01
7.400498927119919523e-01 3.507700993729498395e-01
7.443273889807401344e-01 3.496235509228007299e-01
7.486296092235191768e-01 3.482702930164948696e-01
7.529566963451627126e-01 3.427421931273441080e-01
7.573087940764960946e-01 3.447086890869148212e-01
7.616860469791092436e-01 3.565345370736397457e-01
7.660886004501606950e-01 3.627847419962978437e-01
7.705166007272060691e-01 3.574578393111396690e-01
7.749701948930545203e-01 3.532320089957761700e-01
7.794495308806568268e-01 3.516493035931363975e-01
7.839547574780165728e-01 3.533498333857855167e-01
7.884860243331343055e-01 3.577176041943765927e-01
7.930434819589780027e-01 3.649193616468760504e-01
7.976272817384808533e-01 3.723526336902710510e-01
8.022375759295721220e-01 3.731422638127896430e-01
8.068745176702336597e-01 3.674005641522770094e-01
8.115382609835852801e-01 3.630782694240403674e-01
8.162289607830032212e-01 3.683824340690213250e-01
8.209467728772645856e-01 3.795991781916044361e-01
8.256918539757219788e-01 3.962923448392990933e-01
8.304643616935105666e-01 4.072968672535613455e-01
8.352644545567829981e-01 4.053482861135241921e-01
8.400922920079733069e-01 4.052883403712387311e-01
8.449480344110958940e-01 4.094163282106880741e-01
8.498318430570707127e-01 4.143959590095029899e-01
8.547438801690798726e-01 4.131481229258370247e-01
8.596843089079587719e-01 3.972659463777972189e-01
8.646532933776126528e-01 3.753216705122017771e-01
8.696509986304700179e-01 3.665434089407471618e-01
8.746775906729644667e-01 3.778338794360262543e-01
8.797332364710471753e-01 3.978571354224053058e-01
8.848181039557355687e-01 4.146887974057250070e-01
8.899323620286901937e-01 4.238680753221235609e-01
8.950761805678236760e-01 4.198572228411630580e-01
9.002497304329459826e-01 4.060697021155110775e-01
9.054531834714387717e-01 3.942452321918272773e-01
9.106867125239620497e-01 3.920368861685531447e-01
9.159504914301977996e-01 4.027306553670598199e-01
9.212446950346235841e-01 4.165147309351092120e-01
9.265694991923183466e-01 4.180443809106687558e-01
9.319250807748065135e-01 4.115419904514994731e-01
9.373116176759319629e-01 4.093742972879362285e-01
9.427292888177655206e-01 3.972156470767990721e-01
9.481782741565508710e-01 3.809434786881434887e-01
9.536587546886805544e-01 3.704247234958494839e-01
9.591709124567069367e-01 3.621777052267177166e-01
9.647149305553922582e-01 3.637087332653183291e-01
9.702909931377862174e-01 3.694139142552432253e-01
9.758992854213467405e-01 3.679318074545996908e-01
9.815399936940907288e-01 3.654836784621838808e-01
9.872133053207802211e-01 3.703013868536760289e-01
9.929194087491489684e-01 3.735749756076776618e-01
9.986584935161608723e-01 3.726103314789463994e-01
1.004430750254303728e+00 3.711971278303550781e-01
1.010236370697924935e+00 3.640808102864003803e-01
1.016075547689597958e+00 3.529770673331829034e-01
1.021948475186527761e+00 3.476005543785470886e-01
1.027855348266994762e+00 3.461687468789017008e-01
1.033796363136834096e+00 3.434064195131276698e-01
1.039771717135951290e+00 3.393087490605813383e-01
1.045781608744880131e+00 3.338199239681003405e-01
1.051826237591374280e+00 3.308798264700315572e-01
1.057905804457035748e+00 3.231468257152093626e-01
1.064020511283988890e+00 3.080990663385220207e-01
1.070170561181583713e+00 3.079068265442962971e-01
1.076356158433145582e+00 3.124868190612082874e-01
1.082577508502760022e+00 3.145918103564040447e-01
1.088834818042095476e+00 3.075492191851452173e-01
1.095128294897270704e+00 2.968120410008456278e-01
1.101458148115757263e+00 2.918165624770586719e-01
1.107824587953321727e+00 2.883121481636820582e-01
1.114227825881013212e+00 2.865399590928986440e-01
1.120668074592185315e+00 2.868176387956691831e-01
1.127145548009560017e+00 2.825284175804175790e-01
1.133660461292336441e+00 2.833325173648671980e-01
1.140213030843336250e+00 2.889474352256036771e-01
1.146803474316190341e+00 3.011736105257520335e-01
1.153432010622570836e+00 3.263845848301438202e-01
1.160098859939462601e+00 3.370769759656094267e-01
1.166804243716473621e+00 3.270350305855169171e-01
1.173548384683194445e+00 3.026198876873284482e-01
1.180331506856595603e+00 2.762148217578714315e-01
1.187153835548465874e+00 2.603622735652140197e-01
1.194015597372901416e+00 2.604725186084975719e-01
1.200917020253827294e+00 2.653770449715755486e-01
1.207858333432573428e+00 2.554667046119027951e-01
1.214839767475487387e+00 2.394563682010457661e-01
1.221861554281590267e+00 2.397829691417733555e-01
1.228923927090283863e+00 2.485219559165581515e-01
1.236027120489096909e+00 2.527898171546735240e-01
1.243171370421473965e+00 2.575055488811284210e-01
1.250356914194617142e+00 2.618299107039265827e-01
1.257583990487367132e+00 2.691212422540939508e-01
1.264852839358128644e+00 2.760143135853993512e-01
1.272163702252848472e+00 2.780765849263227563e-01
1.279516822013033517e+00 2.795318194976659232e-01
1.286912442883815677e+00 2.802766625713505877e-01
1.294350810522067352e+00 2.801271427313972717e-01
1.301832172004561583e+00 2.862409194129919565e-01
1.309356775836174380e+00 2.874288097543724607e-01
1.316924871958146337e+00 2.728709517887765168e-01
1.324536711756377994e+00 2.621503103609694740e-01
1.332192548069784932e+00 2.717485194418456373e-01
1.339892635198694837e+00 2.894524953301464976e-01
1.347637228913291185e+00 2.979530771988306292e-01
1.355426586462114891e+00 2.922148226959205841e-01
1.363260966580605249e+00 2.818752156989624003e-01
1.371140629499693731e+00 2.790963515766958225e-01
1.379065836954451285e+00 2.786064501656044246e-01
1.387036852192779834e+00 2.764931904921624772e-01
1.395053939984155722e+00 2.764394460335616865e-01
1.403117366628427343e+00 2.822169753331414954e-01
1.411227399964658957e+00 2.963069808963028073e-01
1.419384309380025577e+00 3.035555924921977677e-01
1.427588365818764915e+00 3.047159215727573978e-01
1.435839841791175742e+00 3.056530044406677304e-01
1.444139011382666204e+00 3.021306753077575569e-01
1.452486150262864761e+00 2.920156925864896280e-01
1.460881535694769973e+00 2.937286249465081989e-01
1.469325446543965796e+00 3.006713065472912394e-01
1.477818163287882181e+00 3.022526338868900542e-01
1.486359968025109168e+00 3.022974209357239261e-01
1.494951144484772509e+00 3.142362700918144847e-01
1.503591978035954568e+00 3.411326154954039125e-01
1.512282755697172298e+00 3.609340033321748464e-01
1.521023766145914724e+00 3.493982376155898573e-01
1.529815299728230382e+00 3.121044065673183598e-01
1.538657648468367833e+00 2.906796604681968765e-01
1.547551106078482119e+00 2.821528954017329394e-01
1.556495967968387184e+00 2.726194552837858387e-01
1.565492531255366693e+00 2.673621447822003838e-01
1.574541094774047689e+00 2.680408408299149170e-01
1.583641959086324214e+00 2.636358623192155970e-01
1.592795426491339539e+00 2.688862825055958194e-01
1.602001801035530804e+00 2.769224571294478521e-01
1.611261388522727822e+00 2.706584715763792892e-01
1.620574496524306296e+00 2.677087276370231361e-01
1.629941434389411858e+00 2.684080946303533111e-01
1.639362513255227638e+00 2.729667271701290976e-01
1.648838046057315765e+00 2.789020446879085235e-01
1.658368347540009280e+00 2.897432666318069394e-01
1.667953734266863997e+00 3.088080797731395100e-01
1.677594524631179640e+00 3.246792318168510438e-01
1.687291038866571835e+00 3.203776080342300991e-01
1.697043599057607821e+00 3.073156374996881546e-01
1.706852529150509445e+00 2.866763873339620572e-01
1.716718154963911225e+00 2.705172201146722188e-01
1.726640804199680579e+00 2.727166087281794882e-01
1.736620806453807120e+00 2.739892499465843012e-01
1.746658493227349673e+00 2.752157260531140071e-01
1.756754197937443251e+00 2.794098609185334814e-01
1.766908255928380411e+00 2.865213552418445220e-01
1.777121004482747679e+00 2.896778086373573702e-01
1.787392782832625482e+00 2.896874550786446845e-01
1.797723932170862682e+00 2.849793026989155265e-01
1.808114795662403074e+00 2.771953136115746785e-01
1.818565718455690483e+00 2.716575672811366582e-01
1.829077047694130043e+00 2.638246569558387322e-01
1.839649132527616748e+00 2.586707011823316527e-01
1.850282324124138622e+00 2.634987450466316772e-01
1.860976975681438272e+00 2.752439763454554433e-01
1.871733442438742401e+00 2.896164848320308960e-01
1.882552081688566581e+00 2.962484132170583595e-01
1.893433252788581767e+00 3.004446151770393536e-01
1.904377317173546302e+00 3.007905090003415993e-01
1.915384638367318981e+00 3.025888812689049301e-01
1.926455581994929611e+00 3.000560013994648112e-01
1.937590515794722412e+00 2.955531804128512796e-01
1.948789809630575354e+00 2.891169369796521837e-01
1.960053835504184105e+00 2.848725028132345627e-01
1.971382967567415045e+00 2.829990261089343484e-01
1.982777582134739092e+00 2.817008907242702365e-01
1.994238057695728816e+00 2.753066782138229307e-01
2.005764774927627947e+00 2.783473743138880629e-01
2.017358116708002580e+00 2.879703885295030186e-01
2.029018468127450348e+00 2.955407778454819390e-01
2.040746216502401289e+00 2.960072521848755023e-01
2.052541751387976898e+00 2.887848237867604029e-01
2.064405464590929995e+00 2.910262433230195733e-01
2.076337750182662312e+00 2.808072168421527626e-01
2.088339004512313135e+00 2.669673297209411156e-01
2.100409626219920778e+00 2.642787287278629549e-01
2.112550016249669760e+00 2.596387904686655590e-01
2.124760577863207711e+00 2.679705596148216351e-01
2.137041716653034662e+00 2.876217385801186910e-01
2.149393840555982482e+00 3.054428498269083914e-01
2.161817359866763155e+00 3.089844718423932490e-01
2.174312687251592546e+00 3.150362356871409530e-01
2.186880237761905654e+00 3.164749335019915732e-01
2.199520428848138476e+00 3.144595163044637265e-01
2.212233680373592026e+00 3.190877410278122883e-01
2.225020414628386511e+00 3.159850320909002308e-01
2.237881056343477670e+00 3.164949154160867084e-01
2.250816032704775704e+00 3.210907556579706834e-01
2.263825773367328598e+00 3.137298319242305955e-01
2.276910710469592924e+00 2.971358858154911076e-01
2.290071278647793029e+00 2.846168721191207895e-01
2.303307915050354371e+00 2.842020751437663861e-01
2.316621059352423018e+00 3.026612295785597317e-01
2.330011153770474852e+00 3.166113617430549865e-01
2.343478643077001600e+00 3.261248199469068965e-01
2.357023974615280792e+00 3.364919882046859545e-01
2.370647598314243876e+00 3.356389671822793686e-01
2.384349966703414481e+00 3.266278129568881972e-01
2.398131534927939956e+00 3.188135064826443377e-01
2.411992760763713051e+00 2.915030531352210130e-01
2.425934104632577970e+00 2.775384513087947869e-01
2.439956029617617261e+00 2.904867316424505908e-01
2.454059001478542612e+00 3.126797478869545177e-01
2.468243488667162033e+00 3.324666660617944802e-01
2.482509962342935861e+00 3.407495139699934783e-01
2.496858896388636673e+00 3.736907329031254332e-01
2.511290767426078485e+00 3.906553779699058482e-01
2.525806054831960523e+00 3.803440212652891006e-01
2.540405240753779381e+00 3.918225973656707106e-01
2.555088810125852206e+00 3.899188032744675403e-01
2.569857250685421590e+00 3.593905727262048377e-01
2.584711052988855506e+00 3.271252937147053341e-01
2.599650710427946265e+00 3.162689130773553847e-01
2.614676719246288084e+00 3.126480524370104930e-01
2.629789578555775442e+00 3.079261194268709256e-01
2.644989790353173831e+00 3.043610703396883443e-01
2.660277859536794409e+00 3.003867365293154679e-01
2.675654293923265481e+00 2.930561301824783915e-01
2.691119604264405218e+00 2.938774557549410082e-01
2.706674304264172548e+00 2.942391973032152386e-01
2.722318910595750374e+00 2.900753798246987758e-01
2.738053942918694972e+00 2.926158390408645782e-01
2.753879923896200843e+00 2.965639896534575937e-01
2.769797379212459720e+00 2.964358297906404260e-01
2.785806837590128815e+00 2.897232847177118598e-01
2.801908830807877226e+00 2.774922861969198462e-01
2.818103893718070019e+00 2.726814681206328750e-01
2.834392564264522019e+00 2.723052569104276732e-01
2.850775383500368410e+00 2.754251916353527840e-01
2.867252895606037466e+00 2.690171984944950689e-01
2.883825647907329426e+00 2.651662013262957585e-01
2.900494190893583735e+00 2.607791376351299983e-01
2.917259078235983960e+00 2.525583025637780366e-01
2.934120866805935979e+00 2.571644782784698324e-01
2.951080116693567401e+00 2.691991028159129717e-01
2.968137391226336685e+00 2.736447341863230687e-01
2.985293256987731514e+00 2.737473998828808819e-01
3.002548283836107057e+00 2.691315777269017717e-01
3.019903044923603730e+00 2.519705586767724825e-01
3.037358116715186629e+00 2.545034385462125459e-01
3.054914079007794214e+00 2.652419947935532041e-01
3.072571514949601568e+00 2.661563396212863197e-01
3.090331011059376021e+00 2.587223785463708126e-01
3.108193157245980220e+00 2.517376660228359264e-01
3.126158546827951579e+00 2.525879309191604860e-01
3.144227776553216724e+00 2.523653737380317508e-01
3.162401446618910317e+00 2.614867730067064189e-01
3.180680160691316427e+00 2.728385673073119855e-01
3.199064525925907621e+00 2.776865930857071452e-01
3.217555152987530587e+00 2.709313280585061157e-01
3.236152656070678812e+00 2.649257293256334078e-01
3.254857652919894928e+00 2.593872939636748809e-01
3.273670764850296955e+00 2.565705331077795526e-01
3.292592616768199143e+00 2.656767736830027982e-01
3.311623837191892683e+00 2.657312071731240399e-01
3.330765058272506351e+00 2.720351565543829286e-01
3.350016915815009710e+00 2.659744352998684724e-01
3.369380049299332214e+00 2.717044214245322165e-01
3.388855101901607103e+00 2.880110413892138510e-01
3.408442720515521884e+00 2.889860209907529343e-01
3.428143555773827789e+00 2.855539549870311777e-01
3.447958262069935831e+00 2.800051841522647744e-01
3.467887497579658529e+00 2.778340458310988859e-01
3.487931924283071528e+00 2.843164543761730334e-01
3.508092207986506228e+00 2.808885225615744274e-01
3.528369018344649444e+00 2.619367105896075465e-01
3.548763028882812254e+00 2.454936623838624710e-01
3.569274917019284565e+00 2.433425059767917453e-01
3.589905364087840223e+00 2.552675745024718390e-01
3.610655055360374899e+00 2.727992925106421662e-01
3.631524680069651456e+00 2.838809864552029327e-01
3.652514931432215839e+00 2.838837425812850701e-01
3.673626506671410219e+00 2.966101547653325898e-01
3.694860107040534913e+00 3.115132175227102174e-01
3.716216437846141751e+00 3.092159864332887365e-01
3.737696208471465109e+00 2.986255719628604366e-01
3.759300132399972405e+00 2.978455882816291034e-01
3.781028927239082016e+00 2.993125363888212154e-01
3.802883314743989107e+00 3.030794717115167791e-01
3.824864020841640233e+00 3.004170539162184794e-01
3.846971775654848713e+00 2.987592440778417680e-01
3.869207313526548564e+00 3.140164690367678868e-01
3.891571373044171445e+00 3.010151332760318543e-01
3.914064697064205678e+00 2.805143784459308010e-01
3.936688032736852527e+00 2.719373140784687171e-01
3.959442131530850340e+00 2.768122120861642443e-01
3.982327749258438132e+00 2.775563661283283468e-01
4.005345646100446189e+00 2.943294604324036556e-01
4.028496586631570509e+00 2.961092288499128089e-01
4.051781339845751617e+00 2.825773388183746571e-01
4.075200679181723906e+00 2.781565125827033524e-01
4.098755382548707082e+00 2.859970022547270174e-01
4.122446232352245943e+00 2.880716761630197631e-01
4.146274015520188705e+00 2.825897413857440532e-01
4.170239523528843861e+00 2.707687166196628414e-01
4.194343552429258715e+00 2.574573166746918496e-01
4.218586902873665778e+00 2.663389329742247291e-01
4.242970380142073950e+00 2.716761711321907802e-01
4.267494794169023997e+00 2.777093311258843622e-01
4.292160959570472833e+00 2.787277197132163598e-01
4.316969695670882068e+00 2.746293602291495217e-01
4.341921826530410478e+00 2.650022118244114155e-01
4.367018180972294772e+00 2.571782589088802973e-01
4.392259592610382235e+00 2.560558265619493623e-01
4.417646899876805477e+00 2.585825051477048109e-01
4.443180946049855251e+00 2.574662740844586017e-01
4.468862579281975833e+00 2.661466931799990054e-01
4.494692652627942486e+00 2.804372069156323422e-01
4.520672024073195239e+00 2.764304886237948788e-01
4.546801556562344082e+00 2.803352302505949800e-01
4.573082118027814502e+00 2.762299804513229096e-01
4.599514581418703507e+00 2.825105027608840191e-01
4.626099824729760002e+00 2.915271692384392987e-01
4.652838731030551678e+00 2.873013389230758552e-01
4.679732188494796219e+00 2.781413538892518189e-01
4.706781090429870140e+00 2.815003825517982672e-01
4.733986335306464177e+00 2.912880753008180723e-01
4.761348826788450062e+00 2.871607764928892914e-01
4.788869473762884077e+00 2.508887791895523800e-01
4.816549190370198019e+00 2.367526085145161274e-01
4.844388896034566017e+00 2.517066596044124083e-01
4.872389515494448098e+00 2.523970691879757755e-01
4.900551978833287414e+00 2.566408143228728345e-01
4.928877221510434836e+00 2.622081890086933598e-01
4.957366184392200559e+00 2.633127065360906238e-01
4.986019813783113541e+00 2.720007049783567665e-01
5.014839061457356806e+00 2.718498070753624374e-01
5.043824884690362609e+00 2.770154763847183510e-01
5.072978246290641202e+00 2.915443950264524076e-01
5.102300114631742822e+00 2.844046504107999307e-01
5.131791463684423960e+00 2.796172594062106831e-01
5.161453273049005475e+00 2.827179012485612208e-01
5.191286527987911903e+00 2.850440716618445891e-01
5.221292219458380401e+00 2.994207143375431923e-01
5.251471344145405951e+00 3.098099316039790163e-01
5.281824904494829553e+00 3.095494776892215860e-01
5.312353908746639597e+00 3.135637753277847328e-01
5.343059370968462396e+00 3.380781387649284264e-01
5.373942311089249912e+00 3.798058876477611867e-01
5.405003754933139781e+00 3.918019264200550689e-01
5.436244734253559585e+00 3.491053992193678956e-01
5.467666286767478567e+00 3.356286317094714922e-01
5.499269456189878724e+00 3.280823584967108575e-01
5.531055292268432844e+00 3.127748342367866474e-01
5.563024850818350409e+00 3.366428861076803947e-01
5.595179193757479297e+00 3.430501902170175477e-01
5.627519389141558470e+00 3.340948475447887978e-01
5.660046511199702479e+00 3.326885342114027089e-01
5.692761640370078702e+00 3.347184210708614716e-01
5.725665863335805739e+00 3.412263237821949735e-01
5.758760273061025892e+00 3.383571965307399232e-01
5.792045968827241431e+00 3.490385631618772577e-01
5.825524056269808071e+00 3.384991370239675557e-01
5.859195647414667363e+00 3.394851411298350219e-01
5.893061860715279821e+00 3.346936159361226792e-01
5.927123821089786304e+00 3.205836284588662322e-01
5.961382659958350594e+00 3.353805803620834580e-01
5.995839515280771082e+00 3.349988568997140925e-01
6.030495531594262104e+00 3.324335925488094423e-01
6.065351860051475086e+00 3.357554135092476466e-01
6.100409658458743500e+00 3.432403629166817516e-01
6.135670091314512575e+00 3.424900075908329233e-01
6.171134329848062094e+00 3.217921897458624336e-01
6.206803552058381079e+00 3.306648486356286165e-01
6.242678942753306259e+00 3.194026284326910159e-01
6.278761693588877257e+00 3.190739603974018790e-01
6.315053003108923591e+00 3.519331845795915514e-01
6.351554076784851510e+00 3.510284861931457501e-01
6.388266127055725718e+00 3.440348162598440007e-01
6.425190373368511843e+00 3.541353293191809581e-01
6.462328042218596025e+00 3.586987850796004018e-01
6.499680367190518560e+00 3.554141718212704415e-01
6.537248588998957999e+00 3.519455871469609476e-01
6.575033955529916874e+00 3.680771931054299118e-01
6.613037721882214726e+00 3.742274884576123339e-01
6.651261150409145451e+00 3.773901431368097970e-01
6.689705510760421525e+00 3.725972398800564411e-01
6.728372079924347382e+00 3.579318929972590269e-01
6.767262142270216607e+00 3.749647521845712039e-01
6.806376989591010229e+00 3.938724661392246640e-01
6.845717921146279750e+00 4.104567658066768376e-01
6.885286243705309062e+00 4.107068842486263915e-01
6.925083271590525058e+00 3.968580397176479369e-01
6.965110326721157818e+00 4.208783675545771374e-01
7.005368738657123728e+00 4.254039265813678861e-01
7.045859844643230119e+00 4.285741606072911436e-01
7.086584989653569089e+00 4.133210698374881198e-01
7.127545526436194656e+00 3.899635903233014123e-01
7.168742815558059256e+00 3.973003979538232699e-01
7.210178225450215805e+00 4.148555430336914318e-01
7.251853132453240036e+00 4.200728897070865053e-01
7.293768920862992111e+00 4.260846897236439390e-01
7.335926982976571864e+00 4.421101848279525015e-01
7.378328719138569802e+00 4.588033514756471032e-01
7.420975537787583676e+00 4.954556941783123669e-01
7.463868855503007715e+00 5.001066569418380903e-01
7.507010097052058128e+00 5.351191046256601469e-01
7.550400695437144982e+00 5.703727133416649497e-01
7.594042091943437711e+00 5.449233341311725543e-01
7.637935736186750368e+00 5.412693999778425136e-01
7.682083086161699548e+00 5.531545046753323369e-01
7.726485608290103890e+00 5.631268578718521267e-01
7.771144777469737974e+00 5.782104468876065884e-01
7.816062077123293150e+00 5.492525191746143731e-01
7.861238999247660786e+00 5.279517987491867403e-01
7.906677044463489068e+00 5.401455895678706209e-01
7.952377722065040011e+00 8.681521545973240883e-01
7.998342550070284496e+00 8.347892483736323310e-01
