2.511886431509579437e-02 8.403448308382627241e-01
2.526405161860213050e-02 8.382213757135817955e-01
2.541007810627042562e-02 8.371996238539712865e-01
2.555694862859406516e-02 8.359895119035309907e-01
2.570466806410236227e-02 8.356439592189146559e-01
2.585324131952258450e-02 8.359407279951144298e-01
2.600267332994290678e-02 8.367456624839852974e-01
2.615296905897638788e-02 8.379937174743051775e-01
2.630413349892583852e-02 8.396252681891206437e-01
2.645617167094958117e-02 8.416159226742235822e-01
2.660908862522835469e-02 8.439494196268085835e-01
2.676288944113292337e-02 8.465715547041907652e-01
2.691757922739292791e-02 8.493197148783152572e-01
2.707316312226650673e-02 8.521302100465274476e-01
2.722964629371095457e-02 8.550585996600792438e-01
2.738703393955444973e-02 8.581672187130583440e-01
2.754533128766867636e-02 8.615102715481495199e-01
2.770454359614242176e-02 8.651189256623967871e-01
2.786467615345633933e-02 8.690148627928742098e-01
2.802573427865854422e-02 8.732915854307128356e-01
2.818772332154127064e-02 8.780778288897895800e-01
2.835064866281864979e-02 8.833979851243127790e-01
2.851451571430539678e-02 8.892628950028189649e-01
2.867932991909653145e-02 8.956833993938455585e-01
2.884509675174826843e-02 9.026513676459896329e-01
2.901182171845980567e-02 9.101708650849525961e-01
2.917951035725619563e-02 9.183313288761644211e-01
2.934816823817239240e-02 9.274105562758854227e-01
2.951780096343814899e-02 9.374925640152770301e-01
2.968841416766421215e-02 9.484824944946408376e-01
2.986001351802944001e-02 9.604060947767518730e-01
3.003260471446899879e-02 9.732592995359091725e-01
3.020619348986378766e-02 9.870759864862904687e-01
3.038078561023081769e-02 1.001179956452901809e+00
3.055638687491469066e-02 1.012485627228405072e+00
3.073300311678033025e-02 1.020137925306946025e+00
3.091064020240668481e-02 1.025948630842767439e+00
3.108930403228154019e-02 1.030531608016775902e+00
3.126900054099761295e-02 1.034689081100707675e+00
3.144973569744963920e-02 1.038827582664699989e+00
3.163151550503255638e-02 1.042555486332854109e+00
3.181434600184106232e-02 1.045088184244806095e+00
3.199823326087009728e-02 1.047161500352503438e+00
3.218318339021652985e-02 1.049776859887050051e+00
3.236920253328214730e-02 1.053305562595837186e+00
3.255629686897762443e-02 1.057965780958171509e+00
3.274447261192782455e-02 1.063827980619543645e+00
3.293373601267822470e-02 1.071287853281553071e+00
3.312409335790250653e-02 1.080418574806824683e+00
3.331555097061136145e-02 1.090951833699068230e+00
3.350811521036261426e-02 1.102792772358584861e+00
3.370179247347232510e-02 1.115869570031317481e+00
3.389658919322740410e-02 1.130142928568818705e+00
3.409251184009919750e-02 1.145614203079657001e+00
3.428956692195841288e-02 1.162324046820844670e+00
3.448776098429136294e-02 1.180307692615127912e+00
3.468710061041735404e-02 1.199603083502385426e+00
3.488759242170727526e-02 1.220249517631064595e+00
3.508924307780367929e-02 1.242279517606775352e+00
3.529205927684192501e-02 1.265100900985685950e+00
3.549604775567258980e-02 1.287823361439196734e+00
3.570121529008542238e-02 1.310827684474668908e+00
3.590756869503420462e-02 1.334880861541093866e+00
3.611511482486330638e-02 1.360393490534309580e+00
3.632386057353523962e-02 1.387698928161828826e+00
3.653381287485973905e-02 1.414868854932635589e+00
3.674497870272393912e-02 1.439653790625306629e+00
3.695736507132423021e-02 1.463042964493841414e+00
3.717097903539903075e-02 1.486486342705061192e+00
3.738582769046329413e-02 1.510946052341622936e+00
3.760191817304411876e-02 1.537289362886484989e+00
3.781925766091774610e-02 1.554011402604777103e+00
3.803785337334809891e-02 1.553740380891352357e+00
3.825771257132654091e-02 1.543536413380919736e+00
3.847884255781295476e-02 1.527098946461723505e+00
3.870125067797849233e-02 1.508628816691843344e+00
3.892494431944945599e-02 1.486784466589828213e+00
3.914993091255265789e-02 1.455156232633188385e+00
3.937621793056233360e-02 1.415139876646059891e+00
3.960381288994833243e-02 1.372643671981097269e+00
3.983272335062570252e-02 1.330316855887025085e+00
4.006295691620595512e-02 1.290021347535069474e+00
4.029452123424955012e-02 1.251086368184504805e+00
4.052742399651988042e-02 1.213147393630775506e+00
4.076167293923887297e-02 1.177251922796266559e+00
4.099727584334383890e-02 1.143661491634433203e+00
4.123424053474603751e-02 1.112697260875683547e+00
4.147257488459059338e-02 1.084179001080589622e+00
4.171228680951784978e-02 1.057969846283872917e+00
4.195338427192649156e-02 1.034237829947855847e+00
4.219587528023795858e-02 1.013023605329552712e+00
4.243976788916238585e-02 9.943773114459466544e-01
4.268507019996626434e-02 9.783287606855145535e-01
4.293179036074151744e-02 9.649958474935960151e-01
4.317993656667604152e-02 9.545818381552593213e-01
4.342951706032609216e-02 9.473889218809729007e-01
4.368054013188996804e-02 9.437653615724872491e-01
4.393301411948334623e-02 9.416812045962527078e-01
4.418694740941636612e-02 9.386620227087038026e-01
4.444234843647213579e-02 9.354815829016671636e-01
4.469922568418681352e-02 9.328187945672714587e-01
4.495758768513159753e-02 9.314758819772529508e-01
4.521744302119593689e-02 9.296369996516676837e-01
4.547880032387276866e-02 9.264972131016447898e-01
4.574166827454511502e-02 9.238276492244135163e-01
4.600605560477452616e-02 9.228939794216660664e-01
4.627197109659098723e-02 9.240891851778680888e-01
4.653942358278480296e-02 9.260391864059573930e-01
4.680842194719982141e-02 9.281531557706684810e-01
4.707897512502866311e-02 9.305584734773110211e-01
4.735109210310945588e-02 9.330789754121590063e-01
4.762478192022426976e-02 9.310097246301628493e-01
4.790005366739954334e-02 9.234102757857396426e-01
4.817691648820784933e-02 9.144150651171802924e-01
4.845537957907175564e-02 9.056624188821359445e-01
4.873545218956924774e-02 8.984180084822988022e-01
4.901714362274099679e-02 8.925815558837020269e-01
4.930046323539925834e-02 8.880365217495731489e-01
4.958542043843887359e-02 8.847869714056133539e-01
4.987202469714965836e-02 8.825659484640994146e-01
5.016028553153097091e-02 8.808097277611086628e-01
5.045021251660784106e-02 8.796741467818599558e-01
5.074181528274907677e-02 8.797161551474408370e-01
5.103510351598705003e-02 8.808408952581524565e-01
5.133008695833959217e-02 8.809682754634619029e-01
5.162677540813340182e-02 8.792066343262026074e-01
5.192517872032970105e-02 8.767606633625465440e-01
5.222530680685147364e-02 8.736845669151783733e-01
5.252716963691266006e-02 8.680947440757978972e-01
5.283077723734942721e-02 8.601267057011174888e-01
5.313613969295318679e-02 8.522887577488807986e-01
5.344326714680543849e-02 8.458208245580048912e-01
5.375216980061491706e-02 8.410467770760321482e-01
5.406285791505632127e-02 8.374394780703520169e-01
5.437534181011107609e-02 8.351385037233779451e-01
5.468963186541032917e-02 8.329649095817134308e-01
5.500573852057948770e-02 8.250470102240164971e-01
5.532367227558519784e-02 8.102275429339643731e-01
5.564344369108398941e-02 7.939269419800475402e-01
5.596506338877313413e-02 7.800899284011594270e-01
5.628854205174332881e-02 7.704930495287976022e-01
5.661389042483377931e-02 7.641362352404258429e-01
5.694111931498885282e-02 7.601020770361019974e-01
5.727023959161724881e-02 7.581927290650263274e-01
5.760126218695296035e-02 7.583079132932317723e-01
5.793419809641841417e-02 7.605126749319401913e-01
5.826905837898961604e-02 7.649533657064007119e-01
5.860585415756369709e-02 7.707979489564001918e-01
5.894459661932811845e-02 7.777252639515305210e-01
5.928529701613251268e-02 7.864941714893803892e-01
5.962796666486229469e-02 7.974529344717002921e-01
5.997261694781454155e-02 8.119376899456730579e-01
6.031925931307623168e-02 8.338457301503430230e-01
6.066790527490428103e-02 8.688183720506413854e-01
6.101856641410823012e-02 9.050905630668101276e-01
6.137125437843479747e-02 9.055485897624976355e-01
6.172598088295483398e-02 8.638803564320469697e-01
6.208275771045231733e-02 8.170274777237852559e-01
6.244159671181598315e-02 7.839736695545325151e-01
6.280250980643269088e-02 7.580260507112702717e-01
6.316550898258359303e-02 7.354255500288007230e-01
6.353060629784218483e-02 7.146598663462150336e-01
6.389781387947492119e-02 6.955026965328038324e-01
6.426714392484385308e-02 6.790760704821444671e-01
6.463860870181208085e-02 6.659396480324586420e-01
6.501222054915094251e-02 6.559267508299901905e-01
6.538799187695008841e-02 6.487338345557038810e-01
6.576593516702965159e-02 6.445438388661610674e-01
6.614606297335466623e-02 6.436657285146656360e-01
6.652838792245242827e-02 6.462878635920477066e-01
6.691292271383147972e-02 6.519657684882910198e-01
6.729968012040381253e-02 6.591763011739500966e-01
6.768867298890894613e-02 6.678869390434136744e-01
6.807991424034069705e-02 6.789974741852513596e-01
6.847341687037629410e-02 6.930133620949997519e-01
6.886919394980822728e-02 7.117138603212906922e-01
6.926725862497820629e-02 7.358469887931758935e-01
6.966762411821400547e-02 7.581127776595660839e-01
7.007030372826857090e-02 7.686907551345245615e-01
7.047531083076181979e-02 7.688479477283108876e-01
7.088265887862478520e-02 7.631700428320674634e-01
7.129236140254673060e-02 7.569175719033640615e-01
7.170443201142430445e-02 7.533888691945769267e-01
7.211888439281383123e-02 7.541775423806422740e-01
7.253573231338585059e-02 7.592903670043956721e-01
7.295498961938230720e-02 7.682774470215522067e-01
7.337667023707672431e-02 7.785681414802807510e-01
7.380078817323644513e-02 7.882151593696261616e-01
7.422735751558823258e-02 7.987389325018996455e-01
7.465639243328600627e-02 8.119417552713744657e-01
7.508790717738160481e-02 8.290757479940717989e-01
7.552191608129793510e-02 8.506368804055584043e-01
7.595843356130543844e-02 8.768812680250204217e-01
7.639747411700059665e-02 9.084810447017507284e-01
7.683905233178781047e-02 9.425688007077179797e-01
7.728318287336367887e-02 9.772582249174877056e-01
7.772988049420428980e-02 1.013958630240867187e+00
7.817916003205507836e-02 1.044000032065406591e+00
7.863103641042397396e-02 1.065521866328446698e+00
7.908552463907676799e-02 1.083823962636003557e+00
7.954263981453599253e-02 1.096740857497815469e+00
8.000239712058217212e-02 1.106597917215064841e+00
8.046481182875830918e-02 1.113278602450978871e+00
8.092989929887701994e-02 1.115713732546098180e+00
8.139767497953076525e-02 1.117215192838469928e+00
8.186815440860513438e-02 1.115887186442689805e+00
8.234135321379483508e-02 1.112835481949529859e+00
8.281728711312283386e-02 1.110249934803460237e+00
8.329597191546232737e-02 1.106550488415215527e+00
8.377742352106211376e-02 1.102459415651072527e+00
8.426165792207447602e-02 1.094972440817720605e+00
8.474869120308657633e-02 1.083174865632351880e+00
8.523853954165466762e-02 1.068695530592647769e+00
8.573121920884146929e-02 1.050968000317550777e+00
8.622674656975649887e-02 1.031858259303988889e+00
8.672513808409994251e-02 1.012411096257213261e+00
8.722641030670905127e-02 9.935981240198511477e-01
8.773057988810836760e-02 9.772528044832192728e-01
8.823766357506258873e-02 9.646475845918454084e-01
8.874767821113291322e-02 9.565765579660636675e-01
8.926064073723644077e-02 9.540655417911856340e-01
8.977656819220893036e-02 9.573178023522797009e-01
9.029547771337091688e-02 9.700544677746643085e-01
9.081738653709675591e-02 9.955792927449843566e-01
9.134231199938727674e-02 1.036208157804452190e+00
9.187027153644546085e-02 1.098245028007321711e+00
9.240128268525588107e-02 1.178177461947611304e+00
9.293536308416693037e-02 1.248107839553969534e+00
9.347253047347692245e-02 1.289877706026954396e+00
9.401280269602330097e-02 1.277615328603062705e+00
9.455619769777530437e-02 1.209907329046785440e+00
9.510273352842993355e-02 1.131915410574615199e+00
9.565242834201181932e-02 1.060102787168523797e+00
9.620530039747586526e-02 1.002688192288109237e+00
9.676136805931405405e-02 9.616893825898169545e-01
9.732064979816532069e-02 9.339923185863995281e-01
9.788316419142908953e-02 9.137022780108738917e-01
9.844892992388228070e-02 8.950383677158951778e-01
9.901796578830000806e-02 8.703076363659090209e-01
9.959029068607995472e-02 8.373757879676972937e-01
1.001659236278700377e-01 8.007431380726738324e-01
1.007448837341998471e-01 7.629708418727003671e-01
1.013271902361159299e-01 7.278965668298679192e-01
1.019128624758204177e-01 6.966423428377538363e-01
1.025019199073136378e-01 6.701093170934946386e-01
1.030943820970401520e-01 6.485007558821587192e-01
1.036902687245389171e-01 6.316757279127653835e-01
1.042895995830967204e-01 6.187086940339699970e-01
1.048923945804057928e-01 6.101837060382020450e-01
1.054986737392250712e-01 6.071469077392804836e-01
1.061084571980452224e-01 6.143140769507915433e-01
1.067217652117575799e-01 6.353521374553688927e-01
1.073386181523270227e-01 6.684709908358436037e-01
1.079590365094685589e-01 7.130378013913694080e-01
1.085830408913279893e-01 7.648314059353595873e-01
1.092106520251663743e-01 8.214166743726951658e-01
1.098418907580486492e-01 8.847178608686900869e-01
1.104767780575359459e-01 9.539395166944432125e-01
1.111153350123821049e-01 1.020618988848274622e+00
1.117575828332342536e-01 1.073758216199417470e+00
1.124035428533372433e-01 1.102113862966456415e+00
1.130532365292423180e-01 1.100478246925939541e+00
1.137066854415197809e-01 1.081264162552709074e+00
1.143639112954759340e-01 1.054209420010107756e+00
1.150249359218739331e-01 1.029412288340332493e+00
1.156897812776589568e-01 1.010431282640647188e+00
1.163584694466876512e-01 9.992353756590810487e-01
1.170310226404614878e-01 9.970522957574465828e-01
1.177074631988646730e-01 1.004004002706785137e+00
1.183878135909062629e-01 1.017235282756169479e+00
1.190720964154663303e-01 1.033648357721157707e+00
1.197603344020467531e-01 1.048623662496428688e+00
1.204525504115261381e-01 1.057129678972256848e+00
1.211487674369193246e-01 1.058189373871746719e+00
1.218490086041408849e-01 1.051793261434928350e+00
1.225532971727734816e-01 1.041643498267180501e+00
1.232616565368404721e-01 1.030234839240576017e+00
1.239741102255828148e-01 1.019068744647486424e+00
1.246906819042407494e-01 1.010420441772110323e+00
1.254113953748399735e-01 1.006912065691830005e+00
1.261362745769819826e-01 1.010256473635488428e+00
1.268653435886395453e-01 1.021880594924265528e+00
1.275986266269562852e-01 1.042521608618675932e+00
1.283361480490512463e-01 1.069946295800101810e+00
1.290779323528278288e-01 1.096590440446864934e+00
1.298240041777875831e-01 1.113484578953181536e+00
1.305743883058487209e-01 1.110004660152810851e+00
1.313291096621690413e-01 1.085633032573112056e+00
1.320881933159741561e-01 1.049400139705390034e+00
1.328516644813900749e-01 1.009078884290659062e+00
1.336195485182806453e-01 9.707550589038667077e-01
1.343918709330900185e-01 9.370846763365731080e-01
1.351686573796898327e-01 9.088116911921285679e-01
1.359499336602315311e-01 8.855553179631717731e-01
1.367357257260030934e-01 8.672193439414368488e-01
1.375260596782912625e-01 8.532834074371485888e-01
1.383209617692485738e-01 8.420807249127467697e-01
1.391204584027652402e-01 8.318428796881359721e-01
1.399245761353461737e-01 8.229858900934231558e-01
1.407333416769932510e-01 8.168242114387168629e-01
1.415467818920924381e-01 8.146302906685455314e-01
1.423649238003061035e-01 8.163295968117172396e-01
1.431877945774705507e-01 8.209247699628297035e-01
1.440154215564987683e-01 8.273574703309604095e-01
1.448478322282882313e-01 8.349135557012355990e-01
1.456850542426340045e-01 8.436716223705484907e-01
1.465271154091474515e-01 8.519215233271905108e-01
1.473740436981796631e-01 8.583948769523348510e-01
1.482258672417506584e-01 8.653560696616433567e-01
1.490826143344838317e-01 8.734325167216935304e-01
1.499443134345459228e-01 8.821838078481709644e-01
1.508109931645919832e-01 8.910868711341659587e-01
1.516826823127164214e-01 8.990589748345477750e-01
1.525594098334091819e-01 9.039305901333533066e-01
1.534412048485173929e-01 9.058331625615934080e-01
1.543280966482127869e-01 9.076164854359265455e-01
1.552201146919646169e-01 9.113620055154533217e-01
1.561172886095181789e-01 9.191674308620790823e-01
1.570196482018790252e-01 9.329908933552960582e-01
1.579272234423027277e-01 9.535167228215010171e-01
1.588400444772908315e-01 9.820675052222056500e-01
1.597581416275917487e-01 1.020700295362301890e+00
1.606815453892082024e-01 1.068996364694548840e+00
1.616102864344102497e-01 1.121884896960774203e+00
1.625443956127538836e-01 1.167630651969696620e+00
1.634839039521058524e-01 1.184416381790643458e+00
1.644288426596743347e-01 1.163761817010561916e+00
1.653792431230455828e-01 1.121088093123306040e+00
1.663351369112262834e-01 1.072122600158900596e+00
1.672965557756923849e-01 1.025384905678844438e+00
1.682635316514438095e-01 9.861436717921102657e-01
1.692360966580649384e-01 9.578449395848902537e-01
1.702142831007917856e-01 9.412313085519681266e-01
1.711981234715850009e-01 9.384452053379641612e-01
1.721876504502090899e-01 9.563814223323979791e-01
1.731828969053178791e-01 1.003555461771067581e+00
1.741838958955464201e-01 1.095517194461703925e+00
1.751906806706090836e-01 1.234362973357645554e+00
1.762032846724038426e-01 1.337708973120678602e+00
1.772217415361232173e-01 1.275132769708094083e+00
1.782460850913716033e-01 1.126995011367393218e+00
1.792763493632887617e-01 1.011004493564540141e+00
1.803125685736800821e-01 9.398423222706675517e-01
1.813547771421535060e-01 9.054632179227688482e-01
1.824030096872625850e-01 8.974992448737897366e-01
1.834573010276564775e-01 9.097805938176212193e-01
1.845176861832364401e-01 9.377649408372685791e-01
1.855842003763193415e-01 9.675935906167698608e-01
1.866568790328071992e-01 9.842126420839605316e-01
1.877357577833641822e-01 9.956673748018473047e-01
1.888208724646001924e-01 1.008790246165861992e+00
1.899122591202609955e-01 1.025004120171483013e+00
1.910099540024255971e-01 1.042106945397136553e+00
1.921139935727104175e-01 1.057435933508426462e+00
1.932244145034804905e-01 1.070832536802999835e+00
1.943412536790674328e-01 1.084525908873773092e+00
1.954645481969946030e-01 1.099238322587022365e+00
1.965943353692096995e-01 1.111313695028651294e+00
1.977306527233236300e-01 1.116476658669388167e+00
1.988735380038573475e-01 1.112605113493118969e+00
2.000230291734956534e-01 1.095551072175882101e+00
2.011791644143479663e-01 1.063535277169045168e+00
2.023419821292166965e-01 1.019727327411107831e+00
2.035115209428728922e-01 9.653075224640341734e-01
2.046878197033392410e-01 9.035172820203809518e-01
2.058709174831803157e-01 8.458343756436760286e-01
2.070608535808005912e-01 8.021849735880922649e-01
2.082576675217497619e-01 7.750949982227457458e-01
2.094613990600355524e-01 7.632838719517057724e-01
2.106720881794442723e-01 7.650129904833541383e-01
2.118897750948690872e-01 7.798636252704499450e-01
2.131145002536455058e-01 8.097247976555619342e-01
2.143463043368951104e-01 8.562090868335662242e-01
2.155852282608767823e-01 9.150018271267442715e-01
2.168313131783459469e-01 9.750886961015244880e-01
2.180846004799212312e-01 1.025684384672178595e+00
2.193451317954595303e-01 1.062677493446056554e+00
2.206129489954388734e-01 1.089944988033695994e+00
2.218880941923488948e-01 1.115465747678314745e+00
2.231706097420899648e-01 1.144143910284328713e+00
2.244605382453801201e-01 1.176116341817017963e+00
2.257579225491697927e-01 1.216501287334403658e+00
2.270628057480653939e-01 1.267788081274290102e+00
2.283752311857605299e-01 1.323151041784081050e+00
2.296952424564759343e-01 1.372860489351837021e+00
2.310228834064072811e-01 1.410315690147103895e+00
2.323581981351817149e-01 1.434043641157419113e+00
2.337012309973229007e-01 1.445467206378262093e+00
2.350520266037238737e-01 1.437404310403883168e+00
2.364106298231291869e-01 1.399623883552506998e+00
2.377770857836252472e-01 1.351959294812538959e+00
2.391514398741393099e-01 1.311013334348364534e+00
2.405337377459470793e-01 1.272085130540635545e+00
2.419240253141889951e-01 1.233125759235862873e+00
2.433223487593957901e-01 1.195861628748560390e+00
2.447287545290218747e-01 1.159310285367564308e+00
2.461432893389885190e-01 1.119266827209093540e+00
2.475660001752356676e-01 1.079716628569055148e+00
2.489969342952823017e-01 1.059494343421885754e+00
2.504361392297964617e-01 1.070523572049695948e+00
2.518836627841739007e-01 1.107347292252683690e+00
2.533395530401260642e-01 1.157628595635765256e+00
2.548038583572773130e-01 1.216636798191115698e+00
2.562766273747711931e-01 1.272427973008117608e+00
2.577579090128856998e-01 1.317737383058426692e+00
2.592477524746588102e-01 1.369513371191044104e+00
2.607462072475227322e-01 1.436266019207500300e+00
2.622533231049470337e-01 1.519415480886138869e+00
2.637691501080930423e-01 1.608662931116828787e+00
2.652937386074759596e-01 1.701826645106502722e+00
2.668271392446371348e-01 1.802890642042501046e+00
2.683694029538270520e-01 1.916489393224382942e+00
2.699205809636965880e-01 2.040278560831026322e+00
2.714807247989985406e-01 2.169095181221694091e+00
2.730498862822996475e-01 2.313034813221449326e+00
2.746281175357012105e-01 2.485133601246010571e+00
2.762154709825712651e-01 2.688128864600966228e+00
2.778119993492854656e-01 2.931980651254666004e+00
2.794177556669779627e-01 3.203381795077966387e+00
2.810327932733039380e-01 3.277573989127925191e+00
2.826571658142107979e-01 3.059930002162375207e+00
2.842909272457196934e-01 2.774598342269054996e+00
2.859341318357184192e-01 2.502357031134138321e+00
2.875868341657639160e-01 2.258965981393260769e+00
2.892490891328946545e-01 2.045034991901626409e+00
2.909209519514548425e-01 1.856512288043539849e+00
2.926024781549284581e-01 1.687828373608126986e+00
2.942937235977828858e-01 1.536015560833389859e+00
2.959947444573255426e-01 1.399474821610123598e+00
2.977055972355692748e-01 1.277321270043997092e+00
2.994263387611086902e-01 1.177663875800671889e+00
3.011570261910088142e-01 1.125269958161446260e+00
3.028977170127025720e-01 1.158153022651241537e+00
3.046484690459013711e-01 1.299946162680674977e+00
3.064093404445150659e-01 1.480469660667037113e+00
3.081803896985833569e-01 1.565963460166797550e+00
3.099616756362194026e-01 1.622756060214902929e+00
3.117532574255635347e-01 1.684481255447334291e+00
3.135551945767480198e-01 1.745840571366642502e+00
3.153675469438748658e-01 1.799218297825599056e+00
3.171903747270033436e-01 1.840400047180452914e+00
3.190237384741493876e-01 1.858057111810059281e+00
3.208676990832974307e-01 1.834586631427497005e+00
3.227223178044230090e-01 1.753645996713268485e+00
3.245876562415266342e-01 1.613731037157867032e+00
3.264637763546810456e-01 1.439735097139333675e+00
3.283507404620888970e-01 1.269446734160448065e+00
3.302486112421523790e-01 1.134662215640172445e+00
3.321574517355558864e-01 1.050568243290249670e+00
3.340773253473591775e-01 1.011645459916789003e+00
3.360082958491044103e-01 1.010385208949365232e+00
3.379504273809338932e-01 1.045145098804625139e+00
3.399037844537201591e-01 1.101837420818763569e+00
3.418684319512097503e-01 1.134564647823339767e+00
3.438444351321779946e-01 1.127850084873247560e+00
3.458318596325960503e-01 1.112305634499785034e+00
3.478307714678123830e-01 1.104185823965586843e+00
3.498412370347446232e-01 1.114384371041750921e+00
3.518633231140849693e-01 1.130206618671473651e+00
3.538970968725191901e-01 1.132565862686833791e+00
3.559426258649572294e-01 1.113449346130436446e+00
3.579999780367765227e-01 1.074678334916493672e+00
3.600692217260801353e-01 1.021173228252227672e+00
3.621504256659661136e-01 9.656761119942914862e-01
3.642436589868098817e-01 9.229129509416057475e-01
3.663489912185618480e-01 9.062031072004177457e-01
3.684664922930561692e-01 9.202677790185825879e-01
3.705962325463332818e-01 9.490597707442349762e-01
3.727382827209774208e-01 9.856612531422145329e-01
3.748927139684648524e-01 1.047007017975851495e+00
3.770595978515288715e-01 1.132794876034677545e+00
3.792390063465359562e-01 1.195930739285483657e+00
3.814310118458763554e-01 1.215671960891324677e+00
3.836356871603694985e-01 1.209561776362169105e+00
3.858531055216822825e-01 1.201173654331680440e+00
3.880833405847607942e-01 1.182933893018211391e+00
3.903264664302779630e-01 1.124803800814356158e+00
3.925825575670940371e-01 1.032558850433191067e+00
3.948516889347303827e-01 9.448751954889605953e-01
3.971339359058604912e-01 8.806376289730840634e-01
3.994293742888124776e-01 8.362673091597909725e-01
4.017380803300868997e-01 8.071704180065361056e-01
4.040601307168905088e-01 7.874712047662758563e-01
4.063956025796829352e-01 7.724647324939608595e-01
4.087445734947380283e-01 7.561072169802247611e-01
4.111071214867221824e-01 7.314835392070412334e-01
4.134833250312844322e-01 6.877297937917890014e-01
4.158732630576643108e-01 6.320727747229323290e-01
4.182770149513134750e-01 5.786327132698881881e-01
4.206946605565314856e-01 5.365714984549719846e-01
4.231262801791195738e-01 5.125278071485168674e-01
4.255719545890473410e-01 5.119491757903554818e-01
4.280317650231349469e-01 5.402790754946191765e-01
4.305057931877529498e-01 6.062389849993083946e-01
4.329941212615355806e-01 6.816223194797678131e-01
4.354968318981098929e-01 6.947993951864671613e-01
4.380140082288422887e-01 6.644964574084731845e-01
4.405457338655994204e-01 6.219880567664064497e-01
4.430920929035247480e-01 5.869761167176615890e-01
4.456531699238333033e-01 5.600067460147889475e-01
4.482290499966203323e-01 5.344778557187676027e-01
4.508198186836865351e-01 5.116632478826926844e-01
4.534255620413813470e-01 4.964928074737559593e-01
4.560463666234608748e-01 4.941538900869024142e-01
4.586823194839622087e-01 5.074204029590320131e-01
4.613335081800964965e-01 5.220555754839553142e-01
4.640000207751556194e-01 5.217899742047993339e-01
4.666819458414390720e-01 5.022032349756102576e-01
4.693793724631949438e-01 4.711075586858495257e-01
4.720923902395786631e-01 4.375808176266709482e-01
4.748210892876304490e-01 4.010619968512859068e-01
4.775655602452679171e-01 3.671544702847459041e-01
4.803258942742961168e-01 3.398422571143912552e-01
4.831021830634371073e-01 3.295867954784079124e-01
4.858945188313745223e-01 3.407217225744537670e-01
4.887029943298164536e-01 3.700991212011031095e-01
4.915277028465775411e-01 4.167107905844168458e-01
4.943687382086768833e-01 4.669243385391422807e-01
4.972261947854541564e-01 5.059202977752272901e-01
5.001001674917054940e-01 5.442698702247950049e-01
5.029907517908354109e-01 5.985812664864990085e-01
5.058980436980275996e-01 6.766653323412334942e-01
5.088221397834349347e-01 7.614409243004190975e-01
5.117631371753864622e-01 7.961547404643969372e-01
5.147211335636141527e-01 7.994408787396691807e-01
5.176962272024980827e-01 8.125908522750261431e-01
5.206885169143288250e-01 8.374733557845300824e-01
5.236981020925914887e-01 8.537902180412525466e-01
5.267250827052667450e-01 8.685554809886195660e-01
5.297695592981502832e-01 8.909987890773028996e-01
5.328316329981945820e-01 8.924365592670200353e-01
5.359114055168668900e-01 8.504430998804598518e-01
5.390089791535270791e-01 7.865497309406325188e-01
5.421244567988269258e-01 7.259804433159566806e-01
5.452579419381275994e-01 6.836400761362131373e-01
5.484095386549359130e-01 6.563007607945160471e-01
5.515793516343632241e-01 6.218810031896037094e-01
5.547674861666017643e-01 5.770662077662944700e-01
5.579740481504216199e-01 5.441506206708882631e-01
5.611991440966896949e-01 5.440056240542060495e-01
5.644428811319066597e-01 5.804255219041912772e-01
5.677053670017649933e-01 6.417211477208447645e-01
5.709867100747291202e-01 7.234829782267498954e-01
5.742870193456336425e-01 8.289144900745841760e-01
5.776064044393048880e-01 9.605565118277025194e-01
5.809449756142023302e-01 1.101837420818763569e+00
5.843028437660793273e-01 1.169840834042673583e+00
5.876801204316687288e-01 1.164734784961755754e+00
5.910769177923870243e-01 1.103132904608932430e+00
5.944933486780595855e-01 9.644863266723577855e-01
5.979295265706701112e-01 8.167252885133169382e-01
6.013855656081297241e-01 7.212050407254169127e-01
6.048615805880666052e-01 6.558955833329463969e-01
6.083576869716416091e-01 5.977112867864062817e-01
6.118740008873820857e-01 5.770838241776671262e-01
6.154106391350390171e-01 5.909804625335086659e-01
6.189677191894675801e-01 6.081063246048032944e-01
6.225453592045292472e-01 5.795433462269944380e-01
6.261436780170150929e-01 5.235272233878504045e-01
6.297627951505950783e-01 4.716875451525779916e-01
6.334028308197864332e-01 4.370970438682082460e-01
6.370639059339481269e-01 4.230960621526982379e-01
6.407461421012968783e-01 4.503581363060693010e-01
6.444496616329448146e-01 5.149493861579648168e-01
6.481745875469649976e-01 5.602425349054682702e-01
6.519210435724759334e-01 5.685791628104062134e-01
6.556891541537508417e-01 5.515725502930183266e-01
6.594790444543533470e-01 5.501334249947342769e-01
6.632908403612935988e-01 5.589578919838360527e-01
6.671246684892090384e-01 5.664502872514566301e-01
6.709806561845721440e-01 5.725171083064641842e-01
6.748589315299192704e-01 5.768521006126892114e-01
6.787596233481042463e-01 5.683271126169212595e-01
6.826828612065795054e-01 5.472998929808809976e-01
6.866287754216984229e-01 5.244961260133430558e-01
6.905974970630435195e-01 4.758070751966305134e-01
6.945891579577818664e-01 4.187136410466239522e-01
6.986038906950429173e-01 3.915491347100856778e-01
7.026418286303216520e-01 3.851801244446097505e-01
7.067031058899108098e-01 3.907333593526779447e-01
7.107878573753529938e-01 4.067602283760360926e-01
7.148962187679240854e-01 4.323080901919971741e-01
7.190283265331394169e-01 4.548760682688558488e-01
7.231843179252852583e-01 4.799306705663843320e-01
7.273643309919801681e-01 4.735399785638344516e-01
7.315685045787596597e-01 4.510397559153319635e-01
7.357969783336865133e-01 4.574019906379722111e-01
7.400498927119919523e-01 4.875734828849554447e-01
7.443273889807401344e-01 5.385567325058064903e-01
7.486296092235191768e-01 6.066902361521602227e-01
7.529566963451627126e-01 6.614013894411652217e-01
7.573087940764960946e-01 6.638988545303721178e-01
7.616860469791092436e-01 6.075507300922829979e-01
7.660886004501606950e-01 5.348681269860988685e-01
7.705166007272060691e-01 4.924329022066568085e-01
7.749701948930545203e-01 4.885613570303877218e-01
7.794495308806568268e-01 5.084136975387327784e-01
7.839547574780165728e-01 5.380756689644778934e-01
7.884860243331343055e-01 5.828389702622365220e-01
7.930434819589780027e-01 6.294872275768625958e-01
7.976272817384808533e-01 6.064151491130344018e-01
8.022375759295721220e-01 5.572436796464260711e-01
8.068745176702336597e-01 5.310074226783667584e-01
8.115382609835852801e-01 4.975728290017525368e-01
8.162289607830032212e-01 4.592408729635575337e-01
8.209467728772645856e-01 4.228982163018983331e-01
8.256918539757219788e-01 4.029686346052272494e-01
8.304643616935105666e-01 4.085096735361913312e-01
8.352644545567829981e-01 4.279663223429366337e-01
8.400922920079733069e-01 4.696386209990887073e-01
8.449480344110958940e-01 4.836450231488671481e-01
8.498318430570707127e-01 4.605471976222636488e-01
8.547438801690798726e-01 4.411623695695758296e-01
8.596843089079587719e-01 4.324544419172464127e-01
8.646532933776126528e-01 4.382732781044705872e-01
8.696509986304700179e-01 4.544329477674067252e-01
8.746775906729644667e-01 4.783126709372400587e-01
8.797332364710471753e-01 5.135278772710532014e-01
8.848181039557355687e-01 5.558384320623200869e-01
8.899323620286901937e-01 6.103707110204650288e-01
8.950761805678236760e-01 6.880468891964955924e-01
9.002497304329459826e-01 7.322776328273751245e-01
9.054531834714387717e-01 7.118507262865700902e-01
9.106867125239620497e-01 7.116732070642769470e-01
9.159504914301977996e-01 7.566790727955504670e-01
9.212446950346235841e-01 7.841254417140501864e-01
9.265694991923183466e-01 7.486568300781851759e-01
9.319250807748065135e-01 6.944375811990455283e-01
9.373116176759319629e-01 6.235572724871344397e-01
9.427292888177655206e-01 5.571217198753851685e-01
9.481782741565508710e-01 4.821354322050926955e-01
9.536587546886805544e-01 4.365902332641043992e-01
9.591709124567069367e-01 4.253021788999737374e-01
9.647149305553922582e-01 4.498079622278176037e-01
9.702909931377862174e-01 5.169305548830979147e-01
9.758992854213467405e-01 6.237415672522630405e-01
9.815399936940907288e-01 7.607023901313373360e-01
9.872133053207802211e-01 9.164883812248777462e-01
9.929194087491489684e-01 1.005917416003562215e+00
9.986584935161608723e-01 1.029986854372792582e+00
1.004430750254303728e+00 9.463739455641980713e-01
1.010236370697924935e+00 7.709388802473808866e-01
1.016075547689597958e+00 6.347843469657444837e-01
1.021948475186527761e+00 5.730415353219405761e-01
1.027855348266994762e+00 5.926269194425626274e-01
1.033796363136834096e+00 6.314250328278476765e-01
1.039771717135951290e+00 6.305157549793085625e-01
1.045781608744880131e+00 5.971827944452285930e-01
1.051826237591374280e+00 5.538857206170965108e-01
1.057905804457035748e+00 4.954669902884441535e-01
1.064020511283988890e+00 4.518338495356657436e-01
1.070170561181583713e+00 4.567041097259041393e-01
1.076356158433145582e+00 4.944628548402063561e-01
1.082577508502760022e+00 5.398562816216769811e-01
1.088834818042095476e+00 5.862091252686703058e-01
1.095128294897270704e+00 5.932949879661539860e-01
1.101458148115757263e+00 5.677891345157736191e-01
1.107824587953321727e+00 5.633145660271351440e-01
1.114227825881013212e+00 5.258485243633312933e-01
1.120668074592185315e+00 5.049554604754360465e-01
1.127145548009560017e+00 4.937636188195711484e-01
1.133660461292336441e+00 4.736944609404864504e-01
1.140213030843336250e+00 4.300220220392614867e-01
1.146803474316190341e+00 3.983978534083230105e-01
1.153432010622570836e+00 3.790184457899036241e-01
1.160098859939462601e+00 3.498023050827418490e-01
1.166804243716473621e+00 3.370954520488338435e-01
1.173548384683194445e+00 3.634197910737561599e-01
1.180331506856595603e+00 4.381201508363857244e-01
1.187153835548465874e+00 5.229445267039877221e-01
1.194015597372901416e+00 5.314302165513089538e-01
1.200917020253827294e+00 4.948666771932088704e-01
1.207858333432573428e+00 4.858145519648303656e-01
1.214839767475487387e+00 5.357367515776244593e-01
1.221861554281590267e+00 5.805108937439200645e-01
1.228923927090283863e+00 6.149347166745335880e-01
1.236027120489096909e+00 7.191615370061960055e-01
1.243171370421473965e+00 7.673519078702075724e-01
1.250356914194617142e+00 6.935296584590734392e-01
1.257583990487367132e+00 5.951623275716487749e-01
1.264852839358128644e+00 5.634527871009815669e-01
1.272163702252848472e+00 5.622833284075547944e-01
1.279516822013033517e+00 5.475817555628424982e-01
1.286912442883815677e+00 5.227358399846508963e-01
1.294350810522067352e+00 4.819741742856050726e-01
1.301832172004561583e+00 4.262399140284225396e-01
1.309356775836174380e+00 4.203817796927517558e-01
1.316924871958146337e+00 4.383030904929472449e-01
1.324536711756377994e+00 4.479379124051884875e-01
1.332192548069784932e+00 4.286601379293033531e-01
1.339892635198694837e+00 3.999548731519467770e-01
1.347637228913291185e+00 3.839971146655117851e-01
1.355426586462114891e+00 3.859918344763161868e-01
1.363260966580605249e+00 4.060650576811022372e-01
1.371140629499693731e+00 4.220350121446412861e-01
1.379065836954451285e+00 4.032721789242627031e-01
1.387036852192779834e+00 4.075868446019808577e-01
1.395053939984155722e+00 4.697036662103105664e-01
1.403117366628427343e+00 4.813332079333561553e-01
1.411227399964658957e+00 4.708893862065428038e-01
1.419384309380025577e+00 5.016855835029694344e-01
1.427588365818764915e+00 5.485343968855296293e-01
1.435839841791175742e+00 5.678785716812037032e-01
1.444139011382666204e+00 5.403102429916629701e-01
1.452486150262864761e+00 5.309559285528161476e-01
1.460881535694769973e+00 5.463621578524321398e-01
1.469325446543965796e+00 5.714343765613333348e-01
1.477818163287882181e+00 6.314656860848614217e-01
1.486359968025109168e+00 6.560202533211217935e-01
1.494951144484772509e+00 6.110076120470125938e-01
1.503591978035954568e+00 5.823402903095353800e-01
1.512282755697172298e+00 5.462605247098979433e-01
1.521023766145914724e+00 5.193927871495596094e-01
1.529815299728230382e+00 5.140509491779625684e-01
1.538657648468367833e+00 4.924030898181800953e-01
1.547551106078482119e+00 4.662915028382960680e-01
1.556495967968387184e+00 4.622695406110763350e-01
1.565492531255366693e+00 4.818820269030407721e-01
1.574541094774047689e+00 5.179482414170069049e-01
1.583641959086324214e+00 4.797124980870775546e-01
1.592795426491339539e+00 4.027802745143971852e-01
1.602001801035530804e+00 3.810483984234531718e-01
1.611261388522727822e+00 4.016839916835951430e-01
1.620574496524306296e+00 4.272996089279123000e-01
1.629941434389411858e+00 4.215539486033128003e-01
1.639362513255227638e+00 3.887074720448296938e-01
1.648838046057315765e+00 4.078917440295834473e-01
1.658368347540009280e+00 4.570347562162820343e-01
1.667953734266863997e+00 4.870924193436269034e-01
1.677594524631179640e+00 5.116849296197666375e-01
1.687291038866571835e+00 5.265816380981446221e-01
1.697043599057607821e+00 4.855923141598222359e-01
1.706852529150509445e+00 4.166471004817621226e-01
1.716718154963911225e+00 3.819170230149787626e-01
1.726640804199680579e+00 4.130763894073942732e-01
1.736620806453807120e+00 4.408791518790471931e-01
1.746658493227349673e+00 4.555251652725075817e-01
1.756754197937443251e+00 4.335832473536594955e-01
1.766908255928380411e+00 4.177908121124134788e-01
1.777121004482747679e+00 4.559750613167922184e-01
1.787392782832625482e+00 4.551240531366392283e-01
1.797723932170862682e+00 4.015376399583459044e-01
1.808114795662403074e+00 3.832450294107588307e-01
1.818565718455690483e+00 3.886261655308023699e-01
1.829077047694130043e+00 3.833398870104574030e-01
1.839649132527616748e+00 3.572770839389897146e-01
1.850282324124138622e+00 3.563583203304806490e-01
1.860976975681438272e+00 3.581186063591728086e-01
1.871733442438742401e+00 3.663034621045929140e-01
1.882552081688566581e+00 4.086329884157994252e-01
1.893433252788581767e+00 4.450406902886805405e-01
1.904377317173546302e+00 4.581445901327553805e-01
1.915384638367318981e+00 4.758775408421208608e-01
1.926455581994929611e+00 4.904869663042688566e-01
1.937590515794722412e+00 4.799103439378775149e-01
1.948789809630575354e+00 4.957109098305262362e-01
1.960053835504184105e+00 5.448281749544494623e-01
1.971382967567415045e+00 5.384564544718393186e-01
1.982777582134739092e+00 5.286102356231270338e-01
1.994238057695728816e+00 5.560186615017473910e-01
2.005764774927627947e+00 5.461548262416624500e-01
2.017358116708002580e+00 4.726740641894431882e-01
2.029018468127450348e+00 4.215214259977018152e-01
2.040746216502401289e+00 4.013316634561432394e-01
2.052541751387976898e+00 3.838724446773365551e-01
2.064405464590929995e+00 4.047682187823659627e-01
2.076337750182662312e+00 4.480747783704678855e-01
2.088339004512313135e+00 4.989374233288449978e-01
2.100409626219920778e+00 5.547977086827700077e-01
2.112550016249669760e+00 5.246600941499648396e-01
2.124760577863207711e+00 4.685897669681358679e-01
2.137041716653034662e+00 4.412490965178716973e-01
2.149393840555982482e+00 4.126847630314958160e-01
2.161817359866763155e+00 4.118378201770442337e-01
2.174312687251592546e+00 4.184521050931692687e-01
2.186880237761905654e+00 4.020105728482716301e-01
2.199520428848138476e+00 4.173083934625179126e-01
2.212233680373592026e+00 4.768017248848983591e-01
2.225020414628386511e+00 5.428686879663903175e-01
2.237881056343477670e+00 5.363668770613364556e-01
2.250816032704775704e+00 5.095289518894746683e-01
2.263825773367328598e+00 5.049703666696744309e-01
2.276910710469592924e+00 4.925684130633690705e-01
2.290071278647793029e+00 4.377312346776215946e-01
2.303307915050354371e+00 4.051503593982945239e-01
2.316621059352423018e+00 3.809481203894861112e-01
2.330011153770474852e+00 3.713851192313024074e-01
2.343478643077001600e+00 3.979696391011122159e-01
2.357023974615280792e+00 4.039023044079746438e-01
2.370647598314243876e+00 4.001134208543001280e-01
2.384349966703414481e+00 3.779790775189206253e-01
2.398131534927939956e+00 3.763407512612695349e-01
2.411992760763713051e+00 3.681735119272220302e-01
2.425934104632577970e+00 3.557159988696645958e-01
2.439956029617617261e+00 3.753149340759577290e-01
2.454059001478542612e+00 3.719800118922692023e-01
2.468243488667162033e+00 3.507617219482646043e-01
2.482509962342935861e+00 3.435715158911124556e-01
2.496858896388636673e+00 3.372960081167680202e-01
2.511290767426078485e+00 4.047790596509029948e-01
2.525806054831960523e+00 4.916035757635778269e-01
2.540405240753779381e+00 5.573954518059438534e-01
2.555088810125852206e+00 5.003291198272797891e-01
2.569857250685421590e+00 4.496765166968066940e-01
2.584711052988855506e+00 4.363043053564415463e-01
2.599650710427946265e+00 4.326265407052709566e-01
2.614676719246288084e+00 4.828902276769799773e-01
2.629789578555775442e+00 4.821625343764351368e-01
2.644989790353173831e+00 4.325032258256628626e-01
2.660277859536794409e+00 3.702468280349194840e-01
2.675654293923265481e+00 3.291409647598246280e-01
2.691119604264405218e+00 3.376212341728774269e-01
2.706674304264172548e+00 3.241026711072629851e-01
2.722318910595750374e+00 3.075391790913243328e-01
2.738053942918694972e+00 3.355695998022538706e-01
2.753879923896200843e+00 4.204210778411983651e-01
2.769797379212459720e+00 4.874772701766896810e-01
2.785806837590128815e+00 4.573897946608681542e-01
2.801908830807877226e+00 4.302876233184175225e-01
2.818103893718070019e+00 4.411786308723812944e-01
2.834392564264522019e+00 4.394752594035082893e-01
2.850775383500368410e+00 4.480585170676623652e-01
2.867252895606037466e+00 4.854852605830196066e-01
2.883825647907329426e+00 5.418211890440045586e-01
2.900494190893583735e+00 5.434920379072667451e-01
2.917259078235983960e+00 5.206638789855204674e-01
2.934120866805935979e+00 5.367422421344293371e-01
2.951080116693567401e+00 5.302959906806274937e-01
2.968137391226336685e+00 5.855315709851089956e-01
2.985293256987731514e+00 6.450980782701141170e-01
3.002548283836107057e+00 6.248730829058102287e-01
3.019903044923603730e+00 6.396031130304322687e-01
3.037358116715186629e+00 6.655263399194862872e-01
3.054914079007794214e+00 5.738139472052004031e-01
3.072571514949601568e+00 5.536851645491623897e-01
3.090331011059376021e+00 5.098745045740908921e-01
3.108193157245980220e+00 4.934058701578508122e-01
3.126158546827951579e+00 4.642249622734341830e-01
3.144227776553216724e+00 4.371444726680575599e-01
3.162401446618910317e+00 4.931240075758892560e-01
3.180680160691316427e+00 5.202695423924877938e-01
3.199064525925907621e+00 5.445178550925784400e-01
3.217555152987530587e+00 5.829907424217543044e-01
3.236152656070678812e+00 5.619974004998918859e-01
3.254857652919894928e+00 5.213034902292024153e-01
3.273670764850296955e+00 5.010378416078848929e-01
3.292592616768199143e+00 5.154060577450850777e-01
3.311623837191892683e+00 5.399077757472275918e-01
3.330765058272506351e+00 5.063566427338408449e-01
3.350016915815009710e+00 4.210701748448500426e-01
3.369380049299332214e+00 3.697860911220978153e-01
3.388855101901607103e+00 3.680664583504193454e-01
3.408442720515521884e+00 3.370927418316996271e-01
3.428143555773827789e+00 3.422760321009433171e-01
3.447958262069935831e+00 4.009834005543927438e-01
3.467887497579658529e+00 4.055175938199847008e-01
3.487931924283071528e+00 4.333203562916377316e-01
3.508092207986506228e+00 4.372461058105917009e-01
3.528369018344649444e+00 3.899961802921632636e-01
3.548763028882812254e+00 3.633981093366822068e-01
3.569274917019284565e+00 3.639997775404846259e-01
3.589905364087840223e+00 3.827070513096111903e-01
3.610655055360374899e+00 4.292658714588071245e-01
3.631524680069651456e+00 4.654188129210691804e-01
3.652514931432215839e+00 4.624971988503530085e-01
3.673626506671410219e+00 3.924570574500577669e-01
3.694860107040534913e+00 3.577459515032141435e-01
3.716216437846141751e+00 3.659470685514396582e-01
3.737696208471465109e+00 3.921047292226059744e-01
3.759300132399972405e+00 4.058726322645708762e-01
3.781028927239082016e+00 4.221339350700412663e-01
3.802883314743989107e+00 4.455285293728446505e-01
3.824864020841640233e+00 4.587340623594536870e-01
3.846971775654848713e+00 4.858904380445892568e-01
3.869207313526548564e+00 4.843171569981599700e-01
3.891571373044171445e+00 4.595159600026834101e-01
3.914064697064205678e+00 4.833441890469659663e-01
3.936688032736852527e+00 5.099259986996415028e-01
3.959442131530850340e+00 4.756146497800990969e-01
3.982327749258438132e+00 4.505275248769596841e-01
4.005345646100446189e+00 4.695017550338093093e-01
4.028496586631570509e+00 4.770022809528325913e-01
4.051781339845751617e+00 4.706644381844004577e-01
4.075200679181723906e+00 4.536551154498784100e-01
4.098755382548707082e+00 4.595742296710697006e-01
4.122446232352245943e+00 4.620662743260079419e-01
4.146274015520188705e+00 4.848835923792171876e-01
4.170239523528843861e+00 4.729586369885389052e-01
4.194343552429258715e+00 4.653998414011294438e-01
4.218586902873665778e+00 4.868417242587091964e-01
4.242970380142073950e+00 5.072510143881416855e-01
4.267494794169023997e+00 5.107824273140629812e-01
4.292160959570472833e+00 4.688038741217412375e-01
4.316969695670882068e+00 4.523135579684271490e-01
4.341921826530410478e+00 4.708135001267839126e-01
4.367018180972294772e+00 4.817058627893148204e-01
4.392259592610382235e+00 5.098799250083594359e-01
4.417646899876805477e+00 5.824175314978613516e-01
4.443180946049855251e+00 5.700521658228683286e-01
4.468862579281975833e+00 5.368316792998594211e-01
4.494692652627942486e+00 5.506551417930763970e-01
4.520672024073195239e+00 5.475004490488151188e-01
4.546801556562344082e+00 5.132324636034205634e-01
4.573082118027814502e+00 5.277578723344069633e-01
4.599514581418703507e+00 5.421193129287715795e-01
4.626099824729760002e+00 5.188046700314283832e-01
4.652838731030551678e+00 5.148491081239977563e-01
4.679732188494796219e+00 4.834227853438591294e-01
4.706781090429870140e+00 5.227141582475769432e-01
4.733986335306464177e+00 5.309599938785175555e-01
4.761348826788450062e+00 4.940929102013819074e-01
4.788869473762884077e+00 4.829091991969196029e-01
4.816549190370198019e+00 4.905791136868332125e-01
4.844388896034566017e+00 4.898256733235130667e-01
4.872389515494448098e+00 4.894055896677050321e-01
4.900551978833287414e+00 5.317689936930896089e-01
4.928877221510434836e+00 5.286481786630065072e-01
4.957366184392200559e+00 5.281657600131108854e-01
4.986019813783113541e+00 5.551825595158328408e-01
5.014839061457356806e+00 5.327893904441328710e-01
5.043824884690362609e+00 5.162706170109092607e-01
5.072978246290641202e+00 5.446926640977372003e-01
5.102300114631742822e+00 5.895291412581203927e-01
5.131791463684423960e+00 5.988468677656549888e-01
5.161453273049005475e+00 5.569008371789441192e-01
5.191286527987911903e+00 5.190025158822282325e-01
5.221292219458380401e+00 5.420474921747140407e-01
5.251471344145405951e+00 5.693854524078439949e-01
5.281824904494829553e+00 5.690805529802414053e-01
5.312353908746639597e+00 5.701659949425066376e-01
5.343059370968462396e+00 6.073948926070639187e-01
5.373942311089249912e+00 6.796655427088427182e-01
5.405003754933139781e+00 6.398524530067827287e-01
5.436244734253559585e+00 6.142530970652710920e-01
5.467666286767478567e+00 6.629651847276246679e-01
5.499269456189878724e+00 7.006832765849132505e-01
5.531055292268432844e+00 6.966233713178141551e-01
5.563024850818350409e+00 6.556597944422670743e-01
5.595179193757479297e+00 6.587684134952461745e-01
5.627519389141558470e+00 7.435792382771769793e-01
5.660046511199702479e+00 7.180178253755447049e-01
5.692761640370078702e+00 6.724401038289453680e-01
5.725665863335805739e+00 7.061850173674307785e-01
5.758760273061025892e+00 7.159702563306225009e-01
5.792045968827241431e+00 7.217660556722056420e-01
5.825524056269808071e+00 8.009735065290847222e-01
5.859195647414667363e+00 7.882652983866095253e-01
5.893061860715279821e+00 8.088534628469021825e-01
5.927123821089786304e+00 8.128849108340917562e-01
5.961382659958350594e+00 6.919428263269729040e-01
5.995839515280771082e+00 6.660968406262448571e-01
6.030495531594262104e+00 7.830725223573959948e-01
6.065351860051475086e+00 8.835213000039208175e-01
6.100409658458743500e+00 9.370236964510526567e-01
6.135670091314512575e+00 9.395333575173635543e-01
6.171134329848062094e+00 9.364084771615790448e-01
6.206803552058381079e+00 9.164030093851490699e-01
6.242678942753306259e+00 8.866976744852560488e-01
6.278761693588877257e+00 8.468642581546892423e-01
6.315053003108923591e+00 7.946302433263841003e-01
6.351554076784851510e+00 7.501542250448555160e-01
6.388266127055725718e+00 7.724037526084402971e-01
6.425190373368511843e+00 8.227148683799985207e-01
6.462328042218596025e+00 9.081178756057618484e-01
6.499680367190518560e+00 8.708971085926073830e-01
6.537248588998957999e+00 7.951709316446661235e-01
6.575033955529916874e+00 8.677505464997488094e-01
6.613037721882214726e+00 9.025632855891266848e-01
6.651261150409145451e+00 9.099377864114075454e-01
6.689705510760421525e+00 9.532999054507613756e-01
6.728372079924347382e+00 9.805660449298337911e-01
6.767262142270216607e+00 9.235363008824820641e-01
6.806376989591010229e+00 8.942009106214136027e-01
6.845717921146279750e+00 9.051569633865992337e-01
6.885286243705309062e+00 8.049046764823071243e-01
6.925083271590525058e+00 7.643774445653735983e-01
6.965110326721157818e+00 7.455211088538634678e-01
7.005368738657123728e+00 7.216318999240604048e-01
7.045859844643230119e+00 7.283640792855252677e-01
7.086584989653569089e+00 6.914265299628992167e-01
7.127545526436194656e+00 6.347043955602843512e-01
7.168742815558059256e+00 6.682216508594929216e-01
7.210178225450215805e+00 7.475849392015911921e-01
7.251853132453240036e+00 7.109400933294636182e-01
7.293768920862992111e+00 7.209055617320827558e-01
7.335926982976571864e+00 7.103682375141379124e-01
7.378328719138569802e+00 6.926650991932492563e-01
7.420975537787583676e+00 7.992145756089595876e-01
7.463868855503007715e+00 8.972024760975899627e-01
7.507010097052058128e+00 8.843316549270601179e-01
7.550400695437144982e+00 8.738254982061591791e-01
7.594042091943437711e+00 8.642977298707206213e-01
7.637935736186750368e+00 8.970886469779516537e-01
7.682083086161699548e+00 9.676410194166191747e-01
7.726485608290103890e+00 9.638589114057801721e-01
7.771144777469737974e+00 9.515247132278308317e-01
7.816062077123293150e+00 1.042756042400788230e+00
7.861238999247660786e+00 1.151714901848842398e+00
7.906677044463489068e+00 1.053697188971735477e+00
7.952377722065040011e+00 1.284976278339672096e+00
7.998342550070284496e+00 1.015896435491852490e+00
