2.511886431509579437e-02 9.369472638827489597e-01
2.526405161860213050e-02 9.323199505343710003e-01
2.541007810627042562e-02 9.298668119205172333e-01
2.555694862859406516e-02 9.281895415960486062e-01
2.570466806410236227e-02 9.272898830852109864e-01
2.585324131952258450e-02 9.269237429935909267e-01
2.600267332994290678e-02 9.268871289844289318e-01
2.615296905897638788e-02 9.272619866972779956e-01
2.630413349892583852e-02 9.280570337533670111e-01
2.645617167094958117e-02 9.293210888315788232e-01
2.660908862522835469e-02 9.310715871743714400e-01
2.676288944113292337e-02 9.327471139745941997e-01
2.691757922739292791e-02 9.331707903663259973e-01
2.707316312226650673e-02 9.325378910650971021e-01
2.722964629371095457e-02 9.317236652423042109e-01
2.738703393955444973e-02 9.311831727261032920e-01
2.754533128766867636e-02 9.313052194233100156e-01
2.770454359614242176e-02 9.322571836615217711e-01
2.786467615345633933e-02 9.341175240318003725e-01
2.802573427865854422e-02 9.361923178843134519e-01
2.818772332154127064e-02 9.378294871511285713e-01
2.835064866281864979e-02 9.394370165057648325e-01
2.851451571430539678e-02 9.413915071853169447e-01
2.867932991909653145e-02 9.439649489721315678e-01
2.884509675174826843e-02 9.471416501479962280e-01
2.901182171845980567e-02 9.490420915759284481e-01
2.917951035725619563e-02 9.483481689260963021e-01
2.934816823817239240e-02 9.449291178800641733e-01
2.951780096343814899e-02 9.394910657573848356e-01
2.968841416766421215e-02 9.337513839401805349e-01
2.986001351802944001e-02 9.284685054753780697e-01
3.003260471446899879e-02 9.242055886943743026e-01
3.020619348986378766e-02 9.212381104280066291e-01
3.038078561023081769e-02 9.193219772818622681e-01
3.055638687491469066e-02 9.164713151399639379e-01
3.073300311678033025e-02 9.118579499855523629e-01
3.091064020240668481e-02 9.066221466753868752e-01
3.108930403228154019e-02 9.013061412499142611e-01
3.126900054099761295e-02 8.965027319527094640e-01
3.144973569744963920e-02 8.925152920025435366e-01
3.163151550503255638e-02 8.886847692345003491e-01
3.181434600184106232e-02 8.834419918273516137e-01
3.199823326087009728e-02 8.770484884179686746e-01
3.218318339021652985e-02 8.706253450964070995e-01
3.236920253328214730e-02 8.646590051272474708e-01
3.255629686897762443e-02 8.595731449022215864e-01
3.274447261192782455e-02 8.555909355247931503e-01
3.293373601267822470e-02 8.508450625276999801e-01
3.312409335790250653e-02 8.442179268693786875e-01
3.331555097061136145e-02 8.370363505008900917e-01
3.350811521036261426e-02 8.299524114901666305e-01
3.370179247347232510e-02 8.236077267596664253e-01
3.389658919322740410e-02 8.184678172830204268e-01
3.409251184009919750e-02 8.134883120369889031e-01
3.428956692195841288e-02 8.064688834233605386e-01
3.448776098429136294e-02 7.975525004302914667e-01
3.468710061041735404e-02 7.880851637755466044e-01
3.488759242170727526e-02 7.791129880066117730e-01
3.508924307780367929e-02 7.713194346278440250e-01
3.529205927684192501e-02 7.650828484005839369e-01
3.549604775567258980e-02 7.603997422763399960e-01
3.570121529008542238e-02 7.571550436548888374e-01
3.590756869503420462e-02 7.554097758848336008e-01
3.611511482486330638e-02 7.553051644300851075e-01
3.632386057353523962e-02 7.569911523757827387e-01
3.653381287485973905e-02 7.598121746055023218e-01
3.674497870272393912e-02 7.624972019440486859e-01
3.695736507132423021e-02 7.651264365067291795e-01
3.717097903539903075e-02 7.684792336314204553e-01
3.738582769046329413e-02 7.733523838984577292e-01
3.760191817304411876e-02 7.805287296942089448e-01
3.781925766091774610e-02 7.874173939894016927e-01
3.803785337334809891e-02 7.913263753485062502e-01
3.825771257132654091e-02 7.935615734316338044e-01
3.847884255781295476e-02 7.952632530955437984e-01
3.870125067797849233e-02 7.978767959400119292e-01
3.892494431944945599e-02 8.007605850425806304e-01
3.914993091255265789e-02 8.009453986126363612e-01
3.937621793056233360e-02 7.990031126028048769e-01
3.960381288994833243e-02 7.976170108273864523e-01
3.983272335062570252e-02 7.982795500407939837e-01
4.006295691620595512e-02 8.020996116633622997e-01
4.029452123424955012e-02 8.068472281847011152e-01
4.052742399651988042e-02 8.097868100631356869e-01
4.076167293923887297e-02 8.125747053321847879e-01
4.099727584334383890e-02 8.168445962101719138e-01
4.123424053474603751e-02 8.243888256217890564e-01
4.147257488459059338e-02 8.327734337198861025e-01
4.171228680951784978e-02 8.386212140403307425e-01
4.195338427192649156e-02 8.430828925853568467e-01
4.219587528023795858e-02 8.465193788738470948e-01
4.243976788916238585e-02 8.499558651623372318e-01
4.268507019996626434e-02 8.483047477015557281e-01
4.293179036074151744e-02 8.394005693782075062e-01
4.317993656667604152e-02 8.284739029297202295e-01
4.342951706032609216e-02 8.187781645987745049e-01
4.368054013188996804e-02 8.122817932588888290e-01
4.393301411948334623e-02 8.112287046144199820e-01
4.418694740941636612e-02 8.146547297574353586e-01
4.444234843647213579e-02 8.214318085008963655e-01
4.469922568418681352e-02 8.317988036664787366e-01
4.495758768513159753e-02 8.457592023026742067e-01
4.521744302119593689e-02 8.615415837757403050e-01
4.547880032387276866e-02 8.779760433167392852e-01
4.574166827454511502e-02 8.962063328309218813e-01
4.600605560477452616e-02 9.173465643113603019e-01
4.627197109659098723e-02 9.400158665553733917e-01
4.653942358278480296e-02 9.599007605788290043e-01
4.680842194719982141e-02 9.767833058510010380e-01
4.707897512502866311e-02 9.929666979006034344e-01
4.735109210310945588e-02 1.010257227846294681e+00
4.762478192022426976e-02 1.025371839533215867e+00
4.790005366739954334e-02 1.036879099555557682e+00
4.817691648820784933e-02 1.048555481429742864e+00
4.845537957907175564e-02 1.061696423670407841e+00
4.873545218956924774e-02 1.074391023704145853e+00
4.901714362274099679e-02 1.083009264051181475e+00
4.930046323539925834e-02 1.089148212920675984e+00
4.958542043843887359e-02 1.095222651393075841e+00
4.987202469714965836e-02 1.103225427681340909e+00
5.016028553153097091e-02 1.114851247352397490e+00
5.045021251660784106e-02 1.132066805755519212e+00
5.074181528274907677e-02 1.157628614723329896e+00
5.103510351598705003e-02 1.191676156195494940e+00
5.133008695833959217e-02 1.212500809787441902e+00
5.162677540813340182e-02 1.201446866069010522e+00
5.192517872032970105e-02 1.169929178277514970e+00
5.222530680685147364e-02 1.132002295358424115e+00
5.252716963691266006e-02 1.101556874978101286e+00
5.283077723734942721e-02 1.078650453436658108e+00
5.313613969295318679e-02 1.061699910718899575e+00
5.344326714680543849e-02 1.049598108928736950e+00
5.375216980061491706e-02 1.040725314041812899e+00
5.406285791505632127e-02 1.034098178383491717e+00
5.437534181011107609e-02 1.030112481957571546e+00
5.468963186541032917e-02 1.028892014985504977e+00
5.500573852057948770e-02 1.027504169685840685e+00
5.532367227558519784e-02 1.024524486749752716e+00
5.564344369108398941e-02 1.021975454302379349e+00
5.596506338877313413e-02 1.019562416746179201e+00
5.628854205174332881e-02 1.014588142072885057e+00
5.661389042483377931e-02 1.006737052394005572e+00
5.694111931498885282e-02 9.987360196299864823e-01
5.727023959161724881e-02 9.906547847506602666e-01
5.760126218695296035e-02 9.811177071260830385e-01
5.793419809641841417e-02 9.719502566416174938e-01
5.826905837898961604e-02 9.650232348130169946e-01
5.860585415756369709e-02 9.604743800557004052e-01
5.894459661932811845e-02 9.581153917511202600e-01
5.928529701613251268e-02 9.592870400443040957e-01
5.962796666486229469e-02 9.627601403419563386e-01
5.997261694781454155e-02 9.640817317202797776e-01
6.031925931307623168e-02 9.627235263327943438e-01
6.066790527490428103e-02 9.614577277303367753e-01
6.101856641410823012e-02 9.549195118085518352e-01
6.137125437843479747e-02 9.397595684912394276e-01
6.172598088295483398e-02 9.221482300843192315e-01
6.208275771045231733e-02 9.056370554765046377e-01
6.244159671181598315e-02 8.893176685357291333e-01
6.280250980643269088e-02 8.726600378912666711e-01
6.316550898258359303e-02 8.584555458606578648e-01
6.353060629784218483e-02 8.491747663002147117e-01
6.389781387947492119e-02 8.446764737460265016e-01
6.426714392484385308e-02 8.448717484615572149e-01
6.463860870181208085e-02 8.485139706110530478e-01
6.501222054915094251e-02 8.542309866130617380e-01
6.538799187695008841e-02 8.628230740964103473e-01
6.576593516702965159e-02 8.739763986968526188e-01
6.614606297335466623e-02 8.863850607542778093e-01
6.652838792245242827e-02 9.005372470575123689e-01
6.691292271383147972e-02 9.180718703976169515e-01
6.729968012040381253e-02 9.369786473191735743e-01
6.768867298890894613e-02 9.555681028279927602e-01
6.807991424034069705e-02 9.764485491958055929e-01
6.847341687037629410e-02 9.960039171368031408e-01
6.886919394980822728e-02 1.010714031198696850e+00
6.926725862497820629e-02 1.026100632667964252e+00
6.966762411821400547e-02 1.042834978379242328e+00
7.007030372826857090e-02 1.060155148237112543e+00
7.047531083076181979e-02 1.079056694585931675e+00
7.088265887862478520e-02 1.104377897207820869e+00
7.129236140254673060e-02 1.140444439756633122e+00
7.170443201142430445e-02 1.190924697245551167e+00
7.211888439281383123e-02 1.244722881374244361e+00
7.253573231338585059e-02 1.287526401608863891e+00
7.295498961938230720e-02 1.314249397724383872e+00
7.337667023707672431e-02 1.303892863704276373e+00
7.380078817323644513e-02 1.260550594477701569e+00
7.422735751558823258e-02 1.214371611303195264e+00
7.465639243328600627e-02 1.179476717047566847e+00
7.508790717738160481e-02 1.155951344398861380e+00
7.552191608129793510e-02 1.141521937740543224e+00
7.595843356130543844e-02 1.130398253052279589e+00
7.639747411700059665e-02 1.120648465469713528e+00
7.683905233178781047e-02 1.114914014225246719e+00
7.728318287336367887e-02 1.113302997822118945e+00
7.772988049420428980e-02 1.118768946332731273e+00
7.817916003205507836e-02 1.135281864464791513e+00
7.863103641042397396e-02 1.166459565028354461e+00
7.908552463907676799e-02 1.210227254170906486e+00
7.954263981453599253e-02 1.230364959210004550e+00
8.000239712058217212e-02 1.190260414507897657e+00
8.046481182875830918e-02 1.139701698427918242e+00
8.092989929887701994e-02 1.099670381744135561e+00
8.139767497953076525e-02 1.065851241948171602e+00
8.186815440860513438e-02 1.037733426436004303e+00
8.234135321379483508e-02 1.013271781267299110e+00
8.281728711312283386e-02 9.936292371140109658e-01
8.329597191546232737e-02 9.795084342472010208e-01
8.377742352106211376e-02 9.706286652632939438e-01
8.426165792207447602e-02 9.649656985129052567e-01
8.474869120308657633e-02 9.609677974172643466e-01
8.523853954165466762e-02 9.590220243589411275e-01
8.573121920884146929e-02 9.584850188912318325e-01
8.622674656975649887e-02 9.602651571462031965e-01
8.672513808409994251e-02 9.619371968979343324e-01
8.722641030670905127e-02 9.615954661457558617e-01
8.773057988810836760e-02 9.618151502007277198e-01
8.823766357506258873e-02 9.607376522168176169e-01
8.874767821113291322e-02 9.583106664666509733e-01
8.926064073723644077e-02 9.581676974784946177e-01
8.977656819220893036e-02 9.616233625336886304e-01
9.029547771337091688e-02 9.700184317772607701e-01
9.081738653709675591e-02 9.847390069846290173e-01
9.134231199938727674e-02 1.002214350500376217e+00
9.187027153644546085e-02 1.013407776158472107e+00
9.240128268525588107e-02 1.016861697689420474e+00
9.293536308416693037e-02 1.011599741515567974e+00
9.347253047347692245e-02 1.000172683608533397e+00
9.401280269602330097e-02 9.866621142277568479e-01
9.455619769777530437e-02 9.687474026020657103e-01
9.510273352842993355e-02 9.521438212092232511e-01
9.565242834201181932e-02 9.384658735008488684e-01
9.620530039747586526e-02 9.277466864376131550e-01
9.676136805931405405e-02 9.191807518179516689e-01
9.732064979816532069e-02 9.142099641931492604e-01
9.788316419142908953e-02 9.149492184733724054e-01
9.844892992388228070e-02 9.211666259339285068e-01
9.901796578830000806e-02 9.252464726691224106e-01
9.959029068607995472e-02 9.125326938686806333e-01
1.001659236278700377e-01 8.988826425482392413e-01
1.007448837341998471e-01 8.945168578367326262e-01
1.013271902361159299e-01 8.986246009598594098e-01
1.019128624758204177e-01 9.107577861864466495e-01
1.025019199073136378e-01 9.289427440702382466e-01
1.030943820970401520e-01 9.500812320264307997e-01
1.036902687245389171e-01 9.714428910860869459e-01
1.042895995830967204e-01 9.885799908981470763e-01
1.048923945804057928e-01 1.006480754329871719e+00
1.054986737392250712e-01 1.030757585928521181e+00
1.061084571980452224e-01 1.045826865985051368e+00
1.067217652117575799e-01 1.023446988765842391e+00
1.073386181523270227e-01 9.891675585689847505e-01
1.079590365094685589e-01 9.594875453325721892e-01
1.085830408913279893e-01 9.384588994038656207e-01
1.092106520251663743e-01 9.271591187667752587e-01
1.098418907580486492e-01 9.237121713328101391e-01
1.104767780575359459e-01 9.229293289464418626e-01
1.111153350123821049e-01 9.276141785949314489e-01
1.117575828332342536e-01 9.392766122751502467e-01
1.124035428533372433e-01 9.518753184753685481e-01
1.130532365292423180e-01 9.599513227819576056e-01
1.137066854415197809e-01 9.689357032206130649e-01
1.143639112954759340e-01 9.804168103792676447e-01
1.150249359218739331e-01 9.969506508022777380e-01
1.156897812776589568e-01 1.018061242370537300e+00
1.163584694466876512e-01 1.040589319150639902e+00
1.170310226404614878e-01 1.064304735942138702e+00
1.177074631988646730e-01 1.080261469839785882e+00
1.183878135909062629e-01 1.093949878693635025e+00
1.190720964154663303e-01 1.109772361224354853e+00
1.197603344020467531e-01 1.123361389196193105e+00
1.204525504115261381e-01 1.130583066622335320e+00
1.211487674369193246e-01 1.131416471211832198e+00
1.218490086041408849e-01 1.127838759459431461e+00
1.225532971727734816e-01 1.125539050979208922e+00
1.232616565368404721e-01 1.128072391708369926e+00
1.239741102255828148e-01 1.136472691524679446e+00
1.246906819042407494e-01 1.137893663785013887e+00
1.254113953748399735e-01 1.119004322105915383e+00
1.261362745769819826e-01 1.099398391961789345e+00
1.268653435886395453e-01 1.087261719686710482e+00
1.275986266269562852e-01 1.082589074707941412e+00
1.283361480490512463e-01 1.083009264051181475e+00
1.290779323528278288e-01 1.084381417632633404e+00
1.298240041777875831e-01 1.087498838984140459e+00
1.305743883058487209e-01 1.095027376677545350e+00
1.313291096621690413e-01 1.109552677169383106e+00
1.320881933159741561e-01 1.133533109646244652e+00
1.328516644813900749e-01 1.173356946944776213e+00
1.336195485182806453e-01 1.236615493631231022e+00
1.343918709330900185e-01 1.306401795093996121e+00
1.351686573796898327e-01 1.345163826126829498e+00
1.359499336602315311e-01 1.335359989292643546e+00
1.367357257260030934e-01 1.314279037636562508e+00
1.375260596782912625e-01 1.300463351512769261e+00
1.383209617692485738e-01 1.292699438046180260e+00
1.391204584027652402e-01 1.287648448306070614e+00
1.399245761353461737e-01 1.275912786607527938e+00
1.407333416769932510e-01 1.255454273107200924e+00
1.415467818920924381e-01 1.231118161684193968e+00
1.423649238003061035e-01 1.212650752872581394e+00
1.431877945774705507e-01 1.203403100272808501e+00
1.440154215564987683e-01 1.189568235382311379e+00
1.448478322282882313e-01 1.156765570221654382e+00
1.456850542426340045e-01 1.119372205721781199e+00
1.465271154091474515e-01 1.088177069915760242e+00
1.473740436981796631e-01 1.064970762204037857e+00
1.482258672417506584e-01 1.050677350436892699e+00
1.490826143344838317e-01 1.044238515397118761e+00
1.499443134345459228e-01 1.041546513961589149e+00
1.508109931645919832e-01 1.041366930964270798e+00
1.516826823127164214e-01 1.045091098753319736e+00
1.525594098334091819e-01 1.059412406908397664e+00
1.534412048485173929e-01 1.089901415394865847e+00
1.543280966482127869e-01 1.124883485862784527e+00
1.552201146919646169e-01 1.147237210218306158e+00
1.561172886095181789e-01 1.160292719770926739e+00
1.570196482018790252e-01 1.176193660892707937e+00
1.579272234423027277e-01 1.194396054018957543e+00
1.588400444772908315e-01 1.217229247542076731e+00
1.597581416275917487e-01 1.254111759437927631e+00
1.606815453892082024e-01 1.299955985957238935e+00
1.616102864344102497e-01 1.334324335890632707e+00
1.625443956127538836e-01 1.329412828090187793e+00
1.634839039521058524e-01 1.285517861677691664e+00
1.644288426596743347e-01 1.227233589664530777e+00
1.653792431230455828e-01 1.179305851671477612e+00
1.663351369112262834e-01 1.157630358247575764e+00
1.672965557756923849e-01 1.160594349465451591e+00
1.682635316514438095e-01 1.171140927628352424e+00
1.692360966580649384e-01 1.187118583816949346e+00
1.702142831007917856e-01 1.218751344208668375e+00
1.711981234715850009e-01 1.254082119525748995e+00
1.721876504502090899e-01 1.272859875653115758e+00
1.731828969053178791e-01 1.283399479719033121e+00
1.741838958955464201e-01 1.294160511364168542e+00
1.751906806706090836e-01 1.310321237598575328e+00
1.762032846724038426e-01 1.336200367979123449e+00
1.772217415361232173e-01 1.375619707652627088e+00
1.782460850913716033e-01 1.431408996470034944e+00
1.792763493632887617e-01 1.506692629879836653e+00
1.803125685736800821e-01 1.610327711050744570e+00
1.813547771421535060e-01 1.741972509230579114e+00
1.824030096872625850e-01 1.859329126216006545e+00
1.834573010276564775e-01 1.911652288832745183e+00
1.845176861832364401e-01 1.923577994674081193e+00
1.855842003763193415e-01 1.933951963936646701e+00
1.866568790328071992e-01 1.952363579972393737e+00
1.877357577833641822e-01 1.983049606698638057e+00
1.888208724646001924e-01 2.030421160457278162e+00
1.899122591202609955e-01 2.092002436819264233e+00
1.910099540024255971e-01 2.153130396877339869e+00
1.921139935727104175e-01 2.205488429978994969e+00
1.932244145034804905e-01 2.259851515963330115e+00
1.943412536790674328e-01 2.315748903283977977e+00
1.954645481969946030e-01 2.323629632875036322e+00
1.965943353692096995e-01 2.221650899737647400e+00
1.977306527233236300e-01 2.058334983632685855e+00
1.988735380038573475e-01 1.900075287840571114e+00
2.000230291734956534e-01 1.758030367534483274e+00
2.011791644143479663e-01 1.629316433611853965e+00
2.023419821292166965e-01 1.519563325862401282e+00
2.035115209428728922e-01 1.431297410918302981e+00
2.046878197033392410e-01 1.365263173632519589e+00
2.058709174831803157e-01 1.320172149587398147e+00
2.070608535808005912e-01 1.286468082391657664e+00
2.082576675217497619e-01 1.247503802546310325e+00
2.094613990600355524e-01 1.202360472773814637e+00
2.106720881794442723e-01 1.161513186742993309e+00
2.118897750948690872e-01 1.129238809428816159e+00
2.131145002536455058e-01 1.104623734126479961e+00
2.143463043368951104e-01 1.084048404501683827e+00
2.155852282608767823e-01 1.064831280264373126e+00
2.168313131783459469e-01 1.049054129364044297e+00
2.180846004799212312e-01 1.041349495721812790e+00
2.193451317954595303e-01 1.041984138547287442e+00
2.206129489954388734e-01 1.044763316195107539e+00
2.218880941923488948e-01 1.050156036687395877e+00
2.231706097420899648e-01 1.062623978569178451e+00
2.244605382453801201e-01 1.086926963031515037e+00
2.257579225491697927e-01 1.130600501864793328e+00
2.270628057480653939e-01 1.174287988892038337e+00
2.283752311857605299e-01 1.162951594245785980e+00
2.296952424564759343e-01 1.093346619304585099e+00
2.310228834064072811e-01 1.019722820976793676e+00
2.323581981351817149e-01 9.752054164085435239e-01
2.337012309973229007e-01 9.563718675053110019e-01
2.350520266037238737e-01 9.443903688881090108e-01
2.364106298231291869e-01 9.330748965328063971e-01
2.377770857836252472e-01 9.195294566671136094e-01
2.391514398741393099e-01 9.002443349842162990e-01
2.405337377459470793e-01 8.794283990134984519e-01
2.419240253141889951e-01 8.631508566546224337e-01
2.433223487593957901e-01 8.539363310155200226e-01
2.447287545290218747e-01 8.479176853189861474e-01
2.461432893389885190e-01 8.370921432767558512e-01
2.475660001752356676e-01 8.224936147665942165e-01
2.489969342952823017e-01 8.115495130756489317e-01
2.504361392297964617e-01 8.043801413768808528e-01
2.518836627841739007e-01 8.002392712930836982e-01
2.533395530401260642e-01 8.010325748249269573e-01
2.548038583572773130e-01 8.088086929612366971e-01
2.562766273747711931e-01 8.308294041858086398e-01
2.577579090128856998e-01 8.615189179605449166e-01
2.592477524746588102e-01 8.625772371777512548e-01
2.607462072475227322e-01 8.302505541362000807e-01
2.622533231049470337e-01 7.967539663257108273e-01
2.637691501080930423e-01 7.770748081632606885e-01
2.652937386074759596e-01 7.780982568955507883e-01
2.668271392446371348e-01 8.002741417779998256e-01
2.683694029538270520e-01 8.289498850488262738e-01
2.699205809636965880e-01 8.351760101306114903e-01
2.714807247989985406e-01 8.189228771111766170e-01
2.730498862822996475e-01 8.064776010445895427e-01
2.746281175357012105e-01 8.160547797268202785e-01
2.762154709825712651e-01 8.493613233945163099e-01
2.778119993492854656e-01 8.782916212052307436e-01
2.794177556669779627e-01 8.623732448409915374e-01
2.810327932733039380e-01 8.199934009981035832e-01
2.826571658142107979e-01 7.815120773688455369e-01
2.842909272457196934e-01 7.528206423798067259e-01
2.859341318357184192e-01 7.361874210747856306e-01
2.875868341657639160e-01 7.324423309947870608e-01
2.892490891328946545e-01 7.340829873100938041e-01
2.909209519514548425e-01 7.315862605900946836e-01
2.926024781549284581e-01 7.248527699527790302e-01
2.942937235977828858e-01 7.184034737675302207e-01
2.959947444573255426e-01 7.126428696593761769e-01
2.977055972355692748e-01 7.079440718169198732e-01
2.994263387611086902e-01 7.038276110725640855e-01
3.011570261910088142e-01 6.960323141695504701e-01
3.028977170127025720e-01 6.871002394582691464e-01
3.046484690459013711e-01 6.857036765373758502e-01
3.064093404445150659e-01 6.972179106567008011e-01
3.081803896985833569e-01 7.137203676432862798e-01
3.099616756362194026e-01 7.316211310750109220e-01
3.117532574255635347e-01 7.533454431777955040e-01
3.135551945767480198e-01 7.774409482548805261e-01
3.153675469438748658e-01 7.923376194110757220e-01
3.171903747270033436e-01 7.887424724162167555e-01
3.190237384741493876e-01 7.789072521456062992e-01
3.208676990832974307e-01 7.688959359261690052e-01
3.227223178044230090e-01 7.536278941056165914e-01
3.245876562415266342e-01 7.411547216510964153e-01
3.264637763546810456e-01 7.357341047708750859e-01
3.283507404620888970e-01 7.364803331480815896e-01
3.302486112421523790e-01 7.433201787643917147e-01
3.321574517355558864e-01 7.580686503596928416e-01
3.340773253473591775e-01 7.698077991067272530e-01
3.360082958491044103e-01 7.595436718716476188e-01
3.379504273809338932e-01 7.410274443811523115e-01
3.399037844537201591e-01 7.357027213344506933e-01
3.418684319512097503e-01 7.404346461375771460e-01
3.438444351321779946e-01 7.389212670922146176e-01
3.458318596325960503e-01 7.302855915027208766e-01
3.478307714678123830e-01 7.272605769362417982e-01
3.498412370347446232e-01 7.353156589518808905e-01
3.518633231140849693e-01 7.509324056215953558e-01
3.538970968725191901e-01 7.600283716119825561e-01
3.559426258649572294e-01 7.460836646939994488e-01
3.579999780367765227e-01 7.154272778799336541e-01
3.600692217260801353e-01 6.881463540057547457e-01
3.621504256659661136e-01 6.688385665076620468e-01
3.642436589868098817e-01 6.522053452026408404e-01
3.663489912185618480e-01 6.400372894911373622e-01
3.684664922930561692e-01 6.354012585215303988e-01
3.705962325463332818e-01 6.397862219997408895e-01
3.727382827209774208e-01 6.494122193608542482e-01
3.748927139684648524e-01 6.542191157065506690e-01
3.770595978515288715e-01 6.569547052482255234e-01
3.792390063465359562e-01 6.628321254808489105e-01
3.814310118458763554e-01 6.696493052819634251e-01
3.836356871603694985e-01 6.800651191264285300e-01
3.858531055216822825e-01 6.950820934555843600e-01
3.880833405847607942e-01 7.141021994531185912e-01
3.903264664302779630e-01 7.278899891889789586e-01
3.925825575670940371e-01 7.290720986276376658e-01
3.948516889347303827e-01 7.247777984102092841e-01
3.971339359058604912e-01 7.238362953174722891e-01
3.994293742888124776e-01 7.241396685362430086e-01
4.017380803300868997e-01 7.189544274292060111e-01
4.040601307168905088e-01 7.147037153179227609e-01
4.063956025796829352e-01 7.090494661887631889e-01
4.087445734947380283e-01 7.015889259409449075e-01
4.111071214867221824e-01 7.023857165212796794e-01
4.134833250312844322e-01 7.191845726296527408e-01
4.158732630576643108e-01 7.503919131053944369e-01
4.182770149513134750e-01 7.811511678499628575e-01
4.206946605565314856e-01 7.997964161346481360e-01
4.231262801791195738e-01 8.162552850150883721e-01
4.255719545890473410e-01 8.308782228646913737e-01
4.280317650231349469e-01 8.518493324932862043e-01
4.305057931877529498e-01 8.839912019647816477e-01
4.329941212615355806e-01 9.207011049602974451e-01
4.354968318981098929e-01 9.380299924393966648e-01
4.380140082288422887e-01 9.162987062396288351e-01
4.405457338655994204e-01 8.826399706742793505e-01
4.430920929035247480e-01 8.524421307368614809e-01
4.456531699238333033e-01 8.280205866258097958e-01
4.482290499966203323e-01 8.099297790512920425e-01
4.508198186836865351e-01 7.894329080175573887e-01
4.534255620413813470e-01 7.639251483013664856e-01
4.560463666234608748e-01 7.411547216510964153e-01
4.586823194839622087e-01 7.230674011250702859e-01
4.613335081800964965e-01 7.121634004917786198e-01
4.640000207751556194e-01 7.079928904958026070e-01
4.666819458414390720e-01 7.112445632142370133e-01
4.693793724631949438e-01 7.173015664441787509e-01
4.720923902395786631e-01 7.089832122674222248e-01
4.748210892876304490e-01 6.959381638602768483e-01
4.775655602452679171e-01 6.905576480377091375e-01
4.803258942742961168e-01 6.911033711266474366e-01
4.831021830634371073e-01 6.919803638222895570e-01
4.858945188313745223e-01 6.894609712870950480e-01
4.887029943298164536e-01 6.777619235977142553e-01
4.915277028465775411e-01 6.665562932698976262e-01
4.943687382086768833e-01 6.536402656569418879e-01
4.972261947854541564e-01 6.406422924044332667e-01
5.001001674917054940e-01 6.289781151999687125e-01
5.029907517908354109e-01 6.167159091791916126e-01
5.058980436980275996e-01 6.041346382214313193e-01
5.088221397834349347e-01 6.007469706118236941e-01
5.117631371753864622e-01 6.108001314131603632e-01
5.147211335636141527e-01 6.291559546730411956e-01
5.176962272024980827e-01 6.521373477570543420e-01
5.206885169143288250e-01 6.772371227997256993e-01
5.236981020925914887e-01 6.877941621081012924e-01
5.267250827052667450e-01 6.904861635436309042e-01
5.297695592981502832e-01 6.927771544026244399e-01
5.328316329981945820e-01 6.921006669952504131e-01
5.359114055168668900e-01 6.923813743988256331e-01
5.390089791535270791e-01 6.958126301145785009e-01
5.421244567988269258e-01 6.983093568345775104e-01
5.452579419381275994e-01 7.053741170785969850e-01
5.484095386549359130e-01 7.189003781775858970e-01
5.515793516343632241e-01 7.275186185246215187e-01
5.547674861666017643e-01 7.219794419956853115e-01
5.579740481504216199e-01 7.096126245201594962e-01
5.611991440966896949e-01 6.913230551816194058e-01
5.644428811319066597e-01 6.662947646330262819e-01
5.677053670017649933e-01 6.462442358062187031e-01
5.709867100747291202e-01 6.354744865398542775e-01
5.742870193456336425e-01 6.379834179295740260e-01
5.776064044393048880e-01 6.481010891280056807e-01
5.809449756142023302e-01 6.670444800587241874e-01
5.843028437660793273e-01 6.902281219552511837e-01
5.876801204316687288e-01 7.042460568915582808e-01
5.910769177923870243e-01 6.932182660368142457e-01
5.944933486780595855e-01 6.705803472292255485e-01
5.979295265706701112e-01 6.487583977686757208e-01
6.013855656081297241e-01 6.385831902701323282e-01
6.048615805880666052e-01 6.477419231333688687e-01
6.083576869716416091e-01 6.686799058012934394e-01
6.118740008873820857e-01 6.947560544216180300e-01
6.154106391350390171e-01 7.184784453101000778e-01
6.189677191894675801e-01 7.280556239923308137e-01
6.225453592045292472e-01 7.202951975742334367e-01
6.261436780170150929e-01 7.063592082774792225e-01
6.297627951505950783e-01 6.976764575333486151e-01
6.334028308197864332e-01 7.025966829550226445e-01
6.370639059339481269e-01 7.112550243597118849e-01
6.407461421012968783e-01 7.064882290716690827e-01
6.444496616329448146e-01 6.813222001076569834e-01
6.481745875469649976e-01 6.507372977876694220e-01
6.519210435724759334e-01 6.247134548947190780e-01
6.556891541537508417e-01 6.061501522495867933e-01
6.594790444543533470e-01 5.926047123838941166e-01
6.632908403612935988e-01 5.870428700397621880e-01
6.671246684892090384e-01 5.965189243157359433e-01
6.709806561845721440e-01 6.082266896263458511e-01
6.748589315299192704e-01 6.110407377590820754e-01
6.787596233481042463e-01 6.084428866328261964e-01
6.826828612065795054e-01 6.106205484158420127e-01
6.866287754216984229e-01 6.243542889000822660e-01
6.905974970630435195e-01 6.498079993646530550e-01
6.945891579577818664e-01 6.789178801726859502e-01
6.986038906950429173e-01 7.025897088580393968e-01
7.026418286303216520e-01 7.252677287232816017e-01
7.067031058899108098e-01 7.456878846902008640e-01
7.107878573753529938e-01 7.729845002825919131e-01
7.148962187679240854e-01 7.834369281362189019e-01
7.190283265331394169e-01 7.666589943187955836e-01
7.231843179252852583e-01 7.565657324598052957e-01
7.273643309919801681e-01 7.480817434796970256e-01
7.315685045787596597e-01 7.320883955728878512e-01
7.357969783336865133e-01 6.940115695686575048e-01
7.400498927119919523e-01 6.593799474741462996e-01
7.443273889807401344e-01 6.408515153139303644e-01
7.486296092235191768e-01 6.369756609154961779e-01
7.529566963451627126e-01 6.617005782453185825e-01
7.573087940764960946e-01 7.084165668875342936e-01
7.616860469791092436e-01 7.765639555592385168e-01
7.660886004501606950e-01 8.420768790955248662e-01
7.705166007272060691e-01 8.563912131536195460e-01
7.749701948930545203e-01 8.730052556919368767e-01
7.794495308806568268e-01 9.160563563694613665e-01
7.839547574780165728e-01 9.224585774000733096e-01
7.884860243331343055e-01 8.614247676512711838e-01
7.930434819589780027e-01 7.785794695873942128e-01
7.976272817384808533e-01 7.010013582701071222e-01
8.022375759295721220e-01 6.470392828623077186e-01
8.068745176702336597e-01 6.150142295152816185e-01
8.115382609835852801e-01 6.052905947964029032e-01
8.162289607830032212e-01 6.099562656781886139e-01
8.209467728772645856e-01 6.200652192553912645e-01
8.256918539757219788e-01 6.187383973043303342e-01
8.304643616935105666e-01 6.196833874455590641e-01
8.352644545567829981e-01 6.379781873568365347e-01
8.400922920079733069e-01 6.597565487112411198e-01
8.449480344110958940e-01 6.589667322278894845e-01
8.498318430570707127e-01 6.399902143365004958e-01
8.547438801690798726e-01 6.408131577805226131e-01
8.596843089079587719e-01 6.660994899174955686e-01
8.646532933776126528e-01 6.926969522873172025e-01
8.696509986304700179e-01 7.215174080705457627e-01
8.746775906729644667e-01 7.200946922859653432e-01
8.797332364710471753e-01 6.898724430091061066e-01
8.848181039557355687e-01 6.563026271802928635e-01
8.899323620286901937e-01 6.323919356732633501e-01
8.950761805678236760e-01 6.261152483883497544e-01
9.002497304329459826e-01 6.394723876354951875e-01
9.054531834714387717e-01 6.528748585130316195e-01
9.106867125239620497e-01 6.288194544935999941e-01
9.159504914301977996e-01 6.063820409742795015e-01
9.212446950346235841e-01 5.865721184933936350e-01
9.265694991923183466e-01 5.676548804263622516e-01
9.319250807748065135e-01 5.650971303577598803e-01
9.373116176759319629e-01 5.786948759508270257e-01
9.427292888177655206e-01 5.896424646902639344e-01
9.481782741565508710e-01 6.083992985266809539e-01
9.536587546886805544e-01 6.355285357914743916e-01
9.591709124567069367e-01 6.352094708544913093e-01
9.647149305553922582e-01 6.124843758346122380e-01
9.702909931377862174e-01 5.829333833923895369e-01
9.758992854213467405e-01 5.615630067115043866e-01
9.815399936940907288e-01 5.598212259899407739e-01
9.872133053207802211e-01 5.712971025758579735e-01
9.929194087491489684e-01 5.954536310015465794e-01
9.986584935161608723e-01 6.181438555365094123e-01
1.004430750254303728e+00 6.198036906185199202e-01
1.010236370697924935e+00 6.047012836013192505e-01
1.016075547689597958e+00 5.986564850410983629e-01
1.021948475186527761e+00 6.124250960102547436e-01
1.027855348266994762e+00 6.217599248223180108e-01
1.033796363136834096e+00 6.080070055713737709e-01
1.039771717135951290e+00 5.751363429651301651e-01
1.045781608744880131e+00 5.465338277126278177e-01
1.051826237591374280e+00 5.343431061859288400e-01
1.057905804457035748e+00 5.260142908636975534e-01
1.064020511283988890e+00 5.127582760228089898e-01
1.070170561181583713e+00 5.082721881383416296e-01
1.076356158433145582e+00 5.165016225785618031e-01
1.082577508502760022e+00 5.320399106572146763e-01
1.088834818042095476e+00 5.455156095530750981e-01
1.095128294897270704e+00 5.474979966205603121e-01
1.101458148115757263e+00 5.472469291291637283e-01
1.107824587953321727e+00 5.421453771859257031e-01
1.114227825881013212e+00 5.327756778889461975e-01
1.120668074592185315e+00 5.343692590496159633e-01
1.127145548009560017e+00 5.665285637635694149e-01
1.133660461292336441e+00 5.941930629718263912e-01
1.140213030843336250e+00 5.777847562945145343e-01
1.146803474316190341e+00 5.482878131039119474e-01
1.153432010622570836e+00 5.303033605083885549e-01
1.160098859939462601e+00 5.249176141130834639e-01
1.166804243716473621e+00 5.440562797593326838e-01
1.173548384683194445e+00 5.749428117738453192e-01
1.180331506856595603e+00 5.809457657521669427e-01
1.187153835548465874e+00 5.753333612049066348e-01
1.194015597372901416e+00 5.736874743168626223e-01
1.200917020253827294e+00 5.750265009376441805e-01
1.207858333432573428e+00 5.757448329269175824e-01
1.214839767475487387e+00 5.710390609874781420e-01
1.221861554281590267e+00 5.724931602084831761e-01
1.228923927090283863e+00 5.873235774433375189e-01
1.236027120489096909e+00 5.910250794171907351e-01
1.243171370421473965e+00 5.673480201590997973e-01
1.250356914194617142e+00 5.396556245629099413e-01
1.257583990487367132e+00 5.232769577977768316e-01
1.264852839358128644e+00 5.313372703861534152e-01
1.272163702252848472e+00 5.506311096902797297e-01
1.279516822013033517e+00 5.582869246536286134e-01
1.286912442883815677e+00 5.433588700610089139e-01
1.294350810522067352e+00 5.241365152509609437e-01
1.301832172004561583e+00 5.205710081682807244e-01
1.309356775836174380e+00 5.212230862362133843e-01
1.316924871958146337e+00 5.185676988098458784e-01
1.324536711756377994e+00 5.226091880116319199e-01
1.332192548069784932e+00 5.269819468201217827e-01
1.339892635198694837e+00 5.221297188440342518e-01
1.347637228913291185e+00 5.170351409977794743e-01
1.355426586462114891e+00 5.267971332500659409e-01
1.363260966580605249e+00 5.523694033633517186e-01
1.371140629499693731e+00 5.624678957950793867e-01
1.379065836954451285e+00 5.525489863606700691e-01
1.387036852192779834e+00 5.571762997090480285e-01
1.395053939984155722e+00 5.806912112122787351e-01
1.403117366628427343e+00 5.851929908149585691e-01
1.411227399964658957e+00 5.582938987506118611e-01
1.419384309380025577e+00 5.253796480382230127e-01
1.427588365818764915e+00 5.106887127430334017e-01
1.435839841791175742e+00 5.133580483633675140e-01
1.444139011382666204e+00 5.181527400393431959e-01
1.452486150262864761e+00 5.303399745175505497e-01
1.460881535694769973e+00 5.311437391948686804e-01
1.469325446543965796e+00 5.177604470840361239e-01
1.477818163287882181e+00 5.195266371450409926e-01
1.486359968025109168e+00 5.307374980455951130e-01
1.494951144484772509e+00 5.309711302945334666e-01
1.503591978035954568e+00 5.210417597146492774e-01
1.512282755697172298e+00 5.119423066757702312e-01
1.521023766145914724e+00 5.167509465457125195e-01
1.529815299728230382e+00 5.236291496954303959e-01
1.538657648468367833e+00 5.119806642091780935e-01
1.547551106078482119e+00 5.029579262371147719e-01
1.556495967968387184e+00 4.832787680746645775e-01
1.565492531255366693e+00 4.581144826348982346e-01
1.574541094774047689e+00 4.428586454840664488e-01
1.583641959086324214e+00 4.431027388784797294e-01
1.592795426491339539e+00 4.435421069884237233e-01
1.602001801035530804e+00 4.447957009211606083e-01
1.611261388522727822e+00 4.578233140858480321e-01
1.620574496524306296e+00 4.794046572004761475e-01
1.629941434389411858e+00 4.976506384328710508e-01
1.639362513255227638e+00 4.950057121519782499e-01
1.648838046057315765e+00 4.731262263913167398e-01
1.658368347540009280e+00 4.609808364950087611e-01
1.667953734266863997e+00 4.654128751278561738e-01
1.677594524631179640e+00 4.611342666286399883e-01
1.687291038866571835e+00 4.466821941551263331e-01
1.697043599057607821e+00 4.448636983667471623e-01
1.706852529150509445e+00 4.537068533414922444e-01
1.716718154963911225e+00 4.558723104547874327e-01
1.726640804199680579e+00 4.553074085991451470e-01
1.736620806453807120e+00 4.623198631157903749e-01
1.746658493227349673e+00 4.599626183354560971e-01
1.756754197937443251e+00 4.509538285573592709e-01
1.766908255928380411e+00 4.560466628793683475e-01
1.777121004482747679e+00 4.561129168007090895e-01
1.787392782832625482e+00 4.637809364337786011e-01
1.797723932170862682e+00 4.742176725691933381e-01
1.808114795662403074e+00 4.815003733439390254e-01
1.818565718455690483e+00 4.795406520916493109e-01
1.829077047694130043e+00 4.814323758983524715e-01
1.839649132527616748e+00 4.901517406516450182e-01
1.850282324124138622e+00 4.733145270098641499e-01
1.860976975681438272e+00 4.663787875600345911e-01
1.871733442438742401e+00 4.806809169484085875e-01
1.882552081688566581e+00 4.732203767005904727e-01
1.893433252788581767e+00 4.642325092134432230e-01
1.904377317173546302e+00 4.869732959515346016e-01
1.915384638367318981e+00 5.228864083667155160e-01
1.926455581994929611e+00 5.280123696493951302e-01
1.937590515794722412e+00 5.197811916849290892e-01
1.948789809630575354e+00 5.509710969182125551e-01
1.960053835504184105e+00 5.615926466236831338e-01
1.971382967567415045e+00 5.299668603289473534e-01
1.982777582134739092e+00 5.077683096313027056e-01
1.994238057695728816e+00 4.907201295557788723e-01
2.005764774927627947e+00 4.752515824469583650e-01
2.017358116708002580e+00 4.785416126988005225e-01
2.029018468127450348e+00 4.725717856811493811e-01
2.040746216502401289e+00 4.608727379917685885e-01
2.052541751387976898e+00 4.857493419309764637e-01
2.064405464590929995e+00 5.137956729490656960e-01
2.076337750182662312e+00 5.203722464042584983e-01
2.088339004512313135e+00 5.352340470755374557e-01
2.100409626219920778e+00 5.483802198889398127e-01
2.112550016249669760e+00 5.270342525474960294e-01
2.124760577863207711e+00 5.295623627039196535e-01
2.137041716653034662e+00 5.432246186940816735e-01
2.149393840555982482e+00 5.395893706415690882e-01
2.161817359866763155e+00 5.473236441959794529e-01
2.174312687251592546e+00 5.507322340965367102e-01
2.186880237761905654e+00 5.391761553953122732e-01
2.199520428848138476e+00 5.482337638522919443e-01
2.212233680373592026e+00 5.742576067452422883e-01
2.225020414628386511e+00 6.212264064031003397e-01
2.237881056343477670e+00 6.458937874328110063e-01
2.250816032704775704e+00 6.481115502734804412e-01
2.263825773367328598e+00 6.285927963416448883e-01
2.276910710469592924e+00 5.971744894321603381e-01
2.290071278647793029e+00 5.835296686844563263e-01
2.303307915050354371e+00 5.790366067030057184e-01
2.316621059352423018e+00 6.159278362200857337e-01
2.330011153770474852e+00 6.499596859740384147e-01
2.343478643077001600e+00 6.309953727523700540e-01
2.357023974615280792e+00 6.264273392283495889e-01
2.370647598314243876e+00 6.523779541029759432e-01
2.384349966703414481e+00 6.833534058540248202e-01
2.398131534927939956e+00 7.293353707887548776e-01
2.411992760763713051e+00 8.028667623315183244e-01
2.425934104632577970e+00 8.815206281084697615e-01
2.439956029617617261e+00 8.685697300105980068e-01
2.454059001478542612e+00 8.283257033688264936e-01
2.468243488667162033e+00 8.148935925791112034e-01
2.482509962342935861e+00 7.962675230611300226e-01
2.496858896388636673e+00 8.856074489406469130e-01
2.511290767426078485e+00 8.643364531417728758e-01
2.525806054831960523e+00 7.683118553038228438e-01
2.540405240753779381e+00 7.662597272665052639e-01
2.555088810125852206e+00 7.484688058622666063e-01
2.569857250685421590e+00 7.467392298104238435e-01
2.584711052988855506e+00 7.497572702799196742e-01
2.599650710427946265e+00 7.964436190099567492e-01
2.614676719246288084e+00 8.832484606360667678e-01
2.629789578555775442e+00 8.973448541634353459e-01
2.644989790353173831e+00 8.763789751075780066e-01
2.660277859536794409e+00 7.991617733091734843e-01
2.675654293923265481e+00 8.165011219337474646e-01
2.691119604264405218e+00 8.768061385478012060e-01
2.706674304264172548e+00 8.594580723019982216e-01
2.722318910595750374e+00 8.156834090624628386e-01
2.738053942918694972e+00 6.958126301145785009e-01
2.753879923896200843e+00 6.327354099496877993e-01
2.769797379212459720e+00 6.305333388272306161e-01
2.785806837590128815e+00 6.723430502417387933e-01
2.801908830807877226e+00 6.675797420021877260e-01
2.818103893718070019e+00 6.792474062551439040e-01
2.834392564264522019e+00 6.715410290886665301e-01
2.850775383500368410e+00 6.737134602989449661e-01
2.867252895606037466e+00 7.228686393610479488e-01
2.883825647907329426e+00 6.633516957061000863e-01
2.900494190893583735e+00 6.614233578902348754e-01
2.917259078235983960e+00 6.842181938799463126e-01
2.934120866805935979e+00 7.229976601552378090e-01
2.951080116693567401e+00 7.195419951000437964e-01
2.968137391226336685e+00 6.906483112984911354e-01
2.985293256987731514e+00 6.534746308535900328e-01
3.002548283836107057e+00 6.776730038611780138e-01
3.019903044923603730e+00 7.156713712743468792e-01
3.037358116715186629e+00 7.410605713418226825e-01
3.054914079007794214e+00 8.398538856821178289e-01
3.072571514949601568e+00 8.223105447207843532e-01
3.090331011059376021e+00 7.978175161156545458e-01
3.108193157245980220e+00 7.754603047116411796e-01
3.126158546827951579e+00 7.501669984776849764e-01
3.144227776553216724e+00 7.815574089992365359e-01
3.162401446618910317e+00 7.968847306441465550e-01
3.180680160691316427e+00 8.219862492110636687e-01
3.199064525925907621e+00 8.651297566736161349e-01
3.217555152987530587e+00 9.106863016923685272e-01
3.236152656070678812e+00 8.831508232783014112e-01
3.254857652919894928e+00 8.398800385458050632e-01
3.273670764850296955e+00 8.737654322631097648e-01
3.292592616768199143e+00 8.315303009326241446e-01
3.311623837191892683e+00 8.438901443111664902e-01
3.330765058272506351e+00 9.696156776764787155e-01
3.350016915815009710e+00 9.936780557928935886e-01
3.369380049299332214e+00 9.343546433292304609e-01
3.388855101901607103e+00 9.220645409205202592e-01
3.408442720515521884e+00 9.211805741278950022e-01
3.428143555773827789e+00 8.833286627513741163e-01
3.447958262069935831e+00 9.505641882425199807e-01
3.467887497579658529e+00 1.027197309418578230e+00
3.487931924283071528e+00 9.953012768657421017e-01
3.508092207986506228e+00 9.996426522378073498e-01
3.528369018344649444e+00 1.114961089379883585e+00
3.548763028882812254e+00 1.127031507733621707e+00
3.569274917019284565e+00 1.043025022522035661e+00
3.589905364087840223e+00 9.394509646997312169e-01
3.610655055360374899e+00 9.622335960197220261e-01
3.631524680069651456e+00 9.374389377200672557e-01
3.652514931432215839e+00 9.062333407685714270e-01
3.673626506671410219e+00 8.761087288494775471e-01
3.694860107040534913e+00 8.926059552633256455e-01
3.716216437846141751e+00 9.321804685947061575e-01
3.737696208471465109e+00 8.635919682888122395e-01
3.759300132399972405e+00 8.090370946374376704e-01
3.781028927239082016e+00 8.055186627093943175e-01
3.802883314743989107e+00 8.153538829800049959e-01
3.824864020841640233e+00 7.916402097127520632e-01
3.846971775654848713e+00 7.761437662159984541e-01
3.869207313526548564e+00 7.934674231223600716e-01
3.891571373044171445e+00 8.068629199029133670e-01
3.914064697064205678e+00 7.981644774405706189e-01
3.936688032736852527e+00 7.531275026470691802e-01
3.959442131530850340e+00 7.995558097887264237e-01
3.982327749258438132e+00 9.231368083316932038e-01
4.005345646100446189e+00 9.590167937862036363e-01
4.028496586631570509e+00 1.023814872381708208e+00
4.051781339845751617e+00 1.003677167342610144e+00
4.075200679181723906e+00 1.016335153367186050e+00
4.098755382548707082e+00 1.020221468911095108e+00
4.122446232352245943e+00 1.105441446997764476e+00
4.146274015520188705e+00 1.166198036391483006e+00
4.170239523528843861e+00 1.101066944665028746e+00
4.194343552429258715e+00 1.081909100252075762e+00
4.218586902873665778e+00 1.077464856949507555e+00
4.242970380142073950e+00 1.086803172810062446e+00
4.267494794169023997e+00 1.189721665515942828e+00
4.292160959570472833e+00 1.247746152416477905e+00
4.316969695670882068e+00 1.262668976436360113e+00
4.341921826530410478e+00 1.230779917980507010e+00
4.367018180972294772e+00 1.183753582022537332e+00
4.392259592610382235e+00 1.145561683418083510e+00
4.417646899876805477e+00 1.140291009623001672e+00
4.443180946049855251e+00 1.301955808267182269e+00
4.468862579281975833e+00 1.298503630260479769e+00
4.494692652627942486e+00 1.227125491161290771e+00
4.520672024073195239e+00 1.167763721164219781e+00
4.546801556562344082e+00 1.068731544002248679e+00
4.573082118027814502e+00 1.066264457194428417e+00
4.599514581418703507e+00 1.082545486601796059e+00
4.626099824729760002e+00 1.077616543558893136e+00
4.652838731030551678e+00 1.080134192569841778e+00
4.679732188494796219e+00 1.100775776115978655e+00
4.706781090429870140e+00 1.026614972320478048e+00
4.733986335306464177e+00 9.852638077826176843e-01
4.761348826788450062e+00 9.685067962561439980e-01
4.788869473762884077e+00 1.049481292804267607e+00
4.816549190370198019e+00 1.143868721375402631e+00
4.844388896034566017e+00 1.232699538175143106e+00
4.872389515494448098e+00 1.301903502539807800e+00
4.900551978833287414e+00 1.114377008757537313e+00
4.928877221510434836e+00 9.342831588351523386e-01
4.957366184392200559e+00 8.826242789560669877e-01
4.986019813783113541e+00 9.108222965835416352e-01
5.014839061457356806e+00 9.095704461750505621e-01
5.043824884690362609e+00 9.726929979703323736e-01
5.072978246290641202e+00 1.029268616222599908e+00
5.102300114631742822e+00 1.117531044118206474e+00
5.131791463684423960e+00 1.318332731508069289e+00
5.161453273049005475e+00 1.171630857941424964e+00
5.191286527987911903e+00 1.026044839892098492e+00
5.221292219458380401e+00 9.070702324065600397e-01
5.251471344145405951e+00 9.246798272892343684e-01
5.281824904494829553e+00 1.004325758362051291e+00
5.312353908746639597e+00 9.186437463502423739e-01
5.343059370968462396e+00 9.178486992941533584e-01
5.373942311089249912e+00 1.067441336060349855e+00
5.405003754933139781e+00 1.140740838878420593e+00
5.436244734253559585e+00 1.170589973966676745e+00
5.467666286767478567e+00 1.162065883928914856e+00
5.499269456189878724e+00 1.148405371462998481e+00
5.531055292268432844e+00 1.057539861868398434e+00
5.563024850818350409e+00 1.073170556732079284e+00
5.595179193757479297e+00 1.169332892985448069e+00
5.627519389141558470e+00 1.294066361054894809e+00
5.660046511199702479e+00 1.156526707399978537e+00
5.692761640370078702e+00 1.015391906750203299e+00
5.725665863335805739e+00 9.529824563714576202e-01
5.758760273061025892e+00 8.457347929632328398e-01
5.792045968827241431e+00 7.396797001391417492e-01
5.825524056269808071e+00 7.439025158624918976e-01
5.859195647414667363e+00 7.954376055201247686e-01
5.893061860715279821e+00 7.959658933666049485e-01
5.927123821089786304e+00 8.109776371230235092e-01
5.961382659958350594e+00 8.757669980972988544e-01
5.995839515280771082e+00 8.455831063538474801e-01
6.030495531594262104e+00 8.207291682298351043e-01
6.065351860051475086e+00 8.236216749536328097e-01
6.100409658458743500e+00 7.740201536846026409e-01
6.135670091314512575e+00 7.599429389239380495e-01
6.171134329848062094e+00 8.436809214016693925e-01
6.206803552058381079e+00 8.843067798532731061e-01
6.242678942753306259e+00 8.519347651813309330e-01
6.278761693588877257e+00 8.091643719073817742e-01
6.315053003108923591e+00 7.853879317672796123e-01
6.351554076784851510e+00 8.879106444693610767e-01
6.388266127055725718e+00 8.218903553775441795e-01
6.425190373368511843e+00 7.612174551476246220e-01
6.462328042218596025e+00 8.123480471802295710e-01
6.499680367190518560e+00 9.208667397636494112e-01
6.537248588998957999e+00 9.501823564326876692e-01
6.575033955529916874e+00 9.202198922684540205e-01
6.613037721882214726e+00 8.924263722660072951e-01
6.651261150409145451e+00 8.111084014414591259e-01
6.689705510760421525e+00 8.035938119420208414e-01
6.728372079924347382e+00 8.075742777952036322e-01
6.767262142270216607e+00 8.460834978123946692e-01
6.806376989591010229e+00 9.249430994503515802e-01
6.845717921146279750e+00 8.670023017136152532e-01
6.885286243705309062e+00 8.602984509884782360e-01
6.925083271590525058e+00 8.705381688841167254e-01
6.965110326721157818e+00 8.118720650611237488e-01
7.005368738657123728e+00 7.961611680821356618e-01
7.045859844643230119e+00 8.028371224193395772e-01
7.086584989653569089e+00 8.125032208381066656e-01
7.127545526436194656e+00 8.137062525677151159e-01
7.168742815558059256e+00 8.991424276608649402e-01
7.210178225450215805e+00 9.329441322143706694e-01
7.251853132453240036e+00 8.827620173714859630e-01
7.293768920862992111e+00 8.566632029359658729e-01
7.335926982976571864e+00 8.102540745610126161e-01
7.378328719138569802e+00 8.414404927458043471e-01
7.420975537787583676e+00 8.575959884074738637e-01
7.463868855503007715e+00 7.751778537838200922e-01
7.507010097052058128e+00 8.105382690130795709e-01
7.550400695437144982e+00 8.589175797857973027e-01
7.594042091943437711e+00 8.078689333927453475e-01
7.637935736186750368e+00 7.520779010510920681e-01
7.682083086161699548e+00 6.886938206189389122e-01
7.726485608290103890e+00 6.640525924529153690e-01
7.771144777469737974e+00 6.763357207646422120e-01
7.816062077123293150e+00 7.277749165887553717e-01
7.861238999247660786e+00 7.981801691587827596e-01
7.906677044463489068e+00 8.844724146566249612e-01
7.952377722065040011e+00 2.933845683665850856e+00
7.998342550070284496e+00 1.411743786501551190e+00
