2.511886431509579437e-02 8.301708574973870602e-01
2.526405161860213050e-02 8.332313842683974903e-01
2.541007810627042562e-02 8.347729909405585680e-01
2.555694862859406516e-02 8.355886272667543135e-01
2.570466806410236227e-02 8.316822154051327631e-01
2.585324131952258450e-02 8.248946087329623866e-01
2.600267332994290678e-02 8.173810317148269000e-01
2.615296905897638788e-02 8.102045123573179408e-01
2.630413349892583852e-02 8.039149299849835950e-01
2.645617167094958117e-02 7.987218653227007303e-01
2.660908862522835469e-02 7.946555671348843886e-01
2.676288944113292337e-02 7.920638962123097704e-01
2.691757922739292791e-02 7.912752677114844868e-01
2.707316312226650673e-02 7.917905770195580173e-01
2.722964629371095457e-02 7.930815510722786232e-01
2.738703393955444973e-02 7.950131507427927735e-01
2.754533128766867636e-02 7.975021919289587702e-01
2.770454359614242176e-02 8.004838558498867940e-01
2.786467615345633933e-02 8.038944040377018485e-01
2.802573427865854422e-02 8.075026495072306076e-01
2.818772332154127064e-02 8.110914493424925542e-01
2.835064866281864979e-02 8.147342648284957578e-01
2.851451571430539678e-02 8.185034769372341312e-01
2.867932991909653145e-02 8.224466194413598830e-01
2.884509675174826843e-02 8.266155473655849573e-01
2.901182171845980567e-02 8.311107298202883298e-01
2.917951035725619563e-02 8.355000415995383900e-01
2.934816823817239240e-02 8.384838661464960596e-01
2.951780096343814899e-02 8.400492397049832416e-01
2.968841416766421215e-02 8.410193607922996639e-01
2.986001351802944001e-02 8.416675486011970797e-01
3.003260471446899879e-02 8.422908892107533463e-01
3.020619348986378766e-02 8.430373855040002029e-01
3.038078561023081769e-02 8.438216927527660838e-01
3.055638687491469066e-02 8.440269522255835488e-01
3.073300311678033025e-02 8.438173715007066811e-01
3.091064020240668481e-02 8.438000864924694033e-01
3.108930403228154019e-02 8.441749551086150660e-01
3.126900054099761295e-02 8.451148274315163356e-01
3.144973569744963920e-02 8.466985663112556182e-01
3.163151550503255638e-02 8.488008554381127890e-01
3.181434600184106232e-02 8.510867977774908555e-01
3.199823326087009728e-02 8.534375588977587412e-01
3.218318339021652985e-02 8.559352425880433213e-01
3.236920253328214730e-02 8.586727557676199218e-01
3.255629686897762443e-02 8.617354431646602198e-01
3.274447261192782455e-02 8.651719188648311354e-01
3.293373601267822470e-02 8.676112656523149447e-01
3.312409335790250653e-02 8.683501997544580409e-01
3.331555097061136145e-02 8.682961841037164508e-01
3.350811521036261426e-02 8.674589415172240248e-01
3.370179247347232510e-02 8.659151742190334122e-01
3.389658919322740410e-02 8.640883649109576403e-01
3.409251184009919750e-02 8.622431902816297677e-01
3.428956692195841288e-02 8.605957129340155998e-01
3.448776098429136294e-02 8.594106095567481951e-01
3.468710061041735404e-02 8.588542483541112826e-01
3.488759242170727526e-02 8.590130543672911401e-01
3.508924307780367929e-02 8.596828484364851253e-01
3.529205927684192501e-02 8.610494444002437797e-01
3.549604775567258980e-02 8.635838587330325611e-01
3.570121529008542238e-02 8.672558426704362056e-01
3.590756869503420462e-02 8.719519633458977514e-01
3.611511482486330638e-02 8.776354901169131084e-01
3.632386057353523962e-02 8.842761742190667906e-01
3.653381287485973905e-02 8.918437668879438673e-01
3.674497870272393912e-02 9.002399596391945646e-01
3.695736507132423021e-02 9.094215399522259657e-01
3.717097903539903075e-02 9.194122747133643969e-01
3.738582769046329413e-02 9.302445733130545458e-01
3.760191817304411876e-02 9.419508451417413220e-01
3.781925766091774610e-02 9.542199600511540591e-01
3.803785337334809891e-02 9.669708945651804832e-01
3.825771257132654091e-02 9.804964135108393819e-01
3.847884255781295476e-02 9.948645766080647102e-01
3.870125067797849233e-02 1.010125078255538877e+00
3.892494431944945599e-02 1.025877122324760249e+00
3.914993091255265789e-02 1.041278064664161951e+00
3.937621793056233360e-02 1.056484550660894639e+00
3.960381288994833243e-02 1.072191221583493226e+00
3.983272335062570252e-02 1.088728653214495301e+00
4.006295691620595512e-02 1.106197314664279840e+00
4.029452123424955012e-02 1.122402009886714458e+00
4.052742399651988042e-02 1.136759369853791668e+00
4.076167293923887297e-02 1.150879060957606281e+00
4.099727584334383890e-02 1.165063570842310714e+00
4.123424053474603751e-02 1.179561371501315570e+00
4.147257488459059338e-02 1.190526548601829937e+00
4.171228680951784978e-02 1.196306223231164978e+00
4.195338427192649156e-02 1.199590374796245085e+00
4.219587528023795858e-02 1.201491725702344082e+00
4.243976788916238585e-02 1.203079785834142434e+00
4.268507019996626434e-02 1.200595065900035952e+00
4.293179036074151744e-02 1.192298261946149296e+00
4.317993656667604152e-02 1.181311478585338692e+00
4.342951706032609216e-02 1.169136350908215993e+00
4.368054013188996804e-02 1.157015238881835106e+00
4.393301411948334623e-02 1.146039258651172510e+00
4.418694740941636612e-02 1.136575716641270661e+00
4.444234843647213579e-02 1.128721841023464068e+00
4.469922568418681352e-02 1.123536338552284963e+00
4.495758768513159753e-02 1.121580971995444376e+00
4.521744302119593689e-02 1.122855741352942749e+00
4.547880032387276866e-02 1.127101371501220584e+00
4.574166827454511502e-02 1.134836412687395990e+00
4.600605560477452616e-02 1.146212108733545065e+00
4.627197109659098723e-02 1.154238834433724437e+00
4.653942358278480296e-02 1.146233714993841746e+00
4.680842194719982141e-02 1.125102792423786857e+00
4.707897512502866311e-02 1.100752537069541681e+00
4.735109210310945588e-02 1.079649702637872410e+00
4.762478192022426976e-02 1.067622577843781340e+00
4.790005366739954334e-02 1.062555909804233645e+00
4.817691648820784933e-02 1.061383770183144115e+00
4.845537957907175564e-02 1.063528191517579824e+00
4.873545218956924774e-02 1.068328022242464925e+00
4.901714362274099679e-02 1.074973027596678010e+00
4.930046323539925834e-02 1.083057009886642996e+00
4.958542043843887359e-02 1.092444929985506796e+00
4.987202469714965836e-02 1.101325102967401159e+00
5.016028553153097091e-02 1.105797598848793140e+00
5.045021251660784106e-02 1.105959645801017244e+00
5.074181528274907677e-02 1.104198735586846114e+00
5.103510351598705003e-02 1.100990205932804056e+00
5.133008695833959217e-02 1.095296956344655515e+00
5.162677540813340182e-02 1.088004843494559726e+00
5.192517872032970105e-02 1.081350115323213457e+00
5.222530680685147364e-02 1.076057661863566217e+00
5.252716963691266006e-02 1.072382436987117993e+00
5.283077723734942721e-02 1.070187240940985385e+00
5.313613969295318679e-02 1.069558498766354893e+00
5.344326714680543849e-02 1.070397901978877186e+00
5.375216980061491706e-02 1.072238755356145656e+00
5.406285791505632127e-02 1.074893084433580670e+00
5.437534181011107609e-02 1.078688224054674683e+00
5.468963186541032917e-02 1.083770016476430342e+00
5.500573852057948770e-02 1.090187075784514459e+00
5.532367227558519784e-02 1.098300226525879886e+00
5.564344369108398941e-02 1.108584806427051817e+00
5.596506338877313413e-02 1.122272372324935041e+00
5.628854205174332881e-02 1.141523550249187391e+00
5.661389042483377931e-02 1.167461865735231141e+00
5.694111931498885282e-02 1.200497837728701445e+00
5.727023959161724881e-02 1.248906663923187832e+00
5.760126218695296035e-02 1.324420543659733385e+00
5.793419809641841417e-02 1.433229670513307852e+00
5.826905837898961604e-02 1.584689555192330346e+00
5.860585415756369709e-02 1.728047092260135642e+00
5.894459661932811845e-02 1.784925572490881684e+00
5.928529701613251268e-02 1.761623220761020514e+00
5.962796666486229469e-02 1.679994769360543039e+00
5.997261694781454155e-02 1.581783513182440482e+00
6.031925931307623168e-02 1.487990737234988758e+00
6.066790527490428103e-02 1.407809905274381990e+00
6.101856641410823012e-02 1.353491766888781145e+00
6.137125437843479747e-02 1.319699575784930579e+00
6.172598088295483398e-02 1.297283080727229310e+00
6.208275771045231733e-02 1.283768364911718862e+00
6.244159671181598315e-02 1.276303401979250518e+00
6.280250980643269088e-02 1.273613422572326570e+00
6.316550898258359303e-02 1.274812570018786673e+00
6.353060629784218483e-02 1.275179876443828464e+00
6.389781387947492119e-02 1.273786272654699125e+00
6.426714392484385308e-02 1.274704538717303715e+00
6.463860870181208085e-02 1.277988690282383821e+00
6.501222054915094251e-02 1.283141783363118016e+00
6.538799187695008841e-02 1.290012574137430423e+00
6.576593516702965159e-02 1.291341359145669943e+00
6.614606297335466623e-02 1.282688051896889947e+00
6.652838792245242827e-02 1.269356989293900284e+00
6.691292271383147972e-02 1.255593801484979233e+00
6.729968012040381253e-02 1.240631466229597857e+00
6.768867298890894613e-02 1.225971618618368453e+00
6.807991424034069705e-02 1.216734942341580750e+00
6.847341687037629410e-02 1.218971190282276851e+00
6.886919394980822728e-02 1.235878088964350141e+00
6.926725862497820629e-02 1.271755284186820711e+00
6.966762411821400547e-02 1.348673570842643832e+00
7.007030372826857090e-02 1.491933879739114621e+00
7.047531083076181979e-02 1.705695415983324192e+00
7.088265887862478520e-02 1.912521342672331981e+00
7.129236140254673060e-02 1.969205366560408565e+00
7.170443201142430445e-02 1.870119056840294780e+00
7.211888439281383123e-02 1.684326824550007151e+00
7.253573231338585059e-02 1.490183772655091721e+00
7.295498961938230720e-02 1.329141511534535969e+00
7.337667023707672431e-02 1.220872541188375848e+00
7.380078817323644513e-02 1.147670531303564223e+00
7.422735751558823258e-02 1.096215222407260104e+00
7.465639243328600627e-02 1.064339506591716278e+00
7.508790717738160481e-02 1.046595365323150340e+00
7.552191608129793510e-02 1.041412023478000881e+00
7.595843356130543844e-02 1.049668855850338867e+00
7.639747411700059665e-02 1.070352528832254402e+00
7.683905233178781047e-02 1.095783097201328493e+00
7.728318287336367887e-02 1.117529798189835777e+00
7.772988049420428980e-02 1.134641956344726754e+00
7.817916003205507836e-02 1.125545720759866697e+00
7.863103641042397396e-02 1.088815078255681579e+00
7.908552463907676799e-02 1.045851029655933129e+00
7.954263981453599253e-02 1.003786881797537278e+00
8.000239712058217212e-02 9.639622228188818864e-01
8.046481182875830918e-02 9.229945926705374060e-01
8.092989929887701994e-02 8.767701593920350644e-01
8.139767497953076525e-02 8.325551083211146786e-01
8.186815440860513438e-02 7.991345448943653063e-01
8.234135321379483508e-02 7.759607504132689515e-01
8.281728711312283386e-02 7.599170218300438373e-01
8.329597191546232737e-02 7.484570613687380192e-01
8.377742352106211376e-02 7.403460712534020161e-01
8.426165792207447602e-02 7.350752240540515681e-01
8.474869120308657633e-02 7.322134748777695545e-01
8.523853954165466762e-02 7.330021033785947271e-01
8.573121920884146929e-02 7.390583381397258789e-01
8.622674656975649887e-02 7.513782277608356264e-01
8.672513808409994251e-02 7.692574081562552069e-01
8.722641030670905127e-02 7.868146552732557808e-01
8.773057988810836760e-02 7.978035992600960302e-01
8.823766357506258873e-02 8.019379571678465490e-01
8.874767821113291322e-02 8.009213826208925191e-01
8.926064073723644077e-02 7.916501363276301495e-01
8.977656819220893036e-02 7.776600827855950637e-01
9.029547771337091688e-02 7.656232351743704756e-01
9.081738653709675591e-02 7.550880226537582951e-01
9.134231199938727674e-02 7.455153690293587765e-01
9.187027153644546085e-02 7.351648900342823145e-01
9.240128268525588107e-02 7.243714827031259018e-01
9.293536308416693037e-02 7.119597664757558730e-01
9.347253047347692245e-02 6.980399332796844991e-01
9.401280269602330097e-02 6.856390201824625885e-01
9.455619769777530437e-02 6.757077026371398620e-01
9.510273352842993355e-02 6.684566416816077883e-01
9.565242834201181932e-02 6.636989431643010029e-01
9.620530039747586526e-02 6.603305271840642643e-01
9.676136805931405405e-02 6.563938665580274501e-01
9.732064979816532069e-02 6.502555280077692013e-01
9.788316419142908953e-02 6.389662570028064037e-01
9.844892992388228070e-02 6.239855564261729270e-01
9.901796578830000806e-02 6.092025531312531550e-01
9.959029068607995472e-02 5.956608294903719125e-01
1.001659236278700377e-01 5.841230864919985111e-01
1.007448837341998471e-01 5.749015345974183289e-01
1.013271902361159299e-01 5.683775243008661882e-01
1.019128624758204177e-01 5.649918233123921718e-01
1.025019199073136378e-01 5.657750502481431187e-01
1.030943820970401520e-01 5.725896647456844013e-01
1.036902687245389171e-01 5.817053459648111602e-01
1.042895995830967204e-01 5.843747994244535837e-01
1.048923945804057928e-01 5.790618200175247088e-01
1.054986737392250712e-01 5.701708439054822275e-01
1.061084571980452224e-01 5.626583472003615638e-01
1.067217652117575799e-01 5.579287368214402854e-01
1.073386181523270227e-01 5.567198665578466654e-01
1.079590365094685589e-01 5.596788439054632969e-01
1.085830408913279893e-01 5.651722355858685987e-01
1.092106520251663743e-01 5.700746960471624325e-01
1.098418907580486492e-01 5.742814349269065310e-01
1.104767780575359459e-01 5.775720683700755753e-01
1.111153350123821049e-01 5.784622462942946575e-01
1.117575828332342536e-01 5.757117693585400708e-01
1.124035428533372433e-01 5.716865230652872221e-01
1.130532365292423180e-01 5.684995996715418443e-01
1.137066854415197809e-01 5.690710852563862776e-01
1.143639112954759340e-01 5.744834534606795273e-01
1.150249359218739331e-01 5.773452026369615409e-01
1.156897812776589568e-01 5.738665947292120872e-01
1.163584694466876512e-01 5.738471490949452747e-01
1.170310226404614878e-01 5.801140448939681171e-01
1.177074631988646730e-01 5.915848084854221645e-01
1.183878135909062629e-01 6.067070300669983318e-01
1.190720964154663303e-01 6.228922796551660257e-01
1.197603344020467531e-01 6.383839682878135191e-01
1.204525504115261381e-01 6.530232899517610656e-01
1.211487674369193246e-01 6.656489081560672538e-01
1.218490086041408849e-01 6.746900477771710092e-01
1.225532971727734816e-01 6.801456285020572867e-01
1.232616565368404721e-01 6.852209390457238980e-01
1.239741102255828148e-01 6.930013533785220892e-01
1.246906819042407494e-01 7.050673694411470072e-01
1.254113953748399735e-01 7.221028253719851131e-01
1.261362745769819826e-01 7.446133076619765312e-01
1.268653435886395453e-01 7.699952619453833691e-01
1.275986266269562852e-01 7.933192199355409979e-01
1.283361480490512463e-01 8.047154419289718197e-01
1.290779323528278288e-01 7.971824192765694095e-01
1.298240041777875831e-01 7.772193150755447588e-01
1.305743883058487209e-01 7.534329831150403667e-01
1.313291096621690413e-01 7.299178097212579708e-01
1.320881933159741561e-01 7.077184575795373300e-01
1.328516644813900749e-01 6.895702792434253992e-01
1.336195485182806453e-01 6.747094934114379328e-01
1.343918709330900185e-01 6.613190135926327873e-01
1.351686573796898327e-01 6.490758261955759112e-01
1.359499336602315311e-01 6.404009126864992352e-01
1.367357257260030934e-01 6.360159221593084666e-01
1.375260596782912625e-01 6.362287438232298031e-01
1.383209617692485738e-01 6.418452911873255839e-01
1.391204584027652402e-01 6.557046268545665413e-01
1.399245761353461737e-01 6.789216338562560349e-01
1.407333416769932510e-01 6.975073389633738019e-01
1.415467818920924381e-01 7.020889464592635631e-01
1.423649238003061035e-01 7.029467149930377357e-01
1.431877945774705507e-01 7.065074266899140643e-01
1.440154215564987683e-01 7.159439608744451178e-01
1.448478322282882313e-01 7.339722244659110384e-01
1.456850542426340045e-01 7.570120601331686849e-01
1.465271154091474515e-01 7.670265617806333314e-01
1.473740436981796631e-01 7.485942611216214182e-01
1.482258672417506584e-01 7.212612615334333954e-01
1.490826143344838317e-01 6.992423216651891815e-01
1.499443134345459228e-01 6.876289567557777316e-01
1.508109931645919832e-01 6.843102351742229583e-01
1.516826823127164214e-01 6.835810238892133794e-01
1.525594098334091819e-01 6.745474464592134956e-01
1.534412048485173929e-01 6.506995366568638639e-01
1.543280966482127869e-01 6.231051013190873622e-01
1.552201146919646169e-01 5.968588966238173033e-01
1.561172886095181789e-01 5.734074616979097927e-01
1.570196482018790252e-01 5.535243006599824822e-01
1.579272234423027277e-01 5.369674233947135944e-01
1.588400444772908315e-01 5.235186066731076782e-01
1.597581416275917487e-01 5.128613187818198416e-01
1.606815453892082024e-01 5.045569526368294255e-01
1.616102864344102497e-01 4.982371215000799825e-01
1.625443956127538836e-01 4.935442417636628498e-01
1.634839039521058524e-01 4.910962524720604017e-01
1.644288426596743347e-01 4.918179015659661646e-01
1.653792431230455828e-01 4.962234180404387351e-01
1.663351369112262834e-01 5.051154744654959838e-01
1.672965557756923849e-01 5.194966013188994092e-01
1.682635316514438095e-01 5.399372038724784550e-01
1.692360966580649384e-01 5.623461367390759635e-01
1.702142831007917856e-01 5.773873348445398568e-01
1.711981234715850009e-01 5.853362780076514227e-01
1.721876504502090899e-01 5.828677627687671725e-01
1.731828969053178791e-01 5.707023579087781018e-01
1.741838958955464201e-01 5.615834357506066521e-01
1.751906806706090836e-01 5.602859798197971086e-01
1.762032846724038426e-01 5.669234229829063221e-01
1.772217415361232173e-01 5.790164468709019241e-01
1.782460850913716033e-01 5.921076799845994554e-01
1.792763493632887617e-01 6.035233476122973117e-01
1.803125685736800821e-01 6.145533434937010542e-01
1.813547771421535060e-01 6.266269217474297326e-01
1.824030096872625850e-01 6.398683183701886490e-01
1.834573010276564775e-01 6.522735527194697402e-01
1.845176861832364401e-01 6.586376766898272006e-01
1.855842003763193415e-01 6.614616149105900789e-01
1.866568790328071992e-01 6.648646009073014840e-01
1.877357577833641822e-01 6.646669036255877794e-01
1.888208724646001924e-01 6.578468875629723822e-01
1.899122591202609955e-01 6.485378303141910994e-01
1.910099540024255971e-01 6.424254192762887117e-01
1.921139935727104175e-01 6.429320860802435478e-01
1.932244145034804905e-01 6.483001614509287247e-01
1.943412536790674328e-01 6.546837310555531086e-01
1.954645481969946030e-01 6.601717211708842958e-01
1.965943353692096995e-01 6.636049559320108537e-01
1.977306527233236300e-01 6.663208628512908849e-01
1.988735380038573475e-01 6.710331882219748856e-01
2.000230291734956534e-01 6.799014777607059745e-01
2.011791644143479663e-01 6.911529378101497478e-01
2.023419821292166965e-01 6.975710774312486873e-01
2.035115209428728922e-01 6.935490720770404183e-01
2.046878197033392410e-01 6.744945111214869504e-01
2.058709174831803157e-01 6.494755420110626121e-01
2.070608535808005912e-01 6.308271787490847826e-01
2.082576675217497619e-01 6.216347953059050413e-01
2.094613990600355524e-01 6.194244748775649123e-01
2.106720881794442723e-01 6.197961025546661062e-01
2.118897750948690872e-01 6.212231960472551773e-01
2.131145002536455058e-01 6.257032541197510289e-01
2.143463043368951104e-01 6.355557088149912381e-01
2.155852282608767823e-01 6.527629345151871876e-01
2.168313131783459469e-01 6.805399427524699840e-01
2.180846004799212312e-01 7.168125325383676305e-01
2.193451317954595303e-01 7.406550407756431476e-01
2.206129489954388734e-01 7.333467232303251260e-01
2.218880941923488948e-01 7.044969641693172857e-01
2.231706097420899648e-01 6.783382648282484384e-01
2.244605382453801201e-01 6.674389868216389354e-01
2.257579225491697927e-01 6.709262372335067504e-01
2.270628057480653939e-01 6.721480712532784674e-01
2.283752311857605299e-01 6.640273583208090580e-01
2.296952424564759343e-01 6.549592108743346186e-01
2.310228834064072811e-01 6.459936931642688007e-01
2.323581981351817149e-01 6.419868121922681636e-01
2.337012309973229007e-01 6.499606025547207677e-01
2.350520266037238737e-01 6.698037920110995191e-01
2.364106298231291869e-01 6.767880156519687773e-01
2.377770857836252472e-01 6.564003484361163876e-01
2.391514398741393099e-01 6.344775564261919687e-01
2.405337377459470793e-01 6.247849880571463288e-01
2.419240253141889951e-01 6.235037368215592402e-01
2.433223487593957901e-01 6.268419040373807150e-01
2.447287545290218747e-01 6.383612817145021268e-01
2.461432893389885190e-01 6.641915658990629190e-01
2.475660001752356676e-01 7.131416289139788089e-01
2.489969342952823017e-01 7.930891132633823837e-01
2.504361392297964617e-01 8.572229757017194585e-01
2.518836627841739007e-01 8.684852388813115720e-01
2.533395530401260642e-01 8.973879332800460684e-01
2.548038583572773130e-01 9.489437112867293855e-01
2.562766273747711931e-01 9.364531322092767285e-01
2.577579090128856998e-01 8.850194295732690675e-01
2.592477524746588102e-01 8.368137022255704993e-01
2.607462072475227322e-01 7.983891289141333836e-01
2.622533231049470337e-01 7.620268731480047686e-01
2.637691501080930423e-01 7.221082269370592277e-01
2.652937386074759596e-01 6.904204855860957002e-01
2.668271392446371348e-01 6.729161738068217824e-01
2.683694029538270520e-01 6.616517500012000230e-01
2.699205809636965880e-01 6.340864831148238512e-01
2.714807247989985406e-01 5.938318595562664948e-01
2.730498862822996475e-01 5.573432071674029320e-01
2.746281175357012105e-01 5.263187780075443412e-01
2.762154709825712651e-01 4.992385716648264360e-01
2.778119993492854656e-01 4.804746149102618324e-01
2.794177556669779627e-01 4.663333175461505942e-01
2.810327932733039380e-01 4.464598793253567455e-01
2.826571658142107979e-01 4.267171589793571362e-01
2.842909272457196934e-01 4.123716824554431448e-01
2.859341318357184192e-01 4.018656383862313497e-01
2.875868341657639160e-01 3.912234748771510895e-01
2.892490891328946545e-01 3.816940337733447097e-01
2.909209519514548425e-01 3.771750844323150664e-01
2.926024781549284581e-01 3.785384394570291966e-01
2.942937235977828858e-01 3.877761960468318336e-01
2.959947444573255426e-01 3.874812705937835111e-01
2.977055972355692748e-01 3.759197607090837834e-01
2.994263387611086902e-01 3.745347994240730283e-01
3.011570261910088142e-01 3.813332092263918005e-01
3.028977170127025720e-01 3.904262038722072781e-01
3.046484690459013711e-01 4.037172948936482153e-01
3.064093404445150659e-01 4.241071227355303619e-01
3.081803896985833569e-01 4.500789279250337893e-01
3.099616756362194026e-01 4.809294266895048908e-01
3.117532574255635347e-01 5.167007512365219268e-01
3.135551945767480198e-01 5.535329431641011766e-01
3.153675469438748658e-01 5.905433867391270963e-01
3.171903747270033436e-01 6.222883846798765717e-01
3.190237384741493876e-01 6.287907887161322540e-01
3.208676990832974307e-01 5.949748307259555835e-01
3.227223178044230090e-01 5.383016099680273392e-01
3.245876562415266342e-01 4.838786812199879495e-01
3.264637763546810456e-01 4.409297570024471868e-01
3.283507404620888970e-01 4.133796144982785914e-01
3.302486112421523790e-01 4.018332289957864401e-01
3.321574517355558864e-01 4.024155177107792691e-01
3.340773253473591775e-01 4.142254995888896563e-01
3.360082958491044103e-01 4.325378855032556702e-01
3.379504273809338932e-01 4.470021964588009045e-01
3.399037844537201591e-01 4.588910411869938089e-01
3.418684319512097503e-01 4.723236532133772148e-01
3.438444351321779946e-01 4.888924139218093212e-01
3.458318596325960503e-01 5.071248566730779395e-01
3.478307714678123830e-01 5.353966482711522978e-01
3.498412370347446232e-01 5.778950819615094048e-01
3.518633231140849693e-01 6.297317413520482354e-01
3.538970968725191901e-01 6.875122829501761901e-01
3.559426258649572294e-01 7.467155967888337020e-01
3.579999780367765227e-01 8.000571322090292981e-01
3.600692217260801353e-01 8.248956890459772096e-01
3.621504256659661136e-01 8.242248146637684014e-01
3.642436589868098817e-01 8.152009600509019238e-01
3.663489912185618480e-01 8.060139781727962971e-01
3.684664922930561692e-01 7.966292990129769658e-01
3.705962325463332818e-01 7.630974633457003886e-01
3.727382827209774208e-01 7.020079229831514001e-01
3.748927139684648524e-01 6.510527990127129572e-01
3.770595978515288715e-01 6.186898620274813299e-01
3.792390063465359562e-01 5.839740032959520599e-01
3.814310118458763554e-01 5.406091585677020861e-01
3.836356871603694985e-01 4.999170082381389491e-01
3.858531055216822825e-01 4.727492965412198322e-01
3.880833405847607942e-01 4.621924777603110823e-01
3.903264664302779630e-01 4.663862528838771948e-01
3.925825575670940371e-01 4.768631285016886046e-01
3.948516889347303827e-01 4.808991779250896825e-01
3.971339359058604912e-01 4.754155090618177870e-01
3.994293742888124776e-01 4.674590037076023497e-01
4.017380803300868997e-01 4.590498472001736108e-01
4.040601307168905088e-01 4.508351470354140522e-01
4.063956025796829352e-01 4.368051219118300743e-01
4.087445734947380283e-01 4.187746976943345079e-01
4.111071214867221824e-01 4.061912116976065246e-01
4.134833250312844322e-01 4.012714662280754130e-01
4.158732630576643108e-01 3.961626659809491802e-01
4.182770149513134750e-01 3.837228616151934779e-01
4.206946605565314856e-01 3.708476911044617519e-01
4.231262801791195738e-01 3.659236243828712376e-01
4.255719545890473410e-01 3.708120407749723735e-01
4.280317650231349469e-01 3.811355119446780959e-01
4.305057931877529498e-01 3.946232199348178593e-01
4.329941212615355806e-01 4.160058554373278206e-01
4.354968318981098929e-01 4.332508920930427943e-01
4.380140082288422887e-01 4.346520580732760042e-01
4.405457338655994204e-01 4.377352714175978265e-01
4.430920929035247480e-01 4.594355189464675027e-01
4.456531699238333033e-01 5.034258649103034999e-01
4.482290499966203323e-01 5.579568249598257923e-01
4.508198186836865351e-01 6.054938385513453092e-01
4.534255620413813470e-01 6.215246033783925483e-01
4.560463666234608748e-01 6.038323171345383322e-01
4.586823194839622087e-01 5.638618158988809581e-01
4.613335081800964965e-01 5.143262232299279368e-01
4.640000207751556194e-01 4.729037813023403980e-01
4.666819458414390720e-01 4.436154151573119542e-01
4.693793724631949438e-01 4.216656153220168513e-01
4.720923902395786631e-01 4.153522660633562902e-01
4.748210892876304490e-01 4.214560345971400390e-01
4.775655602452679171e-01 4.220059139216879585e-01
4.803258942742961168e-01 4.226854308080154055e-01
4.831021830634371073e-01 4.256498097207060960e-01
4.858945188313745223e-01 4.282306775131325405e-01
4.887029943298164536e-01 4.240315008244923134e-01
4.915277028465775411e-01 4.088779501654862258e-01
4.943687382086768833e-01 4.020320065905149676e-01
4.972261947854541564e-01 4.114815045312240627e-01
5.001001674917054940e-01 4.119989744653271280e-01
5.029907517908354109e-01 4.107425704290810775e-01
5.058980436980275996e-01 4.245284448113136322e-01
5.088221397834349347e-01 4.525182747125175986e-01
5.117631371753864622e-01 4.905798628509721038e-01
5.147211335636141527e-01 5.324182252892688538e-01
5.176962272024980827e-01 5.393063010718184280e-01
5.206885169143288250e-01 5.049415440701086055e-01
5.236981020925914887e-01 4.748883163105812044e-01
5.267250827052667450e-01 4.638777660634443301e-01
5.297695592981502832e-01 4.689573978591701220e-01
5.328316329981945820e-01 4.705649036252356199e-01
5.359114055168668900e-01 4.455448542017965696e-01
5.390089791535270791e-01 4.176090399513340268e-01
5.421244567988269258e-01 3.982433488475097816e-01
5.452579419381275994e-01 3.839821367387524220e-01
5.484095386549359130e-01 3.792795341852018831e-01
5.515793516343632241e-01 3.852515045311765141e-01
5.547674861666017643e-01 3.945054658162014949e-01
5.579740481504216199e-01 4.050990152396145016e-01
5.611991440966896949e-01 4.149741565081661587e-01
5.644428811319066597e-01 4.178747969529819639e-01
5.677053670017649933e-01 4.193321392099862432e-01
5.709867100747291202e-01 4.357712623566388221e-01
5.742870193456336425e-01 4.666444476944213715e-01
5.776064044393048880e-01 4.704525510716934811e-01
5.809449756142023302e-01 4.328835856680009475e-01
5.843028437660793273e-01 4.013546503302172219e-01
5.876801204316687288e-01 3.807422780072803326e-01
5.910769177923870243e-01 3.710702355855164947e-01
5.944933486780595855e-01 3.663395448935803933e-01
5.979295265706701112e-01 3.619761606266861942e-01
6.013855656081297241e-01 3.615537582378880455e-01
6.048615805880666052e-01 3.671076474471238194e-01
6.083576869716416091e-01 3.779367051077694994e-01
6.118740008873820857e-01 3.926721746300367299e-01
6.154106391350390171e-01 3.941867734768270126e-01
6.189677191894675801e-01 3.701065963762890654e-01
6.225453592045292472e-01 3.423425518951843105e-01
6.261436780170150929e-01 3.215335626035485950e-01
6.297627951505950783e-01 3.058214901158758936e-01
6.334028308197864332e-01 3.026831808077977692e-01
6.370639059339481269e-01 3.150560057666340064e-01
6.407461421012968783e-01 3.350201902806735355e-01
6.444496616329448146e-01 3.575954913515546618e-01
6.481745875469649976e-01 3.725416219117135830e-01
6.519210435724759334e-01 3.672135181225770761e-01
6.556891541537508417e-01 3.545317236414997075e-01
6.594790444543533470e-01 3.536944810550072260e-01
6.632908403612935988e-01 3.565735152395264618e-01
6.671246684892090384e-01 3.529026116151375847e-01
6.709806561845721440e-01 3.372337516480581332e-01
6.748589315299192704e-01 3.115979238061664658e-01
6.787596233481042463e-01 2.851334958819010112e-01
6.826828612065795054e-01 2.670263694403525179e-01
6.866287754216984229e-01 2.585167438225446923e-01
6.905974970630435195e-01 2.584530053546697514e-01
6.945891579577818664e-01 2.613558064255152025e-01
6.986038906950429173e-01 2.570345543661993193e-01
7.026418286303216520e-01 2.483985321256564349e-01
7.067031058899108098e-01 2.430650267714458135e-01
7.107878573753529938e-01 2.438709402805082360e-01
7.148962187679240854e-01 2.494669616973223258e-01
7.190283265331394169e-01 2.607972845968485887e-01
7.231843179252852583e-01 2.833715053547149476e-01
7.273643309919801681e-01 3.128381231471901169e-01
7.315685045787596597e-01 3.389827784190662108e-01
7.357969783336865133e-01 3.512097611209005765e-01
7.400498927119919523e-01 3.544636639215654750e-01
7.443273889807401344e-01 3.549703307255202556e-01
7.486296092235191768e-01 3.587913978589703512e-01
7.529566963451627126e-01 3.677093817963835720e-01
7.573087940764960946e-01 3.739287438227539839e-01
7.616860469791092436e-01 3.742193480237429593e-01
7.660886004501606950e-01 3.871161247947713102e-01
7.705166007272060691e-01 4.061760873153989482e-01
7.749701948930545203e-01 4.070241330320397144e-01
7.794495308806568268e-01 3.945724452231209045e-01
7.839547574780165728e-01 3.829029040369382741e-01
7.884860243331343055e-01 3.708584942346100366e-01
7.930434819589780027e-01 3.588562166398600595e-01
7.976272817384808533e-01 3.526681836909196788e-01
8.022375759295721220e-01 3.468571799841546621e-01
8.068745176702336597e-01 3.406777895393328648e-01
8.115382609835852801e-01 3.244104361620381294e-01
8.162289607830032212e-01 3.124384073317034161e-01
8.209467728772645856e-01 3.134042071669605467e-01
8.256918539757219788e-01 3.355959971175773715e-01
8.304643616935105666e-01 3.744462137568570492e-01
8.352644545567829981e-01 4.081627829496694559e-01
8.400922920079733069e-01 4.225125807256427946e-01
8.449480344110958940e-01 4.182993599678097585e-01
8.498318430570707127e-01 4.098934443994254884e-01
8.547438801690798726e-01 4.129917821259549982e-01
8.596843089079587719e-01 4.190015634274485978e-01
8.646532933776126528e-01 4.240174567552995044e-01
8.696509986304700179e-01 4.277542594735929682e-01
8.746775906729644667e-01 4.249076346795186421e-01
8.797332364710471753e-01 4.157573834439171612e-01
8.848181039557355687e-01 4.101829682873996408e-01
8.899323620286901937e-01 4.067238060139172773e-01
8.950761805678236760e-01 4.043644023895307527e-01
9.002497304329459826e-01 4.025084246300545954e-01
9.054531834714387717e-01 4.028541247947998727e-01
9.106867125239620497e-01 4.012476993417491422e-01
9.159504914301977996e-01 4.015696326201682043e-01
9.212446950346235841e-01 4.006319209232966916e-01
9.265694991923183466e-01 3.905634036250905661e-01
9.319250807748065135e-01 3.808913612033267282e-01
9.373116176759319629e-01 3.724141449759637568e-01
9.427292888177655206e-01 3.801524271011837430e-01
9.481782741565508710e-01 4.183890259480405605e-01
9.536587546886805544e-01 4.504721618624315527e-01
9.591709124567069367e-01 4.550591709233954285e-01
9.647149305553922582e-01 4.460104691111878017e-01
9.702909931377862174e-01 4.411004464587901519e-01
9.758992854213467405e-01 4.505845144159737470e-01
9.815399936940907288e-01 4.635795996713514833e-01
9.872133053207802211e-01 4.667449168048004027e-01
9.929194087491489684e-01 4.579662932463001712e-01
9.986584935161608723e-01 4.291554254538261781e-01
1.004430750254303728e+00 3.881575465410664338e-01
1.010236370697924935e+00 3.743511462115520771e-01
1.016075547689597958e+00 3.865608439051492207e-01
1.021948475186527761e+00 3.869011425048203279e-01
1.027855348266994762e+00 3.838028047782908736e-01
1.033796363136834096e+00 3.752164769364301211e-01
1.039771717135951290e+00 3.597323504948863881e-01
1.045781608744880131e+00 3.513221136744428263e-01
1.051826237591374280e+00 3.586941696876357333e-01
1.057905804457035748e+00 3.748545720764623890e-01
1.064020511283988890e+00 3.980845428343299242e-01
1.070170561181583713e+00 4.167069785839518370e-01
1.076356158433145582e+00 4.217920119447518545e-01
1.082577508502760022e+00 4.165503331968016254e-01
1.088834818042095476e+00 4.217001853384914067e-01
1.095128294897270704e+00 4.514066326202586521e-01
1.101458148115757263e+00 4.847245663105990698e-01
1.107824587953321727e+00 4.693743986828941561e-01
1.114227825881013212e+00 4.210736037898905604e-01
1.120668074592185315e+00 3.777228031308333400e-01
1.127145548009560017e+00 3.521755609561576517e-01
1.133660461292336441e+00 3.299891725706149970e-01
1.140213030843336250e+00 3.086713558489947440e-01
1.146803474316190341e+00 3.019399254535953814e-01
1.153432010622570836e+00 3.010940403629843165e-01
1.160098859939462601e+00 2.976370387155315989e-01
1.166804243716473621e+00 2.941098167221149473e-01
1.173548384683194445e+00 2.892559703464883669e-01
1.180331506856595603e+00 2.878774909395666048e-01
1.187153835548465874e+00 3.067224711702433160e-01
1.194015597372901416e+00 3.286052915986190648e-01
1.200917020253827294e+00 3.360572907749093119e-01
1.207858333432573428e+00 3.445463904454354465e-01
1.214839767475487387e+00 3.577294501653934811e-01
1.221861554281590267e+00 3.819759954702150462e-01
1.228923927090283863e+00 3.905655642511202119e-01
1.236027120489096909e+00 3.661602129331188449e-01
1.243171370421473965e+00 3.520286383861409574e-01
1.250356914194617142e+00 3.686060415986916472e-01
1.257583990487367132e+00 4.298738336086874168e-01
1.264852839358128644e+00 4.758573570848828593e-01
1.272163702252848472e+00 4.586350070024793335e-01
1.279516822013033517e+00 4.509539814670452396e-01
1.286912442883815677e+00 4.359819233945304573e-01
1.294350810522067352e+00 4.413456775131563425e-01
1.301832172004561583e+00 4.631885263599834213e-01
1.309356775836174380e+00 4.772531215000418436e-01
1.316924871958146337e+00 4.890749868213153939e-01
1.324536711756377994e+00 4.752070086499557977e-01
1.332192548069784932e+00 4.480479394571552643e-01
1.339892635198694837e+00 4.344295135922212059e-01
1.347637228913291185e+00 4.290041816317500811e-01
1.355426586462114891e+00 4.296080766070394796e-01
1.363260966580605249e+00 4.214052598854430842e-01
1.371140629499693731e+00 4.260927380567859912e-01
1.379065836954451285e+00 4.188848896218470563e-01
1.387036852192779834e+00 4.015879979414203049e-01
1.395053939984155722e+00 3.935763966234486211e-01
1.403117366628427343e+00 4.067011194406058849e-01
1.411227399964658957e+00 4.306548999184087734e-01
1.419384309380025577e+00 4.164206956350221533e-01
1.427588365818764915e+00 3.878626210880181113e-01
1.435839841791175742e+00 3.881435024718736804e-01
1.444139011382666204e+00 4.083345527190272994e-01
1.452486150262864761e+00 4.275457590617309789e-01
1.460881535694769973e+00 4.497796812199261751e-01
1.469325446543965796e+00 4.913025922578928006e-01
1.477818163287882181e+00 5.001806046137572404e-01
1.486359968025109168e+00 4.665364163929384134e-01
1.494951144484772509e+00 4.207095383038931824e-01
1.503591978035954568e+00 3.800055045311669932e-01
1.512282755697172298e+00 3.493289361620833255e-01
1.521023766145914724e+00 3.434487924223691979e-01
1.529815299728230382e+00 3.444891338556494986e-01
1.538657648468367833e+00 3.269642961290938343e-01
1.547551106078482119e+00 3.048243612031887873e-01
1.556495967968387184e+00 3.023050712526075823e-01
1.565492531255366693e+00 2.932466466232666047e-01
1.574541094774047689e+00 2.794823785013306194e-01
1.583641959086324214e+00 2.831997355853571041e-01
1.592795426491339539e+00 2.940266326199731384e-01
1.602001801035530804e+00 2.978098887979042098e-01
1.611261388522727822e+00 2.844399349263808108e-01
1.620574496524306296e+00 2.639172285836747234e-01
1.629941434389411858e+00 2.417762133447548256e-01
1.639362513255227638e+00 2.223143743826107854e-01
1.648838046057315765e+00 2.184317294073154225e-01
1.658368347540009280e+00 2.191901091437253868e-01
1.667953734266863997e+00 2.134309604616721201e-01
1.677594524631179640e+00 2.149844505769961667e-01
1.687291038866571835e+00 2.240147870679516096e-01
1.697043599057607821e+00 2.218282335259377791e-01
1.706852529150509445e+00 2.232542467055119995e-01
1.716718154963911225e+00 2.294023080729036823e-01
1.726640804199680579e+00 2.318913492590697067e-01
1.736620806453807120e+00 2.283392800663120170e-01
1.746658493227349673e+00 2.236766490943101204e-01
1.756754197937443251e+00 2.168966046132434766e-01
1.766908255928380411e+00 2.235037990119375095e-01
1.777121004482747679e+00 2.436872870679872849e-01
1.787392782832625482e+00 2.706043661454660687e-01
1.797723932170862682e+00 2.837755424222609957e-01
1.808114795662403074e+00 2.746998327846827403e-01
1.818565718455690483e+00 2.794262022245595500e-01
1.829077047694130043e+00 2.670641803958715421e-01
1.839649132527616748e+00 2.406159571668284869e-01
1.850282324124138622e+00 2.348211581552858418e-01
1.860976975681438272e+00 2.522703739708035409e-01
1.871733442438742401e+00 2.837420527188012631e-01
1.882552081688566581e+00 2.978574225705566958e-01
1.893433252788581767e+00 3.117902195228060003e-01
1.904377317173546302e+00 3.210927948934983456e-01
1.915384638367318981e+00 3.108859975293942202e-01
1.926455581994929611e+00 3.095809794074808052e-01
1.937590515794722412e+00 3.171788208407729792e-01
1.948789809630575354e+00 2.918249546957516483e-01
1.960053835504184105e+00 2.477028105441065609e-01
1.971382967567415045e+00 2.269337928340195154e-01
1.982777582134739092e+00 2.164882462936381369e-01
1.994238057695728816e+00 2.152545288307034232e-01
2.005764774927627947e+00 2.291927273480268978e-01
2.017358116708002580e+00 2.414391556841281872e-01
2.029018468127450348e+00 2.398640593085075434e-01
2.040746216502401289e+00 2.277072969526370561e-01
2.052541751387976898e+00 2.316266725704365925e-01
2.064405464590929995e+00 2.533463657335731645e-01
2.076337750182662312e+00 2.811136511537223881e-01
2.088339004512313135e+00 2.767729534601395813e-01
2.100409626219920778e+00 2.480928035424598554e-01
2.112550016249669760e+00 2.364664748768704194e-01
2.124760577863207711e+00 2.253046808076573926e-01
2.137041716653034662e+00 2.136373002475044358e-01
2.149393840555982482e+00 2.213064423397753666e-01
2.161817359866763155e+00 2.089541433282208205e-01
2.174312687251592546e+00 1.925744373973838908e-01
2.186880237761905654e+00 1.952903443166639219e-01
2.199520428848138476e+00 2.016469060959176218e-01
2.212233680373592026e+00 1.947912397038129295e-01
2.225020414628386511e+00 1.806888336082354551e-01
2.237881056343477670e+00 1.846849114500878353e-01
2.250816032704775704e+00 2.024430967878465826e-01
2.263825773367328598e+00 2.205783113677806107e-01
2.276910710469592924e+00 2.305809295720820939e-01
2.290071278647793029e+00 2.245862726527961262e-01
2.303307915050354371e+00 2.276878513183701602e-01
2.316621059352423018e+00 2.246424489295672233e-01
2.330011153770474852e+00 2.225606857499918267e-01
2.343478643077001600e+00 2.325038867384777164e-01
2.357023974615280792e+00 2.260727833612007909e-01
2.370647598314243876e+00 2.369482944814841341e-01
2.384349966703414481e+00 2.429915654864374386e-01
2.398131534927939956e+00 2.449923051899006998e-01
2.411992760763713051e+00 2.491828393744222880e-01
2.425934104632577970e+00 2.417254386330578708e-01
2.439956029617617261e+00 2.314365374798267039e-01
2.454059001478542612e+00 2.169365761947921745e-01
2.468243488667162033e+00 2.285693867384705757e-01
2.482509962342935861e+00 2.208365061783247596e-01
2.496858896388636673e+00 2.056807948932890262e-01
2.511290767426078485e+00 2.163024324550875122e-01
2.525806054831960523e+00 2.293871836906960782e-01
2.540405240753779381e+00 2.334070284188747568e-01
2.555088810125852206e+00 2.355482088142657471e-01
2.569857250685421590e+00 2.367786853381559642e-01
2.584711052988855506e+00 2.274977162277602438e-01
2.599650710427946265e+00 2.134676911041762937e-01
2.614676719246288084e+00 2.079310869031777975e-01
2.629789578555775442e+00 2.016069345143689517e-01
2.644989790353173831e+00 2.182372730646462422e-01
2.660277859536794409e+00 2.420570947286103392e-01
2.675654293923265481e+00 2.277429472821264067e-01
2.691119604264405218e+00 2.278045251239716740e-01
2.706674304264172548e+00 2.272243970350085185e-01
2.722318910595750374e+00 1.996094357499501593e-01
2.738053942918694972e+00 1.860104555192829967e-01
2.753879923896200843e+00 1.890407335258783017e-01
2.769797379212459720e+00 1.915654250415335935e-01
2.785806837590128815e+00 1.896565119443308078e-01
2.801908830807877226e+00 1.949035922573551516e-01
2.818103893718070019e+00 2.103239802310239714e-01
2.834392564264522019e+00 2.173849060959461565e-01
2.850775383500368410e+00 2.029972973644538492e-01
2.867252895606037466e+00 1.933436202639421120e-01
2.883825647907329426e+00 1.890126453874927392e-01
2.900494190893583735e+00 1.945535708405505548e-01
2.917259078235983960e+00 2.241174168043603421e-01
2.934120866805935979e+00 2.398435333612257969e-01
2.951080116693567401e+00 2.439703290778724720e-01
2.968137391226336685e+00 2.415795963760559717e-01
2.985293256987731514e+00 2.292326989295755957e-01
3.002548283836107057e+00 2.197896828669554659e-01
3.019903044923603730e+00 2.212751132623453076e-01
3.037358116715186629e+00 2.222625193578989800e-01
3.054914079007794214e+00 2.273929258653218377e-01
3.072571514949601568e+00 2.144151256181813237e-01
3.090331011059376021e+00 2.066347112853830215e-01
3.108193157245980220e+00 2.124910881387709061e-01
3.126158546827951579e+00 2.168112598850719941e-01
3.144227776553216724e+00 2.197561931634957888e-01
3.162401446618910317e+00 2.203590078257703366e-01
3.180680160691316427e+00 2.146376700992360664e-01
3.199064525925907621e+00 2.023231820432005446e-01
3.217555152987530587e+00 2.033700053545698383e-01
3.236152656070678812e+00 2.232607285836009647e-01
3.254857652919894928e+00 2.507255263595981054e-01
3.273670764850296955e+00 2.539275741355511706e-01
3.292592616768199143e+00 2.565937866561490699e-01
3.311623837191892683e+00 2.471399674633806831e-01
3.330765058272506351e+00 2.263644678752046169e-01
3.350016915815009710e+00 2.268117174633438315e-01
3.369380049299332214e+00 2.244879641684466853e-01
3.388855101901607103e+00 2.329489757005872574e-01
3.408442720515521884e+00 2.271466144979407964e-01
3.428143555773827789e+00 2.094543282540866636e-01
3.447958262069935831e+00 2.052303043661053428e-01
3.467887497579658529e+00 2.113459563430521715e-01
3.487931924283071528e+00 2.060027281717080605e-01
3.508092207986506228e+00 2.167140317137373762e-01
3.528369018344649444e+00 2.317671132623643770e-01
3.548763028882812254e+00 2.184965481882052141e-01
3.569274917019284565e+00 2.199301235588832504e-01
3.589905364087840223e+00 2.265232738883845021e-01
3.610655055360374899e+00 2.405316927516718550e-01
3.631524680069651456e+00 2.602852162278196935e-01
3.652514931432215839e+00 2.786699831141792316e-01
3.673626506671410219e+00 2.777808855029749724e-01
3.694860107040534913e+00 2.773260737237319695e-01
3.716216437846141751e+00 2.703602154041147010e-01
3.737696208471465109e+00 2.448389007417950125e-01
3.759300132399972405e+00 2.420862631800107245e-01
3.781028927239082016e+00 2.437034917632097397e-01
3.802883314743989107e+00 2.448313385506911966e-01
3.824864020841640233e+00 2.419015296544750060e-01
3.846971775654848713e+00 2.397095745473870054e-01
3.869207313526548564e+00 2.446779341025854260e-01
3.891571373044171445e+00 2.373436890449115433e-01
3.914064697064205678e+00 2.199420070020463580e-01
3.936688032736852527e+00 2.370898154864267415e-01
3.959442131530850340e+00 2.511933018950190388e-01
3.982327749258438132e+00 2.457744518126368793e-01
4.005345646100446189e+00 2.584562462937142202e-01
4.028496586631570509e+00 2.578599135095286377e-01
4.051781339845751617e+00 2.441874719938530724e-01
4.075200679181723906e+00 2.383084085671537955e-01
4.098755382548707082e+00 2.525598978587776933e-01
4.122446232352245943e+00 2.597428990943755345e-01
4.146274015520188705e+00 2.609571709230433245e-01
4.170239523528843861e+00 2.752940049428386771e-01
4.194343552429258715e+00 3.181446206760300544e-01
4.218586902873665778e+00 3.267385107089946228e-01
4.242970380142073950e+00 3.582339563433186158e-01
4.267494794169023997e+00 3.990989567552543638e-01
4.292160959570472833e+00 4.193137738887341426e-01
4.316969695670882068e+00 3.810966206761442487e-01
4.341921826530410478e+00 3.301198904454092919e-01
4.367018180972294772e+00 2.978995547781350117e-01
4.392259592610382235e+00 2.991257100499659094e-01
4.417646899876805477e+00 2.906776622740033234e-01
4.443180946049855251e+00 2.463286523892441182e-01
4.468862579281975833e+00 2.469077001651924785e-01
4.494692652627942486e+00 2.496408920927097874e-01
4.520672024073195239e+00 2.374571219114685883e-01
4.546801556562344082e+00 2.244695988471946124e-01
4.573082118027814502e+00 2.066195869031754173e-01
4.599514581418703507e+00 1.930584176280272513e-01
4.626099824729760002e+00 2.130560918455264574e-01
4.652838731030551678e+00 2.255585543661421943e-01
4.679732188494796219e+00 2.044027845967463508e-01
4.706781090429870140e+00 2.076750527186633222e-01
4.733986335306464177e+00 2.117143430811088689e-01
4.761348826788450062e+00 2.024765864913062596e-01
4.788869473762884077e+00 2.153053035424004058e-01
4.816549190370198019e+00 2.307332537071730416e-01
4.844388896034566017e+00 2.229625621915082012e-01
4.872389515494448098e+00 2.215927252887050503e-01
4.900551978833287414e+00 2.374009456346974634e-01
4.928877221510434836e+00 2.409540951404699760e-01
4.957366184392200559e+00 2.438158443167519340e-01
4.986019813783113541e+00 2.612737026363882165e-01
5.014839061457356806e+00 2.827881363267072956e-01
5.043824884690362609e+00 2.706400164749554471e-01
5.072978246290641202e+00 2.825547887155042126e-01
5.102300114631742822e+00 2.981923196051536884e-01
5.131791463684423960e+00 2.721502940696863271e-01
5.161453273049005475e+00 2.428251972821537374e-01
5.191286527987911903e+00 2.276089884682875875e-01
5.221292219458380401e+00 2.184825041190124328e-01
5.251471344145405951e+00 2.207922133447167701e-01
5.281824904494829553e+00 2.123117561783092744e-01
5.312353908746639597e+00 2.187158517302154881e-01
5.343059370968462396e+00 2.364016560959806834e-01
5.373942311089249912e+00 2.507536144979836124e-01
5.405003754933139781e+00 2.731193348439879820e-01
5.436244734253559585e+00 2.740408418456370954e-01
5.467666286767478567e+00 2.491579921750812499e-01
5.499269456189878724e+00 2.396793257829717694e-01
5.531055292268432844e+00 2.284170626033796836e-01
5.563024850818350409e+00 2.246889023892048864e-01
5.595179193757479297e+00 2.461082685342190213e-01
5.627519389141558470e+00 2.449631367385003422e-01
5.660046511199702479e+00 2.376137672986187721e-01
5.692761640370078702e+00 2.605801416808680160e-01
5.725665863335805739e+00 2.546470626034272322e-01
5.758760273061025892e+00 2.498450712525124573e-01
5.792045968827241431e+00 2.575952368208955789e-01
5.825524056269808071e+00 2.571058550251780206e-01
5.859195647414667363e+00 2.755392359972048677e-01
5.893061860715279821e+00 2.956525037072907924e-01
5.927123821089786304e+00 2.735104081553560440e-01
5.961382659958350594e+00 2.756829176281771487e-01
5.995839515280771082e+00 2.857233467879976563e-01
6.030495531594262104e+00 2.879034184519225215e-01
6.065351860051475086e+00 3.200049196875655588e-01
6.100409658458743500e+00 3.543275444816970654e-01
6.135670091314512575e+00 3.447462483531787969e-01
6.171134329848062094e+00 2.868555148275384048e-01
6.206803552058381079e+00 2.762608850911106306e-01
6.242678942753306259e+00 2.637659847615986819e-01
6.278761693588877257e+00 2.351128426692896956e-01
6.315053003108923591e+00 2.396112660630375368e-01
6.351554076784851510e+00 2.433091775127971257e-01
6.388266127055725718e+00 2.360667590613836631e-01
6.425190373368511843e+00 2.561584205111729906e-01
6.462328042218596025e+00 2.521796276775578605e-01
6.499680367190518560e+00 2.468158735589320307e-01
6.537248588998957999e+00 2.568066083200703509e-01
6.575033955529916874e+00 2.534403529658633136e-01
6.613037721882214726e+00 2.486221569197260561e-01
6.651261150409145451e+00 2.880568229000282088e-01
6.689705510760421525e+00 2.938483809725263574e-01
6.728372079924347382e+00 2.399623677928569565e-01
6.767262142270216607e+00 2.428046713348719909e-01
6.806376989591010229e+00 2.520121791602593642e-01
6.845717921146279750e+00 2.479858525539918035e-01
6.885286243705309062e+00 2.495663504946865896e-01
6.925083271590525058e+00 2.479923344320807688e-01
6.965110326721157818e+00 2.581699633447845366e-01
7.005368738657123728e+00 2.604969575787261515e-01
7.045859844643230119e+00 2.517064505770628124e-01
7.086584989653569089e+00 2.343955148274432798e-01
7.127545526436194656e+00 2.278196495061792781e-01
7.168742815558059256e+00 2.485411334436138930e-01
7.210178225450215805e+00 2.535732314666872544e-01
7.251853132453240036e+00 2.577173121915712350e-01
7.293768920862992111e+00 2.582617899510450399e-01
7.335926982976571864e+00 2.173287298191750594e-01
7.378328719138569802e+00 2.085684715819269008e-01
7.420975537787583676e+00 2.152556091437182462e-01
7.463868855503007715e+00 2.256665856676251247e-01
7.507010097052058128e+00 2.467478138389977982e-01
7.550400695437144982e+00 2.658218204288181896e-01
7.594042091943437711e+00 2.760264571668927247e-01
7.637935736186750368e+00 2.830776602146814480e-01
7.682083086161699548e+00 2.849509229823948830e-01
7.726485608290103890e+00 2.761841828670577592e-01
7.771144777469737974e+00 2.557846322080422063e-01
7.816062077123293150e+00 2.506455831965007652e-01
7.861238999247660786e+00 2.679068245474381382e-01
7.906677044463489068e+00 2.636557928340861334e-01
7.952377722065040011e+00 5.198736305610747177e-01
7.998342550070284496e+00 8.172449122749583239e-01
