2.511886431509579437e-02 9.704947633511592509e-01
2.526405161860213050e-02 9.897353296757396279e-01
2.541007810627042562e-02 9.978766472902095286e-01
2.555694862859406516e-02 1.015400006617383832e+00
2.570466806410236227e-02 1.020534810566101847e+00
2.585324131952258450e-02 1.017375074948459135e+00
2.600267332994290678e-02 1.008342454028480217e+00
2.615296905897638788e-02 9.984334782861039592e-01
2.630413349892583852e-02 9.900511163814649240e-01
2.645617167094958117e-02 9.840044549629604065e-01
2.660908862522835469e-02 9.803084425137014168e-01
2.676288944113292337e-02 9.790845354589668981e-01
2.691757922739292791e-02 9.798001940879185190e-01
2.707316312226650673e-02 9.814146302639346064e-01
2.722964629371095457e-02 9.835167607014554392e-01
2.738703393955444973e-02 9.854750119890305360e-01
2.754533128766867636e-02 9.865886739808193973e-01
2.770454359614242176e-02 9.873174125324932771e-01
2.786467615345633933e-02 9.882741154516140325e-01
2.802573427865854422e-02 9.889804312786210083e-01
2.818772332154127064e-02 9.888907403799533924e-01
2.835064866281864979e-02 9.884348116450599742e-01
2.851451571430539678e-02 9.880274654802780887e-01
2.867932991909653145e-02 9.879415117023884196e-01
2.884509675174826843e-02 9.883862290749483304e-01
2.901182171845980567e-02 9.898773402652965014e-01
2.917951035725619563e-02 9.924522164812111802e-01
2.934816823817239240e-02 9.958679448721340366e-01
2.951780096343814899e-02 1.000154422404287757e+00
2.968841416766421215e-02 1.005292963473783274e+00
2.986001351802944001e-02 1.011395681703955107e+00
3.003260471446899879e-02 1.018582164959693337e+00
3.020619348986378766e-02 1.027024320796777301e+00
3.038078561023081769e-02 1.036720280654818360e+00
3.055638687491469066e-02 1.046115402290245244e+00
3.073300311678033025e-02 1.053567221121208375e+00
3.091064020240668481e-02 1.059651253747491140e+00
3.108930403228154019e-02 1.065341020131714167e+00
3.126900054099761295e-02 1.071634331521554628e+00
3.144973569744963920e-02 1.079028224980461692e+00
3.163151550503255638e-02 1.087860909938827447e+00
3.181434600184106232e-02 1.098149203440151878e+00
3.199823326087009728e-02 1.109480153638486843e+00
3.218318339021652985e-02 1.121556659431996117e+00
3.236920253328214730e-02 1.134442251873902130e+00
3.255629686897762443e-02 1.148213541940150240e+00
3.274447261192782455e-02 1.162956483408630337e+00
3.293373601267822470e-02 1.178170302095115085e+00
3.312409335790250653e-02 1.193210344665431411e+00
3.331555097061136145e-02 1.208321392530526284e+00
3.350811521036261426e-02 1.222584113979056974e+00
3.370179247347232510e-02 1.235385621203462403e+00
3.389658919322740410e-02 1.247867604601364366e+00
3.409251184009919750e-02 1.261216600019719358e+00
3.428956692195841288e-02 1.276165083130979427e+00
3.448776098429136294e-02 1.292939149742201810e+00
3.468710061041735404e-02 1.311609805148165275e+00
3.488759242170727526e-02 1.332266740247537662e+00
3.508924307780367929e-02 1.353857955541363678e+00
3.529205927684192501e-02 1.375892019647360742e+00
3.549604775567258980e-02 1.399047219986702340e+00
3.570121529008542238e-02 1.423988764057839473e+00
3.590756869503420462e-02 1.451656537736392583e+00
3.611511482486330638e-02 1.482932501525926039e+00
3.632386057353523962e-02 1.518694878809226489e+00
3.653381287485973905e-02 1.551467559470274926e+00
3.674497870272393912e-02 1.568596652555389603e+00
3.695736507132423021e-02 1.570795948133133946e+00
3.717097903539903075e-02 1.564439105690070608e+00
3.738582769046329413e-02 1.554670271976862361e+00
3.760191817304411876e-02 1.545460137819937518e+00
3.781925766091774610e-02 1.534657990211663270e+00
3.803785337334809891e-02 1.520161698714518783e+00
3.825771257132654091e-02 1.505112313342258146e+00
3.847884255781295476e-02 1.491839928899848067e+00
3.870125067797849233e-02 1.482457887187143664e+00
3.892494431944945599e-02 1.477065221904756420e+00
3.914993091255265789e-02 1.471373586960144308e+00
3.937621793056233360e-02 1.462079367585718659e+00
3.960381288994833243e-02 1.451310854064444822e+00
3.983272335062570252e-02 1.442349238439244452e+00
4.006295691620595512e-02 1.437612437853363900e+00
4.029452123424955012e-02 1.438051549544757224e+00
4.052742399651988042e-02 1.442784613009859829e+00
4.076167293923887297e-02 1.452357247882232860e+00
4.099727584334383890e-02 1.466857276500155072e+00
4.123424053474603751e-02 1.478619864148327689e+00
4.147257488459059338e-02 1.477536099122761293e+00
4.171228680951784978e-02 1.465455856208474295e+00
4.195338427192649156e-02 1.449470322081370943e+00
4.219587528023795858e-02 1.435820488440401554e+00
4.243976788916238585e-02 1.427692250748654024e+00
4.268507019996626434e-02 1.422897524790717405e+00
4.293179036074151744e-02 1.415552213901922318e+00
4.317993656667604152e-02 1.405779643067935902e+00
4.342951706032609216e-02 1.395026078029773409e+00
4.368054013188996804e-02 1.385373095060677295e+00
4.393301411948334623e-02 1.376996338837205069e+00
4.418694740941636612e-02 1.369350189725795586e+00
4.444234843647213579e-02 1.362985873041176799e+00
4.469922568418681352e-02 1.358174330039739974e+00
4.495758768513159753e-02 1.355248164470710837e+00
4.521744302119593689e-02 1.353572065801860846e+00
4.547880032387276866e-02 1.353108662825411868e+00
4.574166827454511502e-02 1.352880698457965103e+00
4.600605560477452616e-02 1.352032372041401143e+00
4.627197109659098723e-02 1.351103697528114100e+00
4.653942358278480296e-02 1.349554660965709862e+00
4.680842194719982141e-02 1.347863613813748529e+00
4.707897512502866311e-02 1.345118698602443263e+00
4.735109210310945588e-02 1.334056821100111145e+00
4.762478192022426976e-02 1.313207424280681268e+00
4.790005366739954334e-02 1.288280828692655477e+00
4.817691648820784933e-02 1.262076137798616937e+00
4.845537957907175564e-02 1.237556888375372921e+00
4.873545218956924774e-02 1.207848646752132771e+00
4.901714362274099679e-02 1.163341406848745097e+00
4.930046323539925834e-02 1.107671387182024514e+00
4.958542043843887359e-02 1.049179841328053531e+00
4.987202469714965836e-02 9.949018991510688581e-01
5.016028553153097091e-02 9.469565081320916455e-01
5.045021251660784106e-02 9.032135094277673470e-01
5.074181528274907677e-02 8.628133652591986058e-01
5.103510351598705003e-02 8.261708960327227569e-01
5.133008695833959217e-02 7.932431248593950768e-01
5.162677540813340182e-02 7.637796646471017858e-01
5.192517872032970105e-02 7.370891480519472516e-01
5.222530680685147364e-02 7.128856853344286426e-01
5.252716963691266006e-02 6.909992374991552611e-01
5.283077723734942721e-02 6.711252292027352073e-01
5.313613969295318679e-02 6.532393691601127150e-01
5.344326714680543849e-02 6.366708441916700822e-01
5.375216980061491706e-02 6.210067024514585032e-01
5.406285791505632127e-02 6.065365707997589784e-01
5.437534181011107609e-02 5.935145734494627900e-01
5.468963186541032917e-02 5.820584297050709344e-01
5.500573852057948770e-02 5.721494539626945652e-01
5.532367227558519784e-02 5.636717954782213269e-01
5.564344369108398941e-02 5.565451061549281375e-01
5.596506338877313413e-02 5.506441924467582183e-01
5.628854205174332881e-02 5.462624183347701834e-01
5.661389042483377931e-02 5.438893466408577515e-01
5.694111931498885282e-02 5.432820645144628147e-01
5.727023959161724881e-02 5.439958545830254621e-01
5.760126218695296035e-02 5.459410259478781891e-01
5.793419809641841417e-02 5.494165482712459747e-01
5.826905837898961604e-02 5.546578601621315885e-01
5.860585415756369709e-02 5.612893809823642499e-01
5.894459661932811845e-02 5.692270255144431523e-01
5.928529701613251268e-02 5.788949569666504980e-01
5.962796666486229469e-02 5.900764223338729186e-01
5.997261694781454155e-02 6.005198063474769254e-01
6.031925931307623168e-02 6.086181470730019916e-01
6.066790527490428103e-02 6.162045022519663240e-01
6.101856641410823012e-02 6.248877023792194230e-01
6.137125437843479747e-02 6.336680676466956985e-01
6.172598088295483398e-02 6.434593240845709605e-01
6.208275771045231733e-02 6.531029642517225398e-01
6.244159671181598315e-02 6.590001408391145121e-01
6.280250980643269088e-02 6.613489212479712887e-01
6.316550898258359303e-02 6.634510516854921214e-01
6.353060629784218483e-02 6.668537001536927189e-01
6.389781387947492119e-02 6.720781950010780159e-01
6.426714392484385308e-02 6.809594625295553039e-01
6.463860870181208085e-02 6.948970544704162755e-01
6.501222054915094251e-02 7.152587570283410745e-01
6.538799187695008841e-02 7.423995966772223287e-01
6.576593516702965159e-02 7.615000209726346947e-01
6.614606297335466623e-02 7.548946599978466621e-01
6.652838792245242827e-02 7.290917095874231979e-01
6.691292271383147972e-02 7.047593162030698632e-01
6.729968012040381253e-02 6.908572269095982765e-01
6.768867298890894613e-02 6.837735144752499217e-01
6.807991424034069705e-02 6.813985742209486274e-01
6.847341687037629410e-02 6.832989001364675463e-01
6.886919394980822728e-02 6.895660516808631568e-01
6.926725862497820629e-02 7.011660745752008594e-01
6.966762411821400547e-02 7.168844045666906695e-01
7.007030372826857090e-02 7.290244414134225970e-01
7.047531083076181979e-02 7.363305125340507962e-01
7.088265887862478520e-02 7.468617188859334455e-01
7.129236140254673060e-02 7.607712824209608149e-01
7.170443201142430445e-02 7.712651175650651059e-01
7.211888439281383123e-02 7.741669918490384772e-01
7.253573231338585059e-02 7.738979191530358515e-01
7.295498961938230720e-02 7.730159586494715906e-01
7.337667023707672431e-02 7.697441094084944702e-01
7.380078817323644513e-02 7.640786343093269872e-01
7.422735751558823258e-02 7.590615496651104133e-01
7.465639243328600627e-02 7.534521313776101348e-01
7.508790717738160481e-02 7.477268623459976116e-01
7.552191608129793510e-02 7.425472129479460115e-01
7.595843356130543844e-02 7.336267056513017248e-01
7.639747411700059665e-02 7.191864709658246646e-01
7.683905233178781047e-02 7.055216888417441545e-01
7.728318287336367887e-02 6.967487978158235506e-01
7.772988049420428980e-02 6.938618720149615227e-01
7.817916003205507836e-02 6.979969961556137248e-01
7.863103641042397396e-02 7.091186675903911052e-01
7.908552463907676799e-02 7.282919657409707703e-01
7.954263981453599253e-02 7.574844846968724621e-01
8.000239712058217212e-02 7.998372744718496019e-01
8.046481182875830918e-02 8.548420866401191809e-01
8.092989929887701994e-02 8.972696188306525933e-01
8.139767497953076525e-02 9.068758877900260362e-01
8.186815440860513438e-02 9.034676336406587405e-01
8.234135321379483508e-02 8.990671739247817484e-01
8.281728711312283386e-02 9.010328994539122949e-01
8.329597191546232737e-02 9.114370436993491920e-01
8.377742352106211376e-02 9.315614390878829143e-01
8.426165792207447602e-02 9.522333226703663112e-01
8.474869120308657633e-02 9.677629280625764663e-01
8.523853954165466762e-02 9.765283448469413985e-01
8.573121920884146929e-02 9.771337584129474729e-01
8.622674656975649887e-02 9.766161671852200410e-01
8.672513808409994251e-02 9.860729513134810498e-01
8.722641030670905127e-02 1.009444904657935682e+00
8.773057988810836760e-02 1.046248070077857584e+00
8.823766357506258873e-02 1.092091330659314075e+00
8.874767821113291322e-02 1.138984722179336107e+00
8.926064073723644077e-02 1.183434036710667492e+00
8.977656819220893036e-02 1.215339705351262900e+00
9.029547771337091688e-02 1.217312905121949118e+00
9.081738653709675591e-02 1.189975866632232648e+00
9.134231199938727674e-02 1.151696538505073697e+00
9.187027153644546085e-02 1.108291749231141710e+00
9.240128268525588107e-02 1.065735286373773683e+00
9.293536308416693037e-02 1.025807887983598787e+00
9.347253047347692245e-02 9.845781030023550429e-01
9.401280269602330097e-02 9.455924590481891157e-01
9.455619769777530437e-02 9.032396692732119758e-01
9.510273352842993355e-02 8.548607722440083601e-01
9.565242834201181932e-02 8.072349050515343905e-01
9.620530039747586526e-02 7.666292192401857886e-01
9.676136805931405405e-02 7.356129853447103129e-01
9.732064979816532069e-02 7.113441230135798543e-01
9.788316419142908953e-02 6.812098496216689725e-01
9.844892992388228070e-02 6.420280068266678297e-01
9.901796578830000806e-02 6.072260695832658595e-01
9.959029068607995472e-02 5.815053358299543396e-01
1.001659236278700377e-01 5.621246274762058404e-01
1.007448837341998471e-01 5.425570630835666597e-01
1.013271902361159299e-01 5.226139180527570316e-01
1.019128624758204177e-01 4.997427388925294034e-01
1.025019199073136378e-01 4.759335424170702544e-01
1.030943820970401520e-01 4.548412327470825467e-01
1.036902687245389171e-01 4.378448074495800424e-01
1.042895995830967204e-01 4.232251909667678613e-01
1.048923945804057928e-01 4.107263905253656922e-01
1.054986737392250712e-01 4.012322351893267136e-01
1.061084571980452224e-01 3.951538082442107025e-01
1.067217652117575799e-01 3.920164953512350614e-01
1.073386181523270227e-01 3.908729363932236245e-01
1.079590365094685589e-01 3.909327303256686648e-01
1.085830408913279893e-01 3.906561833881103674e-01
1.092106520251663743e-01 3.891277009899840600e-01
1.098418907580486492e-01 3.869956735862405961e-01
1.104767780575359459e-01 3.840807193795449104e-01
1.111153350123821049e-01 3.818328412316892573e-01
1.117575828332342536e-01 3.807173106795114781e-01
1.124035428533372433e-01 3.814161522649628933e-01
1.130532365292423180e-01 3.836546876108740123e-01
1.137066854415197809e-01 3.876328526788580531e-01
1.143639112954759340e-01 3.937673364356413797e-01
1.150249359218739331e-01 4.031026641386231679e-01
1.156897812776589568e-01 4.167431549776478006e-01
1.163584694466876512e-01 4.348457680253835500e-01
1.170310226404614878e-01 4.561417507777621450e-01
1.177074631988646730e-01 4.780580955792580466e-01
1.183878135909062629e-01 5.022746382194990256e-01
1.190720964154663303e-01 5.266294543285192642e-01
1.197603344020467531e-01 5.474358742590040849e-01
1.204525504115261381e-01 5.604971113774674940e-01
1.211487674369193246e-01 5.632046553809944012e-01
1.218490086041408849e-01 5.621750786067063466e-01
1.225532971727734816e-01 5.613360949920869203e-01
1.232616565368404721e-01 5.634326197484411658e-01
1.239741102255828148e-01 5.699314727810613768e-01
1.246906819042407494e-01 5.809970874041714417e-01
1.254113953748399735e-01 5.958334568920969909e-01
1.261362745769819826e-01 6.129924469434343548e-01
1.268653435886395453e-01 6.276905429625806443e-01
1.275986266269562852e-01 6.375584103764011523e-01
1.283361480490512463e-01 6.441637713511890739e-01
1.290779323528278288e-01 6.488762806520137483e-01
1.298240041777875831e-01 6.554311904963012747e-01
1.305743883058487209e-01 6.665192278440782436e-01
1.313291096621690413e-01 6.806623614277189649e-01
1.320881933159741561e-01 6.933704406326787195e-01
1.328516644813900749e-01 7.047126021933473039e-01
1.336195485182806453e-01 7.165592750590207283e-01
1.343918709330900185e-01 7.293906792496483993e-01
1.351686573796898327e-01 7.411401869750986471e-01
1.359499336602315311e-01 7.547377009251784452e-01
1.367357257260030934e-01 7.735970809304216766e-01
1.375260596782912625e-01 7.996167843459585090e-01
1.383209617692485738e-01 8.332751626313491533e-01
1.391204584027652402e-01 8.742284006750343783e-01
1.399245761353461737e-01 9.226614859555165582e-01
1.407333416769932510e-01 9.787930400382973684e-01
1.415467818920924381e-01 1.044691559273897674e+00
1.423649238003061035e-01 1.124899513967751563e+00
1.431877945774705507e-01 1.214906199341036164e+00
1.440154215564987683e-01 1.303797354162143263e+00
1.448478322282882313e-01 1.361322854295049067e+00
1.456850542426340045e-01 1.357070010849895647e+00
1.465271154091474515e-01 1.338014432003816978e+00
1.473740436981796631e-01 1.330134712843794143e+00
1.482258672417506584e-01 1.336213139788910320e+00
1.490826143344838317e-01 1.358264020938407590e+00
1.499443134345459228e-01 1.400230018712880664e+00
1.508109931645919832e-01 1.467230988577936435e+00
1.516826823127164214e-01 1.562837749436777113e+00
1.525594098334091819e-01 1.651639213359216374e+00
1.534412048485173929e-01 1.642260908767289695e+00
1.543280966482127869e-01 1.576035391463630697e+00
1.552201146919646169e-01 1.494224211956094228e+00
1.561172886095181789e-01 1.415914714617370063e+00
1.570196482018790252e-01 1.350716905527610256e+00
1.579272234423027277e-01 1.301145866970283338e+00
1.588400444772908315e-01 1.270529504998034298e+00
1.597581416275917487e-01 1.259106995340642854e+00
1.606815453892082024e-01 1.249627788487715163e+00
1.616102864344102497e-01 1.232194120059208364e+00
1.625443956127538836e-01 1.212596658700346497e+00
1.634839039521058524e-01 1.189226573916280616e+00
1.644288426596743347e-01 1.161235539290446539e+00
1.653792431230455828e-01 1.135120539295075393e+00
1.663351369112262834e-01 1.114138474688033398e+00
1.672965557756923849e-01 1.096572138471914037e+00
1.682635316514438095e-01 1.085839127598029474e+00
1.692360966580649384e-01 1.090602088029354766e+00
1.702142831007917856e-01 1.114033835306254439e+00
1.711981234715850009e-01 1.128225551460006804e+00
1.721876504502090899e-01 1.112223200289403247e+00
1.731828969053178791e-01 1.091807309480200106e+00
1.741838958955464201e-01 1.092266975335871360e+00
1.751906806706090836e-01 1.115069017761709302e+00
1.762032846724038426e-01 1.149648596318831206e+00
1.772217415361232173e-01 1.185059684249017087e+00
1.782460850913716033e-01 1.218947895462243247e+00
1.792763493632887617e-01 1.239593619199281793e+00
1.803125685736800821e-01 1.250431269454945538e+00
1.813547771421535060e-01 1.266835361109164282e+00
1.824030096872625850e-01 1.290627740541123281e+00
1.834573010276564775e-01 1.315972893656264242e+00
1.845176861832364401e-01 1.336997935152251404e+00
1.855842003763193415e-01 1.355251901591488561e+00
1.866568790328071992e-01 1.373367594561946792e+00
1.877357577833641822e-01 1.387862017498701972e+00
1.888208724646001924e-01 1.392501652944359458e+00
1.899122591202609955e-01 1.385948611660460905e+00
1.910099540024255971e-01 1.367750702032890953e+00
1.921139935727104175e-01 1.340804192664456052e+00
1.932244145034804905e-01 1.311370629418385336e+00
1.943412536790674328e-01 1.286853248555530183e+00
1.954645481969946030e-01 1.272657795280999871e+00
1.965943353692096995e-01 1.263077686167071167e+00
1.977306527233236300e-01 1.248618765877705039e+00
1.988735380038573475e-01 1.227305966081826405e+00
2.000230291734956534e-01 1.194159573342996383e+00
2.011791644143479663e-01 1.139083755879948257e+00
2.023419821292166965e-01 1.066961061988897175e+00
2.035115209428728922e-01 9.933360455451643034e-01
2.046878197033392410e-01 9.305561535986507371e-01
2.058709174831803157e-01 8.839019378084084222e-01
2.070608535808005912e-01 8.543375753351142299e-01
2.082576675217497619e-01 8.413921889607631766e-01
2.094613990600355524e-01 8.427169982764984857e-01
2.106720881794442723e-01 8.504939466151314464e-01
2.118897750948690872e-01 8.573272719573661327e-01
2.131145002536455058e-01 8.632263171051471895e-01
2.143463043368951104e-01 8.693645379827081854e-01
2.155852282608767823e-01 8.725709876100734563e-01
2.168313131783459469e-01 8.712256241300602166e-01
2.180846004799212312e-01 8.731016587605231472e-01
2.193451317954595303e-01 8.831470394112899136e-01
2.206129489954388734e-01 8.958027989253602996e-01
2.218880941923488948e-01 8.991176250552821436e-01
2.231706097420899648e-01 8.879380282484486964e-01
2.244605382453801201e-01 8.697345129397118235e-01
2.257579225491697927e-01 8.515608945971977484e-01
2.270628057480653939e-01 8.363339959879905194e-01
2.283752311857605299e-01 8.243957636632606167e-01
2.296952424564759343e-01 8.115363310667993435e-01
2.310228834064072811e-01 7.954928715676397033e-01
2.323581981351817149e-01 7.794662291119801578e-01
2.337012309973229007e-01 7.671000964581903281e-01
2.350520266037238737e-01 7.639291494782144420e-01
2.364106298231291869e-01 7.766858112532858405e-01
2.377770857836252472e-01 8.086680908698262726e-01
2.391514398741393099e-01 8.402953440124745210e-01
2.405337377459470793e-01 8.472594685819327953e-01
2.419240253141889951e-01 8.370403118149976063e-01
2.433223487593957901e-01 8.211426000261727864e-01
2.447287545290218747e-01 8.022514544943181170e-01
2.461432893389885190e-01 7.867741687929973304e-01
2.475660001752356676e-01 7.673243237048592569e-01
2.489969342952823017e-01 7.332249651676865376e-01
2.504361392297964617e-01 6.969412595358810414e-01
2.518836627841739007e-01 6.738309046458732521e-01
2.533395530401260642e-01 6.666537641920795565e-01
2.548038583572773130e-01 6.657419067222927200e-01
2.562766273747711931e-01 6.611826193733584267e-01
2.577579090128856998e-01 6.580359636784381960e-01
2.592477524746588102e-01 6.639406145073859511e-01
2.607462072475227322e-01 6.736477857277602954e-01
2.622533231049470337e-01 6.753313586381659572e-01
2.637691501080930423e-01 6.790068169231469053e-01
2.652937386074759596e-01 6.938020780825163714e-01
2.668271392446371348e-01 7.211279052098995557e-01
2.683694029538270520e-01 7.614701240064121190e-01
2.699205809636965880e-01 8.019730389963708461e-01
2.714807247989985406e-01 8.182650170272552925e-01
2.730498862822996475e-01 8.126182275319768777e-01
2.746281175357012105e-01 7.931235369945049962e-01
2.762154709825712651e-01 7.648372698272234427e-01
2.778119993492854656e-01 7.353607296922077818e-01
2.794177556669779627e-01 7.097838750888422199e-01
2.810327932733039380e-01 6.905283602811504995e-01
2.826571658142107979e-01 6.759816176535057286e-01
2.842909272457196934e-01 6.596971138641769539e-01
2.859341318357184192e-01 6.472095247851082922e-01
2.875868341657639160e-01 6.439787838726872549e-01
2.892490891328946545e-01 6.441002402979661978e-01
2.909209519514548425e-01 6.387001007740236158e-01
2.926024781549284581e-01 6.272177971841870203e-01
2.942937235977828858e-01 6.163203529960785687e-01
2.959947444573255426e-01 6.132745995621594615e-01
2.977055972355692748e-01 6.124972784403738268e-01
2.994263387611086902e-01 6.038346324773987694e-01
3.011570261910088142e-01 5.933127689274607652e-01
3.028977170127025720e-01 5.899848628748165513e-01
3.046484690459013711e-01 5.966107780138824035e-01
3.064093404445150659e-01 6.076707869558258812e-01
3.081803896985833569e-01 6.171331767652533662e-01
3.099616756362194026e-01 6.207787380840118496e-01
3.117532574255635347e-01 6.193903977150535534e-01
3.135551945767480198e-01 6.147376823466739193e-01
3.153675469438748658e-01 6.052734239768575719e-01
3.171903747270033436e-01 5.882433645923547116e-01
3.190237384741493876e-01 5.664839788635270823e-01
3.208676990832974307e-01 5.455747881116522757e-01
3.227223178044230090e-01 5.278328072189756304e-01
3.245876562415266342e-01 5.142035277422843942e-01
3.264637763546810456e-01 5.055707787455319124e-01
3.283507404620888970e-01 5.011759247108215076e-01
3.302486112421523790e-01 4.981731481658471239e-01
3.321574517355558864e-01 4.977956989672878696e-01
3.340773253473591775e-01 5.000603941586436729e-01
3.360082958491044103e-01 5.088052567787307856e-01
3.379504273809338932e-01 5.193943885026695018e-01
3.399037844537201591e-01 5.274385409769162258e-01
3.418684319512097503e-01 5.317679953980148921e-01
3.438444351321779946e-01 5.298975664487184378e-01
3.458318596325960503e-01 5.254559984042853626e-01
3.478307714678123830e-01 5.232959425947083520e-01
3.498412370347446232e-01 5.251177889738931626e-01
3.518633231140849693e-01 5.298209554727731918e-01
3.538970968725191901e-01 5.318857147025159993e-01
3.559426258649572294e-01 5.329975081339159981e-01
3.579999780367765227e-01 5.411668541542195010e-01
3.600692217260801353e-01 5.615790078426449172e-01
3.621504256659661136e-01 5.822452857439617269e-01
3.642436589868098817e-01 5.932324208307376834e-01
3.663489912185618480e-01 6.137716366256088518e-01
3.684664922930561692e-01 6.416823231547199580e-01
3.705962325463332818e-01 6.565112184010897245e-01
3.727382827209774208e-01 6.483624265450641522e-01
3.748927139684648524e-01 6.244299050839370313e-01
3.770595978515288715e-01 5.921374444428380013e-01
3.792390063465359562e-01 5.510365901284287604e-01
3.814310118458763554e-01 5.132019793738300528e-01
3.836356871603694985e-01 4.852352360330516867e-01
3.858531055216822825e-01 4.660656750032498019e-01
3.880833405847607942e-01 4.533987041268459639e-01
3.903264664302779630e-01 4.474006252784528681e-01
3.925825575670940371e-01 4.489627417635795870e-01
3.948516889347303827e-01 4.570237112813265168e-01
3.971339359058604912e-01 4.677548535948221620e-01
3.994293742888124776e-01 4.803115794082804535e-01
4.017380803300868997e-01 4.924796446608459832e-01
4.040601307168905088e-01 5.089061590397317980e-01
4.063956025796829352e-01 5.243199136878295974e-01
4.087445734947380283e-01 5.329713482884712583e-01
4.111071214867221824e-01 5.399541584618184897e-01
4.134833250312844322e-01 5.474863253895045911e-01
4.158732630576643108e-01 5.523464509610529483e-01
4.182770149513134750e-01 5.560985202219792534e-01
4.206946605565314856e-01 5.585070945632809591e-01
4.231262801791195738e-01 5.575933685331052603e-01
4.255719545890473410e-01 5.540188125091252136e-01
4.280317650231349469e-01 5.464343258905497436e-01
4.305057931877529498e-01 5.364786361384505931e-01
4.329941212615355806e-01 5.294715346800475952e-01
4.354968318981098929e-01 5.305160599374468822e-01
4.380140082288422887e-01 5.402475224428769929e-01
4.405457338655994204e-01 5.475834905297277677e-01
4.430920929035247480e-01 5.473461833603365800e-01
4.456531699238333033e-01 5.349090454117683135e-01
4.482290499966203323e-01 5.123181503098768186e-01
4.508198186836865351e-01 4.845681599742117096e-01
4.534255620413813470e-01 4.548318899451380126e-01
4.560463666234608748e-01 4.329435735494757131e-01
4.586823194839622087e-01 4.235054750251039946e-01
4.613335081800964965e-01 4.230775746960441785e-01
4.640000207751556194e-01 4.325380959450828011e-01
4.666819458414390720e-01 4.518982501345532032e-01
4.693793724631949438e-01 4.756924981269011754e-01
4.720923902395786631e-01 4.933522623624658765e-01
4.748210892876304490e-01 5.024017003259447778e-01
4.775655602452679171e-01 5.076075095694410066e-01
4.803258942742961168e-01 5.061705866303711776e-01
4.831021830634371073e-01 4.995465400516941878e-01
4.858945188313745223e-01 4.965400263859420238e-01
4.887029943298164536e-01 4.895516105314280386e-01
4.915277028465775411e-01 4.676277914883764097e-01
4.943687382086768833e-01 4.521336887435555840e-01
4.972261947854541564e-01 4.482713744196838435e-01
5.001001674917054940e-01 4.425741337939048670e-01
5.029907517908354109e-01 4.411129195697792715e-01
5.058980436980275996e-01 4.425872137166271814e-01
5.088221397834349347e-01 4.437644067616389187e-01
5.117631371753864622e-01 4.430767765385210111e-01
5.147211335636141527e-01 4.356305633887246898e-01
5.176962272024980827e-01 4.167599720211479508e-01
5.206885169143288250e-01 3.982219844027967692e-01
5.236981020925914887e-01 3.890641699367611839e-01
5.267250827052667450e-01 3.875805329879686290e-01
5.297695592981502832e-01 3.916670745585092983e-01
5.328316329981945820e-01 4.032502804093468507e-01
5.359114055168668900e-01 4.089419153539590734e-01
5.390089791535270791e-01 3.995916391678659974e-01
5.421244567988269258e-01 3.878215772781377080e-01
5.452579419381275994e-01 3.823653809425278660e-01
5.484095386549359130e-01 3.848131950519966815e-01
5.515793516343632241e-01 3.931880827150799895e-01
5.547674861666017643e-01 4.034651648540711899e-01
5.579740481504216199e-01 4.117223332126533908e-01
5.611991440966896949e-01 4.216182290323074455e-01
5.644428811319066597e-01 4.343001483918225714e-01
5.677053670017649933e-01 4.415763225462282504e-01
5.709867100747291202e-01 4.370936461732392031e-01
5.742870193456336425e-01 4.226552800481510608e-01
5.776064044393048880e-01 4.108310299071445404e-01
5.809449756142023302e-01 4.070322466364955649e-01
5.843028437660793273e-01 4.067108542496035151e-01
5.876801204316687288e-01 4.188247312508907028e-01
5.910769177923870243e-01 4.429534515528530392e-01
5.944933486780595855e-01 4.576870502193886026e-01
5.979295265706701112e-01 4.557998042265920535e-01
6.013855656081297241e-01 4.432860553020785965e-01
6.048615805880666052e-01 4.318261744369090160e-01
6.083576869716416091e-01 4.348868763539394666e-01
6.118740008873820857e-01 4.416006138312840723e-01
6.154106391350390171e-01 4.387809562044227008e-01
6.189677191894675801e-01 4.302790064348936405e-01
6.225453592045292472e-01 4.139926340851760034e-01
6.261436780170150929e-01 3.966991076858371601e-01
6.297627951505950783e-01 3.814124151441850574e-01
6.334028308197864332e-01 3.673234698118226227e-01
6.370639059339481269e-01 3.626800972453874672e-01
6.407461421012968783e-01 3.655744972878051668e-01
6.444496616329448146e-01 3.667778501782615885e-01
6.481745875469649976e-01 3.587112749793480160e-01
6.519210435724759334e-01 3.482062284729101065e-01
6.556891541537508417e-01 3.439122766992006586e-01
6.594790444543533470e-01 3.435292218194746505e-01
6.632908403612935988e-01 3.402143956895527510e-01
6.671246684892090384e-01 3.362343620611798478e-01
6.709806561845721440e-01 3.380543398799757404e-01
6.748589315299192704e-01 3.455360556771612801e-01
6.787596233481042463e-01 3.623998131870513340e-01
6.826828612065795054e-01 3.916259662299533817e-01
6.866287754216984229e-01 4.207306628475763755e-01
6.905974970630435195e-01 4.403262556460492139e-01
6.945891579577818664e-01 4.428077038425183298e-01
6.986038906950429173e-01 4.292214012547720392e-01
7.026418286303216520e-01 4.106310939455313780e-01
7.067031058899108098e-01 3.989096146259147879e-01
7.107878573753529938e-01 3.949052897124860073e-01
7.148962187679240854e-01 3.899237077156586517e-01
7.190283265331394169e-01 3.786674999328799585e-01
7.231843179252852583e-01 3.695657422785115775e-01
7.273643309919801681e-01 3.677083932519375487e-01
7.315685045787596597e-01 3.692406127708416919e-01
7.357969783336865133e-01 3.788450131698261614e-01
7.400498927119919523e-01 3.972895727687320022e-01
7.443273889807401344e-01 4.254338293464565712e-01
7.486296092235191768e-01 4.511657744621014876e-01
7.529566963451627126e-01 4.570872423345493374e-01
7.573087940764960946e-01 4.425722652335160046e-01
7.616860469791092436e-01 4.115205286906513660e-01
7.660886004501606950e-01 3.833108724993150584e-01
7.705166007272060691e-01 3.687902897171149719e-01
7.749701948930545203e-01 3.675944110682141663e-01
7.794495308806568268e-01 3.722078866684268017e-01
7.839547574780165728e-01 3.715109136433643044e-01
7.884860243331343055e-01 3.640404092085121612e-01
7.930434819589780027e-01 3.571136558468320787e-01
7.976272817384808533e-01 3.532345244794601324e-01
8.022375759295721220e-01 3.478698876029067133e-01
8.068745176702336597e-01 3.465245241228933626e-01
8.115382609835852801e-01 3.572257694701665431e-01
8.162289607830032212e-01 3.692705097370641565e-01
8.209467728772645856e-01 3.637844164352318499e-01
8.256918539757219788e-01 3.472700797180674481e-01
8.304643616935105666e-01 3.346012402812746922e-01
8.352644545567829981e-01 3.304436934159555306e-01
8.400922920079733069e-01 3.253238379503490263e-01
8.449480344110958940e-01 3.206094600891354340e-01
8.498318430570707127e-01 3.255088254288508454e-01
8.547438801690798726e-01 3.298121200045048274e-01
8.596843089079587719e-01 3.291562553079982467e-01
8.646532933776126528e-01 3.303652138796214222e-01
8.696509986304700179e-01 3.325383496119208027e-01
8.746775906729644667e-01 3.379048550488631397e-01
8.797332364710471753e-01 3.432003551910269290e-01
8.848181039557355687e-01 3.478960474483514531e-01
8.899323620286901937e-01 3.500934744657066555e-01
8.950761805678236760e-01 3.510352289017160676e-01
9.002497304329459826e-01 3.445905641203740877e-01
9.054531834714387717e-01 3.338837130919342089e-01
9.106867125239620497e-01 3.276931725234836779e-01
9.159504914301977996e-01 3.244904600168962983e-01
9.212446950346235841e-01 3.197985048803496100e-01
9.265694991923183466e-01 3.109004203083721163e-01
9.319250807748065135e-01 3.075818570576724365e-01
9.373116176759319629e-01 3.081984819860119074e-01
9.427292888177655206e-01 3.179785270615536619e-01
9.481782741565508710e-01 3.384205777162015982e-01
9.536587546886805544e-01 3.602789971456413776e-01
9.591709124567069367e-01 3.650643803016334066e-01
9.647149305553922582e-01 3.581282841380088455e-01
9.702909931377862174e-01 3.552675181825915018e-01
9.758992854213467405e-01 3.549106231483101781e-01
9.815399936940907288e-01 3.497888991223147004e-01
9.872133053207802211e-01 3.436189127181422109e-01
9.929194087491489684e-01 3.428995169684128097e-01
9.986584935161608723e-01 3.410160080963940965e-01
1.004430750254303728e+00 3.472663425972896678e-01
1.010236370697924935e+00 3.559121715167645750e-01
1.016075547689597958e+00 3.628931131297229440e-01
1.021948475186527761e+00 3.715987359816429469e-01
1.027855348266994762e+00 3.726357869974865622e-01
1.033796363136834096e+00 3.630668892458913666e-01
1.039771717135951290e+00 3.465002328378375962e-01
1.045781608744880131e+00 3.323421507710855316e-01
1.051826237591374280e+00 3.355000178283392143e-01
1.057905804457035748e+00 3.456051924115508545e-01
1.064020511283988890e+00 3.471318062492882994e-01
1.070170561181583713e+00 3.417783807350683323e-01
1.076356158433145582e+00 3.376694164398607589e-01
1.082577508502760022e+00 3.406404274582237046e-01
1.088834818042095476e+00 3.501570055189295316e-01
1.095128294897270704e+00 3.458555795036644676e-01
1.101458148115757263e+00 3.361670938871791359e-01
1.107824587953321727e+00 3.340743062516027817e-01
1.114227825881013212e+00 3.346946683007200884e-01
1.120668074592185315e+00 3.318339023453026893e-01
1.127145548009560017e+00 3.222481875502072879e-01
1.133660461292336441e+00 3.144693706511854092e-01
1.140213030843336250e+00 3.181504346173331665e-01
1.146803474316190341e+00 3.306716577834022397e-01
1.153432010622570836e+00 3.491330344258082308e-01
1.160098859939462601e+00 3.564633968314923074e-01
1.166804243716473621e+00 3.473429535732348583e-01
1.173548384683194445e+00 3.407861751685584695e-01
1.180331506856595603e+00 3.385980909531478011e-01
1.187153835548465874e+00 3.360475060222890553e-01
1.194015597372901416e+00 3.282855061667673824e-01
1.200917020253827294e+00 3.222724788352631098e-01
1.207858333432573428e+00 3.280500675577650571e-01
1.214839767475487387e+00 3.250024455634569209e-01
1.221861554281590267e+00 3.080938426042331146e-01
1.228923927090283863e+00 2.904153927647793454e-01
1.236027120489096909e+00 2.830158936247057500e-01
1.243171370421473965e+00 2.843145430949964303e-01
1.250356914194617142e+00 2.918205501772377919e-01
1.257583990487367132e+00 2.987977546694183806e-01
1.264852839358128644e+00 3.023405451667869337e-01
1.272163702252848472e+00 3.084245777930696986e-01
1.279516822013033517e+00 3.090710996876317451e-01
1.286912442883815677e+00 3.085684569430156010e-01
1.294350810522067352e+00 3.106836673032588592e-01
1.301832172004561583e+00 3.161884462089803449e-01
1.309356775836174380e+00 3.264244200194155732e-01
1.316924871958146337e+00 3.359223124762322765e-01
1.324536711756377994e+00 3.400817279019403561e-01
1.332192548069784932e+00 3.360306889787889051e-01
1.339892635198694837e+00 3.219716406126489905e-01
1.347637228913291185e+00 3.065653602061067518e-01
1.355426586462114891e+00 2.933228727299194150e-01
1.363260966580605249e+00 2.835951473452670291e-01
1.371140629499693731e+00 2.819657626861397093e-01
1.379065836954451285e+00 2.839128026113812986e-01
1.387036852192779834e+00 2.801756818335663368e-01
1.395053939984155722e+00 2.847704718298898485e-01
1.403117366628427343e+00 2.949802857948803925e-01
1.411227399964658957e+00 2.933602439376975513e-01
1.419384309380025577e+00 2.842080351528286641e-01
1.427588365818764915e+00 2.778960381590991902e-01
1.435839841791175742e+00 2.703414485067462403e-01
1.444139011382666204e+00 2.641864105856849831e-01
1.452486150262864761e+00 2.579229961620670974e-01
1.460881535694769973e+00 2.543559143796426669e-01
1.469325446543965796e+00 2.541858753842521357e-01
1.477818163287882181e+00 2.581135893217356703e-01
1.486359968025109168e+00 2.684710195574498415e-01
1.494951144484772509e+00 2.676638014694417977e-01
1.503591978035954568e+00 2.607052825811503327e-01
1.512282755697172298e+00 2.582948396794596535e-01
1.521023766145914724e+00 2.532852292767986957e-01
1.529815299728230382e+00 2.494117035905935031e-01
1.538657648468367833e+00 2.524910911115130219e-01
1.547551106078482119e+00 2.579304704036227136e-01
1.556495967968387184e+00 2.600681034885328757e-01
1.565492531255366693e+00 2.512223386074448617e-01
1.574541094774047689e+00 2.516670559800048279e-01
1.583641959086324214e+00 2.658400865298681248e-01
1.592795426491339539e+00 2.718587195425390957e-01
1.602001801035530804e+00 2.639098636481266302e-01
1.611261388522727822e+00 2.625981342551136355e-01
1.620574496524306296e+00 2.572409716201158325e-01
1.629941434389411858e+00 2.431034437176418095e-01
1.639362513255227638e+00 2.385647105329855022e-01
1.648838046057315765e+00 2.445497094586561726e-01
1.658368347540009280e+00 2.523845831693452557e-01
1.667953734266863997e+00 2.577454829251208945e-01
1.677594524631179640e+00 2.655560653507541558e-01
1.687291038866571835e+00 2.736843030425017420e-01
1.697043599057607821e+00 2.893391019807686204e-01
1.706852529150509445e+00 3.063392643990489606e-01
1.716718154963911225e+00 3.112162070140975234e-01
1.726640804199680579e+00 3.073389442071144395e-01
1.736620806453807120e+00 2.948849892150460783e-01
1.746658493227349673e+00 2.845350332208875233e-01
1.756754197937443251e+00 2.826533929092576725e-01
1.766908255928380411e+00 2.901818227161659380e-01
1.777121004482747679e+00 3.052891334604829754e-01
1.787392782832625482e+00 3.166406378230959273e-01
1.797723932170862682e+00 3.106220048104249010e-01
1.808114795662403074e+00 3.002907344201554141e-01
1.818565718455690483e+00 2.910264120119521181e-01
1.829077047694130043e+00 2.767562163218656446e-01
1.839649132527616748e+00 2.605016094987594455e-01
1.850282324124138622e+00 2.528704088704612496e-01
1.860976975681438272e+00 2.593879475069705287e-01
1.871733442438742401e+00 2.676077446577745933e-01
1.882552081688566581e+00 2.660605766557591623e-01
1.893433252788581767e+00 2.659540687135914516e-01
1.904377317173546302e+00 2.729929356986059430e-01
1.915384638367318981e+00 2.663445978348731313e-01
1.926455581994929611e+00 2.635380201307340742e-01
1.937590515794722412e+00 2.701975693568003933e-01
1.948789809630575354e+00 2.793591209436137590e-01
1.960053835504184105e+00 2.869566874849115989e-01
1.971382967567415045e+00 2.818069350530825745e-01
1.982777582134739092e+00 2.760854031422478316e-01
1.994238057695728816e+00 2.866203466149082613e-01
2.005764774927627947e+00 2.926202940236901640e-01
2.017358116708002580e+00 2.857103577055102872e-01
2.029018468127450348e+00 2.649581260263037530e-01
2.040746216502401289e+00 2.488006843434207305e-01
2.052541751387976898e+00 2.468087989688453610e-01
2.064405464590929995e+00 2.526256274595143347e-01
2.076337750182662312e+00 2.572690000259494347e-01
2.088339004512313135e+00 2.588834362019655222e-01
2.100409626219920778e+00 2.618245502541059477e-01
2.112550016249669760e+00 2.644517461609098286e-01
2.124760577863207711e+00 2.672919579520491862e-01
2.137041716653034662e+00 2.768047988919772329e-01
2.149393840555982482e+00 2.746017661934552767e-01
2.161817359866763155e+00 2.690913816065670927e-01
2.174312687251592546e+00 2.774232923807056217e-01
2.186880237761905654e+00 2.667575496808216595e-01
2.199520428848138476e+00 2.549276938586483854e-01
2.212233680373592026e+00 2.532216982235758196e-01
2.225020414628386511e+00 2.693230830947916377e-01
2.237881056343477670e+00 2.775335374436511127e-01
2.250816032704775704e+00 2.828888315182599977e-01
2.263825773367328598e+00 2.968320291402876676e-01
2.276910710469592924e+00 3.004981446233241371e-01
2.290071278647793029e+00 3.064569837035501232e-01
2.303307915050354371e+00 3.122868921169414946e-01
2.316621059352423018e+00 3.115674963672120934e-01
2.330011153770474852e+00 3.078098214251191456e-01
2.343478643077001600e+00 2.955389853511636855e-01
2.357023974615280792e+00 2.812575782987437600e-01
2.370647598314243876e+00 2.714438991362016496e-01
2.384349966703414481e+00 2.677759150927762621e-01
2.398131534927939956e+00 2.696650296459617291e-01
2.411992760763713051e+00 2.685382877314504979e-01
2.425934104632577970e+00 2.515885764436707195e-01
2.439956029617617261e+00 2.410274731255655500e-01
2.454059001478542612e+00 2.462463622917841766e-01
2.468243488667162033e+00 2.549426423417596177e-01
2.482509962342935861e+00 2.660232054479810260e-01
2.496858896388636673e+00 2.704685106131919370e-01
2.511290767426078485e+00 2.655654081526986898e-01
2.525806054831960523e+00 2.599802811502542332e-01
2.540405240753779381e+00 2.469452038772355917e-01
2.555088810125852206e+00 2.512896067814455181e-01
2.569857250685421590e+00 2.683065862432259530e-01
2.584711052988855506e+00 2.792862470884464043e-01
2.599650710427946265e+00 2.717746343250382890e-01
2.614676719246288084e+00 2.665071625887080464e-01
2.629789578555775442e+00 2.669051659515453423e-01
2.644989790353173831e+00 2.509551344718310428e-01
2.660277859536794409e+00 2.408723826132862511e-01
2.675654293923265481e+00 2.434136247422004629e-01
2.691119604264405218e+00 2.599074072950868231e-01
2.706674304264172548e+00 2.778194271831539996e-01
2.722318910595750374e+00 2.730508610706620654e-01
2.738053942918694972e+00 2.738449992359477947e-01
2.753879923896200843e+00 2.751417801458495571e-01
2.769797379212459720e+00 2.793535152624470608e-01
2.785806837590128815e+00 2.731050493219404074e-01
2.801908830807877226e+00 2.612677192582115171e-01
2.818103893718070019e+00 2.521510131207318484e-01
2.834392564264522019e+00 2.551874237527065326e-01
2.850775383500368410e+00 2.466013887656766101e-01
2.867252895606037466e+00 2.349957601901722093e-01
2.883825647907329426e+00 2.356292021620118582e-01
2.900494190893583735e+00 2.472871504284056554e-01
2.917259078235983960e+00 2.535356163689122533e-01
2.934120866805935979e+00 2.569569504410019189e-01
2.951080116693567401e+00 2.496527478807625544e-01
2.968137391226336685e+00 2.332878959947107811e-01
2.985293256987731514e+00 2.449626613046047563e-01
3.002548283836107057e+00 2.667519439996549613e-01
3.019903044923603730e+00 2.706964749806386461e-01
3.037358116715186629e+00 2.638369897929592756e-01
3.054914079007794214e+00 2.594813755264159250e-01
3.072571514949601568e+00 2.687830691423974128e-01
3.090331011059376021e+00 2.676413787447748938e-01
3.108193157245980220e+00 2.749119472180139301e-01
3.126158546827951579e+00 2.869081049148000107e-01
3.144227776553216724e+00 2.983511687364694409e-01
3.162401446618910317e+00 2.872425772244144304e-01
3.180680160691316427e+00 2.800598310894540366e-01
3.199064525925907621e+00 2.865063644311849345e-01
3.217555152987530587e+00 2.766852110270871523e-01
3.236152656070678812e+00 2.755192293444088669e-01
3.254857652919894928e+00 2.803569321912903201e-01
3.273670764850296955e+00 2.802803212153451851e-01
3.292592616768199143e+00 2.730545981914399012e-01
3.311623837191892683e+00 2.824758796723114695e-01
3.330765058272506351e+00 2.866801405473533015e-01
3.350016915815009710e+00 2.937825385855906690e-01
3.369380049299332214e+00 3.021013694370067726e-01
3.388855101901607103e+00 3.062271507757144962e-01
3.408442720515521884e+00 3.308734623054042645e-01
3.428143555773827789e+00 3.165098385958723948e-01
3.447958262069935831e+00 3.078471926328972819e-01
3.467887497579658529e+00 3.106556388974252569e-01
3.487931924283071528e+00 3.015594869242236298e-01
3.508092207986506228e+00 2.895409065027706452e-01
3.528369018344649444e+00 2.945692025093206712e-01
3.548763028882812254e+00 3.032617454385183597e-01
3.569274917019284565e+00 2.880778237182560764e-01
3.589905364087840223e+00 3.094541545673577532e-01
3.610655055360374899e+00 3.378656152806960855e-01
3.631524680069651456e+00 3.389774087120960289e-01
3.652514931432215839e+00 3.413224520001749140e-01
3.673626506671410219e+00 3.401583388778855466e-01
3.694860107040534913e+00 2.933864037831422356e-01
3.716216437846141751e+00 2.613461987945455700e-01
3.737696208471465109e+00 2.486773593577528418e-01
3.759300132399972405e+00 2.433818592155890248e-01
3.781028927239082016e+00 2.450392722805499468e-01
3.802883314743989107e+00 2.519753684441745634e-01
3.824864020841640233e+00 2.554826562941538981e-01
3.846971775654848713e+00 2.527863236529603874e-01
3.869207313526548564e+00 2.459399183880033868e-01
3.891571373044171445e+00 2.346724992428912138e-01
3.914064697064205678e+00 2.258603684488035002e-01
3.936688032736852527e+00 2.221026935067105801e-01
3.959442131530850340e+00 2.159009415759266248e-01
3.982327749258438132e+00 2.184440522652296990e-01
4.005345646100446189e+00 2.168725929781584738e-01
4.028496586631570509e+00 2.133241967996231947e-01
4.051781339845751617e+00 2.156636344065353539e-01
4.075200679181723906e+00 2.196249824310192444e-01
4.098755382548707082e+00 2.303280963386813152e-01
4.122446232352245943e+00 2.321088343893101535e-01
4.146274015520188705e+00 2.279120477558239100e-01
4.170239523528843861e+00 2.231883270926658114e-01
4.194343552429258715e+00 2.151367003768634711e-01
4.218586902873665778e+00 2.203144812145260978e-01
4.242970380142073950e+00 2.283100511186612613e-01
4.267494794169023997e+00 2.281512234856040988e-01
4.292160959570472833e+00 2.205013372534168625e-01
4.316969695670882068e+00 2.179358038394468844e-01
4.341921826530410478e+00 2.254773135690774921e-01
4.367018180972294772e+00 2.243001205240657825e-01
4.392259592610382235e+00 2.192923786817936871e-01
4.417646899876805477e+00 2.225193824734369441e-01
4.443180946049855251e+00 2.495873482671507881e-01
4.468862579281975833e+00 2.681458900497799558e-01
4.494692652627942486e+00 2.842696976456626223e-01
4.520672024073195239e+00 2.942328616393173890e-01
4.546801556562344082e+00 2.966732015072305328e-01
4.573082118027814502e+00 3.056049201662083270e-01
4.599514581418703507e+00 2.945449112242649048e-01
4.626099824729760002e+00 2.895577235462708510e-01
4.652838731030551678e+00 2.849778820330585716e-01
4.679732188494796219e+00 2.732283743076082683e-01
4.706781090429870140e+00 2.645937567504667576e-01
4.733986335306464177e+00 2.512242071678337241e-01
4.761348826788450062e+00 2.317108310264728854e-01
4.788869473762884077e+00 2.187523647293994622e-01
4.816549190370198019e+00 2.202546872820810298e-01
4.844388896034566017e+00 2.295414324149512575e-01
4.872389515494448098e+00 2.361449248293503167e-01
4.900551978833287414e+00 2.313782272772473281e-01
4.928877221510434836e+00 2.397942232688866360e-01
4.957366184392200559e+00 2.250419389984620600e-01
4.986019813783113541e+00 2.131616320457882241e-01
5.014839061457356806e+00 2.257239635404132694e-01
5.043824884690362609e+00 2.393326888528264917e-01
5.072978246290641202e+00 2.406014413568946797e-01
5.102300114631742822e+00 2.314006500019142321e-01
5.131791463684423960e+00 2.230052081745528825e-01
5.161453273049005475e+00 2.104036369117607830e-01
5.191286527987911903e+00 2.052949928084877307e-01
5.221292219458380401e+00 2.042878387588666078e-01
5.251471344145405951e+00 2.073093009077299764e-01
5.281824904494829553e+00 2.184048124970626725e-01
5.312353908746639597e+00 2.222895495456013171e-01
5.343059370968462396e+00 2.112314091640467850e-01
5.373942311089249912e+00 2.110314732024337059e-01
5.405003754933139781e+00 2.177695019648341057e-01
5.436244734253559585e+00 2.144266474290786317e-01
5.467666286767478567e+00 2.248457401576267611e-01
5.499269456189878724e+00 2.346388651558908855e-01
5.531055292268432844e+00 2.269721618802034713e-01
5.563024850818350409e+00 2.358534294086807315e-01
5.595179193757479297e+00 2.524425085414014336e-01
5.627519389141558470e+00 2.634576720340110478e-01
5.660046511199702479e+00 2.647992983932466182e-01
5.692761640370078702e+00 2.510597738536098356e-01
5.725665863335805739e+00 2.421859805666882470e-01
5.758760273061025892e+00 2.347621901415588019e-01
5.792045968827241431e+00 2.357226301814572267e-01
5.825524056269808071e+00 2.449776097877160164e-01
5.859195647414667363e+00 2.357170245002905007e-01
5.893061860715279821e+00 2.332486562265437269e-01
5.927123821089786304e+00 2.292929138832265623e-01
5.961382659958350594e+00 2.322153423314778919e-01
5.995839515280771082e+00 2.498975292917094138e-01
6.030495531594262104e+00 2.489744604595891253e-01
6.065351860051475086e+00 2.446655602027684451e-01
6.100409658458743500e+00 2.589245445305214943e-01
6.135670091314512575e+00 2.877227972443636705e-01
6.171134329848062094e+00 3.039960896713589933e-01
6.206803552058381079e+00 2.939992915907039261e-01
6.242678942753306259e+00 2.986968524084173682e-01
6.278761693588877257e+00 3.233170040926623967e-01
6.315053003108923591e+00 3.701954471295733629e-01
6.351554076784851510e+00 3.844619056988820560e-01
6.388266127055725718e+00 3.627679195836661652e-01
6.425190373368511843e+00 3.175113869643268472e-01
6.462328042218596025e+00 2.983698543403585091e-01
6.499680367190518560e+00 2.760181349682471752e-01
6.537248588998957999e+00 2.595355637776942115e-01
6.575033955529916874e+00 2.564785989814415967e-01
6.613037721882214726e+00 2.534515311514114466e-01
6.651261150409145451e+00 2.530086823392403983e-01
6.689705510760421525e+00 2.594421357582488707e-01
6.728372079924347382e+00 2.580201613022902740e-01
6.767262142270216607e+00 2.533338118469102840e-01
6.806376989591010229e+00 2.439424273322612635e-01
6.845717921146279750e+00 2.404444822842264629e-01
6.885286243705309062e+00 2.531768527742420671e-01
6.925083271590525058e+00 2.597224198165850040e-01
6.965110326721157818e+00 2.658737206168684253e-01
7.005368738657123728e+00 2.592403312362468459e-01
7.045859844643230119e+00 2.639621833390160544e-01
7.086584989653569089e+00 2.652888612151403924e-01
7.127545526436194656e+00 2.418141370492956355e-01
7.168742815558059256e+00 2.421579521608546171e-01
7.210178225450215805e+00 2.554490222071535421e-01
7.251853132453240036e+00 2.453662703486087504e-01
7.293768920862992111e+00 2.239918080598960193e-01
7.335926982976571864e+00 2.162709165329302630e-01
7.378328719138569802e+00 2.142603455544658531e-01
7.420975537787583676e+00 1.998911161637672851e-01
7.463868855503007715e+00 1.975516785568550981e-01
7.507010097052058128e+00 2.000387324344909401e-01
7.550400695437144982e+00 1.954813136459455924e-01
7.594042091943437711e+00 1.914284061624052513e-01
7.637935736186750368e+00 2.139034505201845016e-01
7.682083086161699548e+00 2.394504081573276821e-01
7.726485608290103890e+00 2.206545592053072435e-01
7.771144777469737974e+00 2.227791123674950913e-01
7.816062077123293150e+00 2.434752872350343933e-01
7.861238999247660786e+00 2.442768996418756833e-01
7.906677044463489068e+00 2.408649083717306350e-01
7.952377722065040011e+00 3.146487524485205300e-01
7.998342550070284496e+00 3.196116488414588175e-01
