2.511886431509579437e-02 7.147487345212633070e-01
2.526405161860213050e-02 7.135135099973226591e-01
2.541007810627042562e-02 7.127915661941811587e-01
2.555694862859406516e-02 7.125341642896855232e-01
2.570466806410236227e-02 7.133642473544791196e-01
2.585324131952258450e-02 7.153716775919065629e-01
2.600267332994290678e-02 7.182883914801263536e-01
2.615296905897638788e-02 7.221250506364844668e-01
2.630413349892583852e-02 7.268024544749820404e-01
2.645617167094958117e-02 7.323266953483882347e-01
2.660908862522835469e-02 7.386840654629727165e-01
2.676288944113292337e-02 7.467823253813354878e-01
2.691757922739292791e-02 7.584872581390216251e-01
2.707316312226650673e-02 7.742557901937157094e-01
2.722964629371095457e-02 7.936782108216939857e-01
2.738703393955444973e-02 8.171033072189889390e-01
2.754533128766867636e-02 8.447427886443279466e-01
2.770454359614242176e-02 8.770520584672031328e-01
2.786467615345633933e-02 9.145245972619138186e-01
2.802573427865854422e-02 9.508928971172201372e-01
2.818772332154127064e-02 9.775454173939603919e-01
2.835064866281864979e-02 9.951949633661225647e-01
2.851451571430539678e-02 1.005853534535711136e+00
2.867932991909653145e-02 1.011482868494384846e+00
2.884509675174826843e-02 1.013778162400153615e+00
2.901182171845980567e-02 1.013973117688765635e+00
2.917951035725619563e-02 1.009184528412231607e+00
2.934816823817239240e-02 9.906317911420461364e-01
2.951780096343814899e-02 9.613321435871200471e-01
2.968841416766421215e-02 9.296778016869260419e-01
2.986001351802944001e-02 8.987316957961430930e-01
3.003260471446899879e-02 8.705393333570058401e-01
3.020619348986378766e-02 8.457373652338880943e-01
3.038078561023081769e-02 8.253157987517728555e-01
3.055638687491469066e-02 8.115562200226984491e-01
3.073300311678033025e-02 8.031106959964956493e-01
3.091064020240668481e-02 7.975986398286274426e-01
3.108930403228154019e-02 7.944092931539893376e-01
3.126900054099761295e-02 7.930126212816668296e-01
3.144973569744963920e-02 7.931816840710100847e-01
3.163151550503255638e-02 7.954861165059324835e-01
3.181434600184106232e-02 8.011184966409908847e-01
3.199823326087009728e-02 8.100498858005317215e-01
3.218318339021652985e-02 8.217700494401406486e-01
3.236920253328214730e-02 8.363170647646247513e-01
3.255629686897762443e-02 8.537046395677144739e-01
3.274447261192782455e-02 8.740926981095994419e-01
3.293373601267822470e-02 9.016727790954394139e-01
3.312409335790250653e-02 9.405709284381259527e-01
3.331555097061136145e-02 9.909181317221951169e-01
3.350811521036261426e-02 1.055254900052373435e+00
3.370179247347232510e-02 1.136012082183542216e+00
3.389658919322740410e-02 1.236852705218139947e+00
3.409251184009919750e-02 1.333169756321660238e+00
3.428956692195841288e-02 1.365913106279335709e+00
3.448776098429136294e-02 1.326597630771964020e+00
3.468710061041735404e-02 1.246553253914782999e+00
3.488759242170727526e-02 1.153512365512860960e+00
3.508924307780367929e-02 1.065395621236586043e+00
3.529205927684192501e-02 9.956579821765763061e-01
3.549604775567258980e-02 9.480188296983842466e-01
3.570121529008542238e-02 9.138392075753869470e-01
3.590756869503420462e-02 8.865652673161956709e-01
3.611511482486330638e-02 8.640921010390767432e-01
3.632386057353523962e-02 8.450565448119380374e-01
3.653381287485973905e-02 8.297495084795053488e-01
3.674497870272393912e-02 8.181070223377028272e-01
3.695736507132423021e-02 8.089928625950880692e-01
3.717097903539903075e-02 8.016272080972131064e-01
3.738582769046329413e-02 7.956932565000829349e-01
3.760191817304411876e-02 7.909960525150856459e-01
3.781925766091774610e-02 7.880458306866356955e-01
3.803785337334809891e-02 7.869613918937309327e-01
3.825771257132654091e-02 7.873101790897635288e-01
3.847884255781295476e-02 7.890084224241578070e-01
3.870125067797849233e-02 7.919662596935691523e-01
3.892494431944945599e-02 7.964913547128386062e-01
3.914993091255265789e-02 8.032721433448773984e-01
3.937621793056233360e-02 8.124472266151834265e-01
3.960381288994833243e-02 8.238368801170671274e-01
3.983272335062570252e-02 8.375461969357962388e-01
4.006295691620595512e-02 8.534472376632188384e-01
4.029452123424955012e-02 8.674566028558274855e-01
4.052742399651988042e-02 8.772835678724298925e-01
4.076167293923887297e-02 8.851229027981047937e-01
4.099727584334383890e-02 8.912289633609628003e-01
4.123424053474603751e-02 8.965308333582958644e-01
4.147257488459059338e-02 8.943908944481399059e-01
4.171228680951784978e-02 8.825443144885716240e-01
4.195338427192649156e-02 8.666189043500723832e-01
4.219587528023795858e-02 8.492450373407132158e-01
4.243976788916238585e-02 8.323250506126539383e-01
4.268507019996626434e-02 8.163600401811554885e-01
4.293179036074151744e-02 8.011611431103747849e-01
4.317993656667604152e-02 7.868608680730403426e-01
4.342951706032609216e-02 7.735094769794975678e-01
4.368054013188996804e-02 7.611587548282838789e-01
4.393301411948334623e-02 7.499792874969349876e-01
4.418694740941636612e-02 7.398629357237990201e-01
4.444234843647213579e-02 7.306254058376094873e-01
4.469922568418681352e-02 7.221874972523678604e-01
4.495758768513159753e-02 7.145324559979593371e-01
4.521744302119593689e-02 7.077608058950741743e-01
4.547880032387276866e-02 7.017613615056759180e-01
4.574166827454511502e-02 6.963726754813825970e-01
4.600605560477452616e-02 6.915383935590799780e-01
4.627197109659098723e-02 6.872661311797293449e-01
4.653942358278480296e-02 6.835756884898304131e-01
4.680842194719982141e-02 6.804426960783065415e-01
4.707897512502866311e-02 6.778595385041966681e-01
4.735109210310945588e-02 6.758414466494231387e-01
4.762478192022426976e-02 6.743792819848325459e-01
4.790005366739954334e-02 6.735537681846158753e-01
4.817691648820784933e-02 6.734699983340401985e-01
4.845537957907175564e-02 6.742269731656043152e-01
4.873545218956924774e-02 6.746915150642504022e-01
4.901714362274099679e-02 6.733222587793890046e-01
4.930046323539925834e-02 6.703887909210539675e-01
4.958542043843887359e-02 6.665292854418117807e-01
4.987202469714965836e-02 6.620742524793874484e-01
5.016028553153097091e-02 6.570800462968952038e-01
5.045021251660784106e-02 6.519655161472126537e-01
5.074181528274907677e-02 6.471677883415247745e-01
5.103510351598705003e-02 6.429016183149433017e-01
5.133008695833959217e-02 6.394259310601561053e-01
5.162677540813340182e-02 6.366676183439335945e-01
5.192517872032970105e-02 6.344591404651249711e-01
5.222530680685147364e-02 6.327883127181916922e-01
5.252716963691266006e-02 6.318028746577852850e-01
5.283077723734942721e-02 6.314997801075211692e-01
5.313613969295318679e-02 6.317389049537095458e-01
5.344326714680543849e-02 6.325141568435809214e-01
5.375216980061491706e-02 6.338910285694038249e-01
5.406285791505632127e-02 6.358664739547933431e-01
5.437534181011107609e-02 6.383658616783278728e-01
5.468963186541032917e-02 6.414105149746993639e-01
5.500573852057948770e-02 6.450750651653295309e-01
5.532367227558519784e-02 6.493960663668332245e-01
5.564344369108398941e-02 6.543537184327106182e-01
5.596506338877313413e-02 6.600013294496918093e-01
5.628854205174332881e-02 6.664120076510060553e-01
5.661389042483377931e-02 6.736146917123070343e-01
5.694111931498885282e-02 6.816154739863636847e-01
5.727023959161724881e-02 6.899193508106844508e-01
5.760126218695296035e-02 6.980815804331229613e-01
5.793419809641841417e-02 7.063671801991362464e-01
5.826905837898961604e-02 7.149969978966052020e-01
5.860585415756369709e-02 7.231561813426591323e-01
5.894459661932811845e-02 7.309650545044883430e-01
5.928529701613251268e-02 7.394212401480372288e-01
5.962796666486229469e-02 7.491522506085259714e-01
5.997261694781454155e-02 7.611359085053996942e-01
6.031925931307623168e-02 7.761962045506828334e-01
6.066790527490428103e-02 7.949103891692500534e-01
6.101856641410823012e-02 8.177430042597474413e-01
6.137125437843479747e-02 8.451037605458987523e-01
6.172598088295483398e-02 8.777115556544611286e-01
6.208275771045231733e-02 9.100177793009517346e-01
6.244159671181598315e-02 9.301651899084562025e-01
6.280250980643269088e-02 9.376191835214837678e-01
6.316550898258359303e-02 9.393021959739551452e-01
6.353060629784218483e-02 9.420757395721004457e-01
6.389781387947492119e-02 9.517488726812826094e-01
6.426714392484385308e-02 9.708819065527273251e-01
6.463860870181208085e-02 1.001302547017173028e+00
6.501222054915094251e-02 1.041419166913684968e+00
6.538799187695008841e-02 1.091282028152608552e+00
6.576593516702965159e-02 1.133875189449770948e+00
6.614606297335466623e-02 1.141376398796758895e+00
6.652838792245242827e-02 1.116574430673641150e+00
6.691292271383147972e-02 1.077231539578808350e+00
6.729968012040381253e-02 1.037338813646561775e+00
6.768867298890894613e-02 1.002679418742995709e+00
6.807991424034069705e-02 9.756369878890313041e-01
6.847341687037629410e-02 9.586012464583586468e-01
6.886919394980822728e-02 9.494611942164751239e-01
6.926725862497820629e-02 9.455712269733873576e-01
6.966762411821400547e-02 9.442948790682550442e-01
7.007030372826857090e-02 9.442446171579097491e-01
7.047531083076181979e-02 9.453686562438138319e-01
7.088265887862478520e-02 9.435089655610376935e-01
7.129236140254673060e-02 9.380715407145914231e-01
7.170443201142430445e-02 9.306997938639471890e-01
7.211888439281383123e-02 9.161893326560778261e-01
7.253573231338585059e-02 8.953550092738542521e-01
7.295498961938230720e-02 8.740317745819081718e-01
7.337667023707672431e-02 8.556998850996037076e-01
7.380078817323644513e-02 8.426470192917481228e-01
7.422735751558823258e-02 8.350270090657619937e-01
7.465639243328600627e-02 8.311903499094039915e-01
7.508790717738160481e-02 8.301988194962284240e-01
7.552191608129793510e-02 8.275166611896200841e-01
7.595843356130543844e-02 8.175587105884812855e-01
7.639747411700059665e-02 8.032812818740311389e-01
7.683905233178781047e-02 7.834659044924441318e-01
7.728318287336367887e-02 7.536438376875651546e-01
7.772988049420428980e-02 7.170425053388398418e-01
7.817916003205507836e-02 6.812301326737163487e-01
7.863103641042397396e-02 6.479369478786271008e-01
7.908552463907676799e-02 6.166892705257724927e-01
7.954263981453599253e-02 5.869235579840079708e-01
8.000239712058217212e-02 5.584555165820677125e-01
8.046481182875830918e-02 5.326863874568509294e-01
8.092989929887701994e-02 5.097045097235098909e-01
8.139767497953076525e-02 4.887513854622883014e-01
8.186815440860513438e-02 4.698011221739173404e-01
8.234135321379483508e-02 4.525155942797104980e-01
8.281728711312283386e-02 4.366282613460183981e-01
8.329597191546232737e-02 4.220690613159960858e-01
8.377742352106211376e-02 4.085882077261092649e-01
8.426165792207447602e-02 3.961902698409349166e-01
8.474869120308657633e-02 3.847716776633977598e-01
8.523853954165466762e-02 3.742395228137687657e-01
8.573121920884146929e-02 3.646227439677010018e-01
8.622674656975649887e-02 3.558269096572733159e-01
8.672513808409994251e-02 3.479586360559451808e-01
8.722641030670905127e-02 3.410164000755244729e-01
8.773057988810836760e-02 3.350139095097416364e-01
8.823766357506258873e-02 3.300821499431329520e-01
8.874767821113291322e-02 3.262135059347370247e-01
8.926064073723644077e-02 3.236151174787041396e-01
8.977656819220893036e-02 3.223981700130709727e-01
9.029547771337091688e-02 3.226982183869505083e-01
9.081738653709675591e-02 3.247543874465310121e-01
9.134231199938727674e-02 3.282666288179330039e-01
9.187027153644546085e-02 3.326957692810886269e-01
9.240128268525588107e-02 3.375818362019288865e-01
9.293536308416693037e-02 3.417352977022815042e-01
9.347253047347692245e-02 3.450160296684566252e-01
9.401280269602330097e-02 3.468041352061955185e-01
9.455619769777530437e-02 3.463898552178948376e-01
9.510273352842993355e-02 3.439788066095126329e-01
9.565242834201181932e-02 3.393927880625520199e-01
9.620530039747586526e-02 3.346437990790171457e-01
9.676136805931405405e-02 3.311026190319618090e-01
9.732064979816532069e-02 3.293145134942229157e-01
9.788316419142908953e-02 3.295841001042567608e-01
9.844892992388228070e-02 3.318443629816030804e-01
9.901796578830000806e-02 3.361668872712990086e-01
9.959029068607995472e-02 3.426217350301895559e-01
1.001659236278700377e-01 3.515333240432307327e-01
1.007448837341998471e-01 3.634819509116818947e-01
1.013271902361159299e-01 3.780213507952046026e-01
1.019128624758204177e-01 3.954637567732164904e-01
1.025019199073136378e-01 4.087633628682217357e-01
1.030943820970401520e-01 4.095233838761703216e-01
1.036902687245389171e-01 4.017723880656479118e-01
1.042895995830967204e-01 3.901710253050370003e-01
1.048923945804057928e-01 3.789595731216502394e-01
1.054986737392250712e-01 3.679141375512221535e-01
1.061084571980452224e-01 3.557781708351203109e-01
1.067217652117575799e-01 3.419668071075083748e-01
1.073386181523270227e-01 3.292185589381091959e-01
1.079590365094685589e-01 3.183208629223324149e-01
1.085830408913279893e-01 3.092386880317556930e-01
1.092106520251663743e-01 3.017359555965752338e-01
1.098418907580486492e-01 2.955613560650645621e-01
1.104767780575359459e-01 2.906463504685709576e-01
1.111153350123821049e-01 2.876077895249686267e-01
1.117575828332342536e-01 2.867944604302901102e-01
1.124035428533372433e-01 2.884104570023012237e-01
1.130532365292423180e-01 2.929218442278400669e-01
1.137066854415197809e-01 2.999371884414903100e-01
1.143639112954759340e-01 3.098662003669758191e-01
1.150249359218739331e-01 3.236623332126649100e-01
1.156897812776589568e-01 3.388993074882526990e-01
1.163584694466876512e-01 3.477454037090257355e-01
1.170310226404614878e-01 3.467736734423499390e-01
1.177074631988646730e-01 3.389648002805207838e-01
1.183878135909062629e-01 3.316905310741826152e-01
1.190720964154663303e-01 3.284021836670460437e-01
1.197603344020467531e-01 3.253529611060977933e-01
1.204525504115261381e-01 3.171313310441603028e-01
1.211487674369193246e-01 3.038865561240772228e-01
1.218490086041408849e-01 2.882002708317663031e-01
1.225532971727734816e-01 2.727774797967201792e-01
1.232616565368404721e-01 2.590118087148767234e-01
1.239741102255828148e-01 2.472642294878067137e-01
1.246906819042407494e-01 2.375316959391255700e-01
1.254113953748399735e-01 2.298553314500250133e-01
1.261362745769819826e-01 2.242153358740052727e-01
1.268653435886395453e-01 2.209178499377150162e-01
1.275986266269562852e-01 2.204517849508767779e-01
1.283361480490512463e-01 2.237325169170518990e-01
1.290779323528278288e-01 2.324430582887118957e-01
1.298240041777875831e-01 2.486289165080912689e-01
1.305743883058487209e-01 2.705294016249121247e-01
1.313291096621690413e-01 2.909540142834119436e-01
1.320881933159741561e-01 2.981125287871366769e-01
1.328516644813900749e-01 2.867259214616374452e-01
1.336195485182806453e-01 2.635627962334148866e-01
1.343918709330900185e-01 2.383891945913802768e-01
1.351686573796898327e-01 2.173477312150063623e-01
1.359499336602315311e-01 2.007232235962498057e-01
1.367357257260030934e-01 1.880237142490036595e-01
1.375260596782912625e-01 1.783323040815141536e-01
1.383209617692485738e-01 1.711098198737135700e-01
1.391204584027652402e-01 1.665222782385605838e-01
1.399245761353461737e-01 1.648072809340512257e-01
1.407333416769932510e-01 1.660105206059538929e-01
1.415467818920924381e-01 1.703071523963810008e-01
1.423649238003061035e-01 1.773133580808775867e-01
1.431877945774705507e-01 1.859721144539999704e-01
1.440154215564987683e-01 1.926203944133103030e-01
1.448478322282882313e-01 1.941312979000539285e-01
1.456850542426340045e-01 1.914323856233304533e-01
1.465271154091474515e-01 1.868874904575613949e-01
1.473740436981796631e-01 1.829579229214741698e-01
1.482258672417506584e-01 1.806215056345137904e-01
1.490826143344838317e-01 1.802772877030580922e-01
1.499443134345459228e-01 1.819085151569919678e-01
1.508109931645919832e-01 1.853369866778184494e-01
1.516826823127164214e-01 1.903723162415022763e-01
1.525594098334091819e-01 1.967464403262018657e-01
1.534412048485173929e-01 2.041669259989991048e-01
1.543280966482127869e-01 2.123459095915527228e-01
1.552201146919646169e-01 2.206299862693737457e-01
1.561172886095181789e-01 2.284769366360099030e-01
1.570196482018790252e-01 2.360177462759974198e-01
1.579272234423027277e-01 2.432204303372983434e-01
1.588400444772908315e-01 2.485085925409009633e-01
1.597581416275917487e-01 2.516126462767713790e-01
1.606815453892082024e-01 2.560174173288505828e-01
1.616102864344102497e-01 2.589478390108008732e-01
1.625443956127538836e-01 2.551035644134814206e-01
1.634839039521058524e-01 2.375773885848940503e-01
1.644288426596743347e-01 2.116803200515255390e-01
1.653792431230455828e-01 1.873550785325919232e-01
1.663351369112262834e-01 1.678123339374233136e-01
1.672965557756923849e-01 1.531114867055188011e-01
1.682635316514438095e-01 1.426295937662350188e-01
1.692360966580649384e-01 1.353807601327079446e-01
1.702142831007917856e-01 1.306997008825488693e-01
1.711981234715850009e-01 1.280597321188667037e-01
1.721876504502090899e-01 1.271672024381895472e-01
1.731828969053178791e-01 1.285454449433854063e-01
1.741838958955464201e-01 1.338418318232263704e-01
1.751906806706090836e-01 1.447092183839766566e-01
1.762032846724038426e-01 1.565582352846526526e-01
1.772217415361232173e-01 1.657317954667663074e-01
1.782460850913716033e-01 1.730806959945262735e-01
1.792763493632887617e-01 1.795858056637621436e-01
1.803125685736800821e-01 1.883831630623821474e-01
1.813547771421535060e-01 2.027611155975229396e-01
1.824030096872625850e-01 2.243813524869639753e-01
1.834573010276564775e-01 2.426614569707309099e-01
1.845176861832364401e-01 2.413120008323691723e-01
1.855842003763193415e-01 2.324659046115961081e-01
1.866568790328071992e-01 2.279560404742494995e-01
1.877357577833641822e-01 2.274899754874112612e-01
1.888208724646001924e-01 2.287922158918122562e-01
1.899122591202609955e-01 2.300259173275605862e-01
1.910099540024255971e-01 2.304737052560914268e-01
1.921139935727104175e-01 2.302878884966330364e-01
1.932244145034804905e-01 2.298370543917176156e-01
1.943412536790674328e-01 2.294258205798015149e-01
1.954645481969946030e-01 2.294867441074927850e-01
1.965943353692096995e-01 2.305468134893209620e-01
1.977306527233236300e-01 2.332396334132752769e-01
1.988735380038573475e-01 2.382353626839598115e-01
2.000230291734956534e-01 2.454593699799526851e-01
2.011791644143479663e-01 2.524838527227566409e-01
2.023419821292166965e-01 2.572389340590605644e-01
2.035115209428728922e-01 2.620016308363259938e-01
2.046878197033392410e-01 2.688905587300168265e-01
2.058709174831803157e-01 2.790815418245747859e-01
2.070608535808005912e-01 2.933452627452944328e-01
2.082576675217497619e-01 3.095539672875580184e-01
2.094613990600355524e-01 3.208796510853659245e-01
2.106720881794442723e-01 3.234795626295910442e-01
2.118897750948690872e-01 3.213883625415880907e-01
2.131145002536455058e-01 3.197860737633075323e-01
2.143463043368951104e-01 3.216853647390830462e-01
2.155852282608767823e-01 3.295597306931802861e-01
2.168313131783459469e-01 3.457273118542522616e-01
2.180846004799212312e-01 3.643226955938215217e-01
2.193451317954595303e-01 3.670825313982362115e-01
2.206129489954388734e-01 3.540677427951877676e-01
2.218880941923488948e-01 3.378864538403852369e-01
2.231706097420899648e-01 3.225108785392998278e-01
2.244605382453801201e-01 3.086583914304962817e-01
2.257579225491697927e-01 2.978261882069876409e-01
2.270628057480653939e-01 2.919013751390112099e-01
2.283752311857605299e-01 2.932950008349491378e-01
2.296952424564759343e-01 3.060447720925406068e-01
2.310228834064072811e-01 3.292840517303772252e-01
2.323581981351817149e-01 3.297181318651775661e-01
2.337012309973229007e-01 3.090361173021821672e-01
2.350520266037238737e-01 3.012028747292765929e-01
2.364106298231291869e-01 3.097336916942472484e-01
2.377770857836252472e-01 3.126382208769287741e-01
2.391514398741393099e-01 2.915343108846712994e-01
2.405337377459470793e-01 2.657133967609168756e-01
2.419240253141889951e-01 2.473144913981519810e-01
2.433223487593957901e-01 2.290648486782307092e-01
2.447287545290218747e-01 2.049939628874081488e-01
2.461432893389885190e-01 1.822923333814470137e-01
2.475660001752356676e-01 1.635202714115730482e-01
2.489969342952823017e-01 1.485492283343576858e-01
2.504361392297964617e-01 1.370652956733716676e-01
2.518836627841739007e-01 1.290281115915195287e-01
2.533395530401260642e-01 1.245706416879874268e-01
2.548038583572773130e-01 1.238945428394335052e-01
2.562766273747711931e-01 1.258416587844466417e-01
2.577579090128856998e-01 1.273269743895599215e-01
2.592477524746588102e-01 1.273280405512945135e-01
2.607462072475227322e-01 1.269835180022003407e-01
2.622533231049470337e-01 1.268532939617602606e-01
2.637691501080930423e-01 1.268636509614677887e-01
2.652937386074759596e-01 1.269128467100784641e-01
2.668271392446371348e-01 1.270322568243533734e-01
2.683694029538270520e-01 1.277161234226879272e-01
2.699205809636965880e-01 1.304560067717837613e-01
2.714807247989985406e-01 1.367821535784264908e-01
2.730498862822996475e-01 1.438273503206454751e-01
2.746281175357012105e-01 1.474116337635423823e-01
2.762154709825712651e-01 1.501318692749577799e-01
2.778119993492854656e-01 1.541608944700010031e-01
2.794177556669779627e-01 1.583905103799677361e-01
2.810327932733039380e-01 1.606126960525069702e-01
2.826571658142107979e-01 1.616544883760277496e-01
2.842909272457196934e-01 1.636268875850327709e-01
2.859341318357184192e-01 1.686865865597931280e-01
2.875868341657639160e-01 1.775814216027191972e-01
2.892490891328946545e-01 1.891035837773314965e-01
2.909209519514548425e-01 1.964753306279757028e-01
2.926024781549284581e-01 1.908018271117257747e-01
2.942937235977828858e-01 1.791456331761926701e-01
2.959947444573255426e-01 1.688145259679448007e-01
2.977055972355692748e-01 1.650403134274703587e-01
2.994263387611086902e-01 1.694130996275115542e-01
3.011570261910088142e-01 1.715454230967061733e-01
3.028977170127025720e-01 1.647280803480525579e-01
3.046484690459013711e-01 1.540558013847335428e-01
3.064093404445150659e-01 1.440713490490490301e-01
3.081803896985833569e-01 1.364262078678902257e-01
3.099616756362194026e-01 1.315172946241657814e-01
3.117532574255635347e-01 1.299858294468263509e-01
3.135551945767480198e-01 1.288850936102642619e-01
3.153675469438748658e-01 1.219810871434698213e-01
3.171903747270033436e-01 1.120944170697297793e-01
3.190237384741493876e-01 1.024395610188550548e-01
3.208676990832974307e-01 9.413004876822289591e-02
3.227223178044230090e-01 8.731118293137700437e-02
3.245876562415266342e-01 8.239907120244877037e-02
3.264637763546810456e-01 8.038128396531375730e-02
3.283507404620888970e-01 8.214989397419145134e-02
3.302486112421523790e-01 8.785538234247930456e-02
3.321574517355558864e-01 9.408344226953907485e-02
3.340773253473591775e-01 9.729380756123078011e-02
3.360082958491044103e-01 9.799062040919973016e-02
3.379504273809338932e-01 9.487590505598332558e-02
3.399037844537201591e-01 8.962170771906859124e-02
3.418684319512097503e-01 8.502015367254661671e-02
3.438444351321779946e-01 8.210359209314607720e-02
3.458318596325960503e-01 8.085420284901725929e-02
3.478307714678123830e-01 8.101641174149527835e-02
3.498412370347446232e-01 8.177490966125165739e-02
3.518633231140849693e-01 8.148978755165649235e-02
3.538970968725191901e-01 8.175541413239045818e-02
3.559426258649572294e-01 8.376969826668322072e-02
3.579999780367765227e-01 8.315711219574743740e-02
3.600692217260801353e-01 8.386412973460469211e-02
3.621504256659661136e-01 8.545073070450470709e-02
3.642436589868098817e-01 8.572397272620006781e-02
3.663489912185618480e-01 8.645673045550686386e-02
3.684664922930561692e-01 8.888986384267713592e-02
3.705962325463332818e-01 9.252319072536552280e-02
3.727382827209774208e-01 9.657125452281226097e-02
3.748927139684648524e-01 1.001173084520829010e-01
3.770595978515288715e-01 1.019372465330404959e-01
3.792390063465359562e-01 1.026721365858165036e-01
3.814310118458763554e-01 1.045593951648729480e-01
3.836356871603694985e-01 1.077141677375463708e-01
3.858531055216822825e-01 1.106471786694235571e-01
3.880833405847607942e-01 1.112725586811744855e-01
3.903264664302779630e-01 1.104514618367153367e-01
3.925825575670940371e-01 1.115904271869037206e-01
3.948516889347303827e-01 1.165911826486227404e-01
3.971339359058604912e-01 1.234430994992411629e-01
3.994293742888124776e-01 1.261124638650343577e-01
4.017380803300868997e-01 1.238720011341877258e-01
4.040601307168905088e-01 1.182470841312715792e-01
4.063956025796829352e-01 1.125307818368185275e-01
4.087445734947380283e-01 1.087973880598972348e-01
4.111071214867221824e-01 1.072759752646268716e-01
4.134833250312844322e-01 1.074290456279512057e-01
4.158732630576643108e-01 1.089535045996061213e-01
4.182770149513134750e-01 1.116869909782943898e-01
4.206946605565314856e-01 1.150489035451181391e-01
4.231262801791195738e-01 1.176003808848287147e-01
4.255719545890473410e-01 1.183596403486812110e-01
4.280317650231349469e-01 1.176538412803777994e-01
4.305057931877529498e-01 1.168260428478726243e-01
4.329941212615355806e-01 1.160507909580011515e-01
4.354968318981098929e-01 1.133273569613819365e-01
4.380140082288422887e-01 1.088202343827814611e-01
4.405457338655994204e-01 1.040911978545655120e-01
4.430920929035247480e-01 1.002923112853760929e-01
4.456531699238333033e-01 9.718338366729034616e-02
4.482290499966203323e-01 9.347283621325326586e-02
4.508198186836865351e-01 9.073310517297665523e-02
4.534255620413813470e-01 9.024053845159270282e-02
4.560463666234608748e-01 9.130121706869780140e-02
4.586823194839622087e-01 9.249973516720438882e-02
4.613335081800964965e-01 9.346247921354575161e-02
4.640000207751556194e-01 9.473699941284721704e-02
4.666819458414390720e-01 9.671076940122527721e-02
4.693793724631949438e-01 1.007094851412420888e-01
4.720923902395786631e-01 1.086414238290075718e-01
4.748210892876304490e-01 1.185009829329249781e-01
4.775655602452679171e-01 1.246192282013212221e-01
4.803258942742961168e-01 1.260763666748772882e-01
4.831021830634371073e-01 1.206978853414723413e-01
4.858945188313745223e-01 1.103287009284174280e-01
4.887029943298164536e-01 9.988823598796370273e-02
4.915277028465775411e-01 9.338647711275088747e-02
4.943687382086768833e-01 9.220212373443251175e-02
4.972261947854541564e-01 9.462307241606453256e-02
5.001001674917054940e-01 9.830087347396754272e-02
5.029907517908354109e-01 1.046172725161796657e-01
5.058980436980275996e-01 1.081095614322627324e-01
5.088221397834349347e-01 1.086330468439500180e-01
5.117631371753864622e-01 1.086881826365106302e-01
5.147211335636141527e-01 1.079738542743304414e-01
5.176962272024980827e-01 1.085541508755898110e-01
5.206885169143288250e-01 1.128026530791408494e-01
5.236981020925914887e-01 1.203113255582711899e-01
5.267250827052667450e-01 1.292188022331932085e-01
5.297695592981502832e-01 1.366772128019782540e-01
5.328316329981945820e-01 1.366840666988435316e-01
5.359114055168668900e-01 1.318700418494982707e-01
5.390089791535270791e-01 1.254360603988419753e-01
5.421244567988269258e-01 1.208658819690810182e-01
5.452579419381275994e-01 1.158185200086781635e-01
5.484095386549359130e-01 1.046509327652290905e-01
5.515793516343632241e-01 9.395352284673742782e-02
5.547674861666017643e-01 8.564309674318990040e-02
5.579740481504216199e-01 8.273780601641225751e-02
5.611991440966896949e-01 8.565969840448577066e-02
5.644428811319066597e-01 9.259964975261807119e-02
5.677053670017649933e-01 1.009728270896876196e-01
5.709867100747291202e-01 1.050289632545534507e-01
5.742870193456336425e-01 1.027117368788158236e-01
5.776064044393048880e-01 1.003393747105175843e-01
5.809449756142023302e-01 1.019645098116823412e-01
5.843028437660793273e-01 1.071256464600486569e-01
5.876801204316687288e-01 1.165724486638576862e-01
5.910769177923870243e-01 1.266345784973485766e-01
5.944933486780595855e-01 1.326355459749391230e-01
5.979295265706701112e-01 1.347855372671641905e-01
6.013855656081297241e-01 1.344073544690206068e-01
6.048615805880666052e-01 1.384114010177104059e-01
6.083576869716416091e-01 1.447817173819292980e-01
6.118740008873820857e-01 1.386447381287679581e-01
6.154106391350390171e-01 1.228006608997366661e-01
6.189677191894675801e-01 1.110447046876091165e-01
6.225453592045292472e-01 1.040333205032587943e-01
6.261436780170150929e-01 1.025908036763486381e-01
6.297627951505950783e-01 1.034310914320305391e-01
6.334028308197864332e-01 9.979045372601920427e-02
6.370639059339481269e-01 9.906957608461221254e-02
6.407461421012968783e-01 9.863686672918492437e-02
6.444496616329448146e-01 9.428540376383565125e-02
6.481745875469649976e-01 8.812100892321327039e-02
6.519210435724759334e-01 8.316381378379349154e-02
6.556891541537508417e-01 8.142749324459216953e-02
6.594790444543533470e-01 8.285234224847183582e-02
6.632908403612935988e-01 8.967288348232925477e-02
6.671246684892090384e-01 9.910125631901166299e-02
6.709806561845721440e-01 1.043478382149650024e-01
6.748589315299192704e-01 1.076198885784441228e-01
6.787596233481042463e-01 1.080582333601828454e-01
6.826828612065795054e-01 1.026421317484285528e-01
6.866287754216984229e-01 9.390950559798047492e-02
6.905974970630435195e-01 8.441792460131837539e-02
6.945891579577818664e-01 7.772821664317797197e-02
6.986038906950429173e-01 7.532615425513024265e-02
7.026418286303216520e-01 7.341620166200879538e-02
7.067031058899108098e-01 6.917714260524991665e-02
7.107878573753529938e-01 6.582330240584524650e-02
7.148962187679240854e-01 6.603287934110324553e-02
7.190283265331394169e-01 6.842351856770885477e-02
7.231843179252852583e-01 7.085771811661371877e-02
7.273643309919801681e-01 7.390541758936972072e-02
7.315685045787596597e-01 7.899923373963718687e-02
7.357969783336865133e-01 8.646891516104511510e-02
7.400498927119919523e-01 9.112621423540460952e-02
7.443273889807401344e-01 9.169280304293346562e-02
7.486296092235191768e-01 9.500734756697724881e-02
7.529566963451627126e-01 1.015092587510092875e-01
7.573087940764960946e-01 1.049071161991708967e-01
7.616860469791092436e-01 1.052542279981919376e-01
7.660886004501606950e-01 1.077530064864495457e-01
7.705166007272060691e-01 1.123429850627101906e-01
7.749701948930545203e-01 1.159901720479483284e-01
7.794495308806568268e-01 1.163418531115462118e-01
7.839547574780165728e-01 1.132335347287373867e-01
7.884860243331343055e-01 1.043050394367618788e-01
7.930434819589780027e-01 9.359712020974347846e-02
7.976272817384808533e-01 8.785020384262555437e-02
8.022375759295721220e-01 8.600711482114527240e-02
8.068745176702336597e-01 8.539894570596712198e-02
8.115382609835852801e-01 8.669052449302214192e-02
8.162289607830032212e-01 9.003431231035773086e-02
8.209467728772645856e-01 9.745906263009336545e-02
8.256918539757219788e-01 1.052432617632075018e-01
8.304643616935105666e-01 1.049139700960361604e-01
8.352644545567829981e-01 1.082280576936222732e-01
8.400922920079733069e-01 1.089592923347367931e-01
8.449480344110958940e-01 1.044596328882784891e-01
8.498318430570707127e-01 1.023238063162416334e-01
8.547438801690798726e-01 1.083432031609587731e-01
8.596843089079587719e-01 1.161031851918156443e-01
8.646532933776126528e-01 1.170278520333499495e-01
8.696509986304700179e-01 1.115442776146775700e-01
8.746775906729644667e-01 1.080547302573405949e-01
8.797332364710471753e-01 1.132332301110989259e-01
8.848181039557355687e-01 1.249760877647728557e-01
8.899323620286901937e-01 1.268502477853757082e-01
8.950761805678236760e-01 1.235759127896081389e-01
9.002497304329459826e-01 1.210874913010580312e-01
9.054531834714387717e-01 1.162483354965401089e-01
9.106867125239620497e-01 1.103093577083754245e-01
9.159504914301977996e-01 1.035305490909865511e-01
9.212446950346235841e-01 9.620403795965309923e-02
9.265694991923183466e-01 9.319730955926948390e-02
9.319250807748065135e-01 9.751754921667697695e-02
9.373116176759319629e-01 1.070455320211346345e-01
9.427292888177655206e-01 1.102272632548114417e-01
9.481782741565508710e-01 1.018735814466031203e-01
9.536587546886805544e-01 8.974553478910109183e-02
9.591709124567069367e-01 8.138378061347367742e-02
9.647149305553922582e-01 7.381342306255590791e-02
9.702909931377862174e-01 6.325979266941564316e-02
9.758992854213467405e-01 5.328204192177716375e-02
9.815399936940907288e-01 5.087739028380255935e-02
9.872133053207802211e-01 5.274667642219009467e-02
9.929194087491489684e-01 5.592901689114381653e-02
9.986584935161608723e-01 5.755552277168161923e-02
1.004430750254303728e+00 5.875602088483818097e-02
1.010236370697924935e+00 6.053468327578494235e-02
1.016075547689597958e+00 6.501682720803200755e-02
1.021948475186527761e+00 7.041830717314040422e-02
1.027855348266994762e+00 7.267521925646365510e-02
1.033796363136834096e+00 7.496883776522092480e-02
1.039771717135951290e+00 7.316656750729379211e-02
1.045781608744880131e+00 7.261734190515695131e-02
1.051826237591374280e+00 6.963650600404211466e-02
1.057905804457035748e+00 6.340798915052467399e-02
1.064020511283988890e+00 6.054229871674635111e-02
1.070170561181583713e+00 6.108467042201792124e-02
1.076356158433145582e+00 6.214199824509999276e-02
1.082577508502760022e+00 6.039608225028729460e-02
1.088834818042095476e+00 5.698040467027598588e-02
1.095128294897270704e+00 5.388168174307853692e-02
1.101458148115757263e+00 5.110737660083712608e-02
1.107824587953321727e+00 4.835165313454155289e-02
1.114227825881013212e+00 4.606275619918036995e-02
1.120668074592185315e+00 4.377416388145764087e-02
1.127145548009560017e+00 4.312121597342641333e-02
1.133660461292336441e+00 4.718649066744592252e-02
1.140213030843336250e+00 5.327732034838109781e-02
1.146803474316190341e+00 5.542472239067929018e-02
1.153432010622570836e+00 5.639721420145125952e-02
1.160098859939462601e+00 5.452137878383692127e-02
1.166804243716473621e+00 5.146591156130027322e-02
1.173548384683194445e+00 4.803683080519689091e-02
1.180331506856595603e+00 4.886310614950979681e-02
1.187153835548465874e+00 5.109641036585269719e-02
1.194015597372901416e+00 5.320832445327072779e-02
1.200917020253827294e+00 5.448512928486061446e-02
1.207858333432573428e+00 5.591302446512486091e-02
1.214839767475487387e+00 5.564602710501784927e-02
1.221861554281590267e+00 5.248089753263690538e-02
1.228923927090283863e+00 5.345293241695119740e-02
1.236027120489096909e+00 6.022351635810175435e-02
1.243171370421473965e+00 6.466011995339959739e-02
1.250356914194617142e+00 6.343525242916651929e-02
1.257583990487367132e+00 5.822705235565869136e-02
1.264852839358128644e+00 5.604142079973421786e-02
1.272163702252848472e+00 5.605497628464552184e-02
1.279516822013033517e+00 5.856822411072983015e-02
1.286912442883815677e+00 5.880140891296817968e-02
1.294350810522067352e+00 5.843754314383204501e-02
1.301832172004561583e+00 6.008171684740030993e-02
1.309356775836174380e+00 5.965936449168054989e-02
1.316924871958146337e+00 5.836809032226399074e-02
1.324536711756377994e+00 6.220992797847576389e-02
1.332192548069784932e+00 6.997508850918637835e-02
1.339892635198694837e+00 7.513256974589122006e-02
1.347637228913291185e+00 7.704587313303570828e-02
1.355426586462114891e+00 7.950505132829399635e-02
1.363260966580605249e+00 7.871335008594587679e-02
1.371140629499693731e+00 7.318316916858967625e-02
1.379065836954451285e+00 6.780742939393083479e-02
1.387036852192779834e+00 6.780727708511159746e-02
1.395053939984155722e+00 7.098824677469227351e-02
1.403117366628427343e+00 7.096783739291569193e-02
1.411227399964658957e+00 6.931284976318223545e-02
1.419384309380025577e+00 6.701816509269037381e-02
1.427588365818764915e+00 6.731090264324694761e-02
1.435839841791175742e+00 7.163464540349669119e-02
1.444139011382666204e+00 7.736922475625714057e-02
1.452486150262864761e+00 7.909930063387010657e-02
1.460881535694769973e+00 7.525076138961230010e-02
1.469325446543965796e+00 6.653062456234094812e-02
1.477818163287882181e+00 6.054762952541933863e-02
1.486359968025109168e+00 6.143619917679658121e-02
1.494951144484772509e+00 6.301213852935061421e-02
1.503591978035954568e+00 5.961885034576586140e-02
1.512282755697172298e+00 5.833564854376838832e-02
1.521023766145914724e+00 6.204528214489008625e-02
1.529815299728230382e+00 6.628525505456434042e-02
1.538657648468367833e+00 6.617330807243163027e-02
1.547551106078482119e+00 6.738218317064574581e-02
1.556495967968387184e+00 6.481791189011999743e-02
1.565492531255366693e+00 5.496276974196020321e-02
1.574541094774047689e+00 5.163086201252439777e-02
1.583641959086324214e+00 5.108742414551823569e-02
1.592795426491339539e+00 5.030638452051609116e-02
1.602001801035530804e+00 5.227984989125570442e-02
1.611261388522727822e+00 5.594440008188586444e-02
1.620574496524306296e+00 5.707681615284743160e-02
1.629941434389411858e+00 5.681910963071333531e-02
1.639362513255227638e+00 5.752247175790910216e-02
1.648838046057315765e+00 5.499947616739420120e-02
1.658368347540009280e+00 5.201376638406406128e-02
1.667953734266863997e+00 4.929002776980640627e-02
1.677594524631179640e+00 5.087084100457575642e-02
1.687291038866571835e+00 5.507441210645445950e-02
1.697043599057607821e+00 5.698268930256440712e-02
1.706852529150509445e+00 6.193561979504579040e-02
1.716718154963911225e+00 7.202090056905938176e-02
1.726640804199680579e+00 8.328962086847596646e-02
1.736620806453807120e+00 8.629147538664429240e-02
1.746658493227349673e+00 7.877716748120248969e-02
1.756754197937443251e+00 7.333136564969869320e-02
1.766908255928380411e+00 6.454390832432849168e-02
1.777121004482747679e+00 5.972120187228720234e-02
1.787392782832625482e+00 5.947370004104139685e-02
1.797723932170862682e+00 6.008628611197715935e-02
1.808114795662403074e+00 5.783181096976155317e-02
1.818565718455690483e+00 5.111362126242547516e-02
1.829077047694130043e+00 4.927997538773734587e-02
1.839649132527616748e+00 5.010122454101572503e-02
1.850282324124138622e+00 4.697645680573026006e-02
1.860976975681438272e+00 4.872511435928906370e-02
1.871733442438742401e+00 5.267691898298357961e-02
1.882552081688566581e+00 5.305327407529643324e-02
1.893433252788581767e+00 5.078874655101175972e-02
1.904377317173546302e+00 4.554825700782755282e-02
1.915384638367318981e+00 4.393622046511642953e-02
1.926455581994929611e+00 4.717491519718457899e-02
1.937590515794722412e+00 5.359853964813333926e-02
1.948789809630575354e+00 5.886507399940556218e-02
1.960053835504184105e+00 6.090829680935168355e-02
1.971382967567415045e+00 6.229202243203976058e-02
1.982777582134739092e+00 5.789821761494503422e-02
1.994238057695728816e+00 5.766274818041825651e-02
2.005764774927627947e+00 6.078188048939228705e-02
2.017358116708002580e+00 6.328233437466142253e-02
2.029018468127450348e+00 6.000129779084783371e-02
2.040746216502401289e+00 5.641701434795092646e-02
2.052541751387976898e+00 5.829513439785369289e-02
2.064405464590929995e+00 5.864529237325929317e-02
2.076337750182662312e+00 5.510929082605771356e-02
2.088339004512313135e+00 5.215510896830782145e-02
2.100409626219920778e+00 5.085515319619524771e-02
2.112550016249669760e+00 4.765575413948797134e-02
2.124760577863207711e+00 4.744374026312233456e-02
2.137041716653034662e+00 5.277835665658955899e-02
2.149393840555982482e+00 5.409034482542115357e-02
2.161817359866763155e+00 5.193136731286161073e-02
2.174312687251592546e+00 4.911365415714016858e-02
2.186880237761905654e+00 4.757518277411625779e-02
2.199520428848138476e+00 5.026861193334750122e-02
2.212233680373592026e+00 5.135624921145597738e-02
2.225020414628386511e+00 5.010350917330415321e-02
2.237881056343477670e+00 4.962830565731220916e-02
2.250816032704775704e+00 4.780379831177776484e-02
2.263825773367328598e+00 4.559806199171517749e-02
2.276910710469592924e+00 4.861118736250637923e-02
2.290071278647793029e+00 4.811313752363021584e-02
2.303307915050354371e+00 4.675164898854945045e-02
2.316621059352423018e+00 4.554582006671990119e-02
2.330011153770474852e+00 4.377583927846915440e-02
2.343478643077001600e+00 4.372451120638925354e-02
2.357023974615280792e+00 4.346299696377445981e-02
2.370647598314243876e+00 4.572737217923990294e-02
2.384349966703414481e+00 5.008766905610441411e-02
2.398131534927939956e+00 5.052296766145857737e-02
2.411992760763713051e+00 4.767814353591451337e-02
2.425934104632577970e+00 4.598538331901244613e-02
2.439956029617617261e+00 4.472990172211450954e-02
2.454059001478542612e+00 4.139677552212488176e-02
2.468243488667162033e+00 3.807735711586579530e-02
2.482509962342935861e+00 3.720310449349600174e-02
2.496858896388636673e+00 3.580917417991964086e-02
2.511290767426078485e+00 3.076348761652828931e-02
2.525806054831960523e+00 2.706527717684869411e-02
2.540405240753779381e+00 2.701790913406873149e-02
2.555088810125852206e+00 2.900812847492344193e-02
2.569857250685421590e+00 2.858181608990374711e-02
2.584711052988855506e+00 2.619803076016340160e-02
2.599650710427946265e+00 2.551553494120190058e-02
2.614676719246288084e+00 2.653311016246541476e-02
2.629789578555775442e+00 2.660591377805648569e-02
2.644989790353173831e+00 2.536733846009287321e-02
2.660277859536794409e+00 2.458706037918687720e-02
2.675654293923265481e+00 2.572876728812135971e-02
2.691119604264405218e+00 2.724286926006876108e-02
2.706674304264172548e+00 2.751428357593339175e-02
2.722318910595750374e+00 2.696627644435037677e-02
2.738053942918694972e+00 2.767847248306137473e-02
2.753879923896200843e+00 2.831527565625442319e-02
2.769797379212459720e+00 2.751930976696792194e-02
2.785806837590128815e+00 2.610268543932655824e-02
2.801908830807877226e+00 2.882551020066884823e-02
2.818103893718070019e+00 3.261358284369306887e-02
2.834392564264522019e+00 3.044059291976453085e-02
2.850775383500368410e+00 2.656798888206866882e-02
2.867252895606037466e+00 2.720311665825020375e-02
2.883825647907329426e+00 2.923567785085035009e-02
2.900494190893583735e+00 3.182233852780263356e-02
2.917259078235983960e+00 3.166302350288995732e-02
2.934120866805935979e+00 2.778600250943647279e-02
2.951080116693567401e+00 2.584208504962713301e-02
2.968137391226336685e+00 2.399229444010081078e-02
2.985293256987731514e+00 2.266522769816562560e-02
3.002548283836107057e+00 2.260019183235519036e-02
3.019903044923603730e+00 2.359111301025376695e-02
3.037358116715186629e+00 2.537708622452348323e-02
3.054914079007794214e+00 2.601876327993183149e-02
3.072571514949601568e+00 2.547106076598727384e-02
3.090331011059376021e+00 2.701608142823799449e-02
3.108193157245980220e+00 2.446490870616587279e-02
3.126158546827951579e+00 2.355136040843520961e-02
3.144227776553216724e+00 2.347215982243655574e-02
3.162401446618910317e+00 2.364533494989900370e-02
3.180680160691316427e+00 2.614380882051816832e-02
3.199064525925907621e+00 2.569556396552961919e-02
3.217555152987530587e+00 2.493630450167710899e-02
3.236152656070678812e+00 2.389466448697554271e-02
3.254857652919894928e+00 2.386191809084148643e-02
3.273670764850296955e+00 2.721377827559617879e-02
3.292592616768199143e+00 2.986928253883960535e-02
3.311623837191892683e+00 3.421373929850438783e-02
3.330765058272506351e+00 3.513764459594256873e-02
3.350016915815009710e+00 3.286474008660034835e-02
3.369380049299332214e+00 3.212330075459753770e-02
3.388855101901607103e+00 3.352834961197755093e-02
3.408442720515521884e+00 3.427009356161881543e-02
3.428143555773827789e+00 3.276162701598286237e-02
3.447958262069935831e+00 2.920308376353551727e-02
3.467887497579658529e+00 2.725688167143775278e-02
3.487931924283071528e+00 2.544897598719918219e-02
3.508092207986506228e+00 2.377434051978527529e-02
3.528369018344649444e+00 2.526909927169069744e-02
3.548763028882812254e+00 2.690443906374373126e-02
3.569274917019284565e+00 2.912845244211370935e-02
3.589905364087840223e+00 2.882870868587263449e-02
3.610655055360374899e+00 2.771319889384540186e-02
3.631524680069651456e+00 2.687291113816349733e-02
3.652514931432215839e+00 2.455279089486053432e-02
3.673626506671410219e+00 2.397127582304732149e-02
3.694860107040534913e+00 2.453573230710697980e-02
3.716216437846141751e+00 2.678457202301114809e-02
3.737696208471465109e+00 2.789033405060778112e-02
3.759300132399972405e+00 2.575801058141317587e-02
3.781028927239082016e+00 2.809579864774660457e-02
3.802883314743989107e+00 3.133753955619932030e-02
3.824864020841640233e+00 2.803182894367076822e-02
3.846971775654848713e+00 2.561834339418092577e-02
3.869207313526548564e+00 2.658139205816074935e-02
3.891571373044171445e+00 2.674253478890417299e-02
3.914064697064205678e+00 2.580659709474696778e-02
3.936688032736852527e+00 2.402976240963094687e-02
3.959442131530850340e+00 2.381820545972299433e-02
3.982327749258438132e+00 2.278722706236739962e-02
4.005345646100446189e+00 2.253698367237549210e-02
4.028496586631570509e+00 2.488147332675496454e-02
4.051781339845751617e+00 2.641202465117900577e-02
4.075200679181723906e+00 2.809199092726590366e-02
4.098755382548707082e+00 3.230013129372145270e-02
4.122446232352245943e+00 3.515287547786538624e-02
4.146274015520188705e+00 3.741907839916156636e-02
4.170239523528843861e+00 3.841258882698702498e-02
4.194343552429258715e+00 3.759469046773166595e-02
4.218586902873665778e+00 3.617364918433269017e-02
4.242970380142073950e+00 3.676049506481889051e-02
4.267494794169023997e+00 3.747756498574519174e-02
4.292160959570472833e+00 3.699581219052643782e-02
4.316969695670882068e+00 3.792108826733767146e-02
4.341921826530410478e+00 3.740750292890022977e-02
4.367018180972294772e+00 3.481520682563649799e-02
4.392259592610382235e+00 3.516536480104209828e-02
4.417646899876805477e+00 3.898085303152739461e-02
4.443180946049855251e+00 3.713380398074717786e-02
4.468862579281975833e+00 3.732723618116697006e-02
4.494692652627942486e+00 4.260930603200047129e-02
4.520672024073195239e+00 4.608849638962993212e-02
4.546801556562344082e+00 4.409675396058294200e-02
4.573082118027814502e+00 3.894018657679346185e-02
4.599514581418703507e+00 3.933314333040219268e-02
4.626099824729760002e+00 3.736028719493948713e-02
4.652838731030551678e+00 3.684990034170584211e-02
4.679732188494796219e+00 3.629793318082288889e-02
4.706781090429870140e+00 3.802541980850897979e-02
4.733986335306464177e+00 4.573742456130896333e-02
4.761348826788450062e+00 5.202762648661382605e-02
4.788869473762884077e+00 5.696380300898011562e-02
4.816549190370198019e+00 4.986042429781595980e-02
4.844388896034566017e+00 4.571366438550936856e-02
4.872389515494448098e+00 4.691126863110059442e-02
4.900551978833287414e+00 4.102955895896572003e-02
4.928877221510434836e+00 4.177434908499155775e-02
4.957366184392200559e+00 4.188538221420890634e-02
4.986019813783113541e+00 3.735663178327801315e-02
5.014839061457356806e+00 3.948743216428033526e-02
5.043824884690362609e+00 4.578692492755812721e-02
5.072978246290641202e+00 4.303744612285090310e-02
5.102300114631742822e+00 4.206769587082504619e-02
5.131791463684423960e+00 4.781552609085833877e-02
5.161453273049005475e+00 5.192420879835788622e-02
5.191286527987911903e+00 5.193715504799228250e-02
5.221292219458380401e+00 4.881162576861067248e-02
5.251471344145405951e+00 4.510869375553501481e-02
5.281824904494829553e+00 4.571640594425547405e-02
5.312353908746639597e+00 4.676474754700308406e-02
5.343059370968462396e+00 5.001136233767109612e-02
5.373942311089249912e+00 5.173732587716490389e-02
5.405003754933139781e+00 4.869876493356258690e-02
5.436244734253559585e+00 4.313142066431469718e-02
5.467666286767478567e+00 4.576148935474701196e-02
5.499269456189878724e+00 5.053195388179303887e-02
5.531055292268432844e+00 4.959403617298586281e-02
5.563024850818350409e+00 5.093526763510927008e-02
5.595179193757479297e+00 5.211703176350077765e-02
5.627519389141558470e+00 5.356442247262623024e-02
5.660046511199702479e+00 4.784126628130790093e-02
5.692761640370078702e+00 5.141762966560493864e-02
5.725665863335805739e+00 6.733725206897342441e-02
5.758760273061025892e+00 7.193408454209930525e-02
5.792045968827241431e+00 6.507318147114643514e-02
5.825524056269808071e+00 6.539379153562176195e-02
5.859195647414667363e+00 6.779692008540408321e-02
5.893061860715279821e+00 7.027757382417357257e-02
5.927123821089786304e+00 6.531611403781539815e-02
5.961382659958350594e+00 7.405711717332100208e-02
5.995839515280771082e+00 8.033878980474908060e-02
6.030495531594262104e+00 6.522305334926696563e-02
6.065351860051475086e+00 5.444705208005356373e-02
6.100409658458743500e+00 5.340175665369051999e-02
6.135670091314512575e+00 5.263762330762270653e-02
6.171134329848062094e+00 5.301641534104321180e-02
6.206803552058381079e+00 5.887451714619771487e-02
6.242678942753306259e+00 5.730406091113588590e-02
6.278761693588877257e+00 5.019458984720260447e-02
6.315053003108923591e+00 4.180800933404098252e-02
6.351554076784851510e+00 4.035742013971173325e-02
6.388266127055725718e+00 4.302084446155503283e-02
6.425190373368511843e+00 4.867698477241295257e-02
6.462328042218596025e+00 5.076620484576598730e-02
6.499680367190518560e+00 4.928393541703728065e-02
6.537248588998957999e+00 5.015042028962642812e-02
6.575033955529916874e+00 4.867439552248607748e-02
6.613037721882214726e+00 4.991510316391888080e-02
6.651261150409145451e+00 5.882562601522546564e-02
6.689705510760421525e+00 6.804762040185367844e-02
6.728372079924347382e+00 6.481638880192770735e-02
6.767262142270216607e+00 5.999627159981330005e-02
6.806376989591010229e+00 5.728730694102078524e-02
6.845717921146279750e+00 5.855771480220307856e-02
6.885286243705309062e+00 5.215145355664634053e-02
6.925083271590525058e+00 4.711323012539717081e-02
6.965110326721157818e+00 4.047028097475982578e-02
7.005368738657123728e+00 4.102331429737737095e-02
7.045859844643230119e+00 4.561451134419181735e-02
7.086584989653569089e+00 4.535619558678081337e-02
7.127545526436194656e+00 4.994693570713756858e-02
7.168742815558059256e+00 4.686268211776680598e-02
7.210178225450215805e+00 4.435034814459786617e-02
7.251853132453240036e+00 4.688583305828948611e-02
7.293768920862992111e+00 4.631619807437607067e-02
7.335926982976571864e+00 4.571610132661701326e-02
7.378328719138569802e+00 4.716623359448857827e-02
7.420975537787583676e+00 4.991434161982274270e-02
7.463868855503007715e+00 5.361925364754837470e-02
7.507010097052058128e+00 6.562667172022167150e-02
7.550400695437144982e+00 6.670745510146486312e-02
7.594042091943437711e+00 5.897625943744214116e-02
7.637935736186750368e+00 6.202852817477498559e-02
7.682083086161699548e+00 5.626790401392652713e-02
7.726485608290103890e+00 4.750146530560981489e-02
7.771144777469737974e+00 5.218328609986502831e-02
7.816062077123293150e+00 5.303728164927747069e-02
7.861238999247660786e+00 5.093343992927853309e-02
7.906677044463489068e+00 5.416284382337376718e-02
7.952377722065040011e+00 9.010589745539498985e-02
7.998342550070284496e+00 4.059776345645382117e-02
