2.511886431509579437e-02 1.143989868028228107e+00
2.526405161860213050e-02 1.128516554749631640e+00
2.541007810627042562e-02 1.121001881202994488e+00
2.555694862859406516e-02 1.107095186307849533e+00
2.570466806410236227e-02 1.091632790230531613e+00
2.585324131952258450e-02 1.073464747769715011e+00
2.600267332994290678e-02 1.054627116963822608e+00
2.615296905897638788e-02 1.035356437173886812e+00
2.630413349892583852e-02 1.016191290329642394e+00
2.645617167094958117e-02 9.973081711850900755e-01
2.660908862522835469e-02 9.788562814910348742e-01
2.676288944113292337e-02 9.601569352346690511e-01
2.691757922739292791e-02 9.401002169526878616e-01
2.707316312226650673e-02 9.192192499741870249e-01
2.722964629371095457e-02 8.984893042800373708e-01
2.738703393955444973e-02 8.782306177744058084e-01
2.754533128766867636e-02 8.586924665531489032e-01
2.770454359614242176e-02 8.399694663606799283e-01
2.786467615345633933e-02 8.220943688008339745e-01
2.802573427865854422e-02 8.051799849534877485e-01
2.818772332154127064e-02 7.892354124863734111e-01
2.835064866281864979e-02 7.740987129138612310e-01
2.851451571430539678e-02 7.596679923573529392e-01
2.867932991909653145e-02 7.458559132066208130e-01
2.884509675174826843e-02 7.326097089888196079e-01
2.901182171845980567e-02 7.198766132311036348e-01
2.917951035725619563e-02 7.079368340996186060e-01
2.934816823817239240e-02 6.975218240800177272e-01
2.951780096343814899e-02 6.885824557665481960e-01
2.968841416766421215e-02 6.806165379004035509e-01
2.986001351802944001e-02 6.735330938042635163e-01
3.003260471446899879e-02 6.672174928647045533e-01
3.020619348986378766e-02 6.616624569475415552e-01
3.038078561023081769e-02 6.568352344489389871e-01
3.055638687491469066e-02 6.524774516053080120e-01
3.073300311678033025e-02 6.484126136626475745e-01
3.091064020240668481e-02 6.446862089596177015e-01
3.108930403228154019e-02 6.412709444930224656e-01
3.126900054099761295e-02 6.381740983970476400e-01
3.144973569744963920e-02 6.353993097387856670e-01
3.163151550503255638e-02 6.329902473233504079e-01
3.181434600184106232e-02 6.309705650868450144e-01
3.199823326087009728e-02 6.293275262944446613e-01
3.218318339021652985e-02 6.280247402752213715e-01
3.236920253328214730e-02 6.270476507608039318e-01
3.255629686897762443e-02 6.263926186840994559e-01
3.274447261192782455e-02 6.260614635786544424e-01
3.293373601267822470e-02 6.263562280131713678e-01
3.312409335790250653e-02 6.274515872081050105e-01
3.331555097061136145e-02 6.292001589461966304e-01
3.350811521036261426e-02 6.315873869590750145e-01
3.370179247347232510e-02 6.345896173106371219e-01
3.389658919322740410e-02 6.382323234705324921e-01
3.409251184009919750e-02 6.430686436368669989e-01
3.428956692195841288e-02 6.497081215476852023e-01
3.448776098429136294e-02 6.582562901486783691e-01
3.468710061041735404e-02 6.690042748072706491e-01
3.488759242170727526e-02 6.824979355873824760e-01
3.508924307780367929e-02 6.992067121439852206e-01
3.529205927684192501e-02 7.167179029945510704e-01
3.549604775567258980e-02 7.280463188544452624e-01
3.570121529008542238e-02 7.309775873976978033e-01
3.590756869503420462e-02 7.280335821196204371e-01
3.611511482486330638e-02 7.213486158701422069e-01
3.632386057353523962e-02 7.131043093713981262e-01
3.653381287485973905e-02 7.038592594221333432e-01
3.674497870272393912e-02 6.942575808977737850e-01
3.695736507132423021e-02 6.857003146290485684e-01
3.717097903539903075e-02 6.789771381750960844e-01
3.738582769046329413e-02 6.742554486221846721e-01
3.760191817304411876e-02 6.714679232290979849e-01
3.781925766091774610e-02 6.718354690054709755e-01
3.803785337334809891e-02 6.752452748714270481e-01
3.825771257132654091e-02 6.805000877534338466e-01
3.847884255781295476e-02 6.872196251402936662e-01
3.870125067797849233e-02 6.950763709936543799e-01
3.892494431944945599e-02 7.043923827512288405e-01
3.914993091255265789e-02 7.159627965727944909e-01
3.937621793056233360e-02 7.296693427778351282e-01
3.960381288994833243e-02 7.449788980372553659e-01
3.983272335062570252e-02 7.617549973350751236e-01
4.006295691620595512e-02 7.799375960642629391e-01
4.029452123424955012e-02 8.012352362248897908e-01
4.052742399651988042e-02 8.264521516444649496e-01
4.076167293923887297e-02 8.547440787574581700e-01
4.099727584334383890e-02 8.863293615894377586e-01
4.123424053474603751e-02 9.211625118017435776e-01
4.147257488459059338e-02 9.591470941164164099e-01
4.171228680951784978e-02 9.993132971532242559e-01
4.195338427192649156e-02 1.041697511583095315e+00
4.219587528023795858e-02 1.086985701553022876e+00
4.243976788916238585e-02 1.136089453369753643e+00
4.268507019996626434e-02 1.190262425646758659e+00
4.293179036074151744e-02 1.251074875834581546e+00
4.317993656667604152e-02 1.320213511530736961e+00
4.342951706032609216e-02 1.400203845297629313e+00
4.368054013188996804e-02 1.493345767537910040e+00
4.393301411948334623e-02 1.582697601401036991e+00
4.418694740941636612e-02 1.650682652828773911e+00
4.444234843647213579e-02 1.704178758626517576e+00
4.469922568418681352e-02 1.745656845350280761e+00
4.495758768513159753e-02 1.779976887102501237e+00
4.521744302119593689e-02 1.805976201947029125e+00
4.547880032387276866e-02 1.831160365762768860e+00
4.574166827454511502e-02 1.865003689725832414e+00
4.600605560477452616e-02 1.913494258737426179e+00
4.627197109659098723e-02 1.984910950433675714e+00
4.653942358278480296e-02 2.087696400469883251e+00
4.680842194719982141e-02 2.225489675938851164e+00
4.707897512502866311e-02 2.403512838118750938e+00
4.735109210310945588e-02 2.622766630460103165e+00
4.762478192022426976e-02 2.728754459537976906e+00
4.790005366739954334e-02 2.597893606880797623e+00
4.817691648820784933e-02 2.351910866742810580e+00
4.845537957907175564e-02 2.093810033185791397e+00
4.873545218956924774e-02 1.917424451197652813e+00
4.901714362274099679e-02 1.818081558631236438e+00
4.930046323539925834e-02 1.759809177274189729e+00
4.958542043843887359e-02 1.726167821534776881e+00
4.987202469714965836e-02 1.713210923150853215e+00
5.016028553153097091e-02 1.720687386493016113e+00
5.045021251660784106e-02 1.745163751759206017e+00
5.074181528274907677e-02 1.783131958271960915e+00
5.103510351598705003e-02 1.832488625251641912e+00
5.133008695833959217e-02 1.886783506276255462e+00
5.162677540813340182e-02 1.942825139505414578e+00
5.192517872032970105e-02 2.002651402511088197e+00
5.222530680685147364e-02 2.062568642194081647e+00
5.252716963691266006e-02 2.093919205198575550e+00
5.283077723734942721e-02 2.087059563728642875e+00
5.313613969295318679e-02 2.060530764622112265e+00
5.344326714680543849e-02 2.017171280211369933e+00
5.375216980061491706e-02 1.948993358227714801e+00
5.406285791505632127e-02 1.859908995795908737e+00
5.437534181011107609e-02 1.765144049632238366e+00
5.468963186541032917e-02 1.668730606075528033e+00
5.500573852057948770e-02 1.571330975336668212e+00
5.532367227558519784e-02 1.473956818067458263e+00
5.564344369108398941e-02 1.380341817105112945e+00
5.596506338877313413e-02 1.294811003689428697e+00
5.628854205174332881e-02 1.222606453967587381e+00
5.661389042483377931e-02 1.161981415735043655e+00
5.694111931498885282e-02 1.109305919566727194e+00
5.727023959161724881e-02 1.065971908625634512e+00
5.760126218695296035e-02 1.031782873288754843e+00
5.793419809641841417e-02 1.003738402738072244e+00
5.826905837898961604e-02 9.800426173632884597e-01
5.860585415756369709e-02 9.614142329152324251e-01
5.894459661932811845e-02 9.472091345184776578e-01
5.928529701613251268e-02 9.355859542240663185e-01
5.962796666486229469e-02 9.269886582173203493e-01
5.997261694781454155e-02 9.221013911116866524e-01
6.031925931307623168e-02 9.201563097505836009e-01
6.066790527490428103e-02 9.200471377377995585e-01
6.101856641410823012e-02 9.235752132842716122e-01
6.137125437843479747e-02 9.310061882877743722e-01
6.172598088295483398e-02 9.406515356172475695e-01
6.208275771045231733e-02 9.534428564484482838e-01
6.244159671181598315e-02 9.705428327175275038e-01
6.280250980643269088e-02 9.912236510059242445e-01
6.316550898258359303e-02 1.014888504310418993e+00
6.353060629784218483e-02 1.044092017730159361e+00
6.389781387947492119e-02 1.079307269987209494e+00
6.426714392484385308e-02 1.118796606544756100e+00
6.463860870181208085e-02 1.166661256016387815e+00
6.501222054915094251e-02 1.225392159827128014e+00
6.538799187695008841e-02 1.293240746238884631e+00
6.576593516702965159e-02 1.375470925801397071e+00
6.614606297335466623e-02 1.478891393045298486e+00
6.652838792245242827e-02 1.604164458181479125e+00
6.691292271383147972e-02 1.760793544922792719e+00
6.729968012040381253e-02 1.972465340976291115e+00
6.768867298890894613e-02 2.254765970700447486e+00
6.807991424034069705e-02 2.595473627264084371e+00
6.847341687037629410e-02 2.916239196159163161e+00
6.886919394980822728e-02 3.159183315274660231e+00
6.926725862497820629e-02 3.304436678283872997e+00
6.966762411821400547e-02 3.170846525307092101e+00
7.007030372826857090e-02 2.796550279476888168e+00
7.047531083076181979e-02 2.390175657223629457e+00
7.088265887862478520e-02 2.073776968839913692e+00
7.129236140254673060e-02 1.838766015986726288e+00
7.170443201142430445e-02 1.652331150221813427e+00
7.211888439281383123e-02 1.511397359851757161e+00
7.253573231338585059e-02 1.399274063655418399e+00
7.295498961938230720e-02 1.305164149568452059e+00
7.337667023707672431e-02 1.227662937693036582e+00
7.380078817323644513e-02 1.162658282214305006e+00
7.422735751558823258e-02 1.107349921004345816e+00
7.465639243328600627e-02 1.060913605366639034e+00
7.508790717738160481e-02 1.021280525658926797e+00
7.552191608129793510e-02 9.866620804050962867e-01
7.595843356130543844e-02 9.554861926210570511e-01
7.639747411700059665e-02 9.268576518019795429e-01
7.683905233178781047e-02 8.990388034110505799e-01
7.728318287336367887e-02 8.711271588092550644e-01
7.772988049420428980e-02 8.439742596963090149e-01
7.817916003205507836e-02 8.168759465897549310e-01
7.863103641042397396e-02 7.898376780902321981e-01
7.908552463907676799e-02 7.625373967600276304e-01
7.954263981453599253e-02 7.330027282348423601e-01
8.000239712058217212e-02 7.018777873901022035e-01
8.046481182875830918e-02 6.695501348711909717e-01
8.092989929887701994e-02 6.365874651445857513e-01
8.139767497953076525e-02 6.057227175969810418e-01
8.186815440860513438e-02 5.807405220048916794e-01
8.234135321379483508e-02 5.614789398826879330e-01
8.281728711312283386e-02 5.464423146552278565e-01
8.329597191546232737e-02 5.355323915110058453e-01
8.377742352106211376e-02 5.274354672295202828e-01
8.426165792207447602e-02 5.215820278107473618e-01
8.474869120308657633e-02 5.175062726668085977e-01
8.523853954165466762e-02 5.147806114142994272e-01
8.573121920884146929e-02 5.133559166474672697e-01
8.622674656975649887e-02 5.129701755356301796e-01
8.672513808409994251e-02 5.136270271458810432e-01
8.722641030670905127e-02 5.152427729350853580e-01
8.773057988810836760e-02 5.177009627562735306e-01
8.823766357506258873e-02 5.210343482132805404e-01
8.874767821113291322e-02 5.251192010249514652e-01
8.926064073723644077e-02 5.298754617152443558e-01
8.977656819220893036e-02 5.352612810125920717e-01
9.029547771337091688e-02 5.411929603738602212e-01
9.081738653709675591e-02 5.476341091281207163e-01
9.134231199938727674e-02 5.545519756715382442e-01
9.187027153644546085e-02 5.618865153970817872e-01
9.240128268525588107e-02 5.696177134357407468e-01
9.293536308416693037e-02 5.776345782411848040e-01
9.347253047347692245e-02 5.859844176856201514e-01
9.401280269602330097e-02 5.946508559671294103e-01
9.455619769777530437e-02 6.038249441080845159e-01
9.510273352842993355e-02 6.139997756995604350e-01
9.565242834201181932e-02 6.256375122623429874e-01
9.620530039747586526e-02 6.389037313491544579e-01
9.676136805931405405e-02 6.539767472475426224e-01
9.732064979816532069e-02 6.706272987306606259e-01
9.788316419142908953e-02 6.882312857920928062e-01
9.844892992388228070e-02 7.062774195053005410e-01
9.901796578830000806e-02 7.232281940235747442e-01
9.959029068607995472e-02 7.387342589060063025e-01
1.001659236278700377e-01 7.501572905103135458e-01
1.007448837341998471e-01 7.540783853028082406e-01
1.013271902361159299e-01 7.542476019226235229e-01
1.019128624758204177e-01 7.538254701398584556e-01
1.025019199073136378e-01 7.550463771494936305e-01
1.030943820970401520e-01 7.585653550282337454e-01
1.036902687245389171e-01 7.650356163192365555e-01
1.042895995830967204e-01 7.747009785177201291e-01
1.048923945804057928e-01 7.880672719495838141e-01
1.054986737392250712e-01 8.053291867042925434e-01
1.061084571980452224e-01 8.248127519191573720e-01
1.067217652117575799e-01 8.456191180222557557e-01
1.073386181523270227e-01 8.646296045150562160e-01
1.079590365094685589e-01 8.799901067137757549e-01
1.085830408913279893e-01 8.911056371487411365e-01
1.092106520251663743e-01 8.985984762928215241e-01
1.098418907580486492e-01 9.049850390406899425e-01
1.104767780575359459e-01 9.124014577758213784e-01
1.111153350123821049e-01 9.210933695269802879e-01
1.117575828332342536e-01 9.287608838915152321e-01
1.124035428533372433e-01 9.315174772143131054e-01
1.130532365292423180e-01 9.279184398595313743e-01
1.137066854415197809e-01 9.241665616868520727e-01
1.143639112954759340e-01 9.217465820701383761e-01
1.150249359218739331e-01 9.207167260828751365e-01
1.156897812776589568e-01 9.206821549454935472e-01
1.163584694466876512e-01 9.213717581595796124e-01
1.170310226404614878e-01 9.227054762490918272e-01
1.177074631988646730e-01 9.248052179616389479e-01
1.183878135909062629e-01 9.280876564793467676e-01
1.190720964154663303e-01 9.331605160067134586e-01
1.197603344020467531e-01 9.391904501794873239e-01
1.204525504115261381e-01 9.447927939688567367e-01
1.211487674369193246e-01 9.504460846975255617e-01
1.218490086041408849e-01 9.577806244230691046e-01
1.225532971727734816e-01 9.679063286087921103e-01
1.232616565368404721e-01 9.750243438423138453e-01
1.239741102255828148e-01 9.715726887047905214e-01
1.246906819042407494e-01 9.643818921294128321e-01
1.254113953748399735e-01 9.592198754582723641e-01
1.261362745769819826e-01 9.587795483400433083e-01
1.268653435886395453e-01 9.642363294457007017e-01
1.275986266269562852e-01 9.763653400660116111e-01
1.283361480490512463e-01 9.965239522265910699e-01
1.290779323528278288e-01 1.027252234758215588e+00
1.298240041777875831e-01 1.071619740753664063e+00
1.305743883058487209e-01 1.135714629459195102e+00
1.313291096621690413e-01 1.226250979661029028e+00
1.320881933159741561e-01 1.346864219384876105e+00
1.328516644813900749e-01 1.475268701754413492e+00
1.336195485182806453e-01 1.565049945534491282e+00
1.343918709330900185e-01 1.578336179490313240e+00
1.351686573796898327e-01 1.522953217404951376e+00
1.359499336602315311e-01 1.443434142826576894e+00
1.367357257260030934e-01 1.364429996241834031e+00
1.375260596782912625e-01 1.295174910398709356e+00
1.383209617692485738e-01 1.235712554102315952e+00
1.391204584027652402e-01 1.187120091212123585e+00
1.399245761353461737e-01 1.147869113549155662e+00
1.407333416769932510e-01 1.116130989899278170e+00
1.415467818920924381e-01 1.091527257284840458e+00
1.423649238003061035e-01 1.072880677501320212e+00
1.431877945774705507e-01 1.059039485813845660e+00
1.440154215564987683e-01 1.049872675807076217e+00
1.448478322282882313e-01 1.044932642228596720e+00
1.456850542426340045e-01 1.043680803148672620e+00
1.465271154091474515e-01 1.046326404925140174e+00
1.473740436981796631e-01 1.052847613155442286e+00
1.482258672417506584e-01 1.062900535999309337e+00
1.490826143344838317e-01 1.076396016312967552e+00
1.499443134345459228e-01 1.092373340383916869e+00
1.508109931645919832e-01 1.109213123355860642e+00
1.516826823127164214e-01 1.126338573094589401e+00
1.525594098334091819e-01 1.144788643255098215e+00
1.534412048485173929e-01 1.166062629479621915e+00
1.543280966482127869e-01 1.191052103205896717e+00
1.552201146919646169e-01 1.220299285430750613e+00
1.561172886095181789e-01 1.254555643508847185e+00
1.570196482018790252e-01 1.294749139548851069e+00
1.579272234423027277e-01 1.341754969186581326e+00
1.588400444772908315e-01 1.396750370626559823e+00
1.597581416275917487e-01 1.459491526373568160e+00
1.606815453892082024e-01 1.528546463526588850e+00
1.616102864344102497e-01 1.604804933989812499e+00
1.625443956127538836e-01 1.692724794951921519e+00
1.634839039521058524e-01 1.797488077953067087e+00
1.644288426596743347e-01 1.921245471645095515e+00
1.653792431230455828e-01 2.063569385644602683e+00
1.663351369112262834e-01 2.220595130699031472e+00
1.672965557756923849e-01 2.370142592877751309e+00
1.682635316514438095e-01 2.465376978696393717e+00
1.692360966580649384e-01 2.464794727961545195e+00
1.702142831007917856e-01 2.364738578244939937e+00
1.711981234715850009e-01 2.203400538685539534e+00
1.721876504502090899e-01 2.026196166601520687e+00
1.731828969053178791e-01 1.857780141546619523e+00
1.741838958955464201e-01 1.708123507355115311e+00
1.751906806706090836e-01 1.579191360257121701e+00
1.762032846724038426e-01 1.466489452393027415e+00
1.772217415361232173e-01 1.360898281628269313e+00
1.782460850913716033e-01 1.260596494882899599e+00
1.792763493632887617e-01 1.168906560412646733e+00
1.803125685736800821e-01 1.086994799220754704e+00
1.813547771421535060e-01 1.014642867281654981e+00
1.824030096872625850e-01 9.508409234770944796e-01
1.834573010276564775e-01 8.942352348485511637e-01
1.845176861832364401e-01 8.434738879710487192e-01
1.855842003763193415e-01 7.978145131576553917e-01
1.866568790328071992e-01 7.584143337438824517e-01
1.877357577833641822e-01 7.272475436275751548e-01
1.888208724646001924e-01 7.043705483486719654e-01
1.899122591202609955e-01 6.882676764630207833e-01
1.910099540024255971e-01 6.769356215360338158e-01
1.921139935727104175e-01 6.679307500148938814e-01
1.932244145034804905e-01 6.567897461102789602e-01
1.943412536790674328e-01 6.426083016496274558e-01
1.954645481969946030e-01 6.286433816809978703e-01
1.965943353692096995e-01 6.158702561852609225e-01
1.977306527233236300e-01 6.046364560697794488e-01
1.988735380038573475e-01 5.951312128233793297e-01
2.000230291734956534e-01 5.875564946697108271e-01
2.011791644143479663e-01 5.821069916982390957e-01
2.023419821292166965e-01 5.791338738834194144e-01
2.035115209428728922e-01 5.795923963371124588e-01
2.046878197033392410e-01 5.856878337175567273e-01
2.058709174831803157e-01 6.002550192900452108e-01
2.070608535808005912e-01 6.249842997191847882e-01
2.082576675217497619e-01 6.594790166918600427e-01
2.094613990600355524e-01 7.013610398629243070e-01
2.106720881794442723e-01 7.469694677370184444e-01
2.118897750948690872e-01 7.919501565376041441e-01
2.131145002536455058e-01 8.317469942644926117e-01
2.143463043368951104e-01 8.619658074031247841e-01
2.155852282608767823e-01 8.793496309054424920e-01
2.168313131783459469e-01 8.834581376532164576e-01
2.180846004799212312e-01 8.788383419789036477e-01
2.193451317954595303e-01 8.742221853716837243e-01
2.206129489954388734e-01 8.767950058062951024e-01
2.218880941923488948e-01 8.913549132445980350e-01
2.231706097420899648e-01 9.187661861211330327e-01
2.244605382453801201e-01 9.430351245630331780e-01
2.257579225491697927e-01 9.364793451953493664e-01
2.270628057480653939e-01 9.028725605933179965e-01
2.283752311857605299e-01 8.654283797419264346e-01
2.296952424564759343e-01 8.326422047693219364e-01
2.310228834064072811e-01 8.060096922506467809e-01
2.323581981351817149e-01 7.866917045885044590e-01
2.337012309973229007e-01 7.758618409203241750e-01
2.350520266037238737e-01 7.741442012525213689e-01
2.364106298231291869e-01 7.818098960835098143e-01
2.377770857836252472e-01 7.990645327040331036e-01
2.391514398741393099e-01 8.262374466859895294e-01
2.405337377459470793e-01 8.635942899271539241e-01
2.419240253141889951e-01 9.111750921655469293e-01
2.433223487593957901e-01 9.691745434906336998e-01
2.447287545290218747e-01 1.038204007174004850e+00
2.461432893389885190e-01 1.119484390225295778e+00
2.475660001752356676e-01 1.214880714529567696e+00
2.489969342952823017e-01 1.326587337543780665e+00
2.504361392297964617e-01 1.456452905351077964e+00
2.518836627841739007e-01 1.602623313267677263e+00
2.533395530401260642e-01 1.743125874187236635e+00
2.548038583572773130e-01 1.826920852599654088e+00
2.562766273747711931e-01 1.835072362887531616e+00
2.577579090128856998e-01 1.802664650892578768e+00
2.592477524746588102e-01 1.746240915618675560e+00
2.607462072475227322e-01 1.634914575115660407e+00
2.622533231049470337e-01 1.464285997268335304e+00
2.637691501080930423e-01 1.282287154289548869e+00
2.652937386074759596e-01 1.121141985286067344e+00
2.668271392446371348e-01 9.908888568333863445e-01
2.683694029538270520e-01 8.906416560944087069e-01
2.699205809636965880e-01 8.152511031328187885e-01
2.714807247989985406e-01 7.594296334627743672e-01
2.730498862822996475e-01 7.193489485026471897e-01
2.746281175357012105e-01 6.928619986676839426e-01
2.762154709825712651e-01 6.771794390312515510e-01
2.778119993492854656e-01 6.688896441938474435e-01
2.794177556669779627e-01 6.652833287048800504e-01
2.810327932733039380e-01 6.647593030435164918e-01
2.826571658142107979e-01 6.669281870308267912e-01
2.842909272457196934e-01 6.714624646284587106e-01
2.859341318357184192e-01 6.784713078491965144e-01
2.875868341657639160e-01 6.887007254470643991e-01
2.892490891328946545e-01 7.021343416201449861e-01
2.909209519514548425e-01 7.193070992310800493e-01
2.926024781549284581e-01 7.344310620687674040e-01
2.942937235977828858e-01 7.164304166942196961e-01
2.959947444573255426e-01 6.502448839438735861e-01
2.977055972355692748e-01 5.719685507776911537e-01
2.994263387611086902e-01 5.189382455678263062e-01
3.011570261910088142e-01 5.065672369858441604e-01
3.028977170127025720e-01 5.342095906227721791e-01
3.046484690459013711e-01 5.986247172324697940e-01
3.064093404445150659e-01 7.018413967191743374e-01
3.081803896985833569e-01 8.378114995746479554e-01
3.099616756362194026e-01 9.224998689583485678e-01
3.117532574255635347e-01 9.076015282804149598e-01
3.135551945767480198e-01 8.474204562331931756e-01
3.153675469438748658e-01 7.819390829653043440e-01
3.171903747270033436e-01 7.211975945857909132e-01
3.190237384741493876e-01 6.645082074141130946e-01
3.208676990832974307e-01 6.141689923193757172e-01
3.227223178044230090e-01 5.714991111227196718e-01
3.245876562415266342e-01 5.371918061053237992e-01
3.264637763546810456e-01 5.101080492671410394e-01
3.283507404620888970e-01 4.890887977391135677e-01
3.302486112421523790e-01 4.746034911762131436e-01
3.321574517355558864e-01 4.665757091694907599e-01
3.340773253473591775e-01 4.575289883767836296e-01
3.360082958491044103e-01 4.386713427018809619e-01
3.379504273809338932e-01 4.146716952248482579e-01
3.399037844537201591e-01 3.982977128407833023e-01
3.418684319512097503e-01 3.997697154798218744e-01
3.438444351321779946e-01 4.122662718765058298e-01
3.458318596325960503e-01 4.094550925473158243e-01
3.478307714678123830e-01 3.837068733321915559e-01
3.498412370347446232e-01 3.492885767684651976e-01
3.518633231140849693e-01 3.171701706073900562e-01
3.538970968725191901e-01 2.906140784976636304e-01
3.559426258649572294e-01 2.699751094808340857e-01
3.579999780367765227e-01 2.587140163621566291e-01
3.600692217260801353e-01 2.599622163749878978e-01
3.621504256659661136e-01 2.732648261327275674e-01
3.642436589868098817e-01 2.969133036353048261e-01
3.663489912185618480e-01 3.131126107989152807e-01
3.684664922930561692e-01 3.098865778211458144e-01
3.705962325463332818e-01 3.041131978784145651e-01
3.727382827209774208e-01 3.049920325813263999e-01
3.748927139684648524e-01 3.085674160000049238e-01
3.770595978515288715e-01 3.087475498210985880e-01
3.792390063465359562e-01 3.045917352011181523e-01
3.814310118458763554e-01 2.992059159037703808e-01
3.836356871603694985e-01 2.951938444339556322e-01
3.858531055216822825e-01 2.981342106449400564e-01
3.880833405847607942e-01 3.209220487800694688e-01
3.903264664302779630e-01 3.706080513316488689e-01
3.925825575670940371e-01 4.466227042996544494e-01
3.948516889347303827e-01 5.415914382205220257e-01
3.971339359058604912e-01 6.398171371894479931e-01
3.994293742888124776e-01 7.328389702156662411e-01
4.017380803300868997e-01 8.051181208129101208e-01
4.040601307168905088e-01 8.416470762904618708e-01
4.063956025796829352e-01 8.217504769605640247e-01
4.087445734947380283e-01 7.559961736607151428e-01
4.111071214867221824e-01 6.747430836126202536e-01
4.134833250312844322e-01 6.001531254114467195e-01
4.158732630576643108e-01 5.353467990892729622e-01
4.182770149513134750e-01 4.786446751827703738e-01
4.206946605565314856e-01 4.383911345357351386e-01
4.231262801791195738e-01 4.220953920941654114e-01
4.255719545890473410e-01 4.343535895962707394e-01
4.280317650231349469e-01 4.562844274310451920e-01
4.305057931877529498e-01 4.536915921274233821e-01
4.329941212615355806e-01 4.331781709252954804e-01
4.354968318981098929e-01 4.112073033525002197e-01
4.380140082288422887e-01 4.030594321317154116e-01
4.405457338655994204e-01 4.129886266944270967e-01
4.430920929035247480e-01 4.177212334486167800e-01
4.456531699238333033e-01 4.150155870651180967e-01
4.482290499966203323e-01 4.209600031612110160e-01
4.508198186836865351e-01 4.351305304205840829e-01
4.534255620413813470e-01 4.571432472649465395e-01
4.560463666234608748e-01 4.888686341799990398e-01
4.586823194839622087e-01 5.374228868657168201e-01
4.613335081800964965e-01 5.837627672254642741e-01
4.640000207751556194e-01 5.648887457486438946e-01
4.666819458414390720e-01 4.946929610620294793e-01
4.693793724631949438e-01 4.176575497744927645e-01
4.720923902395786631e-01 3.530095228708557964e-01
4.748210892876304490e-01 3.065622900318707433e-01
4.775655602452679171e-01 2.845222801843121929e-01
4.803258942742961168e-01 2.873607525166981813e-01
4.831021830634371073e-01 3.064130882810657819e-01
4.858945188313745223e-01 3.366701116241724301e-01
4.887029943298164536e-01 3.735065682710660417e-01
4.915277028465775411e-01 4.138729199979780948e-01
4.943687382086768833e-01 4.549325140060690442e-01
4.972261947854541564e-01 4.888613560458134333e-01
5.001001674917054940e-01 5.024314372348740454e-01
5.029907517908354109e-01 5.191857021301369279e-01
5.058980436980275996e-01 5.517953823487403708e-01
5.088221397834349347e-01 5.673796871736672687e-01
5.117631371753864622e-01 5.651689539147897179e-01
5.147211335636141527e-01 5.529344103487875417e-01
5.176962272024980827e-01 5.206431485008042870e-01
5.206885169143288250e-01 4.631058586965035029e-01
5.236981020925914887e-01 3.968657399397654828e-01
5.267250827052667450e-01 3.420504723208809827e-01
5.297695592981502832e-01 3.107836078595216378e-01
5.328316329981945820e-01 3.042442042937554825e-01
5.359114055168668900e-01 3.173466653613910005e-01
5.390089791535270791e-01 3.447670359056580480e-01
5.421244567988269258e-01 3.864470908530718840e-01
5.452579419381275994e-01 4.445684509257674111e-01
5.484095386549359130e-01 4.716249147607542991e-01
5.515793516343632241e-01 4.182834693144547589e-01
5.547674861666017643e-01 3.643361191972036561e-01
5.579740481504216199e-01 3.457004566149619595e-01
5.611991440966896949e-01 3.597290602577156160e-01
5.644428811319066597e-01 3.843236952044215560e-01
5.677053670017649933e-01 3.853262581884886462e-01
5.709867100747291202e-01 3.586773698678957234e-01
5.742870193456336425e-01 3.295721112596610713e-01
5.776064044393048880e-01 3.093407177572254363e-01
5.809449756142023302e-01 2.943150097310437974e-01
5.843028437660793273e-01 2.833850717178114098e-01
5.876801204316687288e-01 2.754209733852130415e-01
5.910769177923870243e-01 2.761287719347631509e-01
5.944933486780595855e-01 2.870405146125314944e-01
5.979295265706701112e-01 3.009344727728516244e-01
6.013855656081297241e-01 3.145755157702218585e-01
6.048615805880666052e-01 3.456022018034562437e-01
6.083576869716416091e-01 4.140203022152366130e-01
6.118740008873820857e-01 4.638282135144247698e-01
6.154106391350390171e-01 4.734426287736090977e-01
6.189677191894675801e-01 4.662518321982312974e-01
6.225453592045292472e-01 4.379089581459388314e-01
6.261436780170150929e-01 3.897095145017692719e-01
6.297627951505950783e-01 3.355547375602284665e-01
6.334028308197864332e-01 2.966985986768294614e-01
6.370639059339481269e-01 2.939110732837426632e-01
6.407461421012968783e-01 3.208219744350174207e-01
6.444496616329448146e-01 3.466775461293793992e-01
6.481745875469649976e-01 3.456185776053739001e-01
6.519210435724759334e-01 3.378200568254979830e-01
6.556891541537508417e-01 3.647964611844431992e-01
6.594790444543533470e-01 4.213639396085121502e-01
6.632908403612935988e-01 4.709535068821321668e-01
6.671246684892090384e-01 5.329704882776729047e-01
6.709806561845721440e-01 6.095382794437844698e-01
6.748589315299192704e-01 6.835769189803984069e-01
6.787596233481042463e-01 6.741317203410294168e-01
6.826828612065795054e-01 6.504468521675240700e-01
6.866287754216984229e-01 6.946269462076932744e-01
6.905974970630435195e-01 6.591060123148477778e-01
6.945891579577818664e-01 5.191693263282193271e-01
6.986038906950429173e-01 4.401833750789403976e-01
7.026418286303216520e-01 4.174992503559558088e-01
7.067031058899108098e-01 4.036489610007494289e-01
7.107878573753529938e-01 3.888052063292078975e-01
7.148962187679240854e-01 3.906138226743307573e-01
7.190283265331394169e-01 4.108179231735703540e-01
7.231843179252852583e-01 4.116567281384613808e-01
7.273643309919801681e-01 3.829881575813630090e-01
7.315685045787596597e-01 3.411971110876187430e-01
7.357969783336865133e-01 3.073465089903696379e-01
7.400498927119919523e-01 2.906340933666740622e-01
7.443273889807401344e-01 2.846733014686634866e-01
7.486296092235191768e-01 2.804774571106621872e-01
7.529566963451627126e-01 2.749788267334375425e-01
7.573087940764960946e-01 2.619782595444005158e-01
7.616860469791092436e-01 2.366667283804124999e-01
7.660886004501606950e-01 2.161496681111918505e-01
7.705166007272060691e-01 2.124760298810076942e-01
7.749701948930545203e-01 2.247906329230514588e-01
7.794495308806568268e-01 2.567489201320432568e-01
7.839547574780165728e-01 3.086201824728505572e-01
7.884860243331343055e-01 3.577930765643447253e-01
7.930434819589780027e-01 3.738104303733150724e-01
7.976272817384808533e-01 3.728387994595367960e-01
8.022375759295721220e-01 3.916564153964186001e-01
8.068745176702336597e-01 4.431928835646881115e-01
8.115382609835852801e-01 5.162890047242660874e-01
8.162289607830032212e-01 5.642500894738570194e-01
8.209467728772645856e-01 5.277265925969444327e-01
8.256918539757219788e-01 4.999350372092115080e-01
8.304643616935105666e-01 4.901550443973047289e-01
8.352644545567829981e-01 4.569467376419352189e-01
8.400922920079733069e-01 4.131287307775000084e-01
8.449480344110958940e-01 3.798367254789959957e-01
8.498318430570707127e-01 3.669216763666398595e-01
8.547438801690798726e-01 3.586573549988853471e-01
8.596843089079587719e-01 3.432149737905778042e-01
8.646532933776126528e-01 3.398360999949106009e-01
8.696509986304700179e-01 3.491175406151034721e-01
8.746775906729644667e-01 3.674329652931785928e-01
8.797332364710471753e-01 3.743581099707818383e-01
8.848181039557355687e-01 3.884886074921340415e-01
8.899323620286901937e-01 4.278469376343397856e-01
8.950761805678236760e-01 4.441590558778271136e-01
9.002497304329459826e-01 3.994785901123976690e-01
9.054531834714387717e-01 3.330419617326482729e-01
9.106867125239620497e-01 2.773333031424807804e-01
9.159504914301977996e-01 2.474674795118504134e-01
9.212446950346235841e-01 2.362173035944514221e-01
9.265694991923183466e-01 2.232294731402391652e-01
9.319250807748065135e-01 2.114425348266517624e-01
9.373116176759319629e-01 2.247451445843914319e-01
9.427292888177655206e-01 2.641016551930507883e-01
9.481782741565508710e-01 2.973954800251011332e-01
9.536587546886805544e-01 3.088658195016147356e-01
9.591709124567069367e-01 3.272394692531746530e-01
9.647149305553922582e-01 3.460261531197676987e-01
9.702909931377862174e-01 3.592432448008265333e-01
9.758992854213467405e-01 3.592578010691976909e-01
9.815399936940907288e-01 3.357694425187038312e-01
9.872133053207802211e-01 3.526856458995963339e-01
9.929194087491489684e-01 4.082323660041341506e-01
9.986584935161608723e-01 4.840741632852316734e-01
1.004430750254303728e+00 4.958319890620766501e-01
1.010236370697924935e+00 4.184872570716517415e-01
1.016075547689597958e+00 3.604295806730801743e-01
1.021948475186527761e+00 3.347850748701007295e-01
1.027855348266994762e+00 3.167025504859649621e-01
1.033796363136834096e+00 2.887508761461487494e-01
1.039771717135951290e+00 2.647021012633631876e-01
1.045781608744880131e+00 2.577660393844816156e-01
1.051826237591374280e+00 2.498073996525224660e-01
1.057905804457035748e+00 2.343031543036372677e-01
1.064020511283988890e+00 2.391740456073534471e-01
1.070170561181583713e+00 2.705828336853320915e-01
1.076356158433145582e+00 3.115223384793605055e-01
1.082577508502760022e+00 3.486481009601319903e-01
1.088834818042095476e+00 3.529203657270821304e-01
1.095128294897270704e+00 3.041896182873634613e-01
1.101458148115757263e+00 2.567070708604760609e-01
1.107824587953321727e+00 2.415903861569743405e-01
1.114227825881013212e+00 2.377311555050572456e-01
1.120668074592185315e+00 2.287644941883918148e-01
1.127145548009560017e+00 2.281604090509866123e-01
1.133660461292336441e+00 2.267448119518864214e-01
1.140213030843336250e+00 1.975776892030741694e-01
1.146803474316190341e+00 1.794635049352309997e-01
1.153432010622570836e+00 1.805228373659457930e-01
1.160098859939462601e+00 1.908636104168534575e-01
1.166804243716473621e+00 2.053853076506819975e-01
1.173548384683194445e+00 2.391613088725286496e-01
1.180331506856595603e+00 2.726716581966007191e-01
1.187153835548465874e+00 2.711614453530876712e-01
1.194015597372901416e+00 2.652370441260051837e-01
1.200917020253827294e+00 2.395015616457057128e-01
1.207858333432573428e+00 2.198942681496856566e-01
1.214839767475487387e+00 2.373253995242097791e-01
1.221861554281590267e+00 2.689361558258389628e-01
1.228923927090283863e+00 2.656901079790591202e-01
1.236027120489096909e+00 2.675278368609243507e-01
1.243171370421473965e+00 3.010582010540068798e-01
1.250356914194617142e+00 3.289298159177814762e-01
1.257583990487367132e+00 3.322868553108918044e-01
1.264852839358128644e+00 2.811488649892842639e-01
1.272163702252848472e+00 2.026014213246880302e-01
1.279516822013033517e+00 1.666458008676072744e-01
1.286912442883815677e+00 1.660162422605524490e-01
1.294350810522067352e+00 1.734748741739605138e-01
1.301832172004561583e+00 1.810031942221957402e-01
1.309356775836174380e+00 1.917551818545901177e-01
1.316924871958146337e+00 2.231912629357647726e-01
1.324536711756377994e+00 2.817966189318030779e-01
1.332192548069784932e+00 3.390045731642052362e-01
1.339892635198694837e+00 3.516103015736732340e-01
1.347637228913291185e+00 3.273759342691547891e-01
1.355426586462114891e+00 2.839636833855669895e-01
1.363260966580605249e+00 2.771149591169126403e-01
1.371140629499693731e+00 3.189151032783889006e-01
1.379065836954451285e+00 3.534880601935592725e-01
1.387036852192779834e+00 3.361406273621696528e-01
1.395053939984155722e+00 2.822223897816609761e-01
1.403117366628427343e+00 2.596256026689036656e-01
1.411227399964658957e+00 2.740217520880304791e-01
1.419384309380025577e+00 3.037310958336703060e-01
1.427588365818764915e+00 3.088203311629546532e-01
1.435839841791175742e+00 3.304782389657689445e-01
1.444139011382666204e+00 3.317173413108681634e-01
1.452486150262864761e+00 2.715762990016671874e-01
1.460881535694769973e+00 2.309424758434341363e-01
1.469325446543965796e+00 2.392904957543231237e-01
1.477818163287882181e+00 2.505952576781141916e-01
1.486359968025109168e+00 2.421926517608331830e-01
1.494951144484772509e+00 2.149615127053918218e-01
1.503591978035954568e+00 1.944026031646039487e-01
1.512282755697172298e+00 1.814493438477733367e-01
1.521023766145914724e+00 1.782868125907732804e-01
1.529815299728230382e+00 1.893916077778148299e-01
1.538657648468367833e+00 2.000158641552518268e-01
1.547551106078482119e+00 2.043973009349860648e-01
1.556495967968387184e+00 2.022011239444797548e-01
1.565492531255366693e+00 2.151125339897431432e-01
1.574541094774047689e+00 2.511884256142409844e-01
1.583641959086324214e+00 3.006961138782729970e-01
1.592795426491339539e+00 3.086456559425001522e-01
1.602001801035530804e+00 2.756374978772347939e-01
1.611261388522727822e+00 2.815910116410597630e-01
1.620574496524306296e+00 2.757903386951325309e-01
1.629941434389411858e+00 2.354385432365916631e-01
1.639362513255227638e+00 2.063987878360274975e-01
1.648838046057315765e+00 2.240337069677485193e-01
1.658368347540009280e+00 2.488867156780434076e-01
1.667953734266863997e+00 2.428804354413728328e-01
1.677594524631179640e+00 2.171740654978157881e-01
1.687291038866571835e+00 2.055672610053221050e-01
1.697043599057607821e+00 1.919262180079518154e-01
1.706852529150509445e+00 1.562861046678170329e-01
1.716718154963911225e+00 1.368736832146165705e-01
1.726640804199680579e+00 1.351913424976139699e-01
1.736620806453807120e+00 1.486850032777257413e-01
1.746658493227349673e+00 1.785584689492510091e-01
1.756754197937443251e+00 1.962239562445516061e-01
1.766908255928380411e+00 1.826193039181093491e-01
1.777121004482747679e+00 1.809544307231521765e-01
1.787392782832625482e+00 2.059730169861695714e-01
1.797723932170862682e+00 2.232731419453528043e-01
1.808114795662403074e+00 2.211297314276921278e-01
1.818565718455690483e+00 2.154291328268169714e-01
1.829077047694130043e+00 2.154946360344874023e-01
1.839649132527616748e+00 2.249962402137948014e-01
1.850282324124138622e+00 2.251636373000637237e-01
1.860976975681438272e+00 2.177599552997569743e-01
1.871733442438742401e+00 2.018335781681066810e-01
1.882552081688566581e+00 1.957617947237657030e-01
1.893433252788581767e+00 2.049468000659992739e-01
1.904377317173546302e+00 2.281422137155225960e-01
1.915384638367318981e+00 2.700933791613501223e-01
1.926455581994929611e+00 3.175431749844023210e-01
1.937590515794722412e+00 3.160948262814669008e-01
1.948789809630575354e+00 2.208531623286391354e-01
1.960053835504184105e+00 1.718493029036056163e-01
1.971382967567415045e+00 1.628367893415708645e-01
1.982777582134739092e+00 1.519610734280212316e-01
1.994238057695728816e+00 1.526483112484969817e-01
2.005764774927627947e+00 1.826593336561301850e-01
2.017358116708002580e+00 2.164680864818120942e-01
2.029018468127450348e+00 2.508772853778064027e-01
2.040746216502401289e+00 3.220337837769206568e-01
2.052541751387976898e+00 3.492449079633515585e-01
2.064405464590929995e+00 3.010600205875532676e-01
2.076337750182662312e+00 2.749806462669839302e-01
2.088339004512313135e+00 2.356987365337270268e-01
2.100409626219920778e+00 1.940860043275301206e-01
2.112550016249669760e+00 1.846790158926356062e-01
2.124760577863207711e+00 1.894243593816500870e-01
2.137041716653034662e+00 2.015424528006824756e-01
2.149393840555982482e+00 2.053561951139395436e-01
2.161817359866763155e+00 2.157384535297051653e-01
2.174312687251592546e+00 2.201253489100785943e-01
2.186880237761905654e+00 1.898774232347039681e-01
2.199520428848138476e+00 1.832597797264425843e-01
2.212233680373592026e+00 1.820607071193641735e-01
2.225020414628386511e+00 1.879832888129002733e-01
2.237881056343477670e+00 1.977450862893430639e-01
2.250816032704775704e+00 1.808438030835309851e-01
2.263825773367328598e+00 1.507543587800479201e-01
2.276910710469592924e+00 1.354195120043326928e-01
2.290071278647793029e+00 1.429518350263700166e-01
2.303307915050354371e+00 1.749592496411146725e-01
2.316621059352423018e+00 2.078889858105301136e-01
2.330011153770474852e+00 2.215718780794676268e-01
2.343478643077001600e+00 2.311080533961566430e-01
2.357023974615280792e+00 2.489594970198994728e-01
2.370647598314243876e+00 2.189044419004433639e-01
2.384349966703414481e+00 1.892515036947419460e-01
2.398131534927939956e+00 1.619554072916941090e-01
2.411992760763713051e+00 1.343385271244157131e-01
2.425934104632577970e+00 1.299274319478751216e-01
2.439956029617617261e+00 1.183870404298250911e-01
2.454059001478542612e+00 1.041253545397773511e-01
2.468243488667162033e+00 1.035159927550875492e-01
2.482509962342935861e+00 1.079964121597460358e-01
2.496858896388636673e+00 1.050496775813491851e-01
2.511290767426078485e+00 1.086574486971536163e-01
2.525806054831960523e+00 1.029171842649669044e-01
2.540405240753779381e+00 9.179255616226957015e-02
2.555088810125852206e+00 8.360047027630715388e-02
2.569857250685421590e+00 8.015227225252211096e-02
2.584711052988855506e+00 7.990426983014763118e-02
2.599650710427946265e+00 8.268488099575803385e-02
2.614676719246288084e+00 8.978051596665904965e-02
2.629789578555775442e+00 1.099758827048759602e-01
2.644989790353173831e+00 1.233601895188490283e-01
2.660277859536794409e+00 1.275354731477760239e-01
2.675654293923265481e+00 1.143707840328535980e-01
2.691119604264405218e+00 9.461265120583689514e-02
2.706674304264172548e+00 1.007406582367617043e-01
2.722318910595750374e+00 1.160582194437861092e-01
2.738053942918694972e+00 1.169692598904692321e-01
2.753879923896200843e+00 1.325031636361607423e-01
2.769797379212459720e+00 1.408782945968911349e-01
2.785806837590128815e+00 1.368847823692496413e-01
2.801908830807877226e+00 1.485969378540799302e-01
2.818103893718070019e+00 1.482706954892101803e-01
2.834392564264522019e+00 1.576396556729849630e-01
2.850775383500368410e+00 1.454391373843005597e-01
2.867252895606037466e+00 1.162030543140796651e-01
2.883825647907329426e+00 1.258938899822127921e-01
2.900494190893583735e+00 1.542545954632600358e-01
2.917259078235983960e+00 1.426237731279538512e-01
2.934120866805935979e+00 1.294601757331592662e-01
2.951080116693567401e+00 1.163578966188783953e-01
2.968137391226336685e+00 1.149488498405452641e-01
2.985293256987731514e+00 1.109466038518810427e-01
3.002548283836107057e+00 1.040507536643748843e-01
3.019903044923603730e+00 1.004770078258881566e-01
3.037358116715186629e+00 1.075946591527006391e-01
3.054914079007794214e+00 1.182256478042593012e-01
3.072571514949601568e+00 9.417996612850267069e-02
3.090331011059376021e+00 7.592112894372060605e-02
3.108193157245980220e+00 7.757945181791073286e-02
3.126158546827951579e+00 8.012661682951785491e-02
3.144227776553216724e+00 8.306243420663629584e-02
3.162401446618910317e+00 9.283551279106676268e-02
3.180680160691316427e+00 8.113682185447983197e-02
3.199064525925907621e+00 7.095143696843483894e-02
3.217555152987530587e+00 7.643150810348617319e-02
3.236152656070678812e+00 8.724062908923752024e-02
3.254857652919894928e+00 8.802539390780038386e-02
3.273670764850296955e+00 8.983291853279541661e-02
3.292592616768199143e+00 8.557484612750716757e-02
3.311623837191892683e+00 7.873649320006728680e-02
3.330765058272506351e+00 8.481191571150112352e-02
3.350016915815009710e+00 9.109876802102676030e-02
3.369380049299332214e+00 9.305240118979780928e-02
3.388855101901607103e+00 8.963913821010367766e-02
3.408442720515521884e+00 8.665601296077880822e-02
3.428143555773827789e+00 9.517889004547695764e-02
3.447958262069935831e+00 9.557427468510995561e-02
3.467887497579658529e+00 8.660142695438675930e-02
3.487931924283071528e+00 8.313448773507378653e-02
3.508092207986506228e+00 7.350824550783789657e-02
3.528369018344649444e+00 6.092435150092675306e-02
3.548763028882812254e+00 6.606890065002168910e-02
3.569274917019284565e+00 8.219615428519465306e-02
3.589905364087840223e+00 8.685379625727261688e-02
3.610655055360374899e+00 8.086662112283925230e-02
3.631524680069651456e+00 8.407318509166220033e-02
3.652514931432215839e+00 9.200525963384388606e-02
3.673626506671410219e+00 9.939784247951756468e-02
3.694860107040534913e+00 1.016244056802488027e-01
3.716216437846141751e+00 1.122240983548093707e-01
3.737696208471465109e+00 9.412719965565702340e-02
3.759300132399972405e+00 1.000687044980757279e-01
3.781028927239082016e+00 1.045536727366001978e-01
3.802883314743989107e+00 9.494635365824687090e-02
3.824864020841640233e+00 1.036308053218654712e-01
3.846971775654848713e+00 9.955414041115344392e-02
3.869207313526548564e+00 9.312190737127032381e-02
3.891571373044171445e+00 1.001291130118162342e-01
3.914064697064205678e+00 9.622403011452984600e-02
3.936688032736852527e+00 9.233532301916107243e-02
3.959442131530850340e+00 9.656464679441616183e-02
3.982327749258438132e+00 8.821171414295188307e-02
4.005345646100446189e+00 8.666565648857472992e-02
4.028496586631570509e+00 8.528299294666440156e-02
4.051781339845751617e+00 8.901904117749011303e-02
4.075200679181723906e+00 8.970555118454731636e-02
4.098755382548707082e+00 8.240976752354216284e-02
4.122446232352245943e+00 8.103565578929992907e-02
4.146274015520188705e+00 9.439685452723370340e-02
4.170239523528843861e+00 1.125006674538623630e-01
4.194343552429258715e+00 1.091609136294428434e-01
4.218586902873665778e+00 1.097200562882519603e-01
4.242970380142073950e+00 1.095888679195564236e-01
4.267494794169023997e+00 9.508445625441873383e-02
4.292160959570472833e+00 1.034173740368726085e-01
4.316969695670882068e+00 9.383316303455858931e-02
4.341921826530410478e+00 8.686471345855101278e-02
4.367018180972294772e+00 9.148923992008448081e-02
4.392259592610382235e+00 8.162882372542674958e-02
4.417646899876805477e+00 9.113534064530944001e-02
4.443180946049855251e+00 1.091911178863131104e-01
4.468862579281975833e+00 1.155876880686867447e-01
4.494692652627942486e+00 9.518998920011001452e-02
4.520672024073195239e+00 8.643839674862921485e-02
4.546801556562344082e+00 9.609011244551472763e-02
4.573082118027814502e+00 9.280312509394084142e-02
4.599514581418703507e+00 8.785927049501394970e-02
4.626099824729760002e+00 9.256167299233337975e-02
4.652838731030551678e+00 9.449547324544864402e-02
4.679732188494796219e+00 9.114880519355279820e-02
4.706781090429870140e+00 8.557411831408860692e-02
4.733986335306464177e+00 8.478735200862469457e-02
4.761348826788450062e+00 8.310464738491281367e-02
4.788869473762884077e+00 7.245873855827365817e-02
4.816549190370198019e+00 7.292126398576885549e-02
4.844388896034566017e+00 8.972884121394125723e-02
4.872389515494448098e+00 1.013469268144226026e-01
4.900551978833287414e+00 1.002628487274767471e-01
4.928877221510434836e+00 1.273347785976079727e-01
4.957366184392200559e+00 1.323037427594751791e-01
4.986019813783113541e+00 1.319034453792668760e-01
5.014839061457356806e+00 1.350213980643800993e-01
5.043824884690362609e+00 1.257224899221418002e-01
5.072978246290641202e+00 1.462268134565376521e-01
5.102300114631742822e+00 1.571569334231246728e-01
5.131791463684423960e+00 1.424137989566991447e-01
5.161453273049005475e+00 1.325411918872805295e-01
5.191286527987911903e+00 1.309907673523920124e-01
5.221292219458380401e+00 1.182913329652843931e-01
5.251471344145405951e+00 9.721003534332468832e-02
5.281824904494829553e+00 1.392925711112024401e-01
5.312353908746639597e+00 1.657671481180501005e-01
5.343059370968462396e+00 1.311270504150174598e-01
5.373942311089249912e+00 1.517934943883976762e-01
5.405003754933139781e+00 1.591071094781575379e-01
5.436244734253559585e+00 1.339575167997992811e-01
5.467666286767478567e+00 1.356343989161626906e-01
5.499269456189878724e+00 1.308273732399251876e-01
5.531055292268432844e+00 1.292305505996034498e-01
5.563024850818350409e+00 1.526714193245362894e-01
5.595179193757479297e+00 1.682408039743826522e-01
5.627519389141558470e+00 1.857416234837339086e-01
5.660046511199702479e+00 2.066680788008948555e-01
5.692761640370078702e+00 1.993371781424441436e-01
5.725665863335805739e+00 1.835545441609595929e-01
5.758760273061025892e+00 1.913676212092066398e-01
5.792045968827241431e+00 2.093591689160223257e-01
5.825524056269808071e+00 2.353020782206115824e-01
5.859195647414667363e+00 2.496618369688103356e-01
5.893061860715279821e+00 2.035039099637030724e-01
5.927123821089786304e+00 1.444547697356974580e-01
5.961382659958350594e+00 1.349542572765178861e-01
5.995839515280771082e+00 1.574076651458187759e-01
6.030495531594262104e+00 1.626652073281452393e-01
6.065351860051475086e+00 1.492439639831802389e-01
6.100409658458743500e+00 1.630307516176172367e-01
6.135670091314512575e+00 1.890549940717306254e-01
6.171134329848062094e+00 1.867823966722754470e-01
6.206803552058381079e+00 1.940041253179420611e-01
6.242678942753306259e+00 2.071939239958048296e-01
6.278761693588877257e+00 1.870116578991219969e-01
6.315053003108923591e+00 1.950521766406692059e-01
6.351554076784851510e+00 2.090607654144125416e-01
6.388266127055725718e+00 1.842204934389424509e-01
6.425190373368511843e+00 1.627918468629747650e-01
6.462328042218596025e+00 1.662391351199865863e-01
6.499680367190518560e+00 2.010093294715869228e-01
6.537248588998957999e+00 3.211312951379056702e-01
6.575033955529916874e+00 3.494305003850844971e-01
6.613037721882214726e+00 2.670929683433344581e-01
6.651261150409145451e+00 2.383461578437408857e-01
6.689705510760421525e+00 2.519544492372759459e-01
6.728372079924347382e+00 2.286098338369477179e-01
6.767262142270216607e+00 1.747352650615526803e-01
6.806376989591010229e+00 1.414378011624095044e-01
6.845717921146279750e+00 1.286761387280149771e-01
6.885286243705309062e+00 1.420784589240974005e-01
6.925083271590525058e+00 1.301001056814286017e-01
6.965110326721157818e+00 1.523404461724459091e-01
7.005368738657123728e+00 1.780038751243079032e-01
7.045859844643230119e+00 1.747516408634702811e-01
7.086584989653569089e+00 1.934891973243104968e-01
7.127545526436194656e+00 1.786363449850369711e-01
7.168742815558059256e+00 1.853795363080000536e-01
7.210178225450215805e+00 1.968935445896272673e-01
7.251853132453240036e+00 1.741875854640858867e-01
7.293768920862992111e+00 1.649969395678584638e-01
7.335926982976571864e+00 1.575504985292112692e-01
7.378328719138569802e+00 1.578050512723528087e-01
7.420975537787583676e+00 1.537793333009400132e-01
7.463868855503007715e+00 1.492532436042668942e-01
7.507010097052058128e+00 1.489040751167124699e-01
7.550400695437144982e+00 1.457975854929415838e-01
7.594042091943437711e+00 1.579378772212401139e-01
7.637935736186750368e+00 1.601984656992890554e-01
7.682083086161699548e+00 1.626342752578564255e-01
7.726485608290103890e+00 1.442118620072528890e-01
7.771144777469737974e+00 1.584224190046467640e-01
7.816062077123293150e+00 1.780511829965143178e-01
7.861238999247660786e+00 1.787871843160336316e-01
7.906677044463489068e+00 1.796789377071248972e-01
7.952377722065040011e+00 1.727838153330373272e-01
7.998342550070284496e+00 2.223251649676777353e-01
