2.511886431509579437e-02 9.147560931495982706e-01
2.526405161860213050e-02 9.066813625636691576e-01
2.541007810627042562e-02 9.025814024599609908e-01
2.555694862859406516e-02 8.958479892471097328e-01
2.570466806410236227e-02 8.892889472927586469e-01
2.585324131952258450e-02 8.822917416632021226e-01
2.600267332994290678e-02 8.754554941184149452e-01
2.615296905897638788e-02 8.688070310058585433e-01
2.630413349892583852e-02 8.624760130049307083e-01
2.645617167094958117e-02 8.565026796368238049e-01
2.660908862522835469e-02 8.509227993648195154e-01
2.676288944113292337e-02 8.456871905519053323e-01
2.691757922739292791e-02 8.406751346345042730e-01
2.707316312226650673e-02 8.358911026705261316e-01
2.722964629371095457e-02 8.314021605286252559e-01
2.738703393955444973e-02 8.272172503246222330e-01
2.754533128766867636e-02 8.233631984059783804e-01
2.770454359614242176e-02 8.198355337147833488e-01
2.786467615345633933e-02 8.166610825984988997e-01
2.802573427865854422e-02 8.135089867717657519e-01
2.818772332154127064e-02 8.100975695862375758e-01
2.835064866281864979e-02 8.065699048950425443e-01
2.851451571430539678e-02 8.030377691459372747e-01
2.867932991909653145e-02 7.995771703233963690e-01
2.884509675174826843e-02 7.962417611223425729e-01
2.901182171845980567e-02 7.930494257744170605e-01
2.917951035725619563e-02 7.898123798473889456e-01
2.934816823817239240e-02 7.860119806236680606e-01
2.951780096343814899e-02 7.816526991611649766e-01
2.968841416766421215e-02 7.771011622085204351e-01
2.986001351802944001e-02 7.724557330397605615e-01
3.003260471446899879e-02 7.678460723342827032e-01
3.020619348986378766e-02 7.633258327870101612e-01
3.038078561023081769e-02 7.588771301663015389e-01
3.055638687491469066e-02 7.543479485032084098e-01
3.073300311678033025e-02 7.497561720293717258e-01
3.091064020240668481e-02 7.452582877716503740e-01
3.108930403228154019e-02 7.408945352512368299e-01
3.126900054099761295e-02 7.367051539893233469e-01
3.144973569744963920e-02 7.327080282175510995e-01
3.163151550503255638e-02 7.289657527466636422e-01
3.181434600184106232e-02 7.255722197927766404e-01
3.199823326087009728e-02 7.224961319505178725e-01
3.218318339021652985e-02 7.196883075828746090e-01
3.236920253328214730e-02 7.171398045740265959e-01
3.255629686897762443e-02 7.148372097502427858e-01
3.274447261192782455e-02 7.127760520536130517e-01
3.293373601267822470e-02 7.111351738005478040e-01
3.312409335790250653e-02 7.099950540334314386e-01
3.331555097061136145e-02 7.092394452465975441e-01
3.350811521036261426e-02 7.088102236872126927e-01
3.370179247347232510e-02 7.086626787761740598e-01
3.389658919322740410e-02 7.087833973397511533e-01
3.409251184009919750e-02 7.093154532310719240e-01
3.428956692195841288e-02 7.104287466507266391e-01
3.448776098429136294e-02 7.120606827879715217e-01
3.468710061041735404e-02 7.141084273108704306e-01
3.488759242170727526e-02 7.165451538719620483e-01
3.508924307780367929e-02 7.193216808342334234e-01
3.529205927684192501e-02 7.225631978191717764e-01
3.549604775567258980e-02 7.264843156064695329e-01
3.570121529008542238e-02 7.310492657328447885e-01
3.590756869503420462e-02 7.361418006926306878e-01
3.611511482486330638e-02 7.417395651962759295e-01
3.632386057353523962e-02 7.478023197225881491e-01
3.653381287485973905e-02 7.543211221557469814e-01
3.674497870272393912e-02 7.612825593220213793e-01
3.695736507132423021e-02 7.686776891055909777e-01
3.717097903539903075e-02 7.765020404485456496e-01
3.738582769046329413e-02 7.847556133508851728e-01
3.760191817304411876e-02 7.934473499284302456e-01
3.781925766091774610e-02 8.013521803137695354e-01
3.803785337334809891e-02 8.078441563994666064e-01
3.825771257132654091e-02 8.136520606248940357e-01
3.847884255781295476e-02 8.190083880013853124e-01
3.870125067797849233e-02 8.242126994089276071e-01
3.892494431944945599e-02 8.286211625084438648e-01
3.914993091255265789e-02 8.308924599268557865e-01
3.937621793056233360e-02 8.314200447602664301e-01
3.960381288994833243e-02 8.313216814862406379e-01
3.983272335062570252e-02 8.310221206062533561e-01
4.006295691620595512e-02 8.308253940582018826e-01
4.029452123424955012e-02 8.296629190015343269e-01
4.052742399651988042e-02 8.274050347568531194e-01
4.076167293923887297e-02 8.249996056011335011e-01
4.099727584334383890e-02 8.226433580824265013e-01
4.123424053474603751e-02 8.206626794281813853e-01
4.147257488459059338e-02 8.182170107512692914e-01
4.171228680951784978e-02 8.149799648242412875e-01
4.195338427192649156e-02 8.116445556231874914e-01
4.219587528023795858e-02 8.084611623910824552e-01
4.243976788916238585e-02 8.056488669655291757e-01
4.268507019996626434e-02 8.027426793238602309e-01
4.293179036074151744e-02 7.995861124392168451e-01
4.317993656667604152e-02 7.966486273921762340e-01
4.342951706032609216e-02 7.941358928466102363e-01
4.368054013188996804e-02 7.922222800610190241e-01
4.393301411948334623e-02 7.907915415297359640e-01
4.418694740941636612e-02 7.895038768515810768e-01
4.444234843647213579e-02 7.882966912158109185e-01
4.469922568418681352e-02 7.874293059812204065e-01
4.495758768513159753e-02 7.870984476958612364e-01
4.521744302119593689e-02 7.874829586761435962e-01
4.547880032387276866e-02 7.887124996014650558e-01
4.574166827454511502e-02 7.905053938234791744e-01
4.600605560477452616e-02 7.927856333577116832e-01
4.627197109659098723e-02 7.959600844739961323e-01
4.653942358278480296e-02 8.003327791102302635e-01
4.680842194719982141e-02 8.059439567876062194e-01
4.707897512502866311e-02 8.127444358691113813e-01
4.735109210310945588e-02 8.206671504860916233e-01
4.762478192022426976e-02 8.300921405609191783e-01
4.790005366739954334e-02 8.412519011049276463e-01
4.817691648820784933e-02 8.539586476858859188e-01
4.845537957907175564e-02 8.682436777091658842e-01
4.873545218956924774e-02 8.840399253061137497e-01
4.901714362274099679e-02 9.012847956659856274e-01
4.930046323539925834e-02 9.199917019625124537e-01
4.958542043843887359e-02 9.402008837168867039e-01
4.987202469714965836e-02 9.614249956168897659e-01
5.016028553153097091e-02 9.824613230846620526e-01
5.045021251660784106e-02 1.003081842166780202e+00
5.074181528274907677e-02 1.023903558854859952e+00
5.103510351598705003e-02 1.044984596901734619e+00
5.133008695833959217e-02 1.065323439335506439e+00
5.162677540813340182e-02 1.085089986356764902e+00
5.192517872032970105e-02 1.104762641161907810e+00
5.222530680685147364e-02 1.124609667225551002e+00
5.252716963691266006e-02 1.145315136407964118e+00
5.283077723734942721e-02 1.167446873063749946e+00
5.313613969295318679e-02 1.191612941068704190e+00
5.344326714680543849e-02 1.216972781535697434e+00
5.375216980061491706e-02 1.240047911410548043e+00
5.406285791505632127e-02 1.259832342663447458e+00
5.437534181011107609e-02 1.278279927601179367e+00
5.468963186541032917e-02 1.293638011522921794e+00
5.500573852057948770e-02 1.298314738097053445e+00
5.532367227558519784e-02 1.291818290953446136e+00
5.564344369108398941e-02 1.280233779907963054e+00
5.596506338877313413e-02 1.264839927522938501e+00
5.628854205174332881e-02 1.246454937395950369e+00
5.661389042483377931e-02 1.226885116922743268e+00
5.694111931498885282e-02 1.208218450147408696e+00
5.727023959161724881e-02 1.192068988975550470e+00
5.760126218695296035e-02 1.179259408062656167e+00
5.793419809641841417e-02 1.169490146528738617e+00
5.826905837898961604e-02 1.162604717346938710e+00
5.860585415756369709e-02 1.159211184393051486e+00
5.894459661932811845e-02 1.159175415929769359e+00
5.928529701613251268e-02 1.161947471834130274e+00
5.962796666486229469e-02 1.167276972863160012e+00
5.997261694781454155e-02 1.174618449951806642e+00
6.031925931307623168e-02 1.183676813277992901e+00
6.066790527490428103e-02 1.194438649667988184e+00
6.101856641410823012e-02 1.204878569888444773e+00
6.137125437843479747e-02 1.213811743593143699e+00
6.172598088295483398e-02 1.222275456217265521e+00
6.208275771045231733e-02 1.229210067036078380e+00
6.244159671181598315e-02 1.233403919355902101e+00
6.280250980643269088e-02 1.235500845515813850e+00
6.316550898258359303e-02 1.236520246719353011e+00
6.353060629784218483e-02 1.236095496217878509e+00
6.389781387947492119e-02 1.234615576049582497e+00
6.426714392484385308e-02 1.232956813564876075e+00
6.463860870181208085e-02 1.231476893396580063e+00
6.501222054915094251e-02 1.230537971235425632e+00
6.538799187695008841e-02 1.230274178818720365e+00
6.576593516702965159e-02 1.230859887404964326e+00
6.614606297335466623e-02 1.232612542105786080e+00
6.652838792245242827e-02 1.235626035137301182e+00
6.691292271383147972e-02 1.239895895441599283e+00
6.729968012040381253e-02 1.245484717829423937e+00
6.768867298890894613e-02 1.252477452401070446e+00
6.807991424034069705e-02 1.261052941472948552e+00
6.847341687037629410e-02 1.271398969477289587e+00
6.886919394980822728e-02 1.283502123240362947e+00
6.926725862497820629e-02 1.297424997572911742e+00
6.966762411821400547e-02 1.312993221216436357e+00
7.007030372826857090e-02 1.329943001754231080e+00
7.047531083076181979e-02 1.347970307248398614e+00
7.088265887862478520e-02 1.365894778410630117e+00
7.129236140254673060e-02 1.383890786499425651e+00
7.170443201142430445e-02 1.403089509166080884e+00
7.211888439281383123e-02 1.423003601098378201e+00
7.253573231338585059e-02 1.444495976472996546e+00
7.295498961938230720e-02 1.468264120323937716e+00
7.337667023707672431e-02 1.492059090522340092e+00
7.380078817323644513e-02 1.515702044751793931e+00
7.422735751558823258e-02 1.535531186583796170e+00
7.465639243328600627e-02 1.539148272433196185e+00
7.508790717738160481e-02 1.525659090717942368e+00
7.552191608129793510e-02 1.501193461833000953e+00
7.595843356130543844e-02 1.469703800971041252e+00
7.639747411700059665e-02 1.435723760853067077e+00
7.683905233178781047e-02 1.404117852485440743e+00
7.728318287336367887e-02 1.377005357317625522e+00
7.772988049420428980e-02 1.354390746407531543e+00
7.817916003205507836e-02 1.337534858085852374e+00
7.863103641042397396e-02 1.326500287163331127e+00
7.908552463907676799e-02 1.320209508683595656e+00
7.954263981453599253e-02 1.316704199281951926e+00
8.000239712058217212e-02 1.314799528612181190e+00
8.046481182875830918e-02 1.314195935794296277e+00
8.092989929887701994e-02 1.311110905836216922e+00
8.139767497953076525e-02 1.304663640329622343e+00
8.186815440860513438e-02 1.295909308941333826e+00
8.234135321379483508e-02 1.286689987530378110e+00
8.281728711312283386e-02 1.276858131185716783e+00
8.329597191546232737e-02 1.264102202967745781e+00
8.377742352106211376e-02 1.250970705885312784e+00
8.426165792207447602e-02 1.235670745716403784e+00
8.474869120308657633e-02 1.217916174754762215e+00
8.523853954165466762e-02 1.199119847300030184e+00
8.573121920884146929e-02 1.177837611647193583e+00
8.622674656975649887e-02 1.155562801138279472e+00
8.672513808409994251e-02 1.132684397811480226e+00
8.722641030670905127e-02 1.110047431611834945e+00
8.773057988810836760e-02 1.089158649055101291e+00
8.823766357506258873e-02 1.070111942357394597e+00
8.874767821113291322e-02 1.052683758623202070e+00
8.926064073723644077e-02 1.037088708632216028e+00
8.977656819220893036e-02 1.022638249466256255e+00
9.029547771337091688e-02 1.008366632616707115e+00
9.081738653709675591e-02 9.944795267474403344e-01
9.134231199938727674e-02 9.808025605999556307e-01
9.187027153644546085e-02 9.671524207999325773e-01
9.240128268525588107e-02 9.543026003658460210e-01
9.293536308416693037e-02 9.429595264475169047e-01
9.347253047347692245e-02 9.333199255929969240e-01
9.401280269602330097e-02 9.258309035933117714e-01
9.455619769777530437e-02 9.209932189344107734e-01
9.510273352842993355e-02 9.181093865822932409e-01
9.565242834201181932e-02 9.166205242981766421e-01
9.620530039747586526e-02 9.153015622146499775e-01
9.676136805931405405e-02 9.121181689825450523e-01
9.732064979816532069e-02 9.065874703475538254e-01
9.788316419142908953e-02 8.982355341711885099e-01
9.844892992388228070e-02 8.880191668462448229e-01
9.901796578830000806e-02 8.771589671822239698e-01
9.959029068607995472e-02 8.662540569391002920e-01
1.001659236278700377e-01 8.554340967962716924e-01
1.007448837341998471e-01 8.445247154952377766e-01
1.013271902361159299e-01 8.332263521560113739e-01
1.019128624758204177e-01 8.212707433039767579e-01
1.025019199073136378e-01 8.086087073021210880e-01
1.030943820970401520e-01 7.953117810770085061e-01
1.036902687245389171e-01 7.814380883814723289e-01
1.042895995830967204e-01 7.670010423892437146e-01
1.048923945804057928e-01 7.526802439026815117e-01
1.054986737392250712e-01 7.384086270531323715e-01
1.061084571980452224e-01 7.249015611062376019e-01
1.067217652117575799e-01 7.124899043473564841e-01
1.073386181523270227e-01 7.016207625675149329e-01
1.079590365094685589e-01 6.927188862681876724e-01
1.085830408913279893e-01 6.859810019974262874e-01
1.092106520251663743e-01 6.815412414925382523e-01
1.098418907580486492e-01 6.792520598424852674e-01
1.104767780575359459e-01 6.790285069469723656e-01
1.111153350123821049e-01 6.804011217254221089e-01
1.117575828332342536e-01 6.827752534757700609e-01
1.124035428533372433e-01 6.859720598816057002e-01
1.130532365292423180e-01 6.896204431363777143e-01
1.137066854415197809e-01 6.938634770932142759e-01
1.143639112954759340e-01 6.994567705389491685e-01
1.150249359218739331e-01 7.066641158902879916e-01
1.156897812776589568e-01 7.156732975794612983e-01
1.163584694466876512e-01 7.264217207957258671e-01
1.170310226404614878e-01 7.382387268525425483e-01
1.177074631988646730e-01 7.507174494800775699e-01
1.183878135909062629e-01 7.627401242007659787e-01
1.190720964154663303e-01 7.736047949226971809e-01
1.197603344020467531e-01 7.829984875921530696e-01
1.204525504115261381e-01 7.905232780551203486e-01
1.211487674369193246e-01 7.967738170136633435e-01
1.218490086041408849e-01 8.020720206373211925e-01
1.225532971727734816e-01 8.075222402299279123e-01
1.232616565368404721e-01 8.139426793890609524e-01
1.239741102255828148e-01 8.223169708549774581e-01
1.246906819042407494e-01 8.332263521560113739e-01
1.254113953748399735e-01 8.460895857638287554e-01
1.261362745769819826e-01 8.601868313548778344e-01
1.268653435886395453e-01 8.710380889030782114e-01
1.275986266269562852e-01 8.737564921125162698e-01
1.283361480490512463e-01 8.624670708891102322e-01
1.290779323528278288e-01 8.365349350096036307e-01
1.298240041777875831e-01 8.048887871207848210e-01
1.305743883058487209e-01 7.734035973167354694e-01
1.313291096621690413e-01 7.451152139185219792e-01
1.320881933159741561e-01 7.206764113810421035e-01
1.328516644813900749e-01 6.980305030655763465e-01
1.336195485182806453e-01 6.750492654068410703e-01
1.343918709330900185e-01 6.483570496825903362e-01
1.351686573796898327e-01 6.177705425185031629e-01
1.359499336602315311e-01 5.885298237854041936e-01
1.367357257260030934e-01 5.628257118593208430e-01
1.375260596782912625e-01 5.415837157276766067e-01
1.383209617692485738e-01 5.244550928734714734e-01
1.391204584027652402e-01 5.109346137528458787e-01
1.399245761353461737e-01 5.004991645902995279e-01
1.407333416769932510e-01 4.927284659422681012e-01
1.415467818920924381e-01 4.874928571293538626e-01
1.423649238003061035e-01 4.849041145993134294e-01
1.431877945774705507e-01 4.849890646996083965e-01
1.440154215564987683e-01 4.883691844797647952e-01
1.448478322282882313e-01 4.955899430048343324e-01
1.456850542426340045e-01 5.072728173243431504e-01
1.465271154091474515e-01 5.257293443778954245e-01
1.473740436981796631e-01 5.537986459385063620e-01
1.482258672417506584e-01 5.939308617409979618e-01
1.490826143344838317e-01 6.472750536683073985e-01
1.499443134345459228e-01 7.011647146606684311e-01
1.508109931645919832e-01 7.312504633388065001e-01
1.516826823127164214e-01 7.196525391195925936e-01
1.525594098334091819e-01 6.754561316766747314e-01
1.534412048485173929e-01 6.256619597301116276e-01
1.543280966482127869e-01 5.844611610870679153e-01
1.552201146919646169e-01 5.577018794941630553e-01
1.561172886095181789e-01 5.468595640617831544e-01
1.570196482018790252e-01 5.522784862490179858e-01
1.579272234423027277e-01 5.740659514457139290e-01
1.588400444772908315e-01 6.066554925535974085e-01
1.597581416275917487e-01 6.316978879089623078e-01
1.606815453892082024e-01 6.332001633668096208e-01
1.616102864344102497e-01 6.117793249187549742e-01
1.625443956127538836e-01 5.857801231705944689e-01
1.634839039521058524e-01 5.705069893491471200e-01
1.644288426596743347e-01 5.713833166995579971e-01
1.653792431230455828e-01 5.901617599226490762e-01
1.663351369112262834e-01 5.922452729088301115e-01
1.672965557756923849e-01 5.695770093038130533e-01
1.682635316514438095e-01 5.522516599015563354e-01
1.692360966580649384e-01 5.458356918003336444e-01
1.702142831007917856e-01 5.489877876270667922e-01
1.711981234715850009e-01 5.504185261583499633e-01
1.721876504502090899e-01 5.400233165169959770e-01
1.731828969053178791e-01 5.200242744844040255e-01
1.741838958955464201e-01 5.013397234774283895e-01
1.751906806706090836e-01 4.876761705036745664e-01
1.762032846724038426e-01 4.768472682450253797e-01
1.772217415361232173e-01 4.669394039158896725e-01
1.782460850913716033e-01 4.551939347856372442e-01
1.792763493632887617e-01 4.400079865934399814e-01
1.803125685736800821e-01 4.247817988800502986e-01
1.813547771421535060e-01 4.114969445112953705e-01
1.824030096872625850e-01 4.000175033267034941e-01
1.834573010276564775e-01 3.890786130434618628e-01
1.845176861832364401e-01 3.775249522975596128e-01
1.855842003763193415e-01 3.659954352643726705e-01
1.866568790328071992e-01 3.551316587540235270e-01
1.877357577833641822e-01 3.450498702721787603e-01
1.888208724646001924e-01 3.354214470624343747e-01
1.899122591202609955e-01 3.260107643729195925e-01
1.910099540024255971e-01 3.165607363737945046e-01
1.921139935727104175e-01 3.070588441029104554e-01
1.932244145034804905e-01 2.978922811752958699e-01
1.943412536790674328e-01 2.896328958976729928e-01
1.954645481969946030e-01 2.828945645211204951e-01
1.965943353692096995e-01 2.780313948321309070e-01
1.977306527233236300e-01 2.744845045919218629e-01
1.988735380038573475e-01 2.710502850110513284e-01
2.000230291734956534e-01 2.670200734107431861e-01
2.011791644143479663e-01 2.639444326742754754e-01
2.023419821292166965e-01 2.640410075251370947e-01
2.035115209428728922e-01 2.685871792082892284e-01
2.046878197033392410e-01 2.772999297580124312e-01
2.058709174831803157e-01 2.888562731386608573e-01
2.070608535808005912e-01 3.036724648416797012e-01
2.082576675217497619e-01 3.258828921166861403e-01
2.094613990600355524e-01 3.566120260281105403e-01
2.106720881794442723e-01 3.807941898415416193e-01
2.118897750948690872e-01 3.830122816708214639e-01
2.131145002536455058e-01 3.756475550810415287e-01
2.143463043368951104e-01 3.731281139486101184e-01
2.155852282608767823e-01 3.723005211294210803e-01
2.168313131783459469e-01 3.618664132842477898e-01
2.180846004799212312e-01 3.434237465102172870e-01
2.193451317954595303e-01 3.289326007172743704e-01
2.206129489954388734e-01 3.250481456048406881e-01
2.218880941923488948e-01 3.345786526463503940e-01
2.231706097420899648e-01 3.582721298301900226e-01
2.244605382453801201e-01 3.894903974769968191e-01
2.257579225491697927e-01 4.124877309442089857e-01
2.270628057480653939e-01 4.265988368147798360e-01
2.283752311857605299e-01 4.432191003845885047e-01
2.296952424564759343e-01 4.656472681798246027e-01
2.310228834064072811e-01 4.740707412827540046e-01
2.323581981351817149e-01 4.563921783055869263e-01
2.337012309973229007e-01 4.277595234482832742e-01
2.350520266037238737e-01 3.988264134994102816e-01
2.364106298231291869e-01 3.742615271288610157e-01
2.377770857836252472e-01 3.558863733292754183e-01
2.391514398741393099e-01 3.443894950188333692e-01
2.405337377459470793e-01 3.398786446931723049e-01
2.419240253141889951e-01 3.425120978023153406e-01
2.433223487593957901e-01 3.495558024341385850e-01
2.447287545290218747e-01 3.583083453992630951e-01
2.461432893389885190e-01 3.645168564134498301e-01
2.475660001752356676e-01 3.531630519561361203e-01
2.489969342952823017e-01 3.290112913364949265e-01
2.504361392297964617e-01 3.036040576556527371e-01
2.518836627841739007e-01 2.825950036411331023e-01
2.533395530401260642e-01 2.683900055544467533e-01
2.548038583572773130e-01 2.623124965370306483e-01
2.562766273747711931e-01 2.657176542414844689e-01
2.577579090128856998e-01 2.776133509175216507e-01
2.592477524746588102e-01 2.914459098802833492e-01
2.607462072475227322e-01 3.050902373050230487e-01
2.622533231049470337e-01 3.166014230007778707e-01
2.637691501080930423e-01 3.184095188196869319e-01
2.652937386074759596e-01 3.172461495514373730e-01
2.668271392446371348e-01 3.195912194253686112e-01
2.683694029538270520e-01 3.266326885282366810e-01
2.699205809636965880e-01 3.284220059039226758e-01
2.714807247989985406e-01 3.131224928408047892e-01
2.730498862822996475e-01 2.872797781195032818e-01
2.746281175357012105e-01 2.604185564062446168e-01
2.762154709825712651e-01 2.385027718475242753e-01
2.778119993492854656e-01 2.232600412198666728e-01
2.794177556669779627e-01 2.141981010473521518e-01
2.810327932733039380e-01 2.080848235666539758e-01
2.826571658142107979e-01 2.004093584521110250e-01
2.842909272457196934e-01 1.912338534086758801e-01
2.859341318357184192e-01 1.841266597545269668e-01
2.875868341657639160e-01 1.803016697122997170e-01
2.892490891328946545e-01 1.790712345753962265e-01
2.909209519514548425e-01 1.798576936618109245e-01
2.926024781549284581e-01 1.829892226221568607e-01
2.942937235977828858e-01 1.859884082683591344e-01
2.959947444573255426e-01 1.801715619271111457e-01
2.977055972355692748e-01 1.669582444849204428e-01
2.994263387611086902e-01 1.524156815260095110e-01
3.011570261910088142e-01 1.394554259615395087e-01
3.028977170127025720e-01 1.292153620296715433e-01
3.046484690459013711e-01 1.220987791539110690e-01
3.064093404445150659e-01 1.181678250392106805e-01
3.081803896985833569e-01 1.175052142569101843e-01
3.099616756362194026e-01 1.208137971105024133e-01
3.117532574255635347e-01 1.289055177164905308e-01
3.135551945767480198e-01 1.372757852302878834e-01
3.153675469438748658e-01 1.414678491269474314e-01
3.171903747270033436e-01 1.467647114332321923e-01
3.190237384741493876e-01 1.555972863349503743e-01
3.208676990832974307e-01 1.599932304723177823e-01
3.227223178044230090e-01 1.592523761765877455e-01
3.245876562415266342e-01 1.612643522362046389e-01
3.264637763546810456e-01 1.686617175487294396e-01
3.283507404620888970e-01 1.796301168141787030e-01
3.302486112421523790e-01 1.894038494060065747e-01
3.321574517355558864e-01 1.946394582189207578e-01
3.340773253473591775e-01 1.956297975460433158e-01
3.360082958491044103e-01 1.947418454450657310e-01
3.379504273809338932e-01 1.940555380558408316e-01
3.399037844537201591e-01 1.947145719918131346e-01
3.418684319512097503e-01 1.972527915674675836e-01
3.438444351321779946e-01 2.021333983823071778e-01
3.458318596325960503e-01 2.092557936333509783e-01
3.478307714678123830e-01 2.156824922735584016e-01
3.498412370347446232e-01 2.184514184373822776e-01
3.518633231140849693e-01 2.212020132637740888e-01
3.538970968725191901e-01 2.297515701997727977e-01
3.559426258649572294e-01 2.465386042296341673e-01
3.579999780367765227e-01 2.665059017510632566e-01
3.600692217260801353e-01 2.843387162261343803e-01
3.621504256659661136e-01 3.038660616491939415e-01
3.642436589868098817e-01 3.260612873273054935e-01
3.663489912185618480e-01 3.430374471067708098e-01
3.684664922930561692e-01 3.416505249430082380e-01
3.705962325463332818e-01 3.305681137008473769e-01
3.727382827209774208e-01 3.143413032271415442e-01
3.748927139684648524e-01 2.897303649601166708e-01
3.770595978515288715e-01 2.719154347166866104e-01
3.792390063465359562e-01 2.667687999561865753e-01
3.814310118458763554e-01 2.738898538898573154e-01
3.836356871603694985e-01 2.918415985053413042e-01
3.858531055216822825e-01 3.132906046182305504e-01
3.880833405847607942e-01 3.279637224681210550e-01
3.903264664302779630e-01 3.279570158812556979e-01
3.925825575670940371e-01 3.161122892653954741e-01
3.948516889347303827e-01 3.032481614459960340e-01
3.971339359058604912e-01 2.943748999172944858e-01
3.994293742888124776e-01 2.912286164658446919e-01
4.017380803300868997e-01 2.946632831525062834e-01
4.040601307168905088e-01 3.041133111516313159e-01
4.063956025796829352e-01 3.153647283828000525e-01
4.087445734947380283e-01 3.163827882689662085e-01
4.111071214867221824e-01 3.031167123434344024e-01
4.134833250312844322e-01 2.857082012640469459e-01
4.158732630576643108e-01 2.725740215468678285e-01
4.182770149513134750e-01 2.645860294843977445e-01
4.206946605565314856e-01 2.552732629631176420e-01
4.231262801791195738e-01 2.435170632938805924e-01
4.255719545890473410e-01 2.322848716117259793e-01
4.280317650231349469e-01 2.230928236540229148e-01
4.305057931877529498e-01 2.163097816983678423e-01
4.329941212615355806e-01 2.105608954373558162e-01
4.354968318981098929e-01 2.038806878136366907e-01
4.380140082288422887e-01 1.968794582319609021e-01
4.405457338655994204e-01 1.917989951285327399e-01
4.430920929035247480e-01 1.925720410412166406e-01
4.456531699238333033e-01 1.985690710162480721e-01
4.482290499966203323e-01 2.034487836195055799e-01
4.508198186836865351e-01 2.064931269506014577e-01
4.534255620413813470e-01 2.090729273648213871e-01
4.560463666234608748e-01 2.056610630735021261e-01
4.586823194839622087e-01 1.916286478221518597e-01
4.613335081800964965e-01 1.734631866385573928e-01
4.640000207751556194e-01 1.604112743869270663e-01
4.666819458414390720e-01 1.513989629572164430e-01
4.693793724631949438e-01 1.446364878679485266e-01
4.720923902395786631e-01 1.435464439494271993e-01
4.748210892876304490e-01 1.515017972891524178e-01
4.775655602452679171e-01 1.707416536885822678e-01
4.803258942742961168e-01 1.900503643798301390e-01
4.831021830634371073e-01 2.054388514953622014e-01
4.858945188313745223e-01 2.145231469574280514e-01
4.887029943298164536e-01 2.098191469300437206e-01
4.915277028465775411e-01 1.960178853726538550e-01
4.943687382086768833e-01 1.791924002447642938e-01
4.972261947854541564e-01 1.664793941827316381e-01
5.001001674917054940e-01 1.605543482400553779e-01
5.029907517908354109e-01 1.594839769763391757e-01
5.058980436980275996e-01 1.618017733970178451e-01
5.088221397834349347e-01 1.680402404992033250e-01
5.117631371753864622e-01 1.726069790487426425e-01
5.147211335636141527e-01 1.744714101973209863e-01
5.176962272024980827e-01 1.777030908548567489e-01
5.206885169143288250e-01 1.826521048557232796e-01
5.236981020925914887e-01 1.862392346171247159e-01
5.267250827052667450e-01 1.861162805245925311e-01
5.297695592981502832e-01 1.813863483613287197e-01
5.328316329981945820e-01 1.724665878303605071e-01
5.359114055168668900e-01 1.684466596632459290e-01
5.390089791535270791e-01 1.719720888254857583e-01
5.421244567988269258e-01 1.798344441606775923e-01
5.452579419381275994e-01 1.882758014952480297e-01
5.484095386549359130e-01 1.996296059525616839e-01
5.515793516343632241e-01 2.133423405633284309e-01
5.547674861666017643e-01 2.194650072656381679e-01
5.579740481504216199e-01 2.189579892986147081e-01
5.611991440966896949e-01 2.148839613307859941e-01
5.644428811319066597e-01 2.118087677001093128e-01
5.677053670017649933e-01 2.158327198193430996e-01
5.709867100747291202e-01 2.250994344441475115e-01
5.742870193456336425e-01 2.320076660212898878e-01
5.776064044393048880e-01 2.300573905608346015e-01
5.809449756142023302e-01 2.230141330348023587e-01
5.843028437660793273e-01 2.110504762785292698e-01
5.876801204316687288e-01 1.931532785695504184e-01
5.910769177923870243e-01 1.784014701004393022e-01
5.944933486780595855e-01 1.720458612810050469e-01
5.979295265706701112e-01 1.651152744143113693e-01
6.013855656081297241e-01 1.637086795957436447e-01
6.048615805880666052e-01 1.684430828169177219e-01
6.083576869716416091e-01 1.741427874409169074e-01
6.118740008873820857e-01 1.753021327570472576e-01
6.154106391350390171e-01 1.667190428867215690e-01
6.189677191894675801e-01 1.484579010638475693e-01
6.225453592045292472e-01 1.259327113119588226e-01
6.261436780170150929e-01 1.118408309904020820e-01
6.297627951505950783e-01 1.106010066318870444e-01
6.334028308197864332e-01 1.197031863255938883e-01
6.370639059339481269e-01 1.343557373090972229e-01
6.407461421012968783e-01 1.505668990801170837e-01
6.444496616329448146e-01 1.667731426874357048e-01
6.481745875469649976e-01 1.776928074216631293e-01
6.519210435724759334e-01 1.784452864679598738e-01
6.556891541537508417e-01 1.788874740952845488e-01
6.594790444543533470e-01 1.815012545496224317e-01
6.632908403612935988e-01 1.867927515864148402e-01
6.671246684892090384e-01 2.017153544676978938e-01
6.709806561845721440e-01 2.294506680024123446e-01
6.748589315299192704e-01 2.649401372708903302e-01
6.787596233481042463e-01 2.927908040996894945e-01
6.826828612065795054e-01 2.907184687582840543e-01
6.866287754216984229e-01 2.710623568674089823e-01
6.905974970630435195e-01 2.489909794934116460e-01
6.945891579577818664e-01 2.308121051360864096e-01
6.986038906950429173e-01 2.133776619208195002e-01
7.026418286303216520e-01 1.946734382590387391e-01
7.067031058899108098e-01 1.859271547749885567e-01
7.107878573753529938e-01 1.894731508036155976e-01
7.148962187679240854e-01 2.017734782205312660e-01
7.190283265331394169e-01 2.115315621096732213e-01
7.231843179252852583e-01 2.188184922918146036e-01
7.273643309919801681e-01 2.164398894835563858e-01
7.315685045787596597e-01 2.001670271133749457e-01
7.357969783336865133e-01 1.812548992587671159e-01
7.400498927119919523e-01 1.654707235181770431e-01
7.443273889807401344e-01 1.596257095120944269e-01
7.486296092235191768e-01 1.642545957665863809e-01
7.529566963451627126e-01 1.735754101921049286e-01
7.573087940764960946e-01 1.751715778660676570e-01
7.616860469791092436e-01 1.716059091826354910e-01
7.660886004501606950e-01 1.688249111624539056e-01
7.705166007272060691e-01 1.696462445005686159e-01
7.749701948930545203e-01 1.742724481203144216e-01
7.794495308806568268e-01 1.804907954619037191e-01
7.839547574780165728e-01 1.888485440135523052e-01
7.884860243331343055e-01 1.972818534438842974e-01
7.930434819589780027e-01 1.905989631854189958e-01
7.976272817384808533e-01 1.734578213690650961e-01
8.022375759295721220e-01 1.574179011160081465e-01
8.068745176702336597e-01 1.456862922652775449e-01
8.115382609835852801e-01 1.397044638871409727e-01
8.162289607830032212e-01 1.398453022113141653e-01
8.209467728772645856e-01 1.372829389229442698e-01
8.256918539757219788e-01 1.385303640799067648e-01
8.304643616935105666e-01 1.454359130223029928e-01
8.352644545567829981e-01 1.528364080753649712e-01
8.400922920079733069e-01 1.655865239180527582e-01
8.449480344110958940e-01 1.783961048309470054e-01
8.498318430570707127e-01 1.782825399600264094e-01
8.547438801690798726e-01 1.665866995725778787e-01
8.596843089079587719e-01 1.547871306416113146e-01
8.646532933776126528e-01 1.494933980758637315e-01
8.696509986304700179e-01 1.497491425883305805e-01
8.746775906729644667e-01 1.502069789183411996e-01
8.797332364710471753e-01 1.495421326070855428e-01
8.848181039557355687e-01 1.502373821121309461e-01
8.899323620286901937e-01 1.454783880724504486e-01
8.950761805678236760e-01 1.326728311116754377e-01
9.002497304329459826e-01 1.228785316534603822e-01
9.054531834714387717e-01 1.171153380071355138e-01
9.106867125239620497e-01 1.136203120386854726e-01
9.159504914301977996e-01 1.144876972732758458e-01
9.212446950346235841e-01 1.200058769461184727e-01
9.265694991923183466e-01 1.260655017318935422e-01
9.319250807748065135e-01 1.329129269214563702e-01
9.373116176759319629e-01 1.415299968319000401e-01
9.427292888177655206e-01 1.527246316276084648e-01
9.481782741565508710e-01 1.559031066960121503e-01
9.536587546886805544e-01 1.490217014663313133e-01
9.591709124567069367e-01 1.517834739374987751e-01
9.647149305553922582e-01 1.695943802288095992e-01
9.702909931377862174e-01 1.974995939641139564e-01
9.758992854213467405e-01 2.175093665356905570e-01
9.815399936940907288e-01 2.056552506982188000e-01
9.872133053207802211e-01 1.735137095929433215e-01
9.929194087491489684e-01 1.479933581469715653e-01
9.986584935161608723e-01 1.350720007863208394e-01
1.004430750254303728e+00 1.364414858242334050e-01
1.010236370697924935e+00 1.395135497143728809e-01
1.016075547689597958e+00 1.470472822931606083e-01
1.021948475186527761e+00 1.531180847237113285e-01
1.027855348266994762e+00 1.436850467446452728e-01
1.033796363136834096e+00 1.334092143494952087e-01
1.039771717135951290e+00 1.283068430623067746e-01
1.045781608744880131e+00 1.325413820091138062e-01
1.051826237591374280e+00 1.427224279765663406e-01
1.057905804457035748e+00 1.476656296021495451e-01
1.064020511283988890e+00 1.460359289938598371e-01
1.070170561181583713e+00 1.399365117926834601e-01
1.076356158433145582e+00 1.272798410603201147e-01
1.082577508502760022e+00 1.171032661507778183e-01
1.088834818042095476e+00 1.107409507444781782e-01
1.095128294897270704e+00 1.089310665024050134e-01
1.101458148115757263e+00 1.082773978359250211e-01
1.107824587953321727e+00 1.109157691087693243e-01
1.114227825881013212e+00 1.169628749323956690e-01
1.120668074592185315e+00 1.201131823359646994e-01
1.127145548009560017e+00 1.241639608026600672e-01
1.133660461292336441e+00 1.266807193003452736e-01
1.140213030843336250e+00 1.213883280519708063e-01
1.146803474316190341e+00 1.117187711094519836e-01
1.153432010622570836e+00 9.709394068499226094e-02
1.160098859939462601e+00 9.282631590964930679e-02
1.166804243716473621e+00 9.592788878199651204e-02
1.173548384683194445e+00 1.056640644873782092e-01
1.180331506856595603e+00 1.167460286237480688e-01
1.187153835548465874e+00 1.251860446409454597e-01
1.194015597372901416e+00 1.357051025864136062e-01
1.200917020253827294e+00 1.409456295630291123e-01
1.207858333432573428e+00 1.389175576949352731e-01
1.214839767475487387e+00 1.356523441030725308e-01
1.221861554281590267e+00 1.327483919903588161e-01
1.228923927090283863e+00 1.267656694006402129e-01
1.236027120489096909e+00 1.241737971300626436e-01
1.243171370421473965e+00 1.268148510376530813e-01
1.250356914194617142e+00 1.231293580022259498e-01
1.257583990487367132e+00 1.156761044658228960e-01
1.264852839358128644e+00 1.160387072623449839e-01
1.272163702252848472e+00 1.168908909000404978e-01
1.279516822013033517e+00 1.093039527321206794e-01
1.286912442883815677e+00 1.009104357171900085e-01
1.294350810522067352e+00 1.009614057773669665e-01
1.301832172004561583e+00 1.040983000072052134e-01
1.309356775836174380e+00 1.115993938632480337e-01
1.316924871958146337e+00 1.171202561708368228e-01
1.324536711756377994e+00 1.137124158316368122e-01
1.332192548069784932e+00 1.092185555260347246e-01
1.339892635198694837e+00 1.008429227427450753e-01
1.347637228913291185e+00 9.662134986387779789e-02
1.355426586462114891e+00 1.044237930230721423e-01
1.363260966580605249e+00 1.185255096720314594e-01
1.371140629499693731e+00 1.331941564640117259e-01
1.379065836954451285e+00 1.390932702708084778e-01
1.387036852192779834e+00 1.353930227442774747e-01
1.395053939984155722e+00 1.281226354764040676e-01
1.403117366628427343e+00 1.145046872933348503e-01
1.411227399964658957e+00 9.880635586462174769e-02
1.419384309380025577e+00 9.815760536184305052e-02
1.427588365818764915e+00 1.068587311609996149e-01
1.435839841791175742e+00 1.170326234357957212e-01
1.444139011382666204e+00 1.212255815440373280e-01
1.452486150262864761e+00 1.164263479831645076e-01
1.460881535694769973e+00 1.117174297920788956e-01
1.469325446543965796e+00 1.051266433265649752e-01
1.477818163287882181e+00 1.069593299639804429e-01
1.486359968025109168e+00 1.134799208203033094e-01
1.494951144484772509e+00 1.090334537285499589e-01
1.503591978035954568e+00 9.932142173588368039e-02
1.512282755697172298e+00 1.022897570825051505e-01
1.521023766145914724e+00 1.068068668892405981e-01
1.529815299728230382e+00 1.062689986226363348e-01
1.538657648468367833e+00 1.037500045959959816e-01
1.547551106078482119e+00 9.537034786058712355e-02
1.556495967968387184e+00 8.758176498091459206e-02
1.565492531255366693e+00 8.199473101625398552e-02
1.574541094774047689e+00 7.779506632114698006e-02
1.583641959086324214e+00 7.637148148252026481e-02
1.592795426491339539e+00 7.607192060253285815e-02
1.602001801035530804e+00 7.718834376272472320e-02
1.611261388522727822e+00 7.535163317319000520e-02
1.620574496524306296e+00 7.193753335291565298e-02
1.629941434389411858e+00 6.842149341228735693e-02
1.639362513255227638e+00 6.391511414453653062e-02
1.648838046057315765e+00 5.625887457900769634e-02
1.658368347540009280e+00 4.906002423769844495e-02
1.667953734266863997e+00 5.037093841698660895e-02
1.677594524631179640e+00 5.873941750761983022e-02
1.687291038866571835e+00 6.461796444802937744e-02
1.697043599057607821e+00 6.668359320256939116e-02
1.706852529150509445e+00 6.621279080461903166e-02
1.716718154963911225e+00 6.867455529000805747e-02
1.726640804199680579e+00 7.384488665743246805e-02
1.736620806453807120e+00 7.239984074083651022e-02
1.746658493227349673e+00 6.957457924734336552e-02
1.756754197937443251e+00 6.690222793438109494e-02
1.766908255928380411e+00 6.615243152283052652e-02
1.777121004482747679e+00 6.779375688168690073e-02
1.787392782832625482e+00 6.709045947240302454e-02
1.797723932170862682e+00 6.231089856633533625e-02
1.808114795662403074e+00 6.439977682200868914e-02
1.818565718455690483e+00 7.278032776899961975e-02
1.829077047694130043e+00 7.486071101464349120e-02
1.839649132527616748e+00 7.227822796567744124e-02
1.850282324124138622e+00 6.899602435375573606e-02
1.860976975681438272e+00 6.291896244213066036e-02
1.871733442438742401e+00 5.631520990867697196e-02
1.882552081688566581e+00 5.619315002772688750e-02
1.893433252788581767e+00 5.437655919878834482e-02
1.904377317173546302e+00 5.477761309333863821e-02
1.915384638367318981e+00 5.867011611001079346e-02
1.926455581994929611e+00 6.718345747693642289e-02
1.937590515794722412e+00 7.253576090130840759e-02
1.948789809630575354e+00 7.542987668661955969e-02
1.960053835504184105e+00 7.360076689553228524e-02
1.971382967567415045e+00 6.829049141551675473e-02
1.982777582134739092e+00 6.394864707886348254e-02
1.994238057695728816e+00 6.014467100881446676e-02
2.005764774927627947e+00 6.514107822352976918e-02
2.017358116708002580e+00 7.117968903712661166e-02
2.029018468127450348e+00 6.901837964330705122e-02
2.040746216502401289e+00 6.394998839623655673e-02
2.052541751387976898e+00 6.171893049901693018e-02
2.064405464590929995e+00 6.184233169734010965e-02
2.076337750182662312e+00 5.944852729218702558e-02
2.088339004512313135e+00 5.374032765815836554e-02
2.100409626219920778e+00 5.034008811740581235e-02
2.112550016249669760e+00 5.182716197835821742e-02
2.124760577863207711e+00 5.233820389750091367e-02
2.137041716653034662e+00 4.776162902055900578e-02
2.149393840555982482e+00 4.755148929877679037e-02
2.161817359866763155e+00 4.764493440910122501e-02
2.174312687251592546e+00 4.766058311178712759e-02
2.186880237761905654e+00 4.646859907291187725e-02
2.199520428848138476e+00 4.548049527474446602e-02
2.212233680373592026e+00 4.280899346278514705e-02
2.225020414628386511e+00 3.668248165067259509e-02
2.237881056343477670e+00 3.495562495399295866e-02
2.250816032704775704e+00 3.764058465026215439e-02
2.263825773367328598e+00 4.370137191109389752e-02
2.276910710469592924e+00 4.415952121515821782e-02
2.290071278647793029e+00 3.817581499269935563e-02
2.303307915050354371e+00 3.726841378981213260e-02
2.316621059352423018e+00 3.668623733931720976e-02
2.330011153770474852e+00 3.344476506495797780e-02
2.343478643077001600e+00 3.364569440744505369e-02
2.357023974615280792e+00 3.144825886571057938e-02
2.370647598314243876e+00 2.846141333934063683e-02
2.384349966703414481e+00 2.788987800667213149e-02
2.398131534927939956e+00 2.562390114717337519e-02
2.411992760763713051e+00 2.552276581724330015e-02
2.425934104632577970e+00 2.921608320401338291e-02
2.439956029617617261e+00 3.024947881881172654e-02
2.454059001478542612e+00 2.898855106696026848e-02
2.468243488667162033e+00 3.154282174051257354e-02
2.482509962342935861e+00 3.359915069459924741e-02
2.496858896388636673e+00 3.291731436328462768e-02
2.511290767426078485e+00 3.090368401224093814e-02
2.525806054831960523e+00 2.868501094543272900e-02
2.540405240753779381e+00 2.633332390579429250e-02
2.555088810125852206e+00 2.568712190602445017e-02
2.569857250685421590e+00 2.506957938745936823e-02
2.584711052988855506e+00 2.409801850355991829e-02
2.599650710427946265e+00 2.357052309130747147e-02
2.614676719246288084e+00 2.314537019462086995e-02
2.629789578555775442e+00 2.605683368462383132e-02
2.644989790353173831e+00 2.754104606851366654e-02
2.660277859536794409e+00 2.516534944789713263e-02
2.675654293923265481e+00 2.456542289749847827e-02
2.691119604264405218e+00 2.585921292499035115e-02
2.706674304264172548e+00 2.826370315854895288e-02
2.722318910595750374e+00 2.866672431857976780e-02
2.738053942918694972e+00 2.555419735435242659e-02
2.753879923896200843e+00 2.596678657831119966e-02
2.769797379212459720e+00 2.983192672057256856e-02
2.785806837590128815e+00 3.215423890974059701e-02
2.801908830807877226e+00 3.519791158214993776e-02
2.818103893718070019e+00 3.397400418979542452e-02
2.834392564264522019e+00 3.066698620647178436e-02
2.850775383500368410e+00 2.704516103568675375e-02
2.867252895606037466e+00 2.676625644324474862e-02
2.883825647907329426e+00 2.657628119263781216e-02
2.900494190893583735e+00 2.992188440572699643e-02
2.917259078235983960e+00 3.289021975234845963e-02
2.934120866805935979e+00 2.863104527645589717e-02
2.951080116693567401e+00 2.649303009434877260e-02
2.968137391226336685e+00 2.487146681145576202e-02
2.985293256987731514e+00 2.534642729326265498e-02
3.002548283836107057e+00 2.534057020740021482e-02
3.019903044923603730e+00 2.329032189207149231e-02
3.037358116715186629e+00 2.234929833369911703e-02
3.054914079007794214e+00 2.220515142667234265e-02
3.072571514949601568e+00 2.568622769444239839e-02
3.090331011059376021e+00 3.086460696610526799e-02
3.108193157245980220e+00 2.657945564375409353e-02
3.126158546827951579e+00 2.772154267635084865e-02
3.144227776553216724e+00 3.108525367397658654e-02
3.162401446618910317e+00 3.075756983973364916e-02
3.180680160691316427e+00 2.932495346412821238e-02
3.199064525925907621e+00 2.817271713007516581e-02
3.217555152987530587e+00 2.930532551990217352e-02
3.236152656070678812e+00 2.794411193912358510e-02
3.254857652919894928e+00 2.886371913010581450e-02
3.273670764850296955e+00 3.171701415669629653e-02
3.292592616768199143e+00 3.362731835943388176e-02
3.311623837191892683e+00 4.128641940202528587e-02
3.330765058272506351e+00 3.887857587503398826e-02
3.350016915815009710e+00 3.530794431732142691e-02
3.369380049299332214e+00 3.537563613408276075e-02
3.388855101901607103e+00 3.613661019040897981e-02
3.408442720515521884e+00 3.803922417354092117e-02
3.428143555773827789e+00 3.372536865940588269e-02
3.447958262069935831e+00 3.378322414876464008e-02
3.467887497579658529e+00 3.547060140409667717e-02
3.487931924283071528e+00 3.030590356963920595e-02
3.508092207986506228e+00 3.172094868765732573e-02
3.528369018344649444e+00 3.185646645291729390e-02
3.548763028882812254e+00 3.165236265931393317e-02
3.569274917019284565e+00 3.505948762924829265e-02
3.589905364087840223e+00 3.877323775066826572e-02
3.610655055360374899e+00 4.082648167479686202e-02
3.631524680069651456e+00 4.249700304180722282e-02
3.652514931432215839e+00 3.663070680007178559e-02
3.673626506671410219e+00 3.039483291147427463e-02
3.694860107040534913e+00 2.915675226554423696e-02
3.716216437846141751e+00 2.802119297749645910e-02
3.737696208471465109e+00 3.055699818187939537e-02
3.759300132399972405e+00 3.124594349527132567e-02
3.781028927239082016e+00 3.081900217542061712e-02
3.802883314743989107e+00 3.451415269593391399e-02
3.824864020841640233e+00 3.993611520254772979e-02
3.846971775654848713e+00 4.459258788434598136e-02
3.869207313526548564e+00 3.922700541798052748e-02
3.891571373044171445e+00 3.740022057700659319e-02
3.914064697064205678e+00 4.223853118401510454e-02
3.936688032736852527e+00 4.466649447160257053e-02
3.959442131530850340e+00 4.144004495182181114e-02
3.982327749258438132e+00 4.246163697373706719e-02
4.005345646100446189e+00 4.480357710713114144e-02
4.028496586631570509e+00 4.321451841524571319e-02
4.051781339845751617e+00 4.247330643488284735e-02
4.075200679181723906e+00 4.269565214476005871e-02
4.098755382548707082e+00 4.001753316709356217e-02
4.122446232352245943e+00 3.997040821671942606e-02
4.146274015520188705e+00 4.165394036224864122e-02
4.170239523528843861e+00 4.700825576268023026e-02
4.194343552429258715e+00 4.751706215286779361e-02
4.218586902873665778e+00 4.310926971203819097e-02
4.242970380142073950e+00 4.281073717537015044e-02
4.267494794169023997e+00 4.455208009967902283e-02
4.292160959570472833e+00 4.560792042518686806e-02
4.316969695670882068e+00 4.387976712171326454e-02
4.341921826530410478e+00 4.571030765133181351e-02
4.367018180972294772e+00 4.901173681226763529e-02
4.392259592610382235e+00 5.297041148601163568e-02
4.417646899876805477e+00 6.504539758425020857e-02
4.443180946049855251e+00 6.349885865309135013e-02
4.468862579281975833e+00 6.318767302253727736e-02
4.494692652627942486e+00 6.600354529441887497e-02
4.520672024073195239e+00 6.203950535118256393e-02
4.546801556562344082e+00 6.265785266017148691e-02
4.573082118027814502e+00 5.488178874264768720e-02
4.599514581418703507e+00 4.759128171417810471e-02
4.626099824729760002e+00 4.851723780739290726e-02
4.652838731030551678e+00 4.260667809234589681e-02
4.679732188494796219e+00 4.091889844180193053e-02
4.706781090429870140e+00 4.478032760599778839e-02
4.733986335306464177e+00 4.190244176090088257e-02
4.761348826788450062e+00 3.796920740666625410e-02
4.788869473762884077e+00 3.464287445317029007e-02
4.816549190370198019e+00 3.445057425245001692e-02
4.844388896034566017e+00 3.318182214925560064e-02
4.872389515494448098e+00 3.134774948388793780e-02
4.900551978833287414e+00 3.305600657966088762e-02
4.928877221510434836e+00 3.117449598986537021e-02
4.957366184392200559e+00 2.911713869245934061e-02
4.986019813783113541e+00 3.233594270321354935e-02
5.014839061457356806e+00 3.192965767090824580e-02
5.043824884690362609e+00 3.054367442930682255e-02
5.072978246290641202e+00 3.610844252557433853e-02
5.102300114631742822e+00 4.085988047738650653e-02
5.131791463684423960e+00 4.424992600610366811e-02
5.161453273049005475e+00 5.208782465452636151e-02
5.191286527987911903e+00 4.968731366250788567e-02
5.221292219458380401e+00 4.492027171858892221e-02
5.251471344145405951e+00 4.857670287759936062e-02
5.281824904494829553e+00 5.087080269135364763e-02
5.312353908746639597e+00 5.047332564313155440e-02
5.343059370968462396e+00 4.683522582155318081e-02
5.373942311089249912e+00 4.024815033410476112e-02
5.405003754933139781e+00 4.036122338865523462e-02
5.436244734253559585e+00 4.032858466591033447e-02
5.467666286767478567e+00 3.922248964949116845e-02
5.499269456189878724e+00 4.384610005564900520e-02
5.531055292268432844e+00 4.299194915247298021e-02
5.563024850818350409e+00 3.641538065111367406e-02
5.595179193757479297e+00 3.359499261074270354e-02
5.627519389141558470e+00 3.246631875187672850e-02
5.660046511199702479e+00 3.114597064039791724e-02
5.692761640370078702e+00 2.912348759469190682e-02
5.725665863335805739e+00 3.291677783633539800e-02
5.758760273061025892e+00 3.685349961574002631e-02
5.792045968827241431e+00 3.397261816184324323e-02
5.825524056269808071e+00 3.541806647365112332e-02
5.859195647414667363e+00 3.714711398870678555e-02
5.893061860715279821e+00 3.858773355797159160e-02
5.927123821089786304e+00 4.374187969576084911e-02
5.961382659958350594e+00 4.493100225757354349e-02
5.995839515280771082e+00 4.660451923338377461e-02
6.030495531594262104e+00 5.117930568716157202e-02
6.065351860051475086e+00 4.723627971610347420e-02
6.100409658458743500e+00 4.916598831017159749e-02
6.135670091314512575e+00 4.583460306123703781e-02
6.171134329848062094e+00 4.407278269169917495e-02
6.206803552058381079e+00 4.974901426166947194e-02
6.242678942753306259e+00 4.456312361271736605e-02
6.278761693588877257e+00 3.818377347577962128e-02
6.315053003108923591e+00 3.674239382667007781e-02
6.351554076784851510e+00 3.881374553533521732e-02
6.388266127055725718e+00 4.126397469131578427e-02
6.425190373368511843e+00 4.373526253005366460e-02
6.462328042218596025e+00 4.027408246998426949e-02
6.499680367190518560e+00 4.088885293264498538e-02
6.537248588998957999e+00 4.377071801928202749e-02
6.575033955529916874e+00 4.151788607003943643e-02
6.613037721882214726e+00 4.634653919196177890e-02
6.651261150409145451e+00 4.960504619695910861e-02
6.689705510760421525e+00 5.351766897422743224e-02
6.728372079924347382e+00 5.463498634600134907e-02
6.767262142270216607e+00 5.414272287008175394e-02
6.806376989591010229e+00 5.874880672923136343e-02
6.845717921146279750e+00 5.605544144409088658e-02
6.885286243705309062e+00 5.779110612485372639e-02
6.925083271590525058e+00 6.896427984259290156e-02
6.965110326721157818e+00 6.026449536080943220e-02
7.005368738657123728e+00 5.182224381465692920e-02
7.045859844643230119e+00 5.053055518438287486e-02
7.086584989653569089e+00 5.021355717854546902e-02
7.127545526436194656e+00 5.735830771914057769e-02
7.168742815558059256e+00 6.124589257211145860e-02
7.210178225450215805e+00 5.737082668128930946e-02
7.251853132453240036e+00 5.335805220683116634e-02
7.293768920862992111e+00 5.418385660285614247e-02
7.335926982976571864e+00 4.993009210703499429e-02
7.378328719138569802e+00 4.450388209540642043e-02
7.420975537787583676e+00 4.397097670308256628e-02
7.463868855503007715e+00 4.007851839698950425e-02
7.507010097052058128e+00 3.775808405214378660e-02
7.550400695437144982e+00 3.738671798211760933e-02
7.594042091943437711e+00 3.691698863806571612e-02
7.637935736186750368e+00 3.708040580468571767e-02
7.682083086161699548e+00 3.796643535076189152e-02
7.726485608290103890e+00 3.592405609735522393e-02
7.771144777469737974e+00 3.743209921990674205e-02
7.816062077123293150e+00 3.860762976567224530e-02
7.861238999247660786e+00 4.081458866075556718e-02
7.906677044463489068e+00 4.082084814182993654e-02
7.952377722065040011e+00 5.060835159202139999e-02
7.998342550070284496e+00 1.113829946603914767e-01
