2.511886431509579437e-02 6.926252626568278892e-01
2.526405161860213050e-02 6.948292587109577978e-01
2.541007810627042562e-02 6.960057213884035532e-01
2.555694862859406516e-02 6.982231131997447271e-01
2.570466806410236227e-02 7.005326993401288505e-01
2.585324131952258450e-02 7.032725256827135896e-01
2.600267332994290678e-02 7.062487477407930481e-01
2.615296905897638788e-02 7.095117966003396948e-01
2.630413349892583852e-02 7.130199090182824939e-01
2.645617167094958117e-02 7.167762369374948150e-01
2.660908862522835469e-02 7.207681725864835132e-01
2.676288944113292337e-02 7.249468608507132483e-01
2.691757922739292791e-02 7.292114395582394160e-01
2.707316312226650673e-02 7.335713645376817915e-01
2.722964629371095457e-02 7.380817947893225650e-01
2.738703393955444973e-02 7.427632179418378611e-01
2.754533128766867636e-02 7.476321816953124255e-01
2.770454359614242176e-02 7.527036577783942084e-01
2.786467615345633933e-02 7.579855260482661894e-01
2.802573427865854422e-02 7.632366628751239279e-01
2.818772332154127064e-02 7.682852873723745590e-01
2.835064866281864979e-02 7.732771768979064264e-01
2.851451571430539678e-02 7.783202854951287719e-01
2.867932991909653145e-02 7.834847438929717356e-01
2.884509675174826843e-02 7.888209831774076752e-01
2.901182171845980567e-02 7.943526429199858629e-01
2.917951035725619563e-02 7.999473415200294424e-01
2.934816823817239240e-02 8.052426055471129107e-01
2.951780096343814899e-02 8.102778342871520545e-01
2.968841416766421215e-02 8.153288227415576017e-01
2.986001351802944001e-02 8.204901291965274179e-01
3.003260471446899879e-02 8.258563119382593687e-01
3.020619348986378766e-02 8.314825299670354219e-01
3.038078561023081769e-02 8.373215041397569225e-01
3.055638687491469066e-02 8.431919977412111189e-01
3.073300311678033025e-02 8.492437280578779557e-01
3.091064020240668481e-02 8.557997692342670382e-01
3.108930403228154019e-02 8.631043968430562874e-01
3.126900054099761295e-02 8.713782468853741303e-01
3.144973569744963920e-02 8.807946762192502277e-01
3.163151550503255638e-02 8.899589501232653133e-01
3.181434600184106232e-02 8.953724120080961413e-01
3.199823326087009728e-02 8.964913517281049016e-01
3.218318339021652985e-02 8.950020587204876588e-01
3.236920253328214730e-02 8.918028367041247462e-01
3.255629686897762443e-02 8.878786678269110499e-01
3.274447261192782455e-02 8.838126615204006109e-01
3.293373601267822470e-02 8.780367262051442800e-01
3.312409335790250653e-02 8.706611798817066594e-01
3.331555097061136145e-02 8.636717465602438137e-01
3.350811521036261426e-02 8.578248925303391115e-01
3.370179247347232510e-02 8.534909710796012572e-01
3.389658919322740410e-02 8.507409009226784002e-01
3.409251184009919750e-02 8.498347173466149762e-01
3.428956692195841288e-02 8.509142577807079499e-01
3.448776098429136294e-02 8.536958473663632807e-01
3.468710061041735404e-02 8.579667299596359653e-01
3.488759242170727526e-02 8.636559868458775213e-01
3.508924307780367929e-02 8.706926993104392443e-01
3.529205927684192501e-02 8.797939343569890491e-01
3.549604775567258980e-02 8.922283489920154187e-01
3.570121529008542238e-02 9.083032576456615548e-01
3.590756869503420462e-02 9.279713811748288022e-01
3.611511482486330638e-02 9.516582318674075003e-01
3.632386057353523962e-02 9.797814421541052310e-01
3.653381287485973905e-02 1.010828079455755368e+00
3.674497870272393912e-02 1.041512243326980114e+00
3.695736507132423021e-02 1.071266584050592163e+00
3.717097903539903075e-02 1.100571772914763935e+00
3.738582769046329413e-02 1.129679965349356552e+00
3.760191817304411876e-02 1.159063952785359897e+00
3.781925766091774610e-02 1.171246211990525143e+00
3.803785337334809891e-02 1.157755896492955516e+00
3.825771257132654091e-02 1.132666431221774239e+00
3.847884255781295476e-02 1.103841913645775108e+00
3.870125067797849233e-02 1.076821883364719845e+00
3.892494431944945599e-02 1.055152276111029908e+00
3.914993091255265789e-02 1.040109628748377757e+00
3.937621793056233360e-02 1.029172386978151721e+00
3.960381288994833243e-02 1.020441505219210399e+00
3.983272335062570252e-02 1.013365393468733000e+00
4.006295691620595512e-02 1.007676136582491555e+00
4.029452123424955012e-02 1.003294935988654490e+00
4.052742399651988042e-02 1.000009035543276914e+00
4.076167293923887297e-02 9.976844776742446186e-01
4.099727584334383890e-02 9.963212623815580482e-01
4.123424053474603751e-02 9.959509090939495657e-01
4.147257488459059338e-02 9.967467746694486097e-01
4.171228680951784978e-02 9.988112972514364696e-01
4.195338427192649156e-02 1.002089317839631066e+00
4.219587528023795858e-02 1.006659635005863862e+00
4.243976788916238585e-02 1.012577407750416825e+00
4.268507019996626434e-02 1.019968713788220960e+00
4.293179036074151744e-02 1.029140867549419136e+00
4.317993656667604152e-02 1.040409063321337868e+00
4.342951706032609216e-02 1.054175173820318223e+00
4.368054013188996804e-02 1.070833191905518289e+00
4.393301411948334623e-02 1.084386546260553308e+00
4.418694740941636612e-02 1.089965485146230595e+00
4.444234843647213579e-02 1.090848029150744525e+00
4.469922568418681352e-02 1.088759866997207171e+00
4.495758768513159753e-02 1.085607924123943135e+00
4.521744302119593689e-02 1.080659373812918655e+00
4.547880032387276866e-02 1.074363367923573787e+00
4.574166827454511502e-02 1.068469234750570207e+00
4.600605560477452616e-02 1.063733440583491063e+00
4.627197109659098723e-02 1.061267045285162025e+00
4.653942358278480296e-02 1.061865914431082247e+00
4.680842194719982141e-02 1.065711284736464259e+00
4.707897512502866311e-02 1.072968633202154631e+00
4.735109210310945588e-02 1.084142270687875387e+00
4.762478192022426976e-02 1.102628415639568704e+00
4.790005366739954334e-02 1.132335477220081543e+00
4.817691648820784933e-02 1.174957624723793614e+00
4.845537957907175564e-02 1.236570228038921027e+00
4.873545218956924774e-02 1.301319014512946293e+00
4.901714362274099679e-02 1.324493674488619321e+00
4.930046323539925834e-02 1.291642549892025649e+00
4.958542043843887359e-02 1.225223233695170721e+00
4.987202469714965836e-02 1.158449323925073493e+00
5.016028553153097091e-02 1.106686542088895830e+00
5.045021251660784106e-02 1.065073016304628473e+00
5.074181528274907677e-02 1.029574259694492788e+00
5.103510351598705003e-02 9.999223571142621392e-01
5.133008695833959217e-02 9.767792165673213622e-01
5.162677540813340182e-02 9.583639903302766383e-01
5.192517872032970105e-02 9.428170321079021310e-01
5.222530680685147364e-02 9.296182713261091912e-01
5.252716963691266006e-02 9.182791568395419768e-01
5.283077723734942721e-02 9.083111375028447565e-01
5.313613969295318679e-02 8.995408564579877586e-01
5.344326714680543849e-02 8.917397978466594655e-01
5.375216980061491706e-02 8.836393046623710612e-01
5.406285791505632127e-02 8.747508257597667036e-01
5.437534181011107609e-02 8.657914281425137526e-01
5.468963186541032917e-02 8.567453520962462488e-01
5.500573852057948770e-02 8.472895234764542538e-01
5.532367227558519784e-02 8.375263804265191681e-01
5.564344369108398941e-02 8.279996330920788017e-01
5.596506338877313413e-02 8.189220376170786020e-01
5.628854205174332881e-02 8.105063501454637942e-01
5.661389042483377931e-02 8.028234893918828607e-01
5.694111931498885282e-02 7.959049747850683865e-01
5.727023959161724881e-02 7.898768840399510438e-01
5.760126218695296035e-02 7.848077719140241770e-01
5.793419809641841417e-02 7.806803027214851420e-01
5.826905837898961604e-02 7.775141761052914990e-01
5.860585415756369709e-02 7.757096888103478527e-01
5.894459661932811845e-02 7.755702153382059150e-01
5.928529701613251268e-02 7.770342928028369789e-01
5.962796666486229469e-02 7.807370376932039058e-01
5.997261694781454155e-02 7.877375028147232117e-01
6.031925931307623168e-02 7.986550449419912434e-01
6.066790527490428103e-02 8.138474095911236716e-01
6.101856641410823012e-02 8.354697377017145099e-01
6.137125437843479747e-02 8.667054915757603784e-01
6.172598088295483398e-02 9.104544586566643005e-01
6.208275771045231733e-02 9.644157206469434751e-01
6.244159671181598315e-02 9.948556089454901885e-01
6.280250980643269088e-02 9.781424318600080436e-01
6.316550898258359303e-02 9.457640986944039208e-01
6.353060629784218483e-02 9.263796500238304921e-01
6.389781387947492119e-02 9.003446018906701154e-01
6.426714392484385308e-02 8.648694848520840361e-01
6.463860870181208085e-02 8.287009403813800912e-01
6.501222054915094251e-02 7.974888260788834948e-01
6.538799187695008841e-02 7.714096507454974994e-01
6.576593516702965159e-02 7.519779229318250824e-01
6.614606297335466623e-02 7.389367592936953999e-01
6.652838792245242827e-02 7.303973580643050578e-01
6.691292271383147972e-02 7.253881328529702133e-01
6.729968012040381253e-02 7.236080731152944034e-01
6.768867298890894613e-02 7.246797336922041755e-01
6.807991424034069705e-02 7.279002313229615551e-01
6.847341687037629410e-02 7.311916476683674171e-01
6.886919394980822728e-02 7.335894882092031111e-01
6.926725862497820629e-02 7.353813677326537235e-01
6.966762411821400547e-02 7.345886541000277159e-01
7.007030372826857090e-02 7.321955414735020762e-01
7.047531083076181979e-02 7.302760082636843286e-01
7.088265887862478520e-02 7.260145814990314195e-01
7.129236140254673060e-02 7.180007667437577901e-01
7.170443201142430445e-02 7.083739452230912725e-01
7.211888439281383123e-02 6.980142969843909917e-01
7.253573231338585059e-02 6.885466485788244162e-01
7.295498961938230720e-02 6.812506888129364890e-01
7.337667023707672431e-02 6.766583080465908839e-01
7.380078817323644513e-02 6.745638420073070129e-01
7.422735751558823258e-02 6.736158951881728862e-01
7.465639243328600627e-02 6.711148285182378936e-01
7.508790717738160481e-02 6.671181649549392523e-01
7.552191608129793510e-02 6.619710422428991548e-01
7.595843356130543844e-02 6.544828139617423490e-01
7.639747411700059665e-02 6.455848792305181050e-01
7.683905233178781047e-02 6.373307288311581553e-01
7.728318287336367887e-02 6.305808431680632875e-01
7.772988049420428980e-02 6.255558582423621505e-01
7.817916003205507836e-02 6.222652298826746309e-01
7.863103641042397396e-02 6.205151136022947211e-01
7.908552463907676799e-02 6.202030712578415761e-01
7.954263981453599253e-02 6.211644138341870791e-01
8.000239712058217212e-02 6.234472084601485609e-01
8.046481182875830918e-02 6.269041018064007709e-01
8.092989929887701994e-02 6.315059384013661514e-01
8.139767497953076525e-02 6.375694885038077908e-01
8.186815440860513438e-02 6.453224799863188643e-01
8.234135321379483508e-02 6.554031812807352697e-01
8.281728711312283386e-02 6.693150691376041905e-01
8.329597191546232737e-02 6.896844999560726164e-01
8.377742352106211376e-02 7.187792966334539679e-01
8.426165792207447602e-02 7.564276782831554913e-01
8.474869120308657633e-02 8.014366345276466852e-01
8.523853954165466762e-02 8.446812907488283617e-01
8.573121920884146929e-02 8.589832315362636583e-01
8.622674656975649887e-02 8.459105484694012800e-01
8.672513808409994251e-02 8.333658158338107524e-01
8.722641030670905127e-02 8.257617536520613921e-01
8.773057988810836760e-02 8.200724967658198361e-01
8.823766357506258873e-02 8.143359607364795139e-01
8.874767821113291322e-02 8.097262442843309316e-01
8.926064073723644077e-02 8.064167042674037500e-01
8.977656819220893036e-02 8.047067752586579692e-01
9.029547771337091688e-02 8.075277641302293086e-01
9.081738653709675591e-02 8.168890344638232159e-01
9.134231199938727674e-02 8.322705156853514863e-01
9.187027153644546085e-02 8.506227030649309295e-01
9.240128268525588107e-02 8.696761977338116623e-01
9.293536308416693037e-02 8.846164069530828566e-01
9.347253047347692245e-02 8.927878188520197433e-01
9.401280269602330097e-02 9.041269333385868467e-01
9.455619769777530437e-02 9.238974950111351614e-01
9.510273352842993355e-02 9.558503158888486118e-01
9.565242834201181932e-02 1.008259246014045374e+00
9.620530039747586526e-02 1.044309592627002070e+00
9.676136805931405405e-02 9.966837358119833290e-01
9.732064979816532069e-02 9.084844943608743062e-01
9.788316419142908953e-02 8.463754600432077391e-01
9.844892992388228070e-02 8.131776217305549670e-01
9.901796578830000806e-02 8.031938426794913433e-01
9.959029068607995472e-02 8.102541947156026714e-01
1.001659236278700377e-01 8.301193146743488516e-01
1.007448837341998471e-01 8.614023476914937083e-01
1.013271902361159299e-01 8.864918129626748744e-01
1.019128624758204177e-01 8.865390921057738627e-01
1.025019199073136378e-01 8.679426291535163873e-01
1.030943820970401520e-01 8.380149315718751213e-01
1.036902687245389171e-01 8.093952902826381246e-01
1.042895995830967204e-01 7.851142983584491475e-01
1.048923945804057928e-01 7.652751819284074886e-01
1.054986737392250712e-01 7.491679658603102032e-01
1.061084571980452224e-01 7.366752402821284962e-01
1.067217652117575799e-01 7.277292384220870325e-01
1.073386181523270227e-01 7.228642145972040689e-01
1.079590365094685589e-01 7.226837658677096599e-01
1.085830408913279893e-01 7.264700372442179921e-01
1.092106520251663743e-01 7.321041351301774691e-01
1.098418907580486492e-01 7.382039325756615256e-01
1.104767780575359459e-01 7.451003835823630794e-01
1.111153350123821049e-01 7.556562402649241728e-01
1.117575828332342536e-01 7.707879300137462364e-01
1.124035428533372433e-01 7.885767076047297541e-01
1.130532365292423180e-01 8.077562799885409373e-01
1.137066854415197809e-01 8.282833079506726204e-01
1.143639112954759340e-01 8.503469080635203126e-01
1.150249359218739331e-01 8.738682817552527737e-01
1.156897812776589568e-01 8.992493017422109602e-01
1.163584694466876512e-01 9.285387308920163285e-01
1.170310226404614878e-01 9.554326834581411410e-01
1.177074631988646730e-01 9.618153677765006737e-01
1.183878135909062629e-01 9.391765380892821424e-01
1.190720964154663303e-01 8.935758045703356967e-01
1.197603344020467531e-01 8.368171932800347879e-01
1.204525504115261381e-01 7.770500525172032713e-01
1.211487674369193246e-01 7.231344936985865113e-01
1.218490086041408849e-01 6.777859156095010773e-01
1.225532971727734816e-01 6.409152758637775005e-01
1.232616565368404721e-01 6.109473910105019945e-01
1.239741102255828148e-01 5.858689575393771776e-01
1.246906819042407494e-01 5.641544350997433899e-01
1.254113953748399735e-01 5.448479970152831919e-01
1.261362745769819826e-01 5.283814594596339953e-01
1.268653435886395453e-01 5.132190382677975782e-01
1.275986266269562852e-01 4.967430448835285506e-01
1.283361480490512463e-01 4.771505679833196734e-01
1.290779323528278288e-01 4.567638014790483258e-01
1.298240041777875831e-01 4.400498364078477831e-01
1.305743883058487209e-01 4.276737327159768620e-01
1.313291096621690413e-01 4.191571830724175607e-01
1.320881933159741561e-01 4.141195903752234453e-01
1.328516644813900749e-01 4.122709758800541247e-01
1.336195485182806453e-01 4.135215092150216210e-01
1.343918709330900185e-01 4.176607981933355140e-01
1.351686573796898327e-01 4.244847545139520117e-01
1.359499336602315311e-01 4.339484629909270974e-01
1.367357257260030934e-01 4.456437470221730202e-01
1.375260596782912625e-01 4.591907974914615775e-01
1.383209617692485738e-01 4.744800843839467319e-01
1.391204584027652402e-01 4.883407531691251191e-01
1.399245761353461737e-01 4.967201932976973988e-01
1.407333416769932510e-01 4.977012355170007396e-01
1.415467818920924381e-01 4.926305474196373546e-01
1.423649238003061035e-01 4.871611385488060497e-01
1.431877945774705507e-01 4.842692309625863945e-01
1.440154215564987683e-01 4.843637892487843155e-01
1.448478322282882313e-01 4.873707427498780720e-01
1.456850542426340045e-01 4.947226495017663095e-01
1.465271154091474515e-01 5.073485446663434928e-01
1.473740436981796631e-01 5.164639634558227943e-01
1.482258672417506584e-01 5.021494148968945748e-01
1.490826143344838317e-01 4.694448556439075881e-01
1.499443134345459228e-01 4.380775081549028172e-01
1.508109931645919832e-01 4.155277208538541434e-01
1.516826823127164214e-01 4.036149527643529411e-01
1.525594098334091819e-01 4.033139422199562008e-01
1.534412048485173929e-01 4.132914173852733075e-01
1.543280966482127869e-01 4.229615781204472125e-01
1.552201146919646169e-01 4.238055108247635872e-01
1.561172886095181789e-01 4.152172544808376276e-01
1.570196482018790252e-01 4.055612774885934413e-01
1.579272234423027277e-01 4.049088253138278248e-01
1.588400444772908315e-01 4.224801188465560631e-01
1.597581416275917487e-01 4.622552739499924956e-01
1.606815453892082024e-01 5.102640918241126977e-01
1.616102864344102497e-01 5.189618781828846394e-01
1.625443956127538836e-01 4.845710294927014217e-01
1.634839039521058524e-01 4.482614355784187432e-01
1.644288426596743347e-01 4.208639601382899720e-01
1.653792431230455828e-01 4.031973203336454703e-01
1.663351369112262834e-01 3.930354565102424091e-01
1.672965557756923849e-01 3.878189910549905139e-01
1.682635316514438095e-01 3.856339066581002673e-01
1.692360966580649384e-01 3.857505285444111087e-01
1.702142831007917856e-01 3.878040193263425084e-01
1.711981234715850009e-01 3.903665488823060969e-01
1.721876504502090899e-01 3.927344459658456688e-01
1.731828969053178791e-01 3.964568904991704890e-01
1.741838958955464201e-01 4.018845361269310357e-01
1.751906806706090836e-01 4.074713548697914134e-01
1.762032846724038426e-01 4.129265799976930551e-01
1.772217415361232173e-01 4.195826953603081777e-01
1.782460850913716033e-01 4.263814361379386075e-01
1.792763493632887617e-01 4.336340566893189807e-01
1.803125685736800821e-01 4.448021782750115616e-01
1.813547771421535060e-01 4.596635889224511828e-01
1.824030096872625850e-01 4.755824764038708574e-01
1.834573010276564775e-01 4.906424594523260962e-01
1.845176861832364401e-01 4.990266274952082637e-01
1.855842003763193415e-01 4.959928824796916991e-01
1.866568790328071992e-01 4.873360713782722287e-01
1.877357577833641822e-01 4.785776101191899778e-01
1.888208724646001924e-01 4.716653993981220760e-01
1.899122591202609955e-01 4.670028879028463309e-01
1.910099540024255971e-01 4.650352875642113082e-01
1.921139935727104175e-01 4.659651107118241153e-01
1.932244145034804905e-01 4.679831421364314403e-01
1.943412536790674328e-01 4.655939694384973460e-01
1.954645481969946030e-01 4.562405789620864738e-01
1.965943353692096995e-01 4.459037823092173447e-01
1.977306527233236300e-01 4.374912467804757399e-01
1.988735380038573475e-01 4.293939055390605941e-01
2.000230291734956534e-01 4.208702640240365445e-01
2.011791644143479663e-01 4.119817851214321869e-01
2.023419821292166965e-01 4.018096774836909524e-01
2.035115209428728922e-01 3.922498347490813719e-01
2.046878197033392410e-01 3.871444752801120881e-01
2.058709174831803157e-01 3.859333412310603229e-01
2.070608535808005912e-01 3.804970277603983431e-01
2.082576675217497619e-01 3.706062310240960112e-01
2.094613990600355524e-01 3.610534801609511790e-01
2.106720881794442723e-01 3.529159516479020153e-01
2.118897750948690872e-01 3.469091365171791397e-01
2.131145002536455058e-01 3.440889356313262537e-01
2.143463043368951104e-01 3.451211969223201281e-01
2.155852282608767823e-01 3.502541358914305625e-01
2.168313131783459469e-01 3.595846747820102274e-01
2.180846004799212312e-01 3.710459270549162913e-01
2.193451317954595303e-01 3.822384761978767087e-01
2.206129489954388734e-01 3.947524773904529938e-01
2.218880941923488948e-01 4.095358774517793288e-01
2.231706097420899648e-01 4.295507146970055090e-01
2.244605382453801201e-01 4.468722167570277071e-01
2.257579225491697927e-01 4.474175028741023685e-01
2.270628057480653939e-01 4.327909119707208929e-01
2.283752311857605299e-01 4.091663121498891331e-01
2.296952424564759343e-01 3.819934126394803897e-01
2.310228834064072811e-01 3.560773503497857706e-01
2.323581981351817149e-01 3.350397076421853804e-01
2.337012309973229007e-01 3.195550002915578114e-01
2.350520266037238737e-01 3.069692923986147570e-01
2.364106298231291869e-01 2.935625033871864797e-01
2.377770857836252472e-01 2.785174920673791910e-01
2.391514398741393099e-01 2.635260637764174629e-01
2.405337377459470793e-01 2.498111723491275582e-01
2.419240253141889951e-01 2.374074891571155699e-01
2.433223487593957901e-01 2.263244700290010791e-01
2.447287545290218747e-01 2.171586201535494753e-01
2.461432893389885190e-01 2.110438509794173578e-01
2.475660001752356676e-01 2.075578021615874236e-01
2.489969342952823017e-01 2.016321495598511482e-01
2.504361392297964617e-01 1.927334268429086450e-01
2.518836627841739007e-01 1.847850149022552402e-01
2.533395530401260642e-01 1.796331642759052827e-01
2.548038583572773130e-01 1.776253766656361033e-01
2.562766273747711931e-01 1.788554223719273917e-01
2.577579090128856998e-01 1.839986051553758606e-01
2.592477524746588102e-01 1.941100378928066750e-01
2.607462072475227322e-01 2.094804873142784574e-01
2.622533231049470337e-01 2.300177590907481751e-01
2.637691501080930423e-01 2.519371578171440973e-01
2.652937386074759596e-01 2.637356679774894852e-01
2.668271392446371348e-01 2.650965193130211950e-01
2.683694029538270520e-01 2.616829651812763169e-01
2.699205809636965880e-01 2.549456872896745940e-01
2.714807247989985406e-01 2.461888020020289725e-01
2.730498862822996475e-01 2.383483441047848095e-01
2.746281175357012105e-01 2.327883168763471844e-01
2.762154709825712651e-01 2.300878898196782874e-01
2.778119993492854656e-01 2.308916352523605886e-01
2.794177556669779627e-01 2.342925816126124328e-01
2.810327932733039380e-01 2.405405203731399155e-01
2.826571658142107979e-01 2.506913523964865442e-01
2.842909272457196934e-01 2.650910034129930204e-01
2.859341318357184192e-01 2.769769799880714145e-01
2.875868341657639160e-01 2.722577335210769611e-01
2.892490891328946545e-01 2.641911237226761133e-01
2.909209519514548425e-01 2.629918094593992062e-01
2.926024781549284581e-01 2.695391827928867445e-01
2.942937235977828858e-01 2.798610077171079791e-01
2.959947444573255426e-01 2.907454544442067412e-01
2.977055972355692748e-01 3.017780424863489852e-01
2.994263387611086902e-01 3.134544148603553571e-01
3.011570261910088142e-01 3.257950591949020924e-01
3.028977170127025720e-01 3.387188129610027021e-01
3.046484690459013711e-01 3.542547393833208602e-01
3.064093404445150659e-01 3.713847609137922445e-01
3.081803896985833569e-01 3.937950747426990361e-01
3.099616756362194026e-01 4.144765479056205515e-01
3.117532574255635347e-01 4.144032652338171530e-01
3.135551945767480198e-01 4.097998526674151432e-01
3.153675469438748658e-01 4.094531389513561548e-01
3.171903747270033436e-01 4.175426003355881543e-01
3.190237384741493876e-01 4.323795834257598836e-01
3.208676990832974307e-01 4.537647278351376601e-01
3.227223178044230090e-01 4.943136849139603273e-01
3.245876562415266342e-01 5.478746501593350082e-01
3.264637763546810456e-01 5.827311984090428609e-01
3.283507404620888970e-01 6.191377145666784321e-01
3.302486112421523790e-01 6.702236166708225307e-01
3.321574517355558864e-01 6.971987317659339434e-01
3.340773253473591775e-01 6.834428650812915951e-01
3.360082958491044103e-01 6.584637178106745869e-01
3.379504273809338932e-01 6.365971141274058276e-01
3.399037844537201591e-01 6.263462079178331310e-01
3.418684319512097503e-01 6.177437678309773972e-01
3.438444351321779946e-01 6.047002402356927986e-01
3.458318596325960503e-01 6.176287219161032960e-01
3.478307714678123830e-01 6.710100264177019103e-01
3.498412370347446232e-01 6.699958887982291333e-01
3.518633231140849693e-01 5.916992638691972450e-01
3.538970968725191901e-01 5.245045697255192874e-01
3.559426258649572294e-01 4.792198184796174765e-01
3.579999780367765227e-01 4.509051276633689320e-01
3.600692217260801353e-01 4.318902442946857545e-01
3.621504256659661136e-01 4.027450165313320452e-01
3.642436589868098817e-01 3.707165490246602246e-01
3.663489912185618480e-01 3.536141069943299353e-01
3.684664922930561692e-01 3.468760411170098701e-01
3.705962325463332818e-01 3.449494160357272632e-01
3.727382827209774208e-01 3.456073841105211097e-01
3.748927139684648524e-01 3.468413697454040268e-01
3.770595978515288715e-01 3.489886308278150606e-01
3.792390063465359562e-01 3.505709061501935397e-01
3.814310118458763554e-01 3.449643877643752687e-01
3.836356871603694985e-01 3.348427112126063365e-01
3.858531055216822825e-01 3.264506633125410229e-01
3.880833405847607942e-01 3.243727449733417867e-01
3.903264664302779630e-01 3.268895713576430162e-01
3.925825575670940371e-01 3.314803761525520476e-01
3.948516889347303827e-01 3.425255719661872700e-01
3.971339359058604912e-01 3.595468514675310145e-01
3.994293742888124776e-01 3.748448062029177130e-01
4.017380803300868997e-01 3.937659192711213119e-01
4.040601307168905088e-01 4.031697408335043753e-01
4.063956025796829352e-01 3.953986256794720378e-01
4.087445734947380283e-01 3.906927749696889607e-01
4.111071214867221824e-01 3.924389513214771585e-01
4.134833250312844322e-01 3.913641388016941836e-01
4.158732630576643108e-01 3.861650090322453210e-01
4.182770149513134750e-01 3.749945234893977131e-01
4.206946605565314856e-01 3.594727808100093291e-01
4.231262801791195738e-01 3.450471262647984427e-01
4.255719545890473410e-01 3.357378629886133559e-01
4.280317650231349469e-01 3.309981288929426668e-01
4.305057931877529498e-01 3.249274869190362236e-01
4.329941212615355806e-01 3.140674677492051869e-01
4.354968318981098929e-01 3.018016820578984793e-01
4.380140082288422887e-01 2.884319283752310170e-01
4.405457338655994204e-01 2.837347455083493730e-01
4.430920929035247480e-01 2.876139991996189971e-01
4.456531699238333033e-01 2.938524821315267044e-01
4.482290499966203323e-01 3.088100270366008759e-01
4.508198186836865351e-01 3.307357296487434262e-01
4.534255620413813470e-01 3.446925326915562526e-01
4.560463666234608748e-01 3.431189252120792066e-01
4.586823194839622087e-01 3.303165212465992706e-01
4.613335081800964965e-01 3.115727049650167668e-01
4.640000207751556194e-01 2.961258209288683552e-01
4.666819458414390720e-01 2.906304085293326400e-01
4.693793724631949438e-01 2.939620121463726310e-01
4.720923902395786631e-01 3.020435936734214843e-01
4.748210892876304490e-01 3.073806209435757109e-01
4.775655602452679171e-01 3.044036108997778545e-01
4.803258942742961168e-01 3.007804525669608986e-01
4.831021830634371073e-01 2.976671209938944185e-01
4.858945188313745223e-01 2.924664152530089267e-01
4.887029943298164536e-01 2.825370072165090951e-01
4.915277028465775411e-01 2.711261860295751669e-01
4.943687382086768833e-01 2.633369472040215653e-01
4.972261947854541564e-01 2.566524643555470608e-01
5.001001674917054940e-01 2.489522679161631502e-01
5.029907517908354109e-01 2.474314554798132948e-01
5.058980436980275996e-01 2.507260237680924431e-01
5.088221397834349347e-01 2.524974156628668198e-01
5.117631371753864622e-01 2.521806454041037870e-01
5.147211335636141527e-01 2.510490979126019928e-01
5.176962272024980827e-01 2.481847698265233770e-01
5.206885169143288250e-01 2.419935660377146303e-01
5.236981020925914887e-01 2.344099914846415056e-01
5.267250827052667450e-01 2.323234053025407531e-01
5.297695592981502832e-01 2.380197540602470574e-01
5.328316329981945820e-01 2.449272368670050715e-01
5.359114055168668900e-01 2.441928341775345401e-01
5.390089791535270791e-01 2.387888281213234876e-01
5.421244567988269258e-01 2.323273452311323539e-01
5.452579419381275994e-01 2.284047523253553147e-01
5.484095386549359130e-01 2.308735115808393246e-01
5.515793516343632241e-01 2.401173720424042424e-01
5.547674861666017643e-01 2.489191725159938529e-01
5.579740481504216199e-01 2.529252919079123529e-01
5.611991440966896949e-01 2.531183484088997959e-01
5.644428811319066597e-01 2.551237720620140315e-01
5.677053670017649933e-01 2.634504171474590928e-01
5.709867100747291202e-01 2.716801399895513169e-01
5.742870193456336425e-01 2.786049584821122527e-01
5.776064044393048880e-01 2.641012933507880800e-01
5.809449756142023302e-01 2.415302304353448282e-01
5.843028437660793273e-01 2.283031021676925620e-01
5.876801204316687288e-01 2.231906508272583911e-01
5.910769177923870243e-01 2.201072627114879221e-01
5.944933486780595855e-01 2.134472074202811431e-01
5.979295265706701112e-01 2.037392233706281364e-01
6.013855656081297241e-01 1.977749594686943613e-01
6.048615805880666052e-01 1.984849346008970838e-01
6.083576869716416091e-01 2.051111065062162786e-01
6.118740008873820857e-01 2.113251618808561771e-01
6.154106391350390171e-01 2.154542070448319802e-01
6.189677191894675801e-01 2.176337755416939967e-01
6.225453592045292472e-01 2.211466158739467114e-01
6.261436780170150929e-01 2.265884452446369490e-01
6.297627951505950783e-01 2.298050029468028388e-01
6.334028308197864332e-01 2.326362356327122127e-01
6.370639059339481269e-01 2.338142742815945974e-01
6.407461421012968783e-01 2.275844591925884064e-01
6.444496616329448146e-01 2.205075594563924435e-01
6.481745875469649976e-01 2.169647756668437455e-01
6.519210435724759334e-01 2.126158824874577746e-01
6.556891541537508417e-01 2.113086141807715701e-01
6.594790444543533470e-01 2.127782075454308641e-01
6.632908403612935988e-01 2.107830277066547742e-01
6.671246684892090384e-01 2.064987493561707133e-01
6.709806561845721440e-01 2.072441838456976770e-01
6.748589315299192704e-01 2.139546702228766473e-01
6.787596233481042463e-01 2.225445025382392916e-01
6.826828612065795054e-01 2.319727516578901361e-01
6.866287754216984229e-01 2.375642983150604293e-01
6.905974970630435195e-01 2.383901073478555954e-01
6.945891579577818664e-01 2.395287467108221657e-01
6.986038906950429173e-01 2.423024564392944891e-01
7.026418286303216520e-01 2.523524262906966520e-01
7.067031058899108098e-01 2.659373000744643667e-01
7.107878573753529938e-01 2.733908569840153291e-01
7.148962187679240854e-01 2.825307033307625226e-01
7.190283265331394169e-01 2.881127941593130681e-01
7.231843179252852583e-01 2.755404820235813901e-01
7.273643309919801681e-01 2.483400030130316349e-01
7.315685045787596597e-01 2.302305152346934836e-01
7.357969783336865133e-01 2.296899570319287098e-01
7.400498927119919523e-01 2.420471490665601078e-01
7.443273889807401344e-01 2.576626620464281259e-01
7.486296092235191768e-01 2.682334904576371692e-01
7.529566963451627126e-01 2.748131712055757458e-01
7.573087940764960946e-01 2.777042908060771143e-01
7.616860469791092436e-01 2.726651221374463141e-01
7.660886004501606950e-01 2.628294844014260612e-01
7.705166007272060691e-01 2.545241149303755224e-01
7.749701948930545203e-01 2.487694552295138251e-01
7.794495308806568268e-01 2.462676005738605733e-01
7.839547574780165728e-01 2.425664316549303590e-01
7.884860243331343055e-01 2.246176929631286678e-01
7.930434819589780027e-01 2.087074733246104818e-01
7.976272817384808533e-01 2.045650324034232748e-01
8.022375759295721220e-01 2.103378157758062361e-01
8.068745176702336597e-01 2.215855239190487325e-01
8.115382609835852801e-01 2.287089148126252858e-01
8.162289607830032212e-01 2.320223947581440682e-01
8.209467728772645856e-01 2.475197098802646711e-01
8.256918539757219788e-01 2.701522356817366299e-01
8.304643616935105666e-01 2.760558246833600404e-01
8.352644545567829981e-01 2.682657978720881520e-01
8.400922920079733069e-01 2.544902315444879104e-01
8.449480344110958940e-01 2.393191425097501435e-01
8.498318430570707127e-01 2.263827809721564999e-01
8.547438801690798726e-01 2.127979071883887852e-01
8.596843089079587719e-01 2.028629832518607512e-01
8.646532933776126528e-01 2.046509228467197350e-01
8.696509986304700179e-01 2.240290676315466190e-01
8.746775906729644667e-01 2.535123412680578281e-01
8.797332364710471753e-01 2.792400749710749475e-01
8.848181039557355687e-01 2.863090948500877642e-01
8.899323620286901937e-01 2.789760997554390776e-01
8.950761805678236760e-01 2.684982536589913260e-01
9.002497304329459826e-01 2.581157538344598379e-01
9.054531834714387717e-01 2.503982217092730056e-01
9.106867125239620497e-01 2.586279445513652298e-01
9.159504914301977996e-01 2.778051529780215523e-01
9.212446950346235841e-01 2.952046656241569811e-01
9.265694991923183466e-01 3.063538755526099555e-01
9.319250807748065135e-01 3.143464146934890624e-01
9.373116176759319629e-01 3.086421860785996119e-01
9.427292888177655206e-01 2.968460398754091956e-01
9.481782741565508710e-01 2.861152503633819788e-01
9.536587546886805544e-01 2.751622488787897058e-01
9.591709124567069367e-01 2.453243816690363066e-01
9.647149305553922582e-01 2.158757794041310518e-01
9.702909931377862174e-01 2.054822477795430757e-01
9.758992854213467405e-01 2.045319370032540052e-01
9.815399936940907288e-01 1.962076558749638877e-01
9.872133053207802211e-01 1.876792864456298671e-01
9.929194087491489684e-01 1.950398610404195654e-01
9.986584935161608723e-01 2.105946991199772467e-01
1.004430750254303728e+00 2.137907691934669285e-01
1.010236370697924935e+00 2.060976646255478772e-01
1.016075547689597958e+00 2.054349686364441430e-01
1.021948475186527761e+00 2.085159927950596681e-01
1.027855348266994762e+00 2.055602583656563898e-01
1.033796363136834096e+00 2.005100578969691849e-01
1.039771717135951290e+00 1.992209132618042444e-01
1.045781608744880131e+00 2.014619446446949125e-01
1.051826237591374280e+00 2.014619446446949125e-01
1.057905804457035748e+00 1.980799099416826470e-01
1.064020511283988890e+00 1.914639818507015978e-01
1.070170561181583713e+00 1.836668631679648223e-01
1.076356158433145582e+00 1.812887222700871881e-01
1.082577508502760022e+00 1.814557752423701653e-01
1.088834818042095476e+00 1.840679478985876583e-01
1.095128294897270704e+00 1.890314699382601160e-01
1.101458148115757263e+00 1.952825606416608850e-01
1.107824587953321727e+00 2.044460465599575449e-01
1.114227825881013212e+00 2.178528355713858500e-01
1.120668074592185315e+00 2.334139775366900760e-01
1.127145548009560017e+00 2.487529075294292180e-01
1.133660461292336441e+00 2.599155132150935410e-01
1.140213030843336250e+00 2.660310703749440009e-01
1.146803474316190341e+00 2.532593978524783629e-01
1.153432010622570836e+00 2.327434016904031955e-01
1.160098859939462601e+00 2.214436864897518509e-01
1.166804243716473621e+00 2.297474799893657882e-01
1.173548384683194445e+00 2.421724387957723545e-01
1.180331506856595603e+00 2.401205239852775286e-01
1.187153835548465874e+00 2.366321112102926227e-01
1.194015597372901416e+00 2.408092235030857009e-01
1.200917020253827294e+00 2.535407087539171544e-01
1.207858333432573428e+00 2.686747624598941342e-01
1.214839767475487387e+00 2.661996993186636074e-01
1.221861554281590267e+00 2.519907408459896025e-01
1.228923927090283863e+00 2.390464994512128127e-01
1.236027120489096909e+00 2.278531623225341085e-01
1.243171370421473965e+00 2.072520637028808232e-01
1.250356914194617142e+00 1.770131117625045880e-01
1.257583990487367132e+00 1.677558555437283216e-01
1.264852839358128644e+00 1.755837056694793952e-01
1.272163702252848472e+00 1.921093421540023827e-01
1.279516822013033517e+00 2.169978710670129873e-01
1.286912442883815677e+00 2.381237681750647539e-01
1.294350810522067352e+00 2.496055080766471090e-01
1.301832172004561583e+00 2.520592956034831134e-01
1.309356775836174380e+00 2.552049345910005762e-01
1.316924871958146337e+00 2.659499078459574006e-01
1.324536711756377994e+00 2.735657898134815080e-01
1.332192548069784932e+00 2.667780808359075384e-01
1.339892635198694837e+00 2.536888500689605808e-01
1.347637228913291185e+00 2.553782914490300704e-01
1.355426586462114891e+00 2.664203353197920898e-01
1.363260966580605249e+00 2.632912440323592618e-01
1.371140629499693731e+00 2.488813492015147233e-01
1.379065836954451285e+00 2.499270062497200295e-01
1.387036852192779834e+00 2.653431588428541432e-01
1.395053939984155722e+00 2.675952220258012160e-01
1.403117366628427343e+00 2.731213658683512846e-01
1.411227399964658957e+00 2.867960700240069771e-01
1.419384309380025577e+00 2.962999657726161917e-01
1.427588365818764915e+00 2.824164454016067083e-01
1.435839841791175742e+00 2.600841421588131475e-01
1.444139011382666204e+00 2.404333543154489605e-01
1.452486150262864761e+00 2.240534951888144277e-01
1.460881535694769973e+00 2.159663977617373998e-01
1.469325446543965796e+00 2.131509247901943460e-01
1.477818163287882181e+00 2.190970650206068293e-01
1.486359968025109168e+00 2.374807718289189407e-01
1.494951144484772509e+00 2.657261199019557152e-01
1.503591978035954568e+00 2.886974795623035162e-01
1.512282755697172298e+00 2.785490114961118313e-01
1.521023766145914724e+00 2.625859968144664824e-01
1.529815299728230382e+00 2.549961183756468408e-01
1.538657648468367833e+00 2.521152425894835347e-01
1.547551106078482119e+00 2.504226492665407866e-01
1.556495967968387184e+00 2.447696397233418419e-01
1.565492531255366693e+00 2.487954587582182908e-01
1.574541094774047689e+00 2.546982597741233589e-01
1.583641959086324214e+00 2.533224367099436436e-01
1.592795426491339539e+00 2.508158541399804764e-01
1.602001801035530804e+00 2.270903921472042508e-01
1.611261388522727822e+00 2.003225172960099720e-01
1.620574496524306296e+00 1.967040868775029594e-01
1.629941434389411858e+00 2.072867350744867498e-01
1.639362513255227638e+00 2.229920784262427735e-01
1.648838046057315765e+00 2.192231427355373907e-01
1.658368347540009280e+00 2.033129230970191492e-01
1.667953734266863997e+00 1.964590233191066682e-01
1.677594524631179640e+00 1.903844414166086796e-01
1.687291038866571835e+00 1.919344093245362592e-01
1.697043599057607821e+00 2.036990360989940074e-01
1.706852529150509445e+00 2.251874066374711103e-01
1.716718154963911225e+00 2.479712256968597539e-01
1.726640804199680579e+00 2.615159122089933397e-01
1.736620806453807120e+00 2.618681418250805581e-01
1.746658493227349673e+00 2.490491901595160151e-01
1.756754197937443251e+00 2.334549527940425473e-01
1.766908255928380411e+00 2.319719636721718214e-01
1.777121004482747679e+00 2.389724287936911273e-01
1.787392782832625482e+00 2.330507161205463973e-01
1.797723932170862682e+00 2.101786426607064051e-01
1.808114795662403074e+00 2.048203397761576561e-01
1.818565718455690483e+00 2.058258095527288611e-01
1.829077047694130043e+00 2.161302987911471185e-01
1.839649132527616748e+00 2.260888622992246466e-01
1.850282324124138622e+00 2.234562020143308902e-01
1.860976975681438272e+00 2.112085399945454189e-01
1.871733442438742401e+00 2.179024786716397821e-01
1.882552081688566581e+00 2.157370939177074565e-01
1.893433252788581767e+00 2.036517569558950469e-01
1.904377317173546302e+00 2.017361636746688724e-01
1.915384638367318981e+00 2.054199969077961374e-01
1.926455581994929611e+00 2.102865967041157025e-01
1.937590515794722412e+00 2.182728319592482924e-01
1.948789809630575354e+00 2.167283799513489428e-01
1.960053835504184105e+00 2.125095044154851343e-01
1.971382967567415045e+00 2.120918719847776357e-01
1.982777582134739092e+00 2.203452343984193540e-01
1.994238057695728816e+00 2.404191705725192696e-01
2.005764774927627947e+00 2.529607512652365942e-01
2.017358116708002580e+00 2.628042688584399933e-01
2.029018468127450348e+00 2.667189819070338586e-01
2.040746216502401289e+00 2.637892510063349905e-01
2.052541751387976898e+00 2.529867547939410599e-01
2.064405464590929995e+00 2.446207104225801288e-01
2.076337750182662312e+00 2.594821210700197778e-01
2.088339004512313135e+00 2.835992119647990362e-01
2.100409626219920778e+00 2.778232766495428163e-01
2.112550016249669760e+00 2.631383748030059477e-01
2.124760577863207711e+00 2.675479428827022832e-01
2.137041716653034662e+00 2.835535087931367326e-01
2.149393840555982482e+00 2.975481351504287719e-01
2.161817359866763155e+00 2.967759091464790555e-01
2.174312687251592546e+00 2.950675561091700150e-01
2.186880237761905654e+00 2.868260134813030438e-01
2.199520428848138476e+00 2.697330272795925299e-01
2.212233680373592026e+00 2.705753840124722753e-01
2.225020414628386511e+00 2.843556782543823491e-01
2.237881056343477670e+00 2.970572200479178471e-01
2.250816032704775704e+00 3.012595478836970764e-01
2.263825773367328598e+00 2.903262460420626967e-01
2.276910710469592924e+00 2.775719092053999804e-01
2.290071278647793029e+00 2.909629385024619652e-01
2.303307915050354371e+00 3.041932187129875453e-01
2.316621059352423018e+00 3.142573723073193714e-01
2.330011153770474852e+00 3.261788082397220068e-01
2.343478643077001600e+00 3.121250829535562876e-01
2.357023974615280792e+00 2.905445180860362075e-01
2.370647598314243876e+00 2.855502646033494241e-01
2.384349966703414481e+00 2.903719492137250002e-01
2.398131534927939956e+00 2.836464911078979689e-01
2.411992760763713051e+00 2.701624794960746923e-01
2.425934104632577970e+00 2.597319125427259290e-01
2.439956029617617261e+00 2.483707344560459329e-01
2.454059001478542612e+00 2.350080726448433577e-01
2.468243488667162033e+00 2.330294405061518748e-01
2.482509962342935861e+00 2.397430788262041312e-01
2.496858896388636673e+00 2.293369394301231212e-01
2.511290767426078485e+00 2.186384573325468872e-01
2.525806054831960523e+00 2.127900273312056112e-01
2.540405240753779381e+00 2.377077117157939123e-01
2.555088810125852206e+00 2.624670109710007249e-01
2.569857250685421590e+00 2.683973914870468880e-01
2.584711052988855506e+00 3.030120281212318467e-01
2.599650710427946265e+00 3.287594614672069149e-01
2.614676719246288084e+00 3.250677483768965037e-01
2.629789578555775442e+00 3.125773867558696573e-01
2.644989790353173831e+00 3.104380055306417141e-01
2.660277859536794409e+00 3.068061793549233252e-01
2.675654293923265481e+00 3.060284374509454342e-01
2.691119604264405218e+00 3.160807712595026242e-01
2.706674304264172548e+00 3.248888756188387239e-01
2.722318910595750374e+00 3.168711209349734936e-01
2.738053942918694972e+00 3.063105363381025681e-01
2.753879923896200843e+00 3.034840315665031096e-01
2.769797379212459720e+00 2.996032019037968563e-01
2.785806837590128815e+00 2.928194328548144876e-01
2.801908830807877226e+00 2.852177346302200989e-01
2.818103893718070019e+00 2.889354512492349203e-01
2.834392564264522019e+00 3.090645464236169704e-01
2.850775383500368410e+00 3.194407423624019415e-01
2.867252895606037466e+00 3.031964167793177456e-01
2.883825647907329426e+00 3.200939825228859004e-01
2.900494190893583735e+00 3.181500217558003718e-01
2.917259078235983960e+00 3.029907525068373242e-01
2.934120866805935979e+00 3.096508077980440476e-01
2.951080116693567401e+00 3.136845066901036705e-01
2.968137391226336685e+00 3.179285977689535470e-01
2.985293256987731514e+00 3.313818779377624701e-01
3.002548283836107057e+00 3.325283971579122699e-01
3.019903044923603730e+00 3.180586154124757092e-01
3.037358116715186629e+00 2.958271743416266419e-01
3.054914079007794214e+00 2.605403858897181180e-01
3.072571514949601568e+00 2.525951258919379994e-01
3.090331011059376021e+00 2.740433091587810011e-01
3.108193157245980220e+00 2.890536491069823355e-01
3.126158546827951579e+00 2.692728436200959585e-01
3.144227776553216724e+00 2.785773789819712132e-01
3.162401446618910317e+00 2.723979949789371857e-01
3.180680160691316427e+00 2.543247545436415624e-01
3.199064525925907621e+00 2.543286944722331633e-01
3.217555152987530587e+00 2.794607109722034299e-01
3.236152656070678812e+00 3.049110737023733586e-01
3.254857652919894928e+00 3.247777696325561680e-01
3.273670764850296955e+00 3.282338749930900912e-01
3.292592616768199143e+00 2.991390783157087396e-01
3.311623837191892683e+00 2.767965312585770610e-01
3.330765058272506351e+00 2.731781008400700483e-01
3.350016915815009710e+00 2.800627320609968551e-01
3.369380049299332214e+00 2.789516721981712966e-01
3.388855101901607103e+00 3.025321448187773821e-01
3.408442720515521884e+00 3.115309417219460086e-01
3.428143555773827789e+00 2.839853249667738666e-01
3.447958262069935831e+00 2.895768716239441321e-01
3.467887497579658529e+00 2.900843344265396362e-01
3.487931924283071528e+00 2.827726149462855831e-01
3.508092207986506228e+00 2.801966896331105628e-01
3.528369018344649444e+00 2.946948388644065608e-01
3.548763028882812254e+00 3.280636700779338555e-01
3.569274917019284565e+00 3.415697452898699971e-01
3.589905364087840223e+00 3.354100609297938629e-01
3.610655055360374899e+00 3.248463243900496789e-01
3.631524680069651456e+00 3.330886550036349369e-01
3.652514931432215839e+00 3.111629523914924422e-01
3.673626506671410219e+00 3.077044830738035475e-01
3.694860107040534913e+00 3.284876063943878988e-01
3.716216437846141751e+00 3.178631949543333501e-01
3.737696208471465109e+00 3.020049823732239846e-01
3.759300132399972405e+00 2.978128983517829287e-01
3.781028927239082016e+00 2.847496711135403813e-01
3.802883314743989107e+00 2.609690501204820490e-01
3.824864020841640233e+00 2.464630210320029324e-01
3.846971775654848713e+00 2.569203794997744761e-01
3.869207313526548564e+00 2.790367746557494422e-01
3.891571373044171445e+00 2.852665897447556609e-01
3.914064697064205678e+00 2.684951017161181230e-01
3.936688032736852527e+00 2.615363998376695198e-01
3.959442131530850340e+00 2.573191002732423405e-01
3.982327749258438132e+00 2.406705380166620778e-01
4.005345646100446189e+00 2.389022980647609873e-01
4.028496586631570509e+00 2.481918616979882364e-01
4.051781339845751617e+00 2.463810705172980731e-01
4.075200679181723906e+00 2.502098931225955059e-01
4.098755382548707082e+00 2.450162792531747624e-01
4.122446232352245943e+00 2.460004734153514450e-01
4.146274015520188705e+00 2.566800438556881003e-01
4.170239523528843861e+00 2.605128063895770785e-01
4.194343552429258715e+00 2.602842905312654498e-01
4.218586902873665778e+00 2.485535471426952581e-01
4.242970380142073950e+00 2.464827206749608535e-01
4.267494794169023997e+00 2.459082790863084678e-01
4.292160959570472833e+00 2.614709970230493230e-01
4.316969695670882068e+00 2.431266895006530260e-01
4.341921826530410478e+00 2.140823239092438379e-01
4.367018180972294772e+00 2.160388924478224559e-01
4.392259592610382235e+00 2.093071304562489077e-01
4.417646899876805477e+00 1.887871943655821672e-01
4.443180946049855251e+00 1.758122215277910239e-01
4.468862579281975833e+00 1.637221566516687266e-01
4.494692652627942486e+00 1.644266158838432190e-01
4.520672024073195239e+00 1.542600241461302979e-01
4.546801556562344082e+00 1.418894363542875237e-01
4.573082118027814502e+00 1.411298181218309244e-01
4.599514581418703507e+00 1.333854944822213395e-01
4.626099824729760002e+00 1.355611230504918108e-01
4.652838731030551678e+00 1.304998907817481735e-01
4.679732188494796219e+00 1.246814042377028808e-01
4.706781090429870140e+00 1.280973223266027028e-01
4.733986335306464177e+00 1.345517133453290326e-01
4.761348826788450062e+00 1.454471918724842550e-01
4.788869473762884077e+00 1.581778891375974216e-01
4.816549190370198019e+00 1.579020941361868324e-01
4.844388896034566017e+00 1.417822702965965687e-01
4.872389515494448098e+00 1.386728786521216616e-01
4.900551978833287414e+00 1.392118608834498061e-01
4.928877221510434836e+00 1.327590458361601333e-01
4.957366184392200559e+00 1.268735805060579869e-01
4.986019813783113541e+00 1.203892460300356737e-01
5.014839061457356806e+00 1.143343637704955923e-01
5.043824884690362609e+00 1.083094249682515081e-01
5.072978246290641202e+00 1.111296258541044635e-01
5.102300114631742822e+00 1.155967168912378079e-01
5.131791463684423960e+00 1.204853802876702240e-01
5.161453273049005475e+00 1.163728828237790558e-01
5.191286527987911903e+00 1.140672366119864778e-01
5.221292219458380401e+00 1.210582459048859527e-01
5.251471344145405951e+00 1.200464722425682307e-01
5.281824904494829553e+00 1.146440421577937796e-01
5.312353908746639597e+00 1.250880048683539469e-01
5.343059370968462396e+00 1.299435728646170796e-01
5.373942311089249912e+00 1.227350795134623807e-01
5.405003754933139781e+00 1.324351837059322690e-01
5.436244734253559585e+00 1.420478214836690678e-01
5.467666286767478567e+00 1.469617004230875934e-01
5.499269456189878724e+00 1.550905610932353795e-01
5.531055292268432844e+00 1.463856828629986062e-01
5.563024850818350409e+00 1.409793128496325543e-01
5.595179193757479297e+00 1.563647339997523145e-01
5.627519389141558470e+00 1.768925499476022567e-01
5.660046511199702479e+00 1.685012900332552577e-01
5.692761640370078702e+00 1.535342892995612829e-01
5.725665863335805739e+00 1.482082938294634888e-01
5.758760273061025892e+00 1.491586046057525872e-01
5.792045968827241431e+00 1.462265097478987474e-01
5.825524056269808071e+00 1.481011277717725061e-01
5.859195647414667363e+00 1.510568622011758122e-01
5.893061860715279821e+00 1.517865369763364281e-01
5.927123821089786304e+00 1.594449701726495527e-01
5.961382659958350594e+00 1.501223111392530341e-01
5.995839515280771082e+00 1.580825428656811860e-01
6.030495531594262104e+00 1.651909620306097615e-01
6.065351860051475086e+00 1.535271974280964513e-01
6.100409658458743500e+00 1.524563248369049939e-01
6.135670091314512575e+00 1.546713526910912517e-01
6.171134329848062094e+00 1.539330100730291750e-01
6.206803552058381079e+00 1.518275122336888439e-01
6.242678942753306259e+00 1.477024069983046139e-01
6.278761693588877257e+00 1.341931798434952416e-01
6.315053003108923591e+00 1.325864769638489260e-01
6.351554076784851510e+00 1.398721929153985966e-01
6.388266127055725718e+00 1.386405712376707067e-01
6.425190373368511843e+00 1.405419807759671902e-01
6.462328042218596025e+00 1.369928931006719752e-01
6.499680367190518560e+00 1.387658609668829535e-01
6.537248588998957999e+00 1.481610146863645283e-01
6.575033955529916874e+00 1.381748716781459607e-01
6.613037721882214726e+00 1.311775584994999411e-01
6.651261150409145451e+00 1.355264516788859119e-01
6.689705510760421525e+00 1.367297058707544199e-01
6.728372079924347382e+00 1.336439537978290071e-01
6.767262142270216607e+00 1.360551900958759386e-01
6.806376989591010229e+00 1.308426645692156165e-01
6.845717921146279750e+00 1.280949583694477589e-01
6.885286243705309062e+00 1.283597215708019434e-01
6.925083271590525058e+00 1.351411266626293683e-01
6.965110326721157818e+00 1.426065033579551056e-01
7.005368738657123728e+00 1.358826212235647313e-01
7.045859844643230119e+00 1.366721829133173693e-01
7.086584989653569089e+00 1.381669918209627868e-01
7.127545526436194656e+00 1.321696325188597698e-01
7.168742815558059256e+00 1.365839285128659653e-01
7.210178225450215805e+00 1.342861621582565335e-01
7.251853132453240036e+00 1.413543940515509800e-01
7.293768920862992111e+00 1.450413792275515035e-01
7.335926982976571864e+00 1.457143190309933556e-01
7.378328719138569802e+00 1.524287453367639267e-01
7.420975537787583676e+00 1.461161917473345340e-01
7.463868855503007715e+00 1.341845120005937531e-01
7.507010097052058128e+00 1.400628854592310679e-01
7.550400695437144982e+00 1.448041955263383862e-01
7.594042091943437711e+00 1.608712243228014871e-01
7.637935736186750368e+00 1.503256114545785671e-01
7.682083086161699548e+00 1.368597235142765545e-01
7.726485608290103890e+00 1.318607421172798833e-01
7.771144777469737974e+00 1.242275244639528681e-01
7.816062077123293150e+00 1.203356630011901962e-01
7.861238999247660786e+00 1.222165849108104579e-01
7.906677044463489068e+00 1.309553465269348294e-01
7.952377722065040011e+00 2.240140959028986134e-01
7.998342550070284496e+00 1.295440641054309006e-01
