2.511886431509579437e-02 6.937521971701442469e-01
2.526405161860213050e-02 6.932065592629446105e-01
2.541007810627042562e-02 6.928956043265835918e-01
2.555694862859406516e-02 6.924643743676676122e-01
2.570466806410236227e-02 6.919774072031775747e-01
2.585324131952258450e-02 6.915285760214489041e-01
2.600267332994290678e-02 6.912616241421200014e-01
2.615296905897638788e-02 6.911941527880038905e-01
2.630413349892583852e-02 6.912938930506102864e-01
2.645617167094958117e-02 6.915461772442618171e-01
2.660908862522835469e-02 6.919510053689583717e-01
2.676288944113292337e-02 6.924761085162095542e-01
2.691757922739292791e-02 6.930833507032543306e-01
2.707316312226650673e-02 6.937785990043635609e-01
2.722964629371095457e-02 6.945823881794856991e-01
2.738703393955444973e-02 6.955680566570077161e-01
2.754533128766867636e-02 6.968324111624003558e-01
2.770454359614242176e-02 6.983637175471220093e-01
2.786467615345633933e-02 7.001326404398175995e-01
2.802573427865854422e-02 7.021039773948615226e-01
2.818772332154127064e-02 7.042571936523054354e-01
2.835064866281864979e-02 7.066098904349619181e-01
2.851451571430539678e-02 7.091708683542378155e-01
2.867932991909653145e-02 7.119518615586747368e-01
2.884509675174826843e-02 7.149646041968148458e-01
2.901182171845980567e-02 7.182384316400126645e-01
2.917951035725619563e-02 7.218114798710298929e-01
2.934816823817239240e-02 7.257101507240854010e-01
2.951780096343814899e-02 7.299931149418892318e-01
2.968841416766421215e-02 7.346985085072024191e-01
2.986001351802944001e-02 7.398674009399217599e-01
3.003260471446899879e-02 7.455291276114019983e-01
3.020619348986378766e-02 7.517159574301336411e-01
3.038078561023081769e-02 7.589588606176388419e-01
3.055638687491469066e-02 7.694227875799032335e-01
3.073300311678033025e-02 7.847387849642546431e-01
3.091064020240668481e-02 8.051884723356999007e-01
3.108930403228154019e-02 8.327607878720955092e-01
3.126900054099761295e-02 8.692921258202532808e-01
3.144973569744963920e-02 9.177570928355518465e-01
3.163151550503255638e-02 9.816113956635890148e-01
3.181434600184106232e-02 1.065539893109729741e+00
3.199823326087009728e-02 1.148790743477574150e+00
3.218318339021652985e-02 1.181250331881682714e+00
3.236920253328214730e-02 1.152173111794785099e+00
3.255629686897762443e-02 1.083783560555292569e+00
3.274447261192782455e-02 1.006769410137482890e+00
3.293373601267822470e-02 9.383123875438743600e-01
3.312409335790250653e-02 8.837133943782828904e-01
3.331555097061136145e-02 8.428140196353924862e-01
3.350811521036261426e-02 8.185389998392786914e-01
3.370179247347232510e-02 8.063032164471832797e-01
3.389658919322740410e-02 7.997760963207356522e-01
3.409251184009919750e-02 7.954139266002737685e-01
3.428956692195841288e-02 7.904943848240705284e-01
3.448776098429136294e-02 7.846273105531065273e-01
3.468710061041735404e-02 7.785196862370329374e-01
3.488759242170727526e-02 7.727024820973721342e-01
3.508924307780367929e-02 7.668148730664596791e-01
3.529205927684192501e-02 7.606632456933537512e-01
3.549604775567258980e-02 7.548607092393704310e-01
3.570121529008542238e-02 7.493808618702899604e-01
3.590756869503420462e-02 7.442677066431447885e-01
3.611511482486330638e-02 7.395564460035606302e-01
3.632386057353523962e-02 7.352793488600277705e-01
3.653381287485973905e-02 7.312956054300432385e-01
3.674497870272393912e-02 7.274292034854779043e-01
3.695736507132423021e-02 7.237652156032609030e-01
3.717097903539903075e-02 7.204239168059468623e-01
3.738582769046329413e-02 7.174815790590584053e-01
3.760191817304411876e-02 7.149939395681695897e-01
3.781925766091774610e-02 7.125033665401453442e-01
3.803785337334809891e-02 7.099189203237856738e-01
3.825771257132654091e-02 7.076923656379547900e-01
3.847884255781295476e-02 7.058266360197882339e-01
3.870125067797849233e-02 7.043129308578796044e-01
3.892494431944945599e-02 7.026906848219580670e-01
3.914993091255265789e-02 6.999243593031984068e-01
3.937621793056233360e-02 6.961664982326459805e-01
3.960381288994833243e-02 6.923147639737581294e-01
3.983272335062570252e-02 6.888209212453989538e-01
4.006295691620595512e-02 6.859137859441363227e-01
4.029452123424955012e-02 6.840333886402922836e-01
4.052742399651988042e-02 6.832677354479315124e-01
4.076167293923887297e-02 6.834026781561636232e-01
4.099727584334383890e-02 6.844382167649888382e-01
4.123424053474603751e-02 6.861279341550264865e-01
4.147257488459059338e-02 6.873394849919806093e-01
4.171228680951784978e-02 6.871429380039032475e-01
4.195338427192649156e-02 6.859607225383039797e-01
4.219587528023795858e-02 6.839864520461246267e-01
4.243976788916238585e-02 6.815604168350809511e-01
4.268507019996626434e-02 6.771307757605031785e-01
4.293179036074151744e-02 6.702927006976945323e-01
4.317993656667604152e-02 6.626303016998154050e-01
4.342951706032609216e-02 6.549415008677170746e-01
4.368054013188996804e-02 6.477249995144312988e-01
4.393301411948334623e-02 6.414971001758029701e-01
4.418694740941636612e-02 6.359879174353677556e-01
4.444234843647213579e-02 6.307574207228032748e-01
4.469922568418681352e-02 6.258525466322772957e-01
4.495758768513159753e-02 6.213202317579575862e-01
4.521744302119593689e-02 6.172719505109923732e-01
4.547880032387276866e-02 6.136871681314333138e-01
4.574166827454511502e-02 6.101023857518742544e-01
4.600605560477452616e-02 6.062829204014766882e-01
4.627197109659098723e-02 6.025133251823823199e-01
4.653942358278480296e-02 5.989021409686039465e-01
4.680842194719982141e-02 5.955227061885286499e-01
4.707897512502866311e-02 5.923016824137693481e-01
4.735109210310945588e-02 5.887755707769199987e-01
4.762478192022426976e-02 5.850118426320964904e-01
4.790005366739954334e-02 5.814358608639439430e-01
4.817691648820784933e-02 5.781502992722040712e-01
4.845537957907175564e-02 5.753135688621929811e-01
4.873545218956924774e-02 5.731515519933426672e-01
4.901714362274099679e-02 5.720954786245692203e-01
4.930046323539925834e-02 5.725296421206205189e-01
4.958542043843887359e-02 5.749322090345803105e-01
4.987202469714965836e-02 5.798986874049513185e-01
5.016028553153097091e-02 5.871151887582372053e-01
5.045021251660784106e-02 5.930350666976399454e-01
5.074181528274907677e-02 5.950122707269547284e-01
5.103510351598705003e-02 5.937068467016652917e-01
5.133008695833959217e-02 5.896761666775129918e-01
5.162677540813340182e-02 5.838325607036327636e-01
5.192517872032970105e-02 5.754602457189670339e-01
5.222530680685147364e-02 5.655448902010378198e-01
5.252716963691266006e-02 5.558554170425407115e-01
5.283077723734942721e-02 5.469609324477591183e-01
5.313613969295318679e-02 5.393278688212349570e-01
5.344326714680543849e-02 5.339624294004383653e-01
5.375216980061491706e-02 5.304451183749954168e-01
5.406285791505632127e-02 5.278900075299904904e-01
5.437534181011107609e-02 5.261298852487013011e-01
5.468963186541032917e-02 5.250972801770116272e-01
5.500573852057948770e-02 5.251207484740955111e-01
5.532367227558519784e-02 5.261885559914110111e-01
5.564344369108398941e-02 5.280953551294742532e-01
5.596506338877313413e-02 5.307443391628144935e-01
5.628854205174332881e-02 5.339096257319996264e-01
5.661389042483377931e-02 5.375296105571844008e-01
5.694111931498885282e-02 5.415485564327948698e-01
5.727023959161724881e-02 5.455645687712696867e-01
5.760126218695296035e-02 5.492549584877061131e-01
5.793419809641841417e-02 5.527664024388780906e-01
5.826905837898961604e-02 5.562866470014565801e-01
5.860585415756369709e-02 5.594490000335061719e-01
5.894459661932811845e-02 5.623414676490914310e-01
5.928529701613251268e-02 5.655331560524958778e-01
5.962796666486229469e-02 5.689331255925195174e-01
5.997261694781454155e-02 5.725765787147881758e-01
6.031925931307623168e-02 5.767920715784758956e-01
6.066790527490428103e-02 5.819140274170275795e-01
6.101856641410823012e-02 5.875933553113207308e-01
6.137125437843479747e-02 5.939591308953167115e-01
6.172598088295483398e-02 6.016978018587183508e-01
6.208275771045231733e-02 6.107682986816287407e-01
6.244159671181598315e-02 6.196041125337006239e-01
6.280250980643269088e-02 6.274102548512182631e-01
6.316550898258359303e-02 6.353161374313422982e-01
6.353060629784218483e-02 6.441842201919044664e-01
6.389781387947492119e-02 6.499456871259911006e-01
6.426714392484385308e-02 6.437500566958531678e-01
6.463860870181208085e-02 6.265389943219801250e-01
6.501222054915094251e-02 6.046108042342519528e-01
6.538799187695008841e-02 5.823687256730272210e-01
6.576593516702965159e-02 5.628900390934266085e-01
6.614606297335466623e-02 5.465297024888433608e-01
6.652838792245242827e-02 5.330207639799486863e-01
6.691292271383147972e-02 5.219085253107427214e-01
6.729968012040381253e-02 5.115883416681169527e-01
6.768867298890894613e-02 5.010657439631429622e-01
6.807991424034069705e-02 4.899300369968531133e-01
6.847341687037629410e-02 4.766323131617131170e-01
6.886919394980822728e-02 4.617856817190385543e-01
6.926725862497820629e-02 4.471854673957444959e-01
6.966762411821400547e-02 4.337234654810174783e-01
7.007030372826857090e-02 4.216636943170509189e-01
7.047531083076181979e-02 4.110090874409801920e-01
7.088265887862478520e-02 4.020001948979148865e-01
7.129236140254673060e-02 3.947132886533775142e-01
7.170443201142430445e-02 3.890515619818972759e-01
7.211888439281383123e-02 3.840821500743906713e-01
7.253573231338585059e-02 3.786521728366134543e-01
7.295498961938230720e-02 3.726032192632495188e-01
7.337667023707672431e-02 3.654395215784023709e-01
7.380078817323644513e-02 3.579032646773490645e-01
7.422735751558823258e-02 3.512646701397532656e-01
7.465639243328600627e-02 3.462600557866208906e-01
7.508790717738160481e-02 3.428131496524295385e-01
7.552191608129793510e-02 3.407948761032179030e-01
7.595843356130543844e-02 3.400585582822119313e-01
7.639747411700059665e-02 3.397974734771539995e-01
7.683905233178781047e-02 3.395745246548573792e-01
7.728318287336367887e-02 3.395979929519412077e-01
7.772988049420428980e-02 3.397329356601734296e-01
7.817916003205507836e-02 3.400878936535667307e-01
7.863103641042397396e-02 3.409356858857210404e-01
7.908552463907676799e-02 3.427896813553457100e-01
7.954263981453599253e-02 3.463187265293305450e-01
8.000239712058217212e-02 3.518484440297141580e-01
8.046481182875830918e-02 3.587891928922646301e-01
8.092989929887701994e-02 3.640695597361322533e-01
8.139767497953076525e-02 3.648938836712027345e-01
8.186815440860513438e-02 3.618107361418111401e-01
8.234135321379483508e-02 3.544798268402415409e-01
8.281728711312283386e-02 3.449516982241959129e-01
8.329597191546232737e-02 3.356347842819050187e-01
8.377742352106211376e-02 3.285004219684127258e-01
8.426165792207447602e-02 3.236659527691383431e-01
8.474869120308657633e-02 3.203774576402629859e-01
8.523853954165466762e-02 3.185117280220964298e-01
8.573121920884146929e-02 3.180452956175547907e-01
8.622674656975649887e-02 3.187904140499672190e-01
8.672513808409994251e-02 3.208350894333981684e-01
8.722641030670905127e-02 3.242878626418605470e-01
8.773057988810836760e-02 3.288935159445672829e-01
8.823766357506258873e-02 3.341914840112478746e-01
8.874767821113291322e-02 3.397153344373605166e-01
8.926064073723644077e-02 3.442271145517318831e-01
8.977656819220893036e-02 3.468262284537689255e-01
9.029547771337091688e-02 3.469758388476785194e-01
9.081738653709675591e-02 3.450367708011248813e-01
9.134231199938727674e-02 3.435377333248935683e-01
9.187027153644546085e-02 3.443356554257447355e-01
9.240128268525588107e-02 3.485071452324001728e-01
9.293536308416693037e-02 3.556209727859440672e-01
9.347253047347692245e-02 3.638788798223259180e-01
9.401280269602330097e-02 3.727938991770557986e-01
9.455619769777530437e-02 3.750732575313253658e-01
9.510273352842993355e-02 3.666246705811371243e-01
9.565242834201181932e-02 3.553422867580732780e-01
9.620530039747586526e-02 3.474628060121685014e-01
9.676136805931405405e-02 3.419800251059526008e-01
9.732064979816532069e-02 3.370986193125105612e-01
9.788316419142908953e-02 3.305861668717404167e-01
9.844892992388228070e-02 3.229355020224033423e-01
9.901796578830000806e-02 3.157424689662013950e-01
9.959029068607995472e-02 3.091918805426700501e-01
1.001659236278700377e-01 3.029023769241965813e-01
1.007448837341998471e-01 2.973814600352194248e-01
1.013271902361159299e-01 2.929500588383602278e-01
1.019128624758204177e-01 2.896527630980784696e-01
1.025019199073136378e-01 2.884019028635089188e-01
1.030943820970401520e-01 2.892617225979186579e-01
1.036902687245389171e-01 2.935443934620088902e-01
1.042895995830967204e-01 3.026002225992419081e-01
1.048923945804057928e-01 3.153699097499951809e-01
1.054986737392250712e-01 3.257663653581435170e-01
1.061084571980452224e-01 3.261213233515368182e-01
1.067217652117575799e-01 3.199139587728568324e-01
1.073386181523270227e-01 3.110282747894818067e-01
1.079590365094685589e-01 3.036562959680154661e-01
1.085830408913279893e-01 2.986018114835799486e-01
1.092106520251663743e-01 2.950610321610531162e-01
1.098418907580486492e-01 2.926704927493488095e-01
1.104767780575359459e-01 2.912154583301497235e-01
1.111153350123821049e-01 2.902823001673529024e-01
1.117575828332342536e-01 2.897709846446383519e-01
1.124035428533372433e-01 2.898322955707699489e-01
1.130532365292423180e-01 2.915225996682346832e-01
1.137066854415197809e-01 2.964720635232199752e-01
1.143639112954759340e-01 3.023978085368936308e-01
1.150249359218739331e-01 3.051406657585693516e-01
1.156897812776589568e-01 3.029786488897190933e-01
1.163584694466876512e-01 2.951549053493885411e-01
1.170310226404614878e-01 2.857672931621325074e-01
1.177074631988646730e-01 2.786247169446608996e-01
1.183878135909062629e-01 2.735517511762717846e-01
1.190720964154663303e-01 2.700661223518920351e-01
1.197603344020467531e-01 2.679530955532043457e-01
1.204525504115261381e-01 2.673930833140408803e-01
1.211487674369193246e-01 2.686503973303084325e-01
1.218490086041408849e-01 2.718329917685928798e-01
1.225532971727734816e-01 2.774950117937867167e-01
1.232616565368404721e-01 2.859905353381426707e-01
1.239741102255828148e-01 2.973110551439678284e-01
1.246906819042407494e-01 3.069858606167875648e-01
1.254113953748399735e-01 3.112864260574041975e-01
1.261362745769819826e-01 3.140292832790799182e-01
1.268653435886395453e-01 3.183386493311029519e-01
1.275986266269562852e-01 3.245254791498345948e-01
1.283361480490512463e-01 3.293804831090573759e-01
1.290779323528278288e-01 3.305128284433533903e-01
1.298240041777875831e-01 3.291105976925929877e-01
1.305743883058487209e-01 3.264704142706591483e-01
1.313291096621690413e-01 3.245313462241055658e-01
1.320881933159741561e-01 3.240971827280542117e-01
1.328516644813900749e-01 3.250036457029181758e-01
1.336195485182806453e-01 3.265466862361817157e-01
1.343918709330900185e-01 3.264176106022204649e-01
1.351686573796898327e-01 3.232112545131386461e-01
1.359499336602315311e-01 3.176991382355679461e-01
1.367357257260030934e-01 3.109109333040624978e-01
1.375260596782912625e-01 3.045480912572020027e-01
1.383209617692485738e-01 2.993410628417214059e-01
1.391204584027652402e-01 2.953954553944980743e-01
1.399245761353461737e-01 2.922081672967968280e-01
1.407333416769932510e-01 2.890766164046698061e-01
1.415467818920924381e-01 2.849975330177820232e-01
1.423649238003061035e-01 2.795053647927325802e-01
1.431877945774705507e-01 2.731343088418927145e-01
1.440154215564987683e-01 2.666849274495354805e-01
1.448478322282882313e-01 2.609885850398565021e-01
1.456850542426340045e-01 2.567097277740423844e-01
1.465271154091474515e-01 2.542077139511897399e-01
1.473740436981796631e-01 2.533839767235464002e-01
1.482258672417506584e-01 2.533916039200986847e-01
1.490826143344838317e-01 2.533167987231438878e-01
1.499443134345459228e-01 2.532384732816265194e-01
1.508109931645919832e-01 2.515003525288533881e-01
1.516826823127164214e-01 2.414045844770920379e-01
1.525594098334091819e-01 2.294615680911176181e-01
1.534412048485173929e-01 2.204327274955310279e-01
1.543280966482127869e-01 2.140866066103427612e-01
1.552201146919646169e-01 2.090247882830685300e-01
1.561172886095181789e-01 2.034537079090746048e-01
1.570196482018790252e-01 1.973528307284126149e-01
1.579272234423027277e-01 1.916494478296084936e-01
1.588400444772908315e-01 1.870866241690797571e-01
1.597581416275917487e-01 1.840058234693965067e-01
1.606815453892082024e-01 1.817742817704353364e-01
1.616102864344102497e-01 1.786037148344063741e-01
1.625443956127538836e-01 1.753873847190638713e-01
1.634839039521058524e-01 1.744380921020218800e-01
1.644288426596743347e-01 1.763369706898194056e-01
1.653792431230455828e-01 1.816293650359425138e-01
1.663351369112262834e-01 1.876950397709787055e-01
1.672965557756923849e-01 1.895346609086394907e-01
1.682635316514438095e-01 1.853103674335453699e-01
1.692360966580649384e-01 1.778691571356816881e-01
1.702142831007917856e-01 1.709166741245892740e-01
1.711981234715850009e-01 1.655870238568455111e-01
1.721876504502090899e-01 1.616578442175808927e-01
1.731828969053178791e-01 1.591039067874302215e-01
1.741838958955464201e-01 1.579316653480916099e-01
1.751906806706090836e-01 1.577888020895936438e-01
1.762032846724038426e-01 1.580695415934592896e-01
1.772217415361232173e-01 1.587521756848859489e-01
1.782460850913716033e-01 1.600928021558012393e-01
1.792763493632887617e-01 1.612656303025669646e-01
1.803125685736800821e-01 1.606721757400589312e-01
1.813547771421535060e-01 1.585541619282408998e-01
1.824030096872625850e-01 1.566329884582137455e-01
1.834573010276564775e-01 1.552269441091772006e-01
1.845176861832364401e-01 1.544750785413531446e-01
1.855842003763193415e-01 1.545463634937453701e-01
1.866568790328071992e-01 1.556452665046969275e-01
1.877357577833641822e-01 1.580921298294024890e-01
1.888208724646001924e-01 1.622653797583392121e-01
1.899122591202609955e-01 1.688875464879763533e-01
1.910099540024255971e-01 1.794441732237219700e-01
1.921139935727104175e-01 1.946944593762388043e-01
1.932244145034804905e-01 2.102862092513257675e-01
1.943412536790674328e-01 2.151104110706259787e-01
1.954645481969946030e-01 2.094240426872076288e-01
1.965943353692096995e-01 2.033225787991185807e-01
1.977306527233236300e-01 1.994224411774951911e-01
1.988735380038573475e-01 1.974819063623738657e-01
2.000230291734956534e-01 1.965766168023640736e-01
2.011791644143479663e-01 1.966173929685472999e-01
2.023419821292166965e-01 1.984405862982493718e-01
2.035115209428728922e-01 2.039597430649452425e-01
2.046878197033392410e-01 2.126617876236391591e-01
2.058709174831803157e-01 2.144474316780070611e-01
2.070608535808005912e-01 2.070434773017639785e-01
2.082576675217497619e-01 1.981774480171966391e-01
2.094613990600355524e-01 1.932954555163274302e-01
2.106720881794442723e-01 1.914062576010770456e-01
2.118897750948690872e-01 1.893055516583583286e-01
2.131145002536455058e-01 1.880007143404959224e-01
2.143463043368951104e-01 1.877777655181993022e-01
2.155852282608767823e-01 1.871702299774409828e-01
2.168313131783459469e-01 1.862432322426286480e-01
2.180846004799212312e-01 1.868798098010282516e-01
2.193451317954595303e-01 1.904144286955705423e-01
2.206129489954388734e-01 1.979366046183735350e-01
2.218880941923488948e-01 2.100485927433517752e-01
2.231706097420899648e-01 2.189515845958261431e-01
2.244605382453801201e-01 2.213300965052749647e-01
2.257579225491697927e-01 2.234965136798284513e-01
2.270628057480653939e-01 2.251841775938712709e-01
2.283752311857605299e-01 2.258820660784024159e-01
2.296952424564759343e-01 2.256743716492103091e-01
2.310228834064072811e-01 2.244343655020420436e-01
2.323581981351817149e-01 2.224806297698110336e-01
2.337012309973229007e-01 2.199882966195054745e-01
2.350520266037238737e-01 2.175534607970553980e-01
2.364106298231291869e-01 2.157179466113842981e-01
2.377770857836252472e-01 2.144708999750908895e-01
2.391514398741393099e-01 2.150708083192969522e-01
2.405337377459470793e-01 2.151324125991420921e-01
2.419240253141889951e-01 2.116875599409455411e-01
2.433223487593957901e-01 2.067794589595705890e-01
2.447287545290218747e-01 2.011227193012205816e-01
2.461432893389885190e-01 1.958734479509890436e-01
2.475660001752356676e-01 1.906849008194619888e-01
2.489969342952823017e-01 1.844335331837498038e-01
2.504361392297964617e-01 1.781592839583808485e-01
2.518836627841739007e-01 1.735313357734444006e-01
2.533395530401260642e-01 1.714461775775437680e-01
2.548038583572773130e-01 1.713499575594999436e-01
2.562766273747711931e-01 1.709504098016473295e-01
2.577579090128856998e-01 1.688822661211324683e-01
2.592477524746588102e-01 1.662872591710850834e-01
2.607462072475227322e-01 1.642384768356644209e-01
2.622533231049470337e-01 1.617405699648014894e-01
2.637691501080930423e-01 1.570557111594366728e-01
2.652937386074759596e-01 1.521379295055146352e-01
2.668271392446371348e-01 1.493613366067808867e-01
2.683694029538270520e-01 1.478837139516386012e-01
2.699205809636965880e-01 1.449170278465256312e-01
2.714807247989985406e-01 1.406572385720921692e-01
2.730498862822996475e-01 1.364361719878470769e-01
2.746281175357012105e-01 1.317108303700126326e-01
2.762154709825712651e-01 1.259675513661659141e-01
2.778119993492854656e-01 1.204043915424378164e-01
2.794177556669779627e-01 1.158380476373464807e-01
2.810327932733039380e-01 1.118006204777825668e-01
2.826571658142107979e-01 1.079189641401127470e-01
2.842909272457196934e-01 1.049241160784991633e-01
2.859341318357184192e-01 1.031657539194912460e-01
2.875868341657639160e-01 1.023323360193007930e-01
2.892490891328946545e-01 1.022657447263253527e-01
2.909209519514548425e-01 1.031258578144486765e-01
2.926024781549284581e-01 1.043523696907937282e-01
2.942937235977828858e-01 1.058519938744521133e-01
2.959947444573255426e-01 1.094793125424756430e-01
2.977055972355692748e-01 1.160961989052688992e-01
2.994263387611086902e-01 1.221856352911024901e-01
3.011570261910088142e-01 1.234100936914526991e-01
3.028977170127025720e-01 1.223604741043772398e-01
3.046484690459013711e-01 1.207044923913976192e-01
3.064093404445150659e-01 1.186956061610195262e-01
3.081803896985833569e-01 1.179827566370974107e-01
3.099616756362194026e-01 1.196786344551195591e-01
3.117532574255635347e-01 1.238281227332588830e-01
3.135551945767480198e-01 1.297456538429532236e-01
3.153675469438748658e-01 1.359442178102267529e-01
3.171903747270033436e-01 1.385635731184986508e-01
3.190237384741493876e-01 1.396290338061057235e-01
3.208676990832974307e-01 1.421357412883751115e-01
3.227223178044230090e-01 1.467692631938689873e-01
3.245876562415266342e-01 1.529097431258599482e-01
3.264637763546810456e-01 1.605284324204203084e-01
3.283507404620888970e-01 1.706101194939313725e-01
3.302486112421523790e-01 1.826044727797767608e-01
3.321574517355558864e-01 1.904332033332376273e-01
3.340773253473591775e-01 1.939613684460818610e-01
3.360082958491044103e-01 1.975218024674164075e-01
3.379504273809338932e-01 2.018939462141388086e-01
3.399037844537201591e-01 2.061199998115142151e-01
3.418684319512097503e-01 2.057318928484899445e-01
3.438444351321779946e-01 2.001652127801992753e-01
3.458318596325960503e-01 1.939689956426341177e-01
3.478307714678123830e-01 1.904516846171911693e-01
3.498412370347446232e-01 1.888570138303431456e-01
3.518633231140849693e-01 1.874682773504059430e-01
3.538970968725191901e-01 1.870851574005119866e-01
3.559426258649572294e-01 1.865978968823084339e-01
3.579999780367765227e-01 1.859331573674082028e-01
3.600692217260801353e-01 1.864972765585613812e-01
3.621504256659661136e-01 1.855755591905929314e-01
3.642436589868098817e-01 1.806178814316283243e-01
3.663489912185618480e-01 1.751861440715698215e-01
3.684664922930561692e-01 1.697241912790158069e-01
3.705962325463332818e-01 1.646928817379506027e-01
3.727382827209774208e-01 1.604568541143145677e-01
3.748927139684648524e-01 1.571343299546676120e-01
3.770595978515288715e-01 1.550365575490844083e-01
3.792390063465359562e-01 1.551260304317166328e-01
3.814310118458763554e-01 1.588935721748161722e-01
3.836356871603694985e-01 1.657067121719731917e-01
3.858531055216822825e-01 1.737431371546261927e-01
3.880833405847607942e-01 1.820380067589151551e-01
3.903264664302779630e-01 1.870907311210694146e-01
3.925825575670940371e-01 1.861464255171577376e-01
3.948516889347303827e-01 1.814609800043658627e-01
3.971339359058604912e-01 1.739212028587499570e-01
3.994293742888124776e-01 1.660681239470645776e-01
4.017380803300868997e-01 1.596794667734118267e-01
4.040601307168905088e-01 1.557256454222091524e-01
4.063956025796829352e-01 1.539508554552425079e-01
4.087445734947380283e-01 1.524306965116357382e-01
4.111071214867221824e-01 1.504769607794047004e-01
4.134833250312844322e-01 1.487687621054135101e-01
4.158732630576643108e-01 1.483539599544563548e-01
4.182770149513134750e-01 1.504819477925350146e-01
4.206946605565314856e-01 1.543108004617661511e-01
4.231262801791195738e-01 1.579953231039315786e-01
4.255719545890473410e-01 1.628444599888833610e-01
4.280317650231349469e-01 1.654608817600198012e-01
4.305057931877529498e-01 1.586307272474769825e-01
4.329941212615355806e-01 1.534319127359757562e-01
4.354968318981098929e-01 1.519874390504643846e-01
4.380140082288422887e-01 1.511989042684468154e-01
4.405457338655994204e-01 1.512587484260106696e-01
4.430920929035247480e-01 1.526955949149697567e-01
4.456531699238333033e-01 1.553099632101113403e-01
4.482290499966203323e-01 1.551186965888778913e-01
4.508198186836865351e-01 1.504845879759569571e-01
4.534255620413813470e-01 1.453535381722853570e-01
4.560463666234608748e-01 1.414654280529174801e-01
4.586823194839622087e-01 1.407170827296560234e-01
4.613335081800964965e-01 1.445864182113567875e-01
4.640000207751556194e-01 1.523793596117647975e-01
4.666819458414390720e-01 1.615193812647861549e-01
4.693793724631949438e-01 1.694551859236921310e-01
4.720923902395786631e-01 1.768280448062991006e-01
4.748210892876304490e-01 1.802508959359795104e-01
4.775655602452679171e-01 1.770108041698396362e-01
4.803258942742961168e-01 1.692433845425103112e-01
4.831021830634371073e-01 1.603263117117856018e-01
4.858945188313745223e-01 1.549268432602173839e-01
4.887029943298164536e-01 1.546287958872524237e-01
4.915277028465775411e-01 1.569313291848922765e-01
4.943687382086768833e-01 1.592549839499075581e-01
4.972261947854541564e-01 1.612709106694108219e-01
5.001001674917054940e-01 1.658099726791421591e-01
5.029907517908354109e-01 1.735970470052791703e-01
5.058980436980275996e-01 1.823495484027033708e-01
5.088221397834349347e-01 1.905276632290001382e-01
5.117631371753864622e-01 1.967244670739924095e-01
5.147211335636141527e-01 1.980592264706367289e-01
5.176962272024980827e-01 1.941573287267320813e-01
5.206885169143288250e-01 1.915725891566588401e-01
5.236981020925914887e-01 1.922059398242094430e-01
5.267250827052667450e-01 1.911947495736087688e-01
5.297695592981502832e-01 1.862998495093434737e-01
5.328316329981945820e-01 1.815202374545026032e-01
5.359114055168668900e-01 1.805958799031122108e-01
5.390089791535270791e-01 1.839040297307952820e-01
5.421244567988269258e-01 1.921199871861397901e-01
5.452579419381275994e-01 2.031923297503031578e-01
5.484095386549359130e-01 2.103698150596870486e-01
5.515793516343632241e-01 2.144087089878186914e-01
5.547674861666017643e-01 2.186899130833411253e-01
5.579740481504216199e-01 2.268513067479656642e-01
5.611991440966896949e-01 2.365642482035466843e-01
5.644428811319066597e-01 2.459418863645420616e-01
5.677053670017649933e-01 2.624424460442013607e-01
5.709867100747291202e-01 2.851976002504219010e-01
5.742870193456336425e-01 3.007168917582624945e-01
5.776064044393048880e-01 3.076341723237290826e-01
5.809449756142023302e-01 3.032279995462350830e-01
5.843028437660793273e-01 2.922457165721309980e-01
5.876801204316687288e-01 2.815189446825274167e-01
5.910769177923870243e-01 2.732325823359313954e-01
5.944933486780595855e-01 2.670079098881520396e-01
5.979295265706701112e-01 2.629704827285881397e-01
6.013855656081297241e-01 2.618413642851410983e-01
6.048615805880666052e-01 2.666872742792438800e-01
6.083576869716416091e-01 2.739826877814741102e-01
6.118740008873820857e-01 2.714850742643247217e-01
6.154106391350390171e-01 2.626055507089341545e-01
6.189677191894675801e-01 2.524578590498747777e-01
6.225453592045292472e-01 2.441676831050025309e-01
6.261436780170150929e-01 2.403097884181301103e-01
6.297627951505950783e-01 2.406365844550228394e-01
6.334028308197864332e-01 2.378655652768465190e-01
6.370639059339481269e-01 2.330818462700159632e-01
6.407461421012968783e-01 2.264725871037749638e-01
6.444496616329448146e-01 2.195676273942773482e-01
6.481745875469649976e-01 2.129410603589370066e-01
6.519210435724759334e-01 2.095862672907997937e-01
6.556891541537508417e-01 2.142033613883349286e-01
6.594790444543533470e-01 2.289135833542095544e-01
6.632908403612935988e-01 2.425216754182835943e-01
6.671246684892090384e-01 2.538589163857809528e-01
6.709806561845721440e-01 2.676884905035838425e-01
6.748589315299192704e-01 2.667670664893289634e-01
6.787596233481042463e-01 2.646546263980683600e-01
6.826828612065795054e-01 2.654282001406949587e-01
6.866287754216984229e-01 2.685538839585510651e-01
6.905974970630435195e-01 2.753989995104847988e-01
6.945891579577818664e-01 2.851307156037329316e-01
6.986038906950429173e-01 2.944625905854147963e-01
7.026418286303216520e-01 3.003091300964304544e-01
7.067031058899108098e-01 3.075667009696129717e-01
7.107878573753529938e-01 3.131638898241126956e-01
7.148962187679240854e-01 3.207588174678756565e-01
7.190283265331394169e-01 3.184794591136061448e-01
7.231843179252852583e-01 3.124041037060228398e-01
7.273643309919801681e-01 3.098225910267986549e-01
7.315685045787596597e-01 3.085875718927607037e-01
7.357969783336865133e-01 3.049265175476791323e-01
7.400498927119919523e-01 3.005174112330496472e-01
7.443273889807401344e-01 2.957005432565881775e-01
7.486296092235191768e-01 2.906070427282507196e-01
7.529566963451627126e-01 2.844472014511655877e-01
7.573087940764960946e-01 2.773656428061119783e-01
7.616860469791092436e-01 2.713715463771815828e-01
7.660886004501606950e-01 2.649688082252784627e-01
7.705166007272060691e-01 2.499649391921421326e-01
7.749701948930545203e-01 2.402299962080450269e-01
7.794495308806568268e-01 2.417043919723382839e-01
7.839547574780165728e-01 2.474887404960817716e-01
7.884860243331343055e-01 2.524839675303805486e-01
7.930434819589780027e-01 2.569901739241944871e-01
7.976272817384808533e-01 2.575085299360341806e-01
8.022375759295721220e-01 2.520976206896375915e-01
8.068745176702336597e-01 2.504524930640592562e-01
8.115382609835852801e-01 2.591125880417157190e-01
8.162289607830032212e-01 2.692632132379106369e-01
8.209467728772645856e-01 2.801613036962263270e-01
8.256918539757219788e-01 2.938172124156087639e-01
8.304643616935105666e-01 2.972259825670388045e-01
8.352644545567829981e-01 3.031311928207641726e-01
8.400922920079733069e-01 3.269544478980137003e-01
8.449480344110958940e-01 3.469289022535108069e-01
8.498318430570707127e-01 3.621451593752560982e-01
8.547438801690798726e-01 3.863145718344924706e-01
8.596843089079587719e-01 4.166121433697508314e-01
8.646532933776126528e-01 4.493562848760012107e-01
8.696509986304700179e-01 4.688555062155502218e-01
8.746775906729644667e-01 4.664822746729452851e-01
8.797332364710471753e-01 4.598084776897236603e-01
8.848181039557355687e-01 4.520639396520511610e-01
8.899323620286901937e-01 4.360438933551837870e-01
8.950761805678236760e-01 4.105250538136256400e-01
9.002497304329459826e-01 3.851528911288416013e-01
9.054531834714387717e-01 3.638260761538872901e-01
9.106867125239620497e-01 3.415311939242238748e-01
9.159504914301977996e-01 3.218794286536297844e-01
9.212446950346235841e-01 3.120168768041391982e-01
9.265694991923183466e-01 3.084614297959350493e-01
9.319250807748065135e-01 3.031605281921189721e-01
9.373116176759319629e-01 2.801398888751372995e-01
9.427292888177655206e-01 2.564281082090361097e-01
9.481782741565508710e-01 2.378579380802942622e-01
9.536587546886805544e-01 2.257456566016025346e-01
9.591709124567069367e-01 2.260448773894216945e-01
9.647149305553922582e-01 2.315684344618207935e-01
9.702909931377862174e-01 2.275588759050439502e-01
9.758992854213467405e-01 2.179773569131325806e-01
9.815399936940907288e-01 2.123734209232212289e-01
9.872133053207802211e-01 2.096469915095042491e-01
9.929194087491489684e-01 2.087437554254893690e-01
9.986584935161608723e-01 2.038268538327079327e-01
1.004430750254303728e+00 2.017355352088227582e-01
1.010236370697924935e+00 2.034944840752578310e-01
1.016075547689597958e+00 1.983889560446648881e-01
1.021948475186527761e+00 1.820843566456557816e-01
1.027855348266994762e+00 1.665697587972319871e-01
1.033796363136834096e+00 1.586034453521170118e-01
1.039771717135951290e+00 1.568013734897904243e-01
1.045781608744880131e+00 1.510888966258662480e-01
1.051826237591374280e+00 1.373088992856529855e-01
1.057905804457035748e+00 1.260452901002561965e-01
1.064020511283988890e+00 1.208717040081201122e-01
1.070170561181583713e+00 1.231410883361289815e-01
1.076356158433145582e+00 1.341210244805246810e-01
1.082577508502760022e+00 1.497086674036219589e-01
1.088834818042095476e+00 1.649375387350497935e-01
1.095128294897270704e+00 1.702542814393974147e-01
1.101458148115757263e+00 1.614170008187578165e-01
1.107824587953321727e+00 1.518891655564257592e-01
1.114227825881013212e+00 1.443699231707582242e-01
1.120668074592185315e+00 1.416038910057122180e-01
1.127145548009560017e+00 1.414096908473433112e-01
1.133660461292336441e+00 1.357435638701597891e-01
1.140213030843336250e+00 1.272744421600231768e-01
1.146803474316190341e+00 1.196997559224950297e-01
1.153432010622570836e+00 1.153821759664925700e-01
1.160098859939462601e+00 1.140579773035359928e-01
1.166804243716473621e+00 1.111138794343662362e-01
1.173548384683194445e+00 1.063386676852285939e-01
1.180331506856595603e+00 1.031499128189596326e-01
1.187153835548465874e+00 1.008077767699907812e-01
1.194015597372901416e+00 9.738169874946131510e-02
1.200917020253827294e+00 9.508444581866534739e-02
1.207858333432573428e+00 9.394975365466090578e-02
1.214839767475487387e+00 9.498059860406928012e-02
1.221861554281590267e+00 9.694870866826418854e-02
1.228923927090283863e+00 9.536371855396323649e-02
1.236027120489096909e+00 9.505569715473763392e-02
1.243171370421473965e+00 9.886665524744231437e-02
1.250356914194617142e+00 1.041798777072273641e-01
1.257583990487367132e+00 1.067543498973263921e-01
1.264852839358128644e+00 1.056225912704574360e-01
1.272163702252848472e+00 1.065343346121652573e-01
1.279516822013033517e+00 1.090824049680449437e-01
1.286912442883815677e+00 1.118727854913154490e-01
1.294350810522067352e+00 1.113896319251015538e-01
1.301832172004561583e+00 1.074287700847737087e-01
1.309356775836174380e+00 1.029636332108565117e-01
1.316924871958146337e+00 1.044318685471652824e-01
1.324536711756377994e+00 1.110252866128746685e-01
1.332192548069784932e+00 1.159278138736922342e-01
1.339892635198694837e+00 1.168287031279987842e-01
1.347637228913291185e+00 1.144551782316802629e-01
1.355426586462114891e+00 1.072316363892693164e-01
1.363260966580605249e+00 9.760259409576310663e-02
1.371140629499693731e+00 9.058439985283592288e-02
1.379065836954451285e+00 8.522189396917477511e-02
1.387036852192779834e+00 8.231299854563080276e-02
1.395053939984155722e+00 8.332653562593984875e-02
1.403117366628427343e+00 8.775500328566351871e-02
1.411227399964658957e+00 9.082142965338287077e-02
1.419384309380025577e+00 8.906600103151042502e-02
1.427588365818764915e+00 8.622956397521286398e-02
1.435839841791175742e+00 8.615651890053935280e-02
1.444139011382666204e+00 8.871955029581000962e-02
1.452486150262864761e+00 8.893604533640857290e-02
1.460881535694769973e+00 8.622193677866060724e-02
1.469325446543965796e+00 8.522776104344574610e-02
1.477818163287882181e+00 8.986304307122089385e-02
1.486359968025109168e+00 9.676389582872881034e-02
1.494951144484772509e+00 1.001084215168918795e-01
1.503591978035954568e+00 1.011548142131183103e-01
1.512282755697172298e+00 1.042564430264634467e-01
1.521023766145914724e+00 1.030076362678887525e-01
1.529815299728230382e+00 9.700591264240608635e-02
1.538657648468367833e+00 9.608888893385439389e-02
1.547551106078482119e+00 1.003466247322929994e-01
1.556495967968387184e+00 1.077344446542909395e-01
1.565492531255366693e+00 1.145305701360621597e-01
1.574541094774047689e+00 1.214760126580293892e-01
1.583641959086324214e+00 1.291313711667832764e-01
1.592795426491339539e+00 1.282152275193722546e-01
1.602001801035530804e+00 1.235192212728926237e-01
1.611261388522727822e+00 1.219755940322019977e-01
1.620574496524306296e+00 1.245685475062545539e-01
1.629941434389411858e+00 1.265225765921991208e-01
1.639362513255227638e+00 1.250581548541664922e-01
1.648838046057315765e+00 1.221994229156392608e-01
1.658368347540009280e+00 1.198511264386858954e-01
1.667953734266863997e+00 1.158251400739503667e-01
1.677594524631179640e+00 1.162801316836636206e-01
1.687291038866571835e+00 1.245359852440506981e-01
1.697043599057607821e+00 1.351797380327201537e-01
1.706852529150509445e+00 1.400743447432718780e-01
1.716718154963911225e+00 1.394407007220077599e-01
1.726640804199680579e+00 1.365235913944844448e-01
1.736620806453807120e+00 1.298844101494615322e-01
1.746658493227349673e+00 1.206100324956350944e-01
1.756754197937443251e+00 1.172616932091959108e-01
1.766908255928380411e+00 1.184597497753267781e-01
1.777121004482747679e+00 1.159985121186573598e-01
1.787392782832625482e+00 1.107275325936232374e-01
1.797723932170862682e+00 1.101123698563126752e-01
1.808114795662403074e+00 1.119420169677128041e-01
1.818565718455690483e+00 1.084247059422698695e-01
1.829077047694130043e+00 1.071503774106164764e-01
1.839649132527616748e+00 1.080462796517926843e-01
1.850282324124138622e+00 1.073967945299969667e-01
1.860976975681438272e+00 1.093804523410099039e-01
1.871733442438742401e+00 1.101510925465010449e-01
1.882552081688566581e+00 1.064425148998246612e-01
1.893433252788581767e+00 1.041963055151860634e-01
1.904377317173546302e+00 1.039947715139784568e-01
1.915384638367318981e+00 1.043588234724917713e-01
1.926455581994929611e+00 1.096306830586665226e-01
1.937590515794722412e+00 1.150219376062553839e-01
1.948789809630575354e+00 1.237195818592460445e-01
1.960053835504184105e+00 1.321485141106265582e-01
1.971382967567415045e+00 1.270019165601369016e-01
1.982777582134739092e+00 1.184996458803693198e-01
1.994238057695728816e+00 1.137716640791129469e-01
2.005764774927627947e+00 1.119780994744792452e-01
2.017358116708002580e+00 1.161255342766237403e-01
2.029018468127450348e+00 1.196815679922550446e-01
2.040746216502401289e+00 1.162672241202675205e-01
2.052541751387976898e+00 1.114175005278886382e-01
2.064405464590929995e+00 1.096796731288290638e-01
2.076337750182662312e+00 1.084819099164117673e-01
2.088339004512313135e+00 1.122958015462519471e-01
2.100409626219920778e+00 1.117932866349438670e-01
2.112550016249669760e+00 1.105283454221240302e-01
2.124760577863207711e+00 1.143322630257035816e-01
2.137041716653034662e+00 1.122705731268868051e-01
2.149393840555982482e+00 1.075384843736407331e-01
2.161817359866763155e+00 1.051080488568938848e-01
2.174312687251592546e+00 9.757003183355926479e-02
2.186880237761905654e+00 8.950251135727015084e-02
2.199520428848138476e+00 8.662852502563841983e-02
2.212233680373592026e+00 8.545892376972172300e-02
2.225020414628386511e+00 8.281698022550662563e-02
2.237881056343477670e+00 8.411243022453547546e-02
2.250816032704775704e+00 8.608494059443358437e-02
2.263825773367328598e+00 8.081572119168077550e-02
2.276910710469592924e+00 7.684019166567553072e-02
2.290071278647793029e+00 7.861439492521507533e-02
2.303307915050354371e+00 7.953229869490739679e-02
2.316621059352423018e+00 8.298331178108844797e-02
2.330011153770474852e+00 8.803075577639882243e-02
2.343478643077001600e+00 8.880374281159833516e-02
2.357023974615280792e+00 9.131191706243546591e-02
2.370647598314243876e+00 8.669042265919708889e-02
2.384349966703414481e+00 8.245879534126426824e-02
2.398131534927939956e+00 8.447090846249137586e-02
2.411992760763713051e+00 8.590012775489822006e-02
2.425934104632577970e+00 8.598021331869688810e-02
2.439956029617617261e+00 8.684766024965892561e-02
2.454059001478542612e+00 9.029808662841287692e-02
2.468243488667162033e+00 9.563712421499016847e-02
2.482509962342935861e+00 9.544556424004319028e-02
2.496858896388636673e+00 9.104995219623691904e-02
2.511290767426078485e+00 8.405493289668002077e-02
2.525806054831960523e+00 7.702559121263800879e-02
2.540405240753779381e+00 7.695929327337611148e-02
2.555088810125852206e+00 7.791826656296517439e-02
2.569857250685421590e+00 8.030323225411206689e-02
2.584711052988855506e+00 8.319247297884832526e-02
2.599650710427946265e+00 7.891361571303423528e-02
2.614676719246288084e+00 7.478994256168715327e-02
2.629789578555775442e+00 7.581286696082972787e-02
2.644989790353173831e+00 7.995150115156778037e-02
2.660277859536794409e+00 8.452957920520103030e-02
2.675654293923265481e+00 8.766758387902613692e-02
2.691119604264405218e+00 9.744917010357741216e-02
2.706674304264172548e+00 1.051030618437635705e-01
2.722318910595750374e+00 1.087714500316838417e-01
2.738053942918694972e+00 1.137209138866691061e-01
2.753879923896200843e+00 1.119613783128069889e-01
2.769797379212459720e+00 1.088697235257224810e-01
2.785806837590128815e+00 1.080489198352146130e-01
2.801908830807877226e+00 1.132456808707210244e-01
2.818103893718070019e+00 1.175477130799054276e-01
2.834392564264522019e+00 1.145939345381885716e-01
2.850775383500368410e+00 1.105119176141653309e-01
2.867252895606037466e+00 1.039519418718004157e-01
2.883825647907329426e+00 9.139053585766639121e-02
2.900494190893583735e+00 8.389564183022335531e-02
2.917259078235983960e+00 8.351222852661585594e-02
2.934120866805935979e+00 8.317663187831671190e-02
2.951080116693567401e+00 8.524360214397734559e-02
2.968137391226336685e+00 8.636568009829921622e-02
2.985293256987731514e+00 8.794509649204274027e-02
3.002548283836107057e+00 8.967911029282617241e-02
3.019903044923603730e+00 9.195465504881958352e-02
3.037358116715186629e+00 9.805465216834091668e-02
3.054914079007794214e+00 1.003014482604065866e-01
3.072571514949601568e+00 8.735926912608697747e-02
3.090331011059376021e+00 7.379576682647229213e-02
3.108193157245980220e+00 6.655521046867556023e-02
3.126158546827951579e+00 6.369853200614315758e-02
3.144227776553216724e+00 6.189558008267590644e-02
3.162401446618910317e+00 6.178498573266823224e-02
3.180680160691316427e+00 6.277006750276309388e-02
3.199064525925907621e+00 6.664321658274001414e-02
3.217555152987530587e+00 7.190334202037283740e-02
3.236152656070678812e+00 7.629660723447072301e-02
3.254857652919894928e+00 7.904181128585478777e-02
3.273670764850296955e+00 7.467289442998141513e-02
3.292592616768199143e+00 6.823231364903062368e-02
3.311623837191892683e+00 6.276596055077342251e-02
3.330765058272506351e+00 6.034344558429236699e-02
3.350016915815009710e+00 5.592055164512611809e-02
3.369380049299332214e+00 5.488471968258740868e-02
3.388855101901607103e+00 5.437487092844063563e-02
3.408442720515521884e+00 5.154430094641402477e-02
3.428143555773827789e+00 5.395185487350413062e-02
3.447958262069935831e+00 5.252703588680050772e-02
3.467887497579658529e+00 5.271507561718490747e-02
3.487931924283071528e+00 5.951794823436772075e-02
3.508092207986506228e+00 5.915096273871892074e-02
3.528369018344649444e+00 5.687277779930358101e-02
3.548763028882812254e+00 5.727056543487494406e-02
3.569274917019284565e+00 6.104074736139644686e-02
3.589905364087840223e+00 5.961710178954701678e-02
3.610655055360374899e+00 5.654304822527540103e-02
3.631524680069651456e+00 5.606957533160859819e-02
3.652514931432215839e+00 5.535379227055098328e-02
3.673626506671410219e+00 5.469638659848946594e-02
3.694860107040534913e+00 5.357636212016243099e-02
3.716216437846141751e+00 5.129935059560128408e-02
3.737696208471465109e+00 5.058650107167914772e-02
3.759300132399972405e+00 4.850574318148175024e-02
3.781028927239082016e+00 4.697267667447883877e-02
3.802883314743989107e+00 4.759370648606038590e-02
3.824864020841640233e+00 5.102506487343370922e-02
3.846971775654848713e+00 4.867148802963647963e-02
3.869207313526548564e+00 4.461557958611903074e-02
3.891571373044171445e+00 4.757317172611200823e-02
3.914064697064205678e+00 4.845059268333468810e-02
3.936688032736852527e+00 4.973254841154033101e-02
3.959442131530850340e+00 5.290106187157447154e-02
3.982327749258438132e+00 4.979415269138545014e-02
4.005345646100446189e+00 4.544225035089786979e-02
4.028496586631570509e+00 4.861076381093200338e-02
4.051781339845751617e+00 5.152171271047081141e-02
4.075200679181723906e+00 5.076896708150613335e-02
4.098755382548707082e+00 5.369458366672235500e-02
4.122446232352245943e+00 6.052151128841612437e-02
4.146274015520188705e+00 6.073067248617599473e-02
4.170239523528843861e+00 5.611299168121373915e-02
4.194343552429258715e+00 5.613880680800598100e-02
4.218586902873665778e+00 5.744687101671740875e-02
4.242970380142073950e+00 5.491053480937965053e-02
4.267494794169023997e+00 5.060820924648171820e-02
4.292160959570472833e+00 4.713226109464906805e-02
4.316969695670882068e+00 4.840541621144825446e-02
4.341921826530410478e+00 4.696944978362981027e-02
4.367018180972294772e+00 4.482092718560277272e-02
4.392259592610382235e+00 4.569922820396609547e-02
4.417646899876805477e+00 4.970790669960228197e-02
4.443180946049855251e+00 5.356492132533404588e-02
4.468862579281975833e+00 5.510238813804017866e-02
4.494692652627942486e+00 5.523029035714720203e-02
4.520672024073195239e+00 5.666948367581467472e-02
4.546801556562344082e+00 5.647381674887802516e-02
4.573082118027814502e+00 5.584427967960358535e-02
4.599514581418703507e+00 5.881565944413331970e-02
4.626099824729760002e+00 5.960918123928121704e-02
4.652838731030551678e+00 5.926947763899239469e-02
4.679732188494796219e+00 6.077320877464047894e-02
4.706781090429870140e+00 6.288183526762496089e-02
4.733986335306464177e+00 6.392969473241914835e-02
4.761348826788450062e+00 6.367095675706962998e-02
4.788869473762884077e+00 6.032232411691688945e-02
4.816549190370198019e+00 5.793530494977517514e-02
4.844388896034566017e+00 5.244255001729862531e-02
4.872389515494448098e+00 4.982231464788607761e-02
4.900551978833287414e+00 5.039200755959669098e-02
4.928877221510434836e+00 4.852393111172173534e-02
4.957366184392200559e+00 4.822207014048063289e-02
4.986019813783113541e+00 4.813201055042133636e-02
5.014839061457356806e+00 4.360204250580999169e-02
5.043824884690362609e+00 4.065941140520797775e-02
5.072978246290641202e+00 4.055615089803900342e-02
5.102300114631742822e+00 4.008766501750252870e-02
5.131791463684423960e+00 4.066821201661442037e-02
5.161453273049005475e+00 4.183194619826013927e-02
5.191286527987911903e+00 4.098151378268390099e-02
5.221292219458380401e+00 3.912693160563215922e-02
5.251471344145405951e+00 3.754106143019057817e-02
5.281824904494829553e+00 3.815417069150632556e-02
5.312353908746639597e+00 3.735654194436875686e-02
5.343059370968462396e+00 3.484602086382324743e-02
5.373942311089249912e+00 3.478676341368650698e-02
5.405003754933139781e+00 3.633479096008036813e-02
5.436244734253559585e+00 3.620219508155658045e-02
5.467666286767478567e+00 3.608456024242375632e-02
5.499269456189878724e+00 3.590825466058128468e-02
5.531055292268432844e+00 3.554126916493248467e-02
5.563024850818350409e+00 3.683818593252909113e-02
5.595179193757479297e+00 3.780948007808718203e-02
5.627519389141558470e+00 3.658912862972665825e-02
5.660046511199702479e+00 3.707902933135216045e-02
5.692761640370078702e+00 3.877578721051496563e-02
5.725665863335805739e+00 3.579590018829231779e-02
5.758760273061025892e+00 3.099105971408630880e-02
5.792045968827241431e+00 2.814329920444578331e-02
5.825524056269808071e+00 2.860230976003465264e-02
5.859195647414667363e+00 2.886424529086184174e-02
5.893061860715279821e+00 2.934886562564347282e-02
5.927123821089786304e+00 3.122310250150293898e-02
5.961382659958350594e+00 3.069301234112133819e-02
5.995839515280771082e+00 2.792648147476230192e-02
6.030495531594262104e+00 2.635962061995864372e-02
6.065351860051475086e+00 2.789717543877884287e-02
6.100409658458743500e+00 2.819269996980730206e-02
6.135670091314512575e+00 3.005262118444561315e-02
6.171134329848062094e+00 3.382104298868582326e-02
6.206803552058381079e+00 3.024975487995000545e-02
6.242678942753306259e+00 2.638751855811707903e-02
6.278761693588877257e+00 2.600645208421796528e-02
6.315053003108923591e+00 2.834914550524255533e-02
6.351554076784851510e+00 3.013798711508813843e-02
6.388266127055725718e+00 2.940548289235827423e-02
6.425190373368511843e+00 2.950170291040208476e-02
6.462328042218596025e+00 3.041549972810473831e-02
6.499680367190518560e+00 3.056892372029045013e-02
6.537248588998957999e+00 2.896759380414487550e-02
6.575033955529916874e+00 2.723783363220789663e-02
6.613037721882214726e+00 2.690405577693275735e-02
6.651261150409145451e+00 2.557401937507656001e-02
6.689705510760421525e+00 2.562893519025278427e-02
6.728372079924347382e+00 2.608504154407752934e-02
6.767262142270216607e+00 2.552297582891916924e-02
6.806376989591010229e+00 2.416809236752544277e-02
6.845717921146279750e+00 2.442677167213224559e-02
6.885286243705309062e+00 2.452897610593244432e-02
6.925083271590525058e+00 2.564867789517457503e-02
6.965110326721157818e+00 2.458210246345602160e-02
7.005368738657123728e+00 2.392082452237566381e-02
7.045859844643230119e+00 2.496234754695720107e-02
7.086584989653569089e+00 2.501424181888387693e-02
7.127545526436194656e+00 2.572937950177169031e-02
7.168742815558059256e+00 2.331675055543720385e-02
7.210178225450215805e+00 2.296490211140748972e-02
7.251853132453240036e+00 2.261240828920797058e-02
7.293768920862992111e+00 2.253232272540930947e-02
7.335926982976571864e+00 2.267187108694419112e-02
7.378328719138569802e+00 2.189908939934416196e-02
7.420975537787583676e+00 2.263878078805595453e-02
7.463868855503007715e+00 2.301377484008462065e-02
7.507010097052058128e+00 2.193781208953252126e-02
7.550400695437144982e+00 2.158734240795648698e-02
7.594042091943437711e+00 2.427108885635221452e-02
7.637935736186750368e+00 2.187650116340094861e-02
7.682083086161699548e+00 1.948047603725329424e-02
7.726485608290103890e+00 1.981149636762108771e-02
7.771144777469737974e+00 2.038485620075104754e-02
7.816062077123293150e+00 2.093157951669083472e-02
7.861238999247660786e+00 1.983540469527526537e-02
7.906677044463489068e+00 1.967887115372594573e-02
7.952377722065040011e+00 2.839707950203633133e-02
7.998342550070284496e+00 2.927150825138081364e-02
