2.511886431509579437e-02 8.837092292342951794e-01
2.526405161860213050e-02 8.888083113903699761e-01
2.541007810627042562e-02 8.913118056238419351e-01
2.555694862859406516e-02 8.960570541322042670e-01
2.570466806410236227e-02 9.007611028322713986e-01
2.585324131952258450e-02 9.065363465480158478e-01
2.600267332994290678e-02 9.135306198856736337e-01
2.615296905897638788e-02 9.218796398608054554e-01
2.630413349892583852e-02 9.312489609707794713e-01
2.645617167094958117e-02 9.416361596974603954e-01
2.660908862522835469e-02 9.529733775330676560e-01
2.676288944113292337e-02 9.652484968869264881e-01
2.691757922739292791e-02 9.784518236864965246e-01
2.707316312226650673e-02 9.926172871856683289e-01
2.722964629371095457e-02 1.007790934229006563e+00
2.738703393955444973e-02 1.025223300174180618e+00
2.754533128766867636e-02 1.046969528399684046e+00
2.770454359614242176e-02 1.073499781423710164e+00
2.786467615345633933e-02 1.104724389075263158e+00
2.802573427865854422e-02 1.141094125727456499e+00
2.818772332154127064e-02 1.182996754281892438e+00
2.835064866281864979e-02 1.231093895189430576e+00
2.851451571430539678e-02 1.286112603890575912e+00
2.867932991909653145e-02 1.348913229323259522e+00
2.884509675174826843e-02 1.416706302114077110e+00
2.901182171845980567e-02 1.453611636274108720e+00
2.917951035725619563e-02 1.441108706215558533e+00
2.934816823817239240e-02 1.401472067117363052e+00
2.951780096343814899e-02 1.346303100291846633e+00
2.968841416766421215e-02 1.287649114388176308e+00
2.986001351802944001e-02 1.231212647578046271e+00
3.003260471446899879e-02 1.179911615696016103e+00
3.020619348986378766e-02 1.134618485270692201e+00
3.038078561023081769e-02 1.096707391084628336e+00
3.055638687491469066e-02 1.069447659101962378e+00
3.073300311678033025e-02 1.050151607710960722e+00
3.091064020240668481e-02 1.034839820133926391e+00
3.108930403228154019e-02 1.022453218945856834e+00
3.126900054099761295e-02 1.012112067063741128e+00
3.144973569744963920e-02 1.003435872140381990e+00
3.163151550503255638e-02 9.961556236627924221e-01
3.181434600184106232e-02 9.901477222060863781e-01
3.199823326087009728e-02 9.860834822936636046e-01
3.218318339021652985e-02 9.841204326043002659e-01
3.236920253328214730e-02 9.836648111949169992e-01
3.255629686897762443e-02 9.844306429255823554e-01
3.274447261192782455e-02 9.862652461537898541e-01
3.293373601267822470e-02 9.887008818794815745e-01
3.312409335790250653e-02 9.914273397813750943e-01
3.331555097061136145e-02 9.946166896470568508e-01
3.350811521036261426e-02 9.976048875075321787e-01
3.370179247347232510e-02 9.996915366217815624e-01
3.389658919322740410e-02 1.001128682875846332e+00
3.409251184009919750e-02 1.001150494539061464e+00
3.428956692195841288e-02 9.986348827149144070e-01
3.448776098429136294e-02 9.942216561910490746e-01
3.468710061041735404e-02 9.888947633302828111e-01
3.488759242170727526e-02 9.832019192311289846e-01
3.508924307780367929e-02 9.759022826084591262e-01
3.529205927684192501e-02 9.667341135036915389e-01
3.549604775567258980e-02 9.568922063573894743e-01
3.570121529008542238e-02 9.467400888898052091e-01
3.590756869503420462e-02 9.367067238108367500e-01
3.611511482486330638e-02 9.269714514624752821e-01
3.632386057353523962e-02 9.176554477514717867e-01
3.653381287485973905e-02 9.088895826571168346e-01
3.674497870272393912e-02 9.007223265421111513e-01
3.695736507132423021e-02 8.930737033079989562e-01
3.717097903539903075e-02 8.858758544469998997e-01
3.738582769046329413e-02 8.790972742233585935e-01
3.760191817304411876e-02 8.727185744919949695e-01
3.781925766091774610e-02 8.667397552529092497e-01
3.803785337334809891e-02 8.612698748221768730e-01
3.825771257132654091e-02 8.564131444796038162e-01
3.847884255781295476e-02 8.520895881267342986e-01
3.870125067797849233e-02 8.481949944837627875e-01
3.892494431944945599e-02 8.447051283693389756e-01
3.914993091255265789e-02 8.416345308922730251e-01
3.937621793056233360e-02 8.389880490888349529e-01
3.960381288994833243e-02 8.369329057103408465e-01
3.983272335062570252e-02 8.356363235081070151e-01
4.006295691620595512e-02 8.350643732282431175e-01
4.029452123424955012e-02 8.347614334613661091e-01
4.052742399651988042e-02 8.339883311762958940e-01
4.076167293923887297e-02 8.327862661813275613e-01
4.099727584334383890e-02 8.314630252796086918e-01
4.123424053474603751e-02 8.298247270203372716e-01
4.147257488459059338e-02 8.279634650926446238e-01
4.171228680951784978e-02 8.261676381545973724e-01
4.195338427192649156e-02 8.244299756517905475e-01
4.219587528023795858e-02 8.228861945997850702e-01
4.243976788916238585e-02 8.215968829519563199e-01
4.268507019996626434e-02 8.203996649932580043e-01
4.293179036074151744e-02 8.193260464594457337e-01
4.317993656667604152e-02 8.185989910189407359e-01
4.342951706032609216e-02 8.182887806976586464e-01
4.368054013188996804e-02 8.184220741950846145e-01
4.393301411948334623e-02 8.190352242832437124e-01
4.418694740941636612e-02 8.201888189155116526e-01
4.444234843647213579e-02 8.218319642110527568e-01
4.469922568418681352e-02 8.239064957346269313e-01
4.495758768513159753e-02 8.264099899680991124e-01
4.521744302119593689e-02 8.293230587663888986e-01
4.547880032387276866e-02 8.326335845388215251e-01
4.574166827454511502e-02 8.363973082025021322e-01
4.600605560477452616e-02 8.407911465812871743e-01
4.627197109659098723e-02 8.459944400171677259e-01
4.653942358278480296e-02 8.522495403236453049e-01
4.680842194719982141e-02 8.596897409981462124e-01
4.707897512502866311e-02 8.680460315276831151e-01
4.735109210310945588e-02 8.750403048653409011e-01
4.762478192022426976e-02 8.797928239281084251e-01
4.790005366739954334e-02 8.835105007472237038e-01
4.817691648820784933e-02 8.863314758563829443e-01
4.845537957907175564e-02 8.887986173178298310e-01
4.873545218956924774e-02 8.878146689550130422e-01
4.901714362274099679e-02 8.813293344257087103e-01
4.930046323539925834e-02 8.725852809945691124e-01
4.958542043843887359e-02 8.644010602526183140e-01
4.987202469714965836e-02 8.577824322258882361e-01
5.016028553153097091e-02 8.524458452925818275e-01
5.045021251660784106e-02 8.483088998361084654e-01
5.074181528274907677e-02 8.454055251103587132e-01
5.103510351598705003e-02 8.436339333536615470e-01
5.133008695833959217e-02 8.425142679752839481e-01
5.162677540813340182e-02 8.430450184468526453e-01
5.192517872032970105e-02 8.472740575924565531e-01
5.222530680685147364e-02 8.563137802360681894e-01
5.252716963691266006e-02 8.632426185840803567e-01
5.283077723734942721e-02 8.608336415578740075e-01
5.313613969295318679e-02 8.536406397331448570e-01
5.344326714680543849e-02 8.428923368043464981e-01
5.375216980061491706e-02 8.308595692639895169e-01
5.406285791505632127e-02 8.184584269671099088e-01
5.437534181011107609e-02 8.046371030431105353e-01
5.468963186541032917e-02 7.901953584765469829e-01
5.500573852057948770e-02 7.740135278890415416e-01
5.532367227558519784e-02 7.569010663376898318e-01
5.564344369108398941e-02 7.405326248537881240e-01
5.596506338877313413e-02 7.254825772353353797e-01
5.628854205174332881e-02 7.125022141041867929e-01
5.661389042483377931e-02 7.018363107919790567e-01
5.694111931498885282e-02 6.929250346095232604e-01
5.727023959161724881e-02 6.853588109920015770e-01
5.760126218695296035e-02 6.789752642243680469e-01
5.793419809641841417e-02 6.737647002340825253e-01
5.826905837898961604e-02 6.695235434978036304e-01
5.860585415756369709e-02 6.660506420103249337e-01
5.894459661932811845e-02 6.632708667094608934e-01
5.928529701613251268e-02 6.611745235226715867e-01
5.962796666486229469e-02 6.598464355846825891e-01
5.997261694781454155e-02 6.592017797607681029e-01
6.031925931307623168e-02 6.591460388436627404e-01
6.066790527490428103e-02 6.596695187608263566e-01
6.101856641410823012e-02 6.606486200873729064e-01
6.137125437843479747e-02 6.619936726523071302e-01
6.172598088295483398e-02 6.637458762639241172e-01
6.208275771045231733e-02 6.656677261449922556e-01
6.244159671181598315e-02 6.676816697151910507e-01
6.280250980643269088e-02 6.700906467413973999e-01
6.316550898258359303e-02 6.729673627676621139e-01
6.353060629784218483e-02 6.759579841462725058e-01
6.389781387947492119e-02 6.794720854420464029e-01
6.426714392484385308e-02 6.844039448468051123e-01
6.463860870181208085e-02 6.907002449615781137e-01
6.501222054915094251e-02 6.980531989832182704e-01
6.538799187695008841e-02 7.070323336734545272e-01
6.576593516702965159e-02 7.192080887837776215e-01
6.614606297335466623e-02 7.352372377287769156e-01
6.652838792245242827e-02 7.551125099540475505e-01
6.691292271383147972e-02 7.762964819722270038e-01
6.729968012040381253e-02 7.918675859897084113e-01
6.768867298890894613e-02 8.002190294829754080e-01
6.807991424034069705e-02 8.036992015248591859e-01
6.847341687037629410e-02 7.971169262701542912e-01
6.886919394980822728e-02 7.753488863814356202e-01
6.926725862497820629e-02 7.443884422065993878e-01
6.966762411821400547e-02 7.115618890678004904e-01
7.007030372826857090e-02 6.815538875200256586e-01
7.047531083076181979e-02 6.559518419417109669e-01
7.088265887862478520e-02 6.340068852291361745e-01
7.129236140254673060e-02 6.152197726464879723e-01
7.170443201142430445e-02 6.000364315306093710e-01
7.211888439281383123e-02 5.869809393372752426e-01
7.253573231338585059e-02 5.748221488538973745e-01
7.295498961938230720e-02 5.637297063499266958e-01
7.337667023707672431e-02 5.534588364937266247e-01
7.380078817323644513e-02 5.440095392852970502e-01
7.422735751558823258e-02 5.355805432117095588e-01
7.465639243328600627e-02 5.279319199775973637e-01
7.508790717738160481e-02 5.206444009456027144e-01
7.552191608129793510e-02 5.137809975872358326e-01
7.595843356130543844e-02 5.073635215657119613e-01
7.639747411700059665e-02 5.012974556737656018e-01
7.683905233178781047e-02 4.957379050720377434e-01
7.728318287336367887e-02 4.908302808486292301e-01
7.772988049420428980e-02 4.864364424698442435e-01
7.817916003205507836e-02 4.825370017906026043e-01
7.863103641042397396e-02 4.792143584274949353e-01
7.908552463907676799e-02 4.764176184996858909e-01
7.954263981453599253e-02 4.740619588724497846e-01
8.000239712058217212e-02 4.722103910172971708e-01
8.046481182875830918e-02 4.710349847218141539e-01
8.092989929887701994e-02 4.704266816699250175e-01
8.139767497953076525e-02 4.703782113072246251e-01
8.186815440860513438e-02 4.707562801362872307e-01
8.234135321379483508e-02 4.711537371104299599e-01
8.281728711312283386e-02 4.715681587115177487e-01
8.329597191546232737e-02 4.720698269654662327e-01
8.377742352106211376e-02 4.730246931106627528e-01
8.426165792207447602e-02 4.751404244425321277e-01
8.474869120308657633e-02 4.788823364429976581e-01
8.523853954165466762e-02 4.846333449773919111e-01
8.573121920884146929e-02 4.931471641857050892e-01
8.622674656975649887e-02 5.046370636638184415e-01
8.672513808409994251e-02 5.170260883700229515e-01
8.722641030670905127e-02 5.283439180605501440e-01
8.773057988810836760e-02 5.377132391705241599e-01
8.823766357506258873e-02 5.442640086894737772e-01
8.874767821113291322e-02 5.501531577575640153e-01
8.926064073723644077e-02 5.545227609549988612e-01
8.977656819220893036e-02 5.558048020484226415e-01
9.029547771337091688e-02 5.525548642293653945e-01
9.081738653709675591e-02 5.447971826791775385e-01
9.134231199938727674e-02 5.368819724502134072e-01
9.187027153644546085e-02 5.309201178380728026e-01
9.240128268525588107e-02 5.274787220863492720e-01
9.293536308416693037e-02 5.270231006769662274e-01
9.347253047347692245e-02 5.296792765529443336e-01
9.401280269602330097e-02 5.353042621443176996e-01
9.455619769777530437e-02 5.442979379433640075e-01
9.510273352842993355e-02 5.572976892195927734e-01
9.565242834201181932e-02 5.736467425584144131e-01
9.620530039747586526e-02 5.864574594201117375e-01
9.676136805931405405e-02 5.916655998922623061e-01
9.732064979816532069e-02 5.901000071770415856e-01
9.788316419142908953e-02 5.786125312170632418e-01
9.844892992388228070e-02 5.623579950855073228e-01
9.901796578830000806e-02 5.494673021253543288e-01
9.959029068607995472e-02 5.438835163422762742e-01
1.001659236278700377e-01 5.463409637311830158e-01
1.007448837341998471e-01 5.537835879238187653e-01
1.013271902361159299e-01 5.593770677794369650e-01
1.019128624758204177e-01 5.590523163493447134e-01
1.025019199073136378e-01 5.455169675652773442e-01
1.030943820970401520e-01 5.235865519615127139e-01
1.036902687245389171e-01 5.061032921355034242e-01
1.042895995830967204e-01 4.949042148335920377e-01
1.048923945804057928e-01 4.884188803042878169e-01
1.054986737392250712e-01 4.867345352004512904e-01
1.061084571980452224e-01 4.895191575375852366e-01
1.067217652117575799e-01 4.954131536419454918e-01
1.073386181523270227e-01 5.025334499226241647e-01
1.079590365094685589e-01 5.108582347164059012e-01
1.085830408913279893e-01 5.164468675357539729e-01
1.092106520251663743e-01 5.147916046495376596e-01
1.098418907580486492e-01 5.105649890220689269e-01
1.104767780575359459e-01 5.071211697522104433e-01
1.111153350123821049e-01 5.070363466174848677e-01
1.117575828332342536e-01 5.121354287735596644e-01
1.124035428533372433e-01 5.227165089510418250e-01
1.130532365292423180e-01 5.376429571446086353e-01
1.137066854415197809e-01 5.552716280587189912e-01
1.143639112954759340e-01 5.691680810449037953e-01
1.150249359218739331e-01 5.615751987278969626e-01
1.156897812776589568e-01 5.397247592225877799e-01
1.163584694466876512e-01 5.170794057689933609e-01
1.170310226404614878e-01 4.991938419325712695e-01
1.177074631988646730e-01 4.876918248637828190e-01
1.183878135909062629e-01 4.811434788629681547e-01
1.190720964154663303e-01 4.779807876967715474e-01
1.197603344020467531e-01 4.771301328313807266e-01
1.204525504115261381e-01 4.775469779506035795e-01
1.211487674369193246e-01 4.786230200025509141e-01
1.218490086041408849e-01 4.786811844377913405e-01
1.225532971727734816e-01 4.751864712870974561e-01
1.232616565368404721e-01 4.691688757578514335e-01
1.239741102255828148e-01 4.633766674151619247e-01
1.246906819042407494e-01 4.602527525391255647e-01
1.254113953748399735e-01 4.608174322645843812e-01
1.261362745769819826e-01 4.641255345188819992e-01
1.268653435886395453e-01 4.698450373175210304e-01
1.275986266269562852e-01 4.789744301321283149e-01
1.283361480490512463e-01 4.958542339425185408e-01
1.290779323528278288e-01 5.214126561944029126e-01
1.298240041777875831e-01 5.391673500515340445e-01
1.305743883058487209e-01 5.403427563470171169e-01
1.313291096621690413e-01 5.354060499059883904e-01
1.320881933159741561e-01 5.367656435797326653e-01
1.328516644813900749e-01 5.480810497521249047e-01
1.336195485182806453e-01 5.690129758842626950e-01
1.343918709330900185e-01 5.832874976995100491e-01
1.351686573796898327e-01 5.732759442837567221e-01
1.359499336602315311e-01 5.523464416697539958e-01
1.367357257260030934e-01 5.298416522679904039e-01
1.375260596782912625e-01 5.113792911154344534e-01
1.383209617692485738e-01 4.981541526526491737e-01
1.391204584027652402e-01 4.902559070506302685e-01
1.399245761353461737e-01 4.871634979103492413e-01
1.407333416769932510e-01 4.858741862625204355e-01
1.415467818920924381e-01 4.838529721379166149e-01
1.423649238003061035e-01 4.807484454069604340e-01
1.431877945774705507e-01 4.762407016758296585e-01
1.440154215564987683e-01 4.709380439964134801e-01
1.448478322282882313e-01 4.689653002345100519e-01
1.456850542426340045e-01 4.741031586807450959e-01
1.465271154091474515e-01 4.856100227858036189e-01
1.473740436981796631e-01 4.994410407823429709e-01
1.482258672417506584e-01 4.993731822745625104e-01
1.490826143344838317e-01 4.832689042673776192e-01
1.499443134345459228e-01 4.714809120586571645e-01
1.508109931645919832e-01 4.670192151720917173e-01
1.516826823127164214e-01 4.653154819231751227e-01
1.525594098334091819e-01 4.629792104410191955e-01
1.534412048485173929e-01 4.569640384299081259e-01
1.543280966482127869e-01 4.528804103724052843e-01
1.552201146919646169e-01 4.525241532065578665e-01
1.561172886095181789e-01 4.555414332846534631e-01
1.570196482018790252e-01 4.597850135390674220e-01
1.579272234423027277e-01 4.567216866164064970e-01
1.588400444772908315e-01 4.497152956880736685e-01
1.597581416275917487e-01 4.451518110398374750e-01
1.606815453892082024e-01 4.458158550088320293e-01
1.616102864344102497e-01 4.525895881962033185e-01
1.625443956127538836e-01 4.656935507522376727e-01
1.634839039521058524e-01 4.859153860708156913e-01
1.644288426596743347e-01 5.129109545767649436e-01
1.653792431230455828e-01 5.429407677877547966e-01
1.663351369112262834e-01 5.693910447133252450e-01
1.672965557756923849e-01 5.923684201514171077e-01
1.682635316514438095e-01 6.134433338535209002e-01
1.692360966580649384e-01 6.272573872231151926e-01
1.702142831007917856e-01 6.378360438824622891e-01
1.711981234715850009e-01 6.399033048516314937e-01
1.721876504502090899e-01 6.315130850682042496e-01
1.731828969053178791e-01 6.136808386307525121e-01
1.741838958955464201e-01 5.902357241926026177e-01
1.751906806706090836e-01 5.715867521436502896e-01
1.762032846724038426e-01 5.608651079143371909e-01
1.772217415361232173e-01 5.577121108206806177e-01
1.782460850913716033e-01 5.606566853547256812e-01
1.792763493632887617e-01 5.667324453192120748e-01
1.803125685736800821e-01 5.631335208887126020e-01
1.813547771421535060e-01 5.486433059594487682e-01
1.824030096872625850e-01 5.361112936832782561e-01
1.834573010276564775e-01 5.300016044649015212e-01
1.845176861832364401e-01 5.252975557648343896e-01
1.855842003763193415e-01 5.182863178002315996e-01
1.866568790328071992e-01 5.142996304681293207e-01
1.877357577833641822e-01 5.159500463180756169e-01
1.888208724646001924e-01 5.221736408887980296e-01
1.899122591202609955e-01 5.326941331129049217e-01
1.910099540024255971e-01 5.484712361718625528e-01
1.921139935727104175e-01 5.686761068634954563e-01
1.932244145034804905e-01 5.838618714975090107e-01
1.943412536790674328e-01 5.890821295603346774e-01
1.954645481969946030e-01 5.890312356794993320e-01
1.965943353692096995e-01 5.846204326737692858e-01
1.977306527233236300e-01 5.780599690822794123e-01
1.988735380038573475e-01 5.716085638068654218e-01
2.000230291734956534e-01 5.672486546819706099e-01
2.011791644143479663e-01 5.670329615679541302e-01
2.023419821292166965e-01 5.730432865427952382e-01
2.035115209428728922e-01 5.862805425962555050e-01
2.046878197033392410e-01 6.027750070231780999e-01
2.058709174831803157e-01 6.189713787194935923e-01
2.070608535808005912e-01 6.375282570793152637e-01
2.082576675217497619e-01 6.563929222422839604e-01
2.094613990600355524e-01 6.801143177478258250e-01
2.106720881794442723e-01 7.168039587938411783e-01
2.118897750948690872e-01 7.688490107433212373e-01
2.131145002536455058e-01 8.330528531761793865e-01
2.143463043368951104e-01 8.810409357676418640e-01
2.155852282608767823e-01 9.112064659941927491e-01
2.168313131783459469e-01 9.426540373141671925e-01
2.180846004799212312e-01 9.807856716505174433e-01
2.193451317954595303e-01 1.029008835501076469e+00
2.206129489954388734e-01 1.069842692557970043e+00
2.218880941923488948e-01 1.075850594014676087e+00
2.231706097420899648e-01 1.054179494851358312e+00
2.244605382453801201e-01 1.034590197766019681e+00
2.257579225491697927e-01 1.031165766641241266e+00
2.270628057480653939e-01 1.034166082092391692e+00
2.283752311857605299e-01 1.043918319067698386e+00
2.296952424564759343e-01 1.062235269132153270e+00
2.310228834064072811e-01 1.072804231718960333e+00
2.323581981351817149e-01 1.059743892489356298e+00
2.337012309973229007e-01 1.029525044863835115e+00
2.350520266037238737e-01 9.993231618652590464e-01
2.364106298231291869e-01 9.799834871478270149e-01
2.377770857836252472e-01 9.742421726859727960e-01
2.391514398741393099e-01 9.688983151982613062e-01
2.405337377459470793e-01 9.463644435788776121e-01
2.419240253141889951e-01 9.106248216417887065e-01
2.433223487593957901e-01 8.783702187828537067e-01
2.447287545290218747e-01 8.562798509821778481e-01
2.461432893389885190e-01 8.448553864937099478e-01
2.475660001752356676e-01 8.408711226797427329e-01
2.489969342952823017e-01 8.384960749074266140e-01
2.504361392297964617e-01 8.388184028193838015e-01
2.518836627841739007e-01 8.394679056795680827e-01
2.533395530401260642e-01 8.336538856736634973e-01
2.548038583572773130e-01 8.109237090853433916e-01
2.562766273747711931e-01 7.750822993865837951e-01
2.577579090128856998e-01 7.374208275684268621e-01
2.592477524746588102e-01 7.011504551597693702e-01
2.607462072475227322e-01 6.665692748912184218e-01
2.622533231049470337e-01 6.367866605300002147e-01
2.637691501080930423e-01 6.224030803986769778e-01
2.652937386074759596e-01 6.201225498336264685e-01
2.668271392446371348e-01 6.035893091165436264e-01
2.683694029538270520e-01 5.796594910513903631e-01
2.699205809636965880e-01 5.620550553186302034e-01
2.714807247989985406e-01 5.387723165955263793e-01
2.730498862822996475e-01 5.017409594924736593e-01
2.746281175357012105e-01 4.622763901818643939e-01
2.762154709825712651e-01 4.275134460531871960e-01
2.778119993492854656e-01 3.994054827232653704e-01
2.794177556669779627e-01 3.776495604252219640e-01
2.810327932733039380e-01 3.591750816819908598e-01
2.826571658142107979e-01 3.353785571142635091e-01
2.842909272457196934e-01 3.064223624370859267e-01
2.859341318357184192e-01 2.820684286983047295e-01
2.875868341657639160e-01 2.658235866392889002e-01
2.892490891328946545e-01 2.574503314828067158e-01
2.909209519514548425e-01 2.534491030418944413e-01
2.926024781549284581e-01 2.462318660358151778e-01
2.942937235977828858e-01 2.361413059288603455e-01
2.959947444573255426e-01 2.285406683538214745e-01
2.977055972355692748e-01 2.257904599742046881e-01
2.994263387611086902e-01 2.288659044875407111e-01
3.011570261910088142e-01 2.397133293080612182e-01
3.028977170127025720e-01 2.569220045293731380e-01
3.046484690459013711e-01 2.689571955878652387e-01
3.064093404445150659e-01 2.720689928732265006e-01
3.081803896985833569e-01 2.711092796917599634e-01
3.099616756362194026e-01 2.681695521939849169e-01
3.117532574255635347e-01 2.676993896757916547e-01
3.135551945767480198e-01 2.707045521632122087e-01
3.153675469438748658e-01 2.762786438737502293e-01
3.171903747270033436e-01 2.859533282687362066e-01
3.190237384741493876e-01 3.009233997887333922e-01
3.208676990832974307e-01 3.110318939298873375e-01
3.227223178044230090e-01 3.107604598987654954e-01
3.245876562415266342e-01 3.039309857942888993e-01
3.264637763546810456e-01 2.942805365806530626e-01
3.283507404620888970e-01 2.830378359523113563e-01
3.302486112421523790e-01 2.700647433755677951e-01
3.321574517355558864e-01 2.612358668097025660e-01
3.340773253473591775e-01 2.596993563121020587e-01
3.360082958491044103e-01 2.656200111159475186e-01
3.379504273809338932e-01 2.732177404692243128e-01
3.399037844537201591e-01 2.794267939311366744e-01
3.418684319512097503e-01 2.841865835483091685e-01
3.438444351321779946e-01 2.825531323253079874e-01
3.458318596325960503e-01 2.760774918685438561e-01
3.478307714678123830e-01 2.684361391888366866e-01
3.498412370347446232e-01 2.624767080948310349e-01
3.518633231140849693e-01 2.593649108094697731e-01
3.538970968725191901e-01 2.613425016076432739e-01
3.559426258649572294e-01 2.627190599083327194e-01
3.579999780367765227e-01 2.586063496332096090e-01
3.600692217260801353e-01 2.522397674925211941e-01
3.621504256659661136e-01 2.454321050512597302e-01
3.642436589868098817e-01 2.361684493319725076e-01
3.663489912185618480e-01 2.235976607656417481e-01
3.684664922930561692e-01 2.102947273707224951e-01
3.705962325463332818e-01 1.998047714751168824e-01
3.727382827209774208e-01 1.930981697400856179e-01
3.748927139684648524e-01 1.878667634938389341e-01
3.770595978515288715e-01 1.813588902458790342e-01
3.792390063465359562e-01 1.750807665171186800e-01
3.814310118458763554e-01 1.711393989741412935e-01
3.836356871603694985e-01 1.700606910522454163e-01
3.858531055216822825e-01 1.675717379275834251e-01
3.880833405847607942e-01 1.632765367368936293e-01
3.903264664302779630e-01 1.604349617235867331e-01
3.925825575670940371e-01 1.591778828669536683e-01
3.948516889347303827e-01 1.592900917566049401e-01
3.971339359058604912e-01 1.599265076188602641e-01
3.994293742888124776e-01 1.590668857363699007e-01
4.017380803300868997e-01 1.568975946537166100e-01
4.040601307168905088e-01 1.542571716456160869e-01
4.063956025796829352e-01 1.510712147053233645e-01
4.087445734947380283e-01 1.484101917930751857e-01
4.111071214867221824e-01 1.462675594099070719e-01
4.134833250312844322e-01 1.436756067645068857e-01
4.158732630576643108e-01 1.401651407459354459e-01
4.182770149513134750e-01 1.371827593289840774e-01
4.206946605565314856e-01 1.375130848507868375e-01
4.231262801791195738e-01 1.440449509282833995e-01
4.255719545890473410e-01 1.553557524162190728e-01
4.280317650231349469e-01 1.641754196131712529e-01
4.305057931877529498e-01 1.666990290471639657e-01
4.329941212615355806e-01 1.666476504627016353e-01
4.354968318981098929e-01 1.688210615261844794e-01
4.380140082288422887e-01 1.697914381874450762e-01
4.405457338655994204e-01 1.674270538949229614e-01
4.430920929035247480e-01 1.672203277980060243e-01
4.456531699238333033e-01 1.675579238742138377e-01
4.482290499966203323e-01 1.575807844159777815e-01
4.508198186836865351e-01 1.448507707081764240e-01
4.534255620413813470e-01 1.349986847857071737e-01
4.560463666234608748e-01 1.298305323627844121e-01
4.586823194839622087e-01 1.290966910715014015e-01
4.613335081800964965e-01 1.325056116802156569e-01
4.640000207751556194e-01 1.399462970583434385e-01
4.666819458414390720e-01 1.490337630092149479e-01
4.693793724631949438e-01 1.568571219008618178e-01
4.720923902395786631e-01 1.608697408770086990e-01
4.748210892876304490e-01 1.596919110633906735e-01
4.775655602452679171e-01 1.577337084102973241e-01
4.803258942742961168e-01 1.573151668283799542e-01
4.831021830634371073e-01 1.516625531302673857e-01
4.858945188313745223e-01 1.401428443790932732e-01
4.887029943298164536e-01 1.306571943986385431e-01
4.915277028465775411e-01 1.254919501974778029e-01
4.943687382086768833e-01 1.243638025056276186e-01
4.972261947854541564e-01 1.266991045805295479e-01
5.001001674917054940e-01 1.320543526034755888e-01
5.029907517908354109e-01 1.379558616140543481e-01
5.058980436980275996e-01 1.410414849035574181e-01
5.088221397834349347e-01 1.414544523937642240e-01
5.117631371753864622e-01 1.392623802406417755e-01
5.147211335636141527e-01 1.367627636361857246e-01
5.176962272024980827e-01 1.339359720835024137e-01
5.206885169143288250e-01 1.299495271032137245e-01
5.236981020925914887e-01 1.265418182535669733e-01
5.267250827052667450e-01 1.243490190450040056e-01
5.297695592981502832e-01 1.235223570091498746e-01
5.328316329981945820e-01 1.261916198830570768e-01
5.359114055168668900e-01 1.335867431202465427e-01
5.390089791535270791e-01 1.452782793071933087e-01
5.421244567988269258e-01 1.568859617666685247e-01
5.452579419381275994e-01 1.651751208438655694e-01
5.484095386549359130e-01 1.734078119485167602e-01
5.515793516343632241e-01 1.838119753021427438e-01
5.547674861666017643e-01 1.950299560455072967e-01
5.579740481504216199e-01 2.007671505265319345e-01
5.611991440966896949e-01 2.037383837600622305e-01
5.644428811319066597e-01 2.074337642123354475e-01
5.677053670017649933e-01 2.129964653876388891e-01
5.709867100747291202e-01 2.216215240783492579e-01
5.742870193456336425e-01 2.352661735303058499e-01
5.776064044393048880e-01 2.513479128188351175e-01
5.809449756142023302e-01 2.637320904887695550e-01
5.843028437660793273e-01 2.742235004952561783e-01
5.876801204316687288e-01 2.862102211910479421e-01
5.910769177923870243e-01 2.949203453682974208e-01
5.944933486780595855e-01 3.004726254156203091e-01
5.979295265706701112e-01 3.098370994893241970e-01
6.013855656081297241e-01 3.265545275846682416e-01
6.048615805880666052e-01 3.454361573745821090e-01
6.083576869716416091e-01 3.622238674958416782e-01
6.118740008873820857e-01 3.754126531866016636e-01
6.154106391350390171e-01 3.743996226061647725e-01
6.189677191894675801e-01 3.693175050770350354e-01
6.225453592045292472e-01 3.644123043717615862e-01
6.261436780170150929e-01 3.557312624121323763e-01
6.297627951505950783e-01 3.451089824263549044e-01
6.334028308197864332e-01 3.335124481503007332e-01
6.370639059339481269e-01 3.113517983237095166e-01
6.407461421012968783e-01 2.871093464191390998e-01
6.444496616329448146e-01 2.707530225259125456e-01
6.481745875469649976e-01 2.620671335300132077e-01
6.519210435724759334e-01 2.559622913479066009e-01
6.556891541537508417e-01 2.531510103112873944e-01
6.594790444543533470e-01 2.504948344353092882e-01
6.632908403612935988e-01 2.448456136625857260e-01
6.671246684892090384e-01 2.397773101868256318e-01
6.709806561845721440e-01 2.344145492576610312e-01
6.748589315299192704e-01 2.286596630942507591e-01
6.787596233481042463e-01 2.216876861234352014e-01
6.826828612065795054e-01 2.142203420458222707e-01
6.866287754216984229e-01 2.120760131999596121e-01
6.905974970630435195e-01 2.139089199654726492e-01
6.945891579577818664e-01 2.202621727564184895e-01
6.986038906950429173e-01 2.290508189212424328e-01
7.026418286303216520e-01 2.330343556797691285e-01
7.067031058899108098e-01 2.348069168437202092e-01
7.107878573753529938e-01 2.319386831309281638e-01
7.148962187679240854e-01 2.247662812103467245e-01
7.190283265331394169e-01 2.216828390871651844e-01
7.231843179252852583e-01 2.215291880374051225e-01
7.273643309919801681e-01 2.253816124648274355e-01
7.315685045787596597e-01 2.261171502188049631e-01
7.357969783336865133e-01 2.211351239886514275e-01
7.400498927119919523e-01 2.158251957548301958e-01
7.443273889807401344e-01 2.146022885039008676e-01
7.486296092235191768e-01 2.180352019421517573e-01
7.529566963451627126e-01 2.249187205010392820e-01
7.573087940764960946e-01 2.265582305193779289e-01
7.616860469791092436e-01 2.176270814882149685e-01
7.660886004501606950e-01 2.135817450172453891e-01
7.705166007272060691e-01 2.132715346959632718e-01
7.749701948930545203e-01 2.123215155870367965e-01
7.794495308806568268e-01 2.150271312329692652e-01
7.839547574780165728e-01 2.193492334749577444e-01
7.884860243331343055e-01 2.179683128416253501e-01
7.930434819589780027e-01 2.164092636253692192e-01
7.976272817384808533e-01 2.234146851464479944e-01
8.022375759295721220e-01 2.297374016088926385e-01
8.068745176702336597e-01 2.262904317654586273e-01
8.115382609835852801e-01 2.218161325845910692e-01
8.162289607830032212e-01 2.237382248174727140e-01
8.209467728772645856e-01 2.307959943302678452e-01
8.256918539757219788e-01 2.358293991448836835e-01
8.304643616935105666e-01 2.407898560636355378e-01
8.352644545567829981e-01 2.424293660819742402e-01
8.400922920079733069e-01 2.437986538282585769e-01
8.449480344110958940e-01 2.520434625235848380e-01
8.498318430570707127e-01 2.611171144210867601e-01
8.547438801690798726e-01 2.660465503077104055e-01
8.596843089079587719e-01 2.738963255470289737e-01
8.646532933776126528e-01 2.852480844914463964e-01
8.696509986304700179e-01 2.940430318034213952e-01
8.746775906729644667e-01 2.997746521927355801e-01
8.797332364710471753e-01 3.018709953795248313e-01
8.848181039557355687e-01 2.838594086000819638e-01
8.899323620286901937e-01 2.621349920377937237e-01
8.950761805678236760e-01 2.506790218135705461e-01
9.002497304329459826e-01 2.468232044607592268e-01
9.054531834714387717e-01 2.424487542270543639e-01
9.106867125239620497e-01 2.336656821539409568e-01
9.159504914301977996e-01 2.249555579766915059e-01
9.212446950346235841e-01 2.182380504100526752e-01
9.265694991923183466e-01 2.104665548064951486e-01
9.319250807748065135e-01 1.995170998724904166e-01
9.373116176759319629e-01 1.929692385753027650e-01
9.427292888177655206e-01 1.877434064207665898e-01
9.481782741565508710e-01 1.843550857161999623e-01
9.536587546886805544e-01 1.844265795011829634e-01
9.591709124567069367e-01 1.909053705315226779e-01
9.647149305553922582e-01 2.067605108744278719e-01
9.702909931377862174e-01 2.279090995278361398e-01
9.758992854213467405e-01 2.498719902746100174e-01
9.815399936940907288e-01 2.657896573853986699e-01
9.872133053207802211e-01 2.751395903502924511e-01
9.929194087491489684e-01 2.843562298177603198e-01
9.986584935161608723e-01 3.035601875196313748e-01
1.004430750254303728e+00 3.231591786775101505e-01
1.010236370697924935e+00 3.200425343558788716e-01
1.016075547689597958e+00 3.158886242724605053e-01
1.021948475186527761e+00 3.228416978018229244e-01
1.027855348266994762e+00 3.291404214347308788e-01
1.033796363136834096e+00 3.344503496685521382e-01
1.039771717135951290e+00 3.523553016500542978e-01
1.045781608744880131e+00 3.655465108589493473e-01
1.051826237591374280e+00 3.610533082366286783e-01
1.057905804457035748e+00 3.506685330280828183e-01
1.064020511283988890e+00 3.467545512400311281e-01
1.070170561181583713e+00 3.389944461717081525e-01
1.076356158433145582e+00 3.246593364030853635e-01
1.082577508502760022e+00 3.163418221637085970e-01
1.088834818042095476e+00 3.241940209211621737e-01
1.095128294897270704e+00 3.300516642534971345e-01
1.101458148115757263e+00 3.301074051706025525e-01
1.107824587953321727e+00 3.414955168870452140e-01
1.114227825881013212e+00 3.525952299454209737e-01
1.120668074592185315e+00 3.531211333807195984e-01
1.127145548009560017e+00 3.428163342706292416e-01
1.133660461292336441e+00 3.265448335121282075e-01
1.140213030843336250e+00 3.125150870285174354e-01
1.146803474316190341e+00 2.841696189213640533e-01
1.153432010622570836e+00 2.660465503077104055e-01
1.160098859939462601e+00 2.563718659127243726e-01
1.166804243716473621e+00 2.360213417811770076e-01
1.173548384683194445e+00 2.164104753844367235e-01
1.180331506856595603e+00 2.083922656347345082e-01
1.187153835548465874e+00 2.044225429295773999e-01
1.194015597372901416e+00 2.008357360897529142e-01
1.200917020253827294e+00 1.974774670100604979e-01
1.207858333432573428e+00 1.966054851850815299e-01
1.214839767475487387e+00 2.020106576816089461e-01
1.221861554281590267e+00 2.204247908232780939e-01
1.228923927090283863e+00 2.399852480428100732e-01
1.236027120489096909e+00 2.415333914274586102e-01
1.243171370421473965e+00 2.383435568581498409e-01
1.250356914194617142e+00 2.360724780138258594e-01
1.257583990487367132e+00 2.302727567649177909e-01
1.264852839358128644e+00 2.346750774571753073e-01
1.272163702252848472e+00 2.562773487054587629e-01
1.279516822013033517e+00 2.765694660499521951e-01
1.286912442883815677e+00 2.814383139832004055e-01
1.294350810522067352e+00 2.778636247340510179e-01
1.301832172004561583e+00 2.916801016217802633e-01
1.309356775836174380e+00 3.019025011152800531e-01
1.316924871958146337e+00 2.923877689172051375e-01
1.324536711756377994e+00 2.719211582669904814e-01
1.332192548069784932e+00 2.589916890166772401e-01
1.339892635198694837e+00 2.573582377936761145e-01
1.347637228913291185e+00 2.605669758044379947e-01
1.355426586462114891e+00 2.612746430998628133e-01
1.363260966580605249e+00 2.579083764103248799e-01
1.371140629499693731e+00 2.522276499018460960e-01
1.379065836954451285e+00 2.422904984928377914e-01
1.387036852192779834e+00 2.309755770240725925e-01
1.395053939984155722e+00 2.271827711427717167e-01
1.403117366628427343e+00 2.270744398821364363e-01
1.411227399964658957e+00 2.266527477266435942e-01
1.419384309380025577e+00 2.310788188966242940e-01
1.427588365818764915e+00 2.363051357547874542e-01
1.435839841791175742e+00 2.403572580765351019e-01
1.444139011382666204e+00 2.504027407461786314e-01
1.452486150262864761e+00 2.683537395722461749e-01
1.460881535694769973e+00 2.865034668853849720e-01
1.469325446543965796e+00 2.987591980941636249e-01
1.477818163287882181e+00 3.145411481893912731e-01
1.486359968025109168e+00 3.213051873042224726e-01
1.494951144484772509e+00 3.191240209827075902e-01
1.503591978035954568e+00 3.320995370775861044e-01
1.512282755697172298e+00 3.451986525973504971e-01
1.521023766145914724e+00 3.479323810536491535e-01
1.529815299728230382e+00 3.452616640688609406e-01
1.538657648468367833e+00 3.427557463172538066e-01
1.547551106078482119e+00 3.293706556575575206e-01
1.556495967968387184e+00 3.241722092579469860e-01
1.565492531255366693e+00 3.234669654806571759e-01
1.574541094774047689e+00 3.236244941594332847e-01
1.583641959086324214e+00 3.202000630346549248e-01
1.592795426491339539e+00 3.149652638630192070e-01
1.602001801035530804e+00 3.150331223707996675e-01
1.611261388522727822e+00 3.216881031695550952e-01
1.620574496524306296e+00 3.297051011601897508e-01
1.629941434389411858e+00 3.268865495691655187e-01
1.639362513255227638e+00 3.203454741227558800e-01
1.648838046057315765e+00 3.196159951641159291e-01
1.658368347540009280e+00 3.066404790692373594e-01
1.667953734266863997e+00 3.009209762705983837e-01
1.677594524631179640e+00 2.953347669693852096e-01
1.687291038866571835e+00 3.002593558197388379e-01
1.697043599057607821e+00 3.239007752268251994e-01
1.706852529150509445e+00 3.729576293158298750e-01
1.716718154963911225e+00 4.116200141237487675e-01
1.726640804199680579e+00 4.086293927451383201e-01
1.736620806453807120e+00 4.014073087027890119e-01
1.746658493227349673e+00 4.057381356100636105e-01
1.756754197937443251e+00 4.208705828451068109e-01
1.766908255928380411e+00 4.105076192997761941e-01
1.777121004482747679e+00 3.853975479028697859e-01
1.787392782832625482e+00 3.629266877549964243e-01
1.797723932170862682e+00 3.472610665302495736e-01
1.808114795662403074e+00 3.459475197010705716e-01
1.818565718455690483e+00 3.534483083289467475e-01
1.829077047694130043e+00 3.413428352445391778e-01
1.839649132527616748e+00 3.176287102934023387e-01
1.850282324124138622e+00 3.004750489337553176e-01
1.860976975681438272e+00 3.023048051256927993e-01
1.871733442438742401e+00 3.121976061528303203e-01
1.882552081688566581e+00 3.083151301005337963e-01
1.893433252788581767e+00 3.166108326766954306e-01
1.904377317173546302e+00 3.409090254983712653e-01
1.915384638367318981e+00 3.655077345687890444e-01
1.926455581994929611e+00 3.916405306186723778e-01
1.937590515794722412e+00 3.818907171615008589e-01
1.948789809630575354e+00 3.556973331582421460e-01
1.960053835504184105e+00 3.484195081987874754e-01
1.971382967567415045e+00 3.309459424453182197e-01
1.982777582134739092e+00 3.154960143345878487e-01
1.994238057695728816e+00 3.095826300851474699e-01
2.005764774927627947e+00 3.074329694993878093e-01
2.017358116708002580e+00 3.153069799200565737e-01
2.029018468127450348e+00 3.260892121027451074e-01
2.040746216502401289e+00 3.382940494306883594e-01
2.052541751387976898e+00 3.626189009518493989e-01
2.064405464590929995e+00 3.893139532090565402e-01
2.076337750182662312e+00 3.990855783294431358e-01
2.088339004512313135e+00 3.854944886282704597e-01
2.100409626219920778e+00 3.951400908056362793e-01
2.112550016249669760e+00 4.008256643503850802e-01
2.124760577863207711e+00 3.897623040640345593e-01
2.137041716653034662e+00 3.659076150610668376e-01
2.149393840555982482e+00 3.464806936907742219e-01
2.161817359866763155e+00 3.262467407815211606e-01
2.174312687251592546e+00 3.117129025258270070e-01
2.186880237761905654e+00 3.179243795058743771e-01
2.199520428848138476e+00 3.276378401910206573e-01
2.212233680373592026e+00 3.262128115276309304e-01
2.225020414628386511e+00 3.097571233908686383e-01
2.237881056343477670e+00 3.029421903952021489e-01
2.250816032704775704e+00 2.877055318803531936e-01
2.263825773367328598e+00 2.629468706130242417e-01
2.276910710469592924e+00 2.515151355701512603e-01
2.290071278647793029e+00 2.532019041921227398e-01
2.303307915050354371e+00 2.549492607674696543e-01
2.316621059352423018e+00 2.515636059328515972e-01
2.330011153770474852e+00 2.553636823685574986e-01
2.343478643077001600e+00 2.421935577674371454e-01
2.357023974615280792e+00 2.365380358475625278e-01
2.370647598314243876e+00 2.246780651502321147e-01
2.384349966703414481e+00 2.147224950033976565e-01
2.398131534927939956e+00 2.147542430909663846e-01
2.411992760763713051e+00 2.190879782200029491e-01
2.425934104632577970e+00 2.310887553209778345e-01
2.439956029617617261e+00 2.608141746542096961e-01
2.454059001478542612e+00 2.881369181083861530e-01
2.468243488667162033e+00 3.162642695833880468e-01
2.482509962342935861e+00 3.232585429210457773e-01
2.496858896388636673e+00 3.129634378834955655e-01
2.511290767426078485e+00 2.988949151097245460e-01
2.525806054831960523e+00 2.731910817697391636e-01
2.540405240753779381e+00 2.514181948447505865e-01
2.555088810125852206e+00 2.364847184485922016e-01
2.569857250685421590e+00 2.229549437562353686e-01
2.584711052988855506e+00 2.173035418171903044e-01
2.599650710427946265e+00 2.210410914850128028e-01
2.614676719246288084e+00 2.390434688955426490e-01
2.629789578555775442e+00 2.527220476013894435e-01
2.644989790353173831e+00 2.548571670783390530e-01
2.660277859536794409e+00 2.653073772765303651e-01
2.675654293923265481e+00 2.699823437589772834e-01
2.691119604264405218e+00 2.596387683587266793e-01
2.706674304264172548e+00 2.519416747619141472e-01
2.722318910595750374e+00 2.578889882652447008e-01
2.738053942918694972e+00 2.424632953358644705e-01
2.753879923896200843e+00 2.273824690370970514e-01
2.769797379212459720e+00 2.156286484340803611e-01
2.785806837590128815e+00 1.996775367730285189e-01
2.801908830807877226e+00 1.988625076242224454e-01
2.818103893718070019e+00 2.019011146619061892e-01
2.834392564264522019e+00 2.129630208373756717e-01
2.850775383500368410e+00 2.262889776545776166e-01
2.867252895606037466e+00 2.252829752767322447e-01
2.883825647907329426e+00 2.122672287808124170e-01
2.900494190893583735e+00 1.927867476597359964e-01
2.917259078235983960e+00 1.780968348361467724e-01
2.934120866805935979e+00 1.703044969766280836e-01
2.951080116693567401e+00 1.642706638758774373e-01
2.968137391226336685e+00 1.634447288954637700e-01
2.985293256987731514e+00 1.554616601587193170e-01
3.002548283836107057e+00 1.477095527002418862e-01
3.019903044923603730e+00 1.470598074882439876e-01
3.037358116715186629e+00 1.531820990009227501e-01
3.054914079007794214e+00 1.617618379025082820e-01
3.072571514949601568e+00 1.599332934696383046e-01
3.090331011059376021e+00 1.590777915679774945e-01
3.108193157245980220e+00 1.583245621316143603e-01
3.126158546827951579e+00 1.532761315045614026e-01
3.144227776553216724e+00 1.544592930580764856e-01
3.162401446618910317e+00 1.552932256483356421e-01
3.180680160691316427e+00 1.513152629815195105e-01
3.199064525925907621e+00 1.549340602607262030e-01
3.217555152987530587e+00 1.608096376272602768e-01
3.236152656070678812e+00 1.617802566403344355e-01
3.254857652919894928e+00 1.620100061595340091e-01
3.273670764850296955e+00 1.580567633776950309e-01
3.292592616768199143e+00 1.566370664542023339e-01
3.311623837191892683e+00 1.602604684178655647e-01
3.330765058272506351e+00 1.572359177853649148e-01
3.350016915815009710e+00 1.474550832960651869e-01
3.369380049299332214e+00 1.427626674830461406e-01
3.388855101901607103e+00 1.353578501733166406e-01
3.408442720515521884e+00 1.248317838574993094e-01
3.428143555773827789e+00 1.217105348514114921e-01
3.447958262069935831e+00 1.201022882170145328e-01
3.467887497579658529e+00 1.222357112312695837e-01
3.487931924283071528e+00 1.293390428850030582e-01
3.508092207986506228e+00 1.335009505782669692e-01
3.528369018344649444e+00 1.421798113715746770e-01
3.548763028882812254e+00 1.511856047612961385e-01
3.569274917019284565e+00 1.552265788996227136e-01
3.589905364087840223e+00 1.576105936890384585e-01
3.610655055360374899e+00 1.569320086112338530e-01
3.631524680069651456e+00 1.544973422927962414e-01
3.652514931432215839e+00 1.597798847716917769e-01
3.673626506671410219e+00 1.704918349284648693e-01
3.694860107040534913e+00 1.837084910777775359e-01
3.716216437846141751e+00 1.965725253384452975e-01
3.737696208471465109e+00 1.883771564130733989e-01
3.759300132399972405e+00 1.827020039963051790e-01
3.781028927239082016e+00 1.837569614404778728e-01
3.802883314743989107e+00 1.795259834803659971e-01
3.824864020841640233e+00 1.814878214106619148e-01
3.846971775654848713e+00 1.823275704444451140e-01
3.869207313526548564e+00 1.774984682086111765e-01
3.891571373044171445e+00 1.687551418329120145e-01
3.914064697064205678e+00 1.628536328223332275e-01
3.936688032736852527e+00 1.580841491326206993e-01
3.959442131530850340e+00 1.559083145510028467e-01
3.982327749258438132e+00 1.485551181775491836e-01
4.005345646100446189e+00 1.419122549694688540e-01
4.028496586631570509e+00 1.431334657577036928e-01
4.051781339845751617e+00 1.463073051073213449e-01
4.075200679181723906e+00 1.484976807977493041e-01
4.098755382548707082e+00 1.584205334497610085e-01
4.122446232352245943e+00 1.692061585578386040e-01
4.146274015520188705e+00 1.626350314865547542e-01
4.170239523528843861e+00 1.587654000803738474e-01
4.194343552429258715e+00 1.604218747256576372e-01
4.218586902873665778e+00 1.569101969480186931e-01
4.242970380142073950e+00 1.513210794250435531e-01
4.267494794169023997e+00 1.529528341853501894e-01
4.292160959570472833e+00 1.411287315564180023e-01
4.316969695670882068e+00 1.338751417783135000e-01
4.341921826530410478e+00 1.366173525480847140e-01
4.367018180972294772e+00 1.473358462038223682e-01
4.392259592610382235e+00 1.591298972078803442e-01
4.417646899876805477e+00 1.697921652428855954e-01
4.443180946049855251e+00 1.761073687991117076e-01
4.468862579281975833e+00 1.828568668051327450e-01
4.494692652627942486e+00 1.909545679496634785e-01
4.520672024073195239e+00 2.004906271073265689e-01
4.546801556562344082e+00 2.086666078876183716e-01
4.573082118027814502e+00 2.098458918121174077e-01
4.599514581418703507e+00 2.060896810546552771e-01
4.626099824729760002e+00 1.912851358232797450e-01
4.652838731030551678e+00 1.823440503677632440e-01
4.679732188494796219e+00 1.774725365645665187e-01
4.706781090429870140e+00 1.781683286211297457e-01
4.733986335306464177e+00 1.795429481073111400e-01
4.761348826788450062e+00 1.775665690682051434e-01
4.788869473762884077e+00 1.802758199913401249e-01
4.816549190370198019e+00 1.869724853020178212e-01
4.844388896034566017e+00 1.917557830450999645e-01
4.872389515494448098e+00 1.891996984680980320e-01
4.900551978833287414e+00 2.019132322525812873e-01
4.928877221510434836e+00 2.120803755326026718e-01
4.957366184392200559e+00 2.004707542586194602e-01
4.986019813783113541e+00 1.959792480989932806e-01
5.014839061457356806e+00 1.939432505137658747e-01
5.043824884690362609e+00 1.924377610482936318e-01
5.072978246290641202e+00 1.969096367110261259e-01
5.102300114631742822e+00 1.902282395645990554e-01
5.131791463684423960e+00 1.825384165221915489e-01
5.161453273049005475e+00 1.908632013159733687e-01
5.191286527987911903e+00 1.925080430742090731e-01
5.221292219458380401e+00 1.977120635655301162e-01
5.251471344145405951e+00 2.014459779561500741e-01
5.281824904494829553e+00 1.945576123609925878e-01
5.312353908746639597e+00 1.915144006388523057e-01
5.343059370968462396e+00 1.951036309968118276e-01
5.373942311089249912e+00 2.127022502860479169e-01
5.405003754933139781e+00 2.232925398324431820e-01
5.436244734253559585e+00 2.134806843110151897e-01
5.467666286767478567e+00 2.002642705135160295e-01
5.499269456189878724e+00 1.866995971600149684e-01
5.531055292268432844e+00 1.856087716474440208e-01
5.563024850818350409e+00 1.927130727084314932e-01
5.595179193757479297e+00 1.947039928563475686e-01
5.627519389141558470e+00 1.928727825535290763e-01
5.660046511199702479e+00 1.909548103014770126e-01
5.692761640370078702e+00 1.840737152607245242e-01
5.725665863335805739e+00 1.814422592697235714e-01
5.758760273061025892e+00 1.745526819154985809e-01
5.792045968827241431e+00 1.628536328223332275e-01
5.825524056269808071e+00 1.578265291548684446e-01
5.859195647414667363e+00 1.564836577562557784e-01
5.893061860715279821e+00 1.599548627810399581e-01
5.927123821089786304e+00 1.726582177893561387e-01
5.961382659958350594e+00 1.741074816340960341e-01
5.995839515280771082e+00 1.609807380075924665e-01
6.030495531594262104e+00 1.595021495934188793e-01
6.065351860051475086e+00 1.602529555116470050e-01
6.100409658458743500e+00 1.683862823727625135e-01
6.135670091314512575e+00 1.713357039430776219e-01
6.171134329848062094e+00 1.554110086296974780e-01
6.206803552058381079e+00 1.437904815241066725e-01
6.242678942753306259e+00 1.393401751727758042e-01
6.278761693588877257e+00 1.282850548480843622e-01
6.315053003108923591e+00 1.269145553427325213e-01
6.351554076784851510e+00 1.333608712300629884e-01
6.388266127055725718e+00 1.342032861337947580e-01
6.425190373368511843e+00 1.429257702535327579e-01
6.462328042218596025e+00 1.439550384054743004e-01
6.499680367190518560e+00 1.439809700495189859e-01
6.537248588998957999e+00 1.457125737569882895e-01
6.575033955529916874e+00 1.407240040278702475e-01
6.613037721882214726e+00 1.367300461413629986e-01
6.651261150409145451e+00 1.355131976857711917e-01
6.689705510760421525e+00 1.365519175584392897e-01
6.728372079924347382e+00 1.310619219271862979e-01
6.767262142270216607e+00 1.245562298455479139e-01
6.806376989591010229e+00 1.259742303063461077e-01
6.845717921146279750e+00 1.250632298393933861e-01
6.885286243705309062e+00 1.307643139002062915e-01
6.925083271590525058e+00 1.371909992906431286e-01
6.965110326721157818e+00 1.292668220445795657e-01
7.005368738657123728e+00 1.243053957185737135e-01
7.045859844643230119e+00 1.245041242056450781e-01
7.086584989653569089e+00 1.250770438927629735e-01
7.127545526436194656e+00 1.304012708835808054e-01
7.168742815558059256e+00 1.343634806825193539e-01
7.210178225450215805e+00 1.329626872004797677e-01
7.251853132453240036e+00 1.342803540104882953e-01
7.293768920862992111e+00 1.398236670407115856e-01
7.335926982976571864e+00 1.401455102490417881e-01
7.378328719138569802e+00 1.418742057347490704e-01
7.420975537787583676e+00 1.490742357620697400e-01
7.463868855503007715e+00 1.516317744499526832e-01
7.507010097052058128e+00 1.496364919693935480e-01
7.550400695437144982e+00 1.469202128436670196e-01
7.594042091943437711e+00 1.457212984222743535e-01
7.637935736186750368e+00 1.466160613177224514e-01
7.682083086161699548e+00 1.433019002680873122e-01
7.726485608290103890e+00 1.400182755469534246e-01
7.771144777469737974e+00 1.389560475483756774e-01
7.816062077123293150e+00 1.397330274624619950e-01
7.861238999247660786e+00 1.374944237611472053e-01
7.906677044463489068e+00 1.412002253414010033e-01
7.952377722065040011e+00 2.222198907058848261e-01
7.998342550070284496e+00 1.872410111113776698e-01
