2.511886431509579437e-02 9.636727739202459730e-01
2.526405161860213050e-02 9.816741155134105501e-01
2.541007810627042562e-02 9.900165496539629073e-01
2.555694862859406516e-02 1.006515394532276897e+00
2.570466806410236227e-02 1.019422556787471290e+00
2.585324131952258450e-02 1.032229552595008704e+00
2.600267332994290678e-02 1.044063502911023900e+00
2.615296905897638788e-02 1.056062012391046689e+00
2.630413349892583852e-02 1.068382485452822994e+00
2.645617167094958117e-02 1.081475671110808445e+00
2.660908862522835469e-02 1.095541902260316114e+00
2.676288944113292337e-02 1.107969696516010405e+00
2.691757922739292791e-02 1.113600481823570298e+00
2.707316312226650673e-02 1.113700648271227056e+00
2.722964629371095457e-02 1.112226770541421050e+00
2.738703393955444973e-02 1.110802976035443423e+00
2.754533128766867636e-02 1.110674190602741973e+00
2.770454359614242176e-02 1.112377020212906187e+00
2.786467615345633933e-02 1.116197654716383880e+00
2.802573427865854422e-02 1.118923613041898690e+00
2.818772332154127064e-02 1.117521282774704749e+00
2.835064866281864979e-02 1.113943909644107721e+00
2.851451571430539678e-02 1.110223441588286786e+00
2.867932991909653145e-02 1.107762208874435883e+00
2.884509675174826843e-02 1.107547566486600132e+00
2.901182171845980567e-02 1.110266370065853714e+00
2.917951035725619563e-02 1.113722112510010520e+00
2.934816823817239240e-02 1.108785337589786479e+00
2.951780096343814899e-02 1.092951884113763761e+00
2.968841416766421215e-02 1.071816763658196114e+00
2.986001351802944001e-02 1.048828563920979340e+00
3.003260471446899879e-02 1.026999433078075841e+00
3.020619348986378766e-02 1.007674463426590172e+00
3.038078561023081769e-02 9.910611426080974118e-01
3.055638687491469066e-02 9.749343445353656490e-01
3.073300311678033025e-02 9.576842512996265322e-01
3.091064020240668481e-02 9.402910631386633966e-01
3.108930403228154019e-02 9.233486239921555594e-01
3.126900054099761295e-02 9.074507777997820046e-01
3.144973569744963920e-02 8.928550954269458551e-01
3.163151550503255638e-02 8.798692309628783903e-01
3.181434600184106232e-02 8.686720530641094395e-01
3.199823326087009728e-02 8.590703835815868272e-01
3.218318339021652985e-02 8.509497465751314493e-01
3.236920253328214730e-02 8.443673800148328024e-01
3.255629686897762443e-02 8.394162956020864153e-01
3.274447261192782455e-02 8.362252787695937384e-01
3.293373601267822470e-02 8.340430811599295335e-01
3.312409335790250653e-02 8.314888367446832129e-01
3.331555097061136145e-02 8.286197834939443840e-01
3.350811521036261426e-02 8.261084675562652135e-01
3.370179247347232510e-02 8.248420774680339518e-01
3.389658919322740410e-02 8.253786834376233283e-01
3.409251184009919750e-02 8.260226106011309133e-01
3.428956692195841288e-02 8.231893310816980058e-01
3.448776098429136294e-02 8.168287616554964492e-01
3.468710061041735404e-02 8.087295888878245353e-01
3.488759242170727526e-02 8.002941430458765382e-01
3.508924307780367929e-02 7.926814930239659551e-01
3.529205927684192501e-02 7.861992929113239548e-01
3.549604775567258980e-02 7.804540316635850683e-01
3.570121529008542238e-02 7.755673399671894064e-01
3.590756869503420462e-02 7.719327288665027709e-01
3.611511482486330638e-02 7.697719954956221411e-01
3.632386057353523962e-02 7.692783180035998036e-01
3.653381287485973905e-02 7.689277354368011519e-01
3.674497870272393912e-02 7.663949552603385174e-01
3.695736507132423021e-02 7.621378812349279830e-01
3.717097903539903075e-02 7.575516888815024830e-01
3.738582769046329413e-02 7.536165784378455745e-01
3.760191817304411876e-02 7.510480245300769075e-01
3.781925766091774610e-02 7.482505187419500325e-01
3.803785337334809891e-02 7.434639934932110172e-01
3.825771257132654091e-02 7.375613278277258766e-01
3.847884255781295476e-02 7.312866153566585092e-01
3.870125067797849233e-02 7.255485088551808515e-01
3.892494431944945599e-02 7.207190551288746860e-01
3.914993091255265789e-02 7.167624804464344246e-01
3.937621793056233360e-02 7.140036102881178737e-01
3.960381288994833243e-02 7.130813634950499136e-01
3.983272335062570252e-02 7.144300331652850833e-01
4.006295691620595512e-02 7.181791202061508228e-01
4.029452123424955012e-02 7.198533308312702328e-01
4.052742399651988042e-02 7.169341943567030251e-01
4.076167293923887297e-02 7.126084347671849395e-01
4.099727584334383890e-02 7.084136070342468283e-01
4.123424053474603751e-02 7.060224908337556782e-01
4.147257488459059338e-02 7.053728398732392879e-01
4.171228680951784978e-02 7.050058013900400988e-01
4.195338427192649156e-02 7.048469660230415323e-01
4.219587528023795858e-02 7.055796120401879312e-01
4.243976788916238585e-02 7.082511942941176475e-01
4.268507019996626434e-02 7.123630269704259721e-01
4.293179036074151744e-02 7.170558250431433578e-01
4.317993656667604152e-02 7.229584907086284984e-01
4.342951706032609216e-02 7.305997597155838852e-01
4.368054013188996804e-02 7.404518453172482806e-01
4.393301411948334623e-02 7.543177435714426560e-01
4.418694740941636612e-02 7.742007834313013870e-01
4.444234843647213579e-02 8.006232613738913928e-01
4.469922568418681352e-02 8.361608860532430132e-01
4.495758768513159753e-02 8.810998473198037306e-01
4.521744302119593689e-02 9.192704186232747432e-01
4.547880032387276866e-02 9.296161817169615871e-01
4.574166827454511502e-02 9.169665903271703167e-01
4.600605560477452616e-02 8.947439484399010157e-01
4.627197109659098723e-02 8.790822088741470086e-01
4.653942358278480296e-02 8.726644014778557334e-01
4.680842194719982141e-02 8.721349502545274746e-01
4.707897512502866311e-02 8.762417746084528725e-01
4.735109210310945588e-02 8.849491008083263388e-01
4.762478192022426976e-02 8.936492722619383544e-01
4.790005366739954334e-02 8.973697403177592902e-01
4.817691648820784933e-02 8.981138339289235217e-01
4.845537957907175564e-02 8.979278105261325749e-01
4.873545218956924774e-02 8.994660809722893058e-01
4.901714362274099679e-02 9.031221563117595164e-01
4.930046323539925834e-02 9.086957036492298023e-01
4.958542043843887359e-02 9.167519479393344550e-01
4.987202469714965836e-02 9.278131856591407267e-01
5.016028553153097091e-02 9.409278355559096418e-01
5.045021251660784106e-02 9.554018872423055697e-01
5.074181528274907677e-02 9.717862561804402333e-01
5.103510351598705003e-02 9.903385132357166443e-01
5.133008695833959217e-02 1.009620554409635051e+00
5.162677540813340182e-02 1.030090283462911538e+00
5.192517872032970105e-02 1.054037219199128517e+00
5.222530680685147364e-02 1.082234074214494912e+00
5.252716963691266006e-02 1.104971857832570015e+00
5.283077723734942721e-02 1.114781014956667260e+00
5.313613969295318679e-02 1.119732099369413758e+00
5.344326714680543849e-02 1.127709641450645117e+00
5.375216980061491706e-02 1.144437438209317204e+00
5.406285791505632127e-02 1.168427302423101333e+00
5.437534181011107609e-02 1.199743626808348340e+00
5.468963186541032917e-02 1.236912533635252220e+00
5.500573852057948770e-02 1.263563963458200545e+00
5.532367227558519784e-02 1.271448493838036820e+00
5.564344369108398941e-02 1.267964132408835098e+00
5.596506338877313413e-02 1.246642988550476394e+00
5.628854205174332881e-02 1.197640131407557318e+00
5.661389042483377931e-02 1.131566049685428954e+00
5.694111931498885282e-02 1.064676326889524294e+00
5.727023959161724881e-02 1.004554994056709560e+00
5.760126218695296035e-02 9.531266779312457249e-01
5.793419809641841417e-02 9.094684162454387266e-01
5.826905837898961604e-02 8.729577460745647777e-01
5.860585415756369709e-02 8.419133020472432394e-01
5.894459661932811845e-02 8.150615393289813992e-01
5.928529701613251268e-02 7.931608610234660572e-01
5.962796666486229469e-02 7.762398861157416841e-01
5.997261694781454155e-02 7.638192466063086217e-01
6.031925931307623168e-02 7.568505237479054015e-01
6.066790527490428103e-02 7.577234027917710835e-01
6.101856641410823012e-02 7.623167498914578122e-01
6.137125437843479747e-02 7.581312233286591207e-01
6.172598088295483398e-02 7.444084199996887641e-01
6.208275771045231733e-02 7.315871146996286711e-01
6.244159671181598315e-02 7.239887741702404345e-01
6.280250980643269088e-02 7.196243789509120248e-01
6.316550898258359303e-02 7.184653100565986383e-01
6.353060629784218483e-02 7.190734634888000798e-01
6.389781387947492119e-02 7.183508341164195343e-01
6.426714392484385308e-02 7.170057418193149790e-01
6.463860870181208085e-02 7.169842775805314039e-01
6.501222054915094251e-02 7.187801188920911466e-01
6.538799187695008841e-02 7.226866103507031402e-01
6.576593516702965159e-02 7.274731355994420445e-01
6.614606297335466623e-02 7.312866153566585092e-01
6.652838792245242827e-02 7.349212264573452558e-01
6.691292271383147972e-02 7.401298817354945436e-01
6.729968012040381253e-02 7.475851273396589836e-01
6.768867298890894613e-02 7.578808072095174486e-01
6.807991424034069705e-02 7.712530279716893755e-01
6.847341687037629410e-02 7.854838182852046380e-01
6.886919394980822728e-02 7.992209311066974520e-01
6.926725862497820629e-02 8.130796746146305987e-01
6.966762411821400547e-02 8.222305950826980236e-01
7.007030372826857090e-02 8.238547224839889438e-01
7.047531083076181979e-02 8.226813440971532110e-01
7.088265887862478520e-02 8.216510606355412749e-01
7.129236140254673060e-02 8.215508941878845173e-01
7.170443201142430445e-02 8.238547224839889438e-01
7.211888439281383123e-02 8.279400825991308777e-01
7.253573231338585059e-02 8.329484049819668723e-01
7.295498961938230720e-02 8.400745322581163466e-01
7.337667023707672431e-02 8.498336061583852130e-01
7.380078817323644513e-02 8.625833639958332411e-01
7.422735751558823258e-02 8.783452700092441168e-01
7.465639243328600627e-02 8.960532670056996496e-01
7.508790717738160481e-02 9.161080207758269811e-01
7.552191608129793510e-02 9.374363193804468031e-01
7.595843356130543844e-02 9.569258481959399543e-01
7.639747411700059665e-02 9.754637957586940189e-01
7.683905233178781047e-02 9.955972517376945330e-01
7.728318287336367887e-02 1.018771474877702587e+00
7.772988049420428980e-02 1.046932556161762840e+00
7.817916003205507836e-02 1.075444220012621743e+00
7.863103641042397396e-02 1.093581501784748999e+00
7.908552463907676799e-02 1.105565701772249110e+00
7.954263981453599253e-02 1.119410135787660021e+00
8.000239712058217212e-02 1.137017966336458796e+00
8.046481182875830918e-02 1.153695679871302504e+00
8.092989929887701994e-02 1.161522972281049171e+00
8.139767497953076525e-02 1.161401341594608727e+00
8.186815440860513438e-02 1.149088023279093651e+00
8.234135321379483508e-02 1.127037095302092951e+00
8.281728711312283386e-02 1.107640578187995439e+00
8.329597191546232737e-02 1.095327259872480363e+00
8.377742352106211376e-02 1.090369020713472858e+00
8.426165792207447602e-02 1.093202300232905655e+00
8.474869120308657633e-02 1.102989993118219214e+00
8.523853954165466762e-02 1.116183345223861423e+00
8.573121920884146929e-02 1.127301820913757302e+00
8.622674656975649887e-02 1.135393838935167876e+00
8.672513808409994251e-02 1.131115300670973767e+00
8.722641030670905127e-02 1.112026437646107535e+00
8.773057988810836760e-02 1.083872511108308290e+00
8.823766357506258873e-02 1.048170327264949409e+00
8.874767821113291322e-02 1.011888608974433668e+00
8.926064073723644077e-02 9.810087241111195011e-01
8.977656819220893036e-02 9.594443188798802424e-01
9.029547771337091688e-02 9.457501345359545786e-01
9.081738653709675591e-02 9.386812452298946008e-01
9.134231199938727674e-02 9.375007120967975283e-01
9.187027153644546085e-02 9.378369851710738336e-01
9.240128268525588107e-02 9.397401476765513406e-01
9.293536308416693037e-02 9.396757549602006154e-01
9.347253047347692245e-02 9.347604442787602608e-01
9.401280269602330097e-02 9.240784081107972225e-01
9.455619769777530437e-02 9.101838908715581544e-01
9.510273352842993355e-02 9.004749001951175558e-01
9.565242834201181932e-02 8.957026844389011089e-01
9.620530039747586526e-02 8.968903723182594101e-01
9.676136805931405405e-02 9.065707440096550940e-01
9.732064979816532069e-02 9.250800725873645769e-01
9.788316419142908953e-02 9.388601138864244300e-01
9.844892992388228070e-02 9.387599474387677834e-01
9.901796578830000806e-02 9.307323221337078234e-01
9.959029068607995472e-02 9.208802365320435390e-01
1.001659236278700377e-01 9.154927125973643109e-01
1.007448837341998471e-01 9.133605982115284849e-01
1.013271902361159299e-01 9.140760728376478017e-01
1.019128624758204177e-01 9.171454589837001459e-01
1.025019199073136378e-01 9.263106889442899172e-01
1.030943820970401520e-01 9.424875702408499478e-01
1.036902687245389171e-01 9.557882435404100319e-01
1.042895995830967204e-01 9.546434841386188808e-01
1.048923945804057928e-01 9.452349928051485550e-01
1.054986737392250712e-01 9.347032063086706533e-01
1.061084571980452224e-01 9.296519554482675085e-01
1.067217652117575799e-01 9.296734196870511946e-01
1.073386181523270227e-01 9.330433051760737007e-01
1.079590365094685589e-01 9.388243401551186196e-01
1.085830408913279893e-01 9.468591202064395862e-01
1.092106520251663743e-01 9.560529691520741613e-01
1.098418907580486492e-01 9.647889143369923204e-01
1.104767780575359459e-01 9.726662899705670329e-01
1.111153350123821049e-01 9.800213691270747152e-01
1.117575828332342536e-01 9.825326850647538857e-01
1.124035428533372433e-01 9.835415042875822467e-01
1.130532365292423180e-01 9.831122195119106344e-01
1.137066854415197809e-01 9.847506564057241230e-01
1.143639112954759340e-01 9.906962505487764137e-01
1.150249359218739331e-01 9.983303648094706828e-01
1.156897812776589568e-01 1.000562645642963266e+00
1.163584694466876512e-01 1.005957324323903723e+00
1.170310226404614878e-01 1.015802255179306890e+00
1.177074631988646730e-01 1.027936704838292359e+00
1.183878135909062629e-01 1.038067825544143341e+00
1.190720964154663303e-01 1.042875815031665709e+00
1.197603344020467531e-01 1.045465833178218062e+00
1.204525504115261381e-01 1.047032722609419597e+00
1.211487674369193246e-01 1.047848363683195672e+00
1.218490086041408849e-01 1.046553354609919495e+00
1.225532971727734816e-01 1.042081638196673099e+00
1.232616565368404721e-01 1.036987458858702915e+00
1.239741102255828148e-01 1.033660501847247559e+00
1.246906819042407494e-01 1.032315409550143004e+00
1.254113953748399735e-01 1.030362163820837118e+00
1.261362745769819826e-01 1.025446853139396541e+00
1.268653435886395453e-01 1.016224385208717385e+00
1.275986266269562852e-01 1.005435027846836471e+00
1.283361480490512463e-01 9.954899305437765467e-01
1.290779323528278288e-01 9.892152180727092903e-01
1.298240041777875831e-01 9.884353507302390263e-01
1.305743883058487209e-01 9.905245366385078132e-01
1.313291096621690413e-01 9.928283649346123507e-01
1.320881933159741561e-01 9.963842738264258037e-01
1.328516644813900749e-01 1.003624877042754271e+00
1.336195485182806453e-01 1.015251339717194945e+00
1.343918709330900185e-01 1.028451846569098160e+00
1.351686573796898327e-01 1.037602767037165474e+00
1.359499336602315311e-01 1.039040871035665559e+00
1.367357257260030934e-01 1.036071651337270083e+00
1.375260596782912625e-01 1.033152514862702764e+00
1.383209617692485738e-01 1.031471149491322237e+00
1.391204584027652402e-01 1.027743526689239850e+00
1.399245761353461737e-01 1.017540858520777025e+00
1.407333416769932510e-01 9.990100657042840782e-01
1.415467818920924381e-01 9.735391690144327148e-01
1.423649238003061035e-01 9.458717652223948003e-01
1.431877945774705507e-01 9.184118490719314076e-01
1.440154215564987683e-01 8.906156598471921537e-01
1.448478322282882313e-01 8.632845291294302115e-01
1.456850542426340045e-01 8.390585582890266458e-01
1.465271154091474515e-01 8.194259345483098089e-01
1.473740436981796631e-01 8.033849934307124574e-01
1.482258672417506584e-01 7.850831524945776074e-01
1.490826143344838317e-01 7.635545209946443812e-01
1.499443134345459228e-01 7.430633277025842087e-01
1.508109931645919832e-01 7.239315362001509380e-01
1.516826823127164214e-01 7.059860016278236561e-01
1.525594098334091819e-01 6.900480888563874649e-01
1.534412048485173929e-01 6.770407601535364250e-01
1.543280966482127869e-01 6.657999383025742235e-01
1.552201146919646169e-01 6.571248084608762863e-01
1.561172886095181789e-01 6.523332748897545663e-01
1.570196482018790252e-01 6.489877155380200380e-01
1.579272234423027277e-01 6.470945696773080513e-01
1.588400444772908315e-01 6.467819072656938451e-01
1.597581416275917487e-01 6.473478476949544591e-01
1.606815453892082024e-01 6.510375503418522891e-01
1.616102864344102497e-01 6.574389018217426939e-01
1.625443956127538836e-01 6.637035976480443189e-01
1.634839039521058524e-01 6.694409886748959870e-01
1.644288426596743347e-01 6.754545529074296173e-01
1.653792431230455828e-01 6.810760370448499801e-01
1.663351369112262834e-01 6.839064546657783739e-01
1.672965557756923849e-01 6.815403800772014131e-01
1.682635316514438095e-01 6.779787473883789328e-01
1.692360966580649384e-01 6.773977819919699828e-01
1.702142831007917856e-01 6.824576185478865575e-01
1.711981234715850009e-01 6.870309323580418015e-01
1.721876504502090899e-01 6.811325595403133759e-01
1.731828969053178791e-01 6.665397390659817400e-01
1.741838958955464201e-01 6.460335208067730095e-01
1.751906806706090836e-01 6.186902270203672449e-01
1.762032846724038426e-01 5.895067324955821642e-01
1.772217415361232173e-01 5.667696643521331623e-01
1.782460850913716033e-01 5.542552976666783593e-01
1.792763493632887617e-01 5.499932153188850092e-01
1.803125685736800821e-01 5.491096041556274843e-01
1.813547771421535060e-01 5.498909024473499496e-01
1.824030096872625850e-01 5.475691872855923403e-01
1.834573010276564775e-01 5.424828781685094858e-01
1.845176861832364401e-01 5.439946760534998260e-01
1.855842003763193415e-01 5.582011402297269997e-01
1.866568790328071992e-01 5.797662609355923591e-01
1.877357577833641822e-01 5.948892481078785766e-01
1.888208724646001924e-01 5.992057065272570204e-01
1.899122591202609955e-01 5.995906318761091702e-01
1.910099540024255971e-01 6.044265248740504637e-01
1.921139935727104175e-01 6.160823220081619311e-01
1.932244145034804905e-01 6.303517479514875177e-01
1.943412536790674328e-01 6.410237674746848135e-01
1.954645481969946030e-01 6.501696796203693118e-01
1.965943353692096995e-01 6.597556086611173765e-01
1.977306527233236300e-01 6.647546298738137294e-01
1.988735380038573475e-01 6.645700374202749838e-01
2.000230291734956534e-01 6.615857927547308392e-01
2.011791644143479663e-01 6.543244407742448976e-01
2.023419821292166965e-01 6.427158649654572953e-01
2.035115209428728922e-01 6.290653245737248822e-01
2.046878197033392410e-01 6.139545004700827091e-01
2.058709174831803157e-01 5.977504311377300761e-01
2.070608535808005912e-01 5.822174770046775194e-01
2.082576675217497619e-01 5.679387498912122911e-01
2.094613990600355524e-01 5.539283257625418067e-01
2.106720881794442723e-01 5.409853897760414920e-01
2.118897750948690872e-01 5.308385286284158511e-01
2.131145002536455058e-01 5.257221695770358805e-01
2.143463043368951104e-01 5.297674631131151779e-01
2.155852282608767823e-01 5.399865871979787624e-01
2.168313131783459469e-01 5.424649913028564141e-01
2.180846004799212312e-01 5.368864356430033125e-01
2.193451317954595303e-01 5.351635727433078360e-01
2.206129489954388734e-01 5.370917768606996434e-01
2.218880941923488948e-01 5.378881001195705558e-01
2.231706097420899648e-01 5.393054553539130547e-01
2.244605382453801201e-01 5.423526617865557231e-01
2.257579225491697927e-01 5.385584998442444205e-01
2.270628057480653939e-01 5.299298758532442477e-01
2.283752311857605299e-01 5.238354629879590219e-01
2.296952424564759343e-01 5.213670755278471125e-01
2.310228834064072811e-01 5.223572924103963011e-01
2.323581981351817149e-01 5.259747321200560766e-01
2.337012309973229007e-01 5.270708392472710502e-01
2.350520266037238737e-01 5.237510369820769229e-01
2.364106298231291869e-01 5.103380341662161479e-01
2.377770857836252472e-01 4.756260672054064553e-01
2.391514398741393099e-01 4.338938632131129625e-01
2.405337377459470793e-01 3.977216125403933988e-01
2.419240253141889951e-01 3.684093325829069787e-01
2.433223487593957901e-01 3.463040285343214064e-01
2.447287545290218747e-01 3.308969979354657864e-01
2.461432893389885190e-01 3.221603372759215267e-01
2.475660001752356676e-01 3.185371737692528349e-01
2.489969342952823017e-01 3.173516323137729467e-01
2.504361392297964617e-01 3.172020981169139664e-01
2.518836627841739007e-01 3.187446614108274123e-01
2.533395530401260642e-01 3.215550457422245434e-01
2.548038583572773130e-01 3.239991070650484750e-01
2.562766273747711931e-01 3.265647990743126838e-01
2.577579090128856998e-01 3.291362148805859200e-01
2.592477524746588102e-01 3.299289607663262180e-01
2.607462072475227322e-01 3.296284614233560561e-01
2.622533231049470337e-01 3.304591274642806886e-01
2.637691501080930423e-01 3.329754517243426748e-01
2.652937386074759596e-01 3.346990300986643629e-01
2.668271392446371348e-01 3.334734220641218383e-01
2.683694029538270520e-01 3.301858161571030736e-01
2.699205809636965880e-01 3.272516547153873079e-01
2.714807247989985406e-01 3.263329852954500176e-01
2.730498862822996475e-01 3.293064978416023747e-01
2.746281175357012105e-01 3.373062196362435206e-01
2.762154709825712651e-01 3.491802365313214085e-01
2.778119993492854656e-01 3.590609411180306632e-01
2.794177556669779627e-01 3.660947721674106536e-01
2.810327932733039380e-01 3.742504674305459078e-01
2.826571658142107979e-01 3.798082743262415906e-01
2.842909272457196934e-01 3.819811707657662092e-01
2.859341318357184192e-01 3.820484253806214481e-01
2.875868341657639160e-01 3.796000712100408014e-01
2.892490891328946545e-01 3.732395017838391338e-01
2.909209519514548425e-01 3.648934902701561067e-01
2.926024781549284581e-01 3.608682300236082385e-01
2.942937235977828858e-01 3.610299272891113187e-01
2.959947444573255426e-01 3.594651842817880860e-01
2.977055972355692748e-01 3.555501071276626068e-01
2.994263387611086902e-01 3.497719340471222016e-01
3.011570261910088142e-01 3.452351094428989797e-01
3.028977170127025720e-01 3.460557588390579253e-01
3.046484690459013711e-01 3.534287248612185128e-01
3.064093404445150659e-01 3.642810439901978947e-01
3.081803896985833569e-01 3.779966925729071336e-01
3.099616756362194026e-01 3.939489148368657823e-01
3.117532574255635347e-01 4.111045654219571688e-01
3.135551945767480198e-01 4.317424310123718079e-01
3.153675469438748658e-01 4.527916945128051540e-01
3.171903747270033436e-01 4.621243455359068664e-01
3.190237384741493876e-01 4.600237120336203023e-01
3.208676990832974307e-01 4.542369532575663560e-01
3.227223178044230090e-01 4.474821573123729523e-01
3.245876562415266342e-01 4.376801549345369358e-01
3.264637763546810456e-01 4.215340390469000109e-01
3.283507404620888970e-01 3.994194338281748524e-01
3.302486112421523790e-01 3.762487880612974123e-01
3.321574517355558864e-01 3.590187281150895582e-01
3.340773253473591775e-01 3.496388557666639807e-01
3.360082958491044103e-01 3.475983221329714268e-01
3.379504273809338932e-01 3.533500226523453858e-01
3.399037844537201591e-01 3.670506462679061777e-01
3.418684319512097503e-01 3.837605561609251925e-01
3.438444351321779946e-01 3.979942083729449687e-01
3.458318596325960503e-01 4.107854637387078900e-01
3.478307714678123830e-01 4.245690824108985795e-01
3.498412370347446232e-01 4.420753155627885067e-01
3.518633231140849693e-01 4.631639301676583331e-01
3.538970968725191901e-01 4.844757728558775622e-01
3.559426258649572294e-01 5.026602759533287390e-01
3.579999780367765227e-01 5.070411270890579081e-01
3.600692217260801353e-01 4.908012840253992981e-01
3.621504256659661136e-01 4.586077877485298937e-01
3.642436589868098817e-01 4.283038599592419171e-01
3.663489912185618480e-01 4.086168601469399309e-01
3.684664922930561692e-01 4.038739788503943329e-01
3.705962325463332818e-01 4.094854463430489533e-01
3.727382827209774208e-01 4.091069602658317650e-01
3.748927139684648524e-01 3.976006973285792223e-01
3.770595978515288715e-01 3.841855480888401453e-01
3.792390063465359562e-01 3.763153272015265505e-01
3.814310118458763554e-01 3.747720484329869484e-01
3.836356871603694985e-01 3.780410519997265961e-01
3.858531055216822825e-01 3.827324191231916140e-01
3.880833405847607942e-01 3.840660638262781701e-01
3.903264664302779630e-01 3.830472279586841222e-01
3.925825575670940371e-01 3.798869765351147176e-01
3.948516889347303827e-01 3.787944467810303584e-01
3.971339359058604912e-01 3.829713876483155088e-01
3.994293742888124776e-01 3.883524723113596644e-01
4.017380803300868997e-01 3.923433897758537570e-01
4.040601307168905088e-01 3.975992663793270765e-01
4.063956025796829352e-01 4.038153099310525795e-01
4.087445734947380283e-01 4.031134293228293974e-01
4.111071214867221824e-01 3.969116952636262963e-01
4.134833250312844322e-01 4.005770717732360930e-01
4.158732630576643108e-01 4.121591750208572491e-01
4.182770149513134750e-01 4.102882088735549382e-01
4.206946605565314856e-01 3.964559379267881822e-01
4.231262801791195738e-01 3.811261785875535435e-01
4.255719545890473410e-01 3.722077873729749964e-01
4.280317650231349469e-01 3.758273735065130738e-01
4.305057931877529498e-01 3.881135037862357140e-01
4.329941212615355806e-01 3.948081998628351630e-01
4.354968318981098929e-01 3.971528102126285487e-01
4.380140082288422887e-01 3.997077701025009699e-01
4.405457338655994204e-01 4.019286033419756654e-01
4.430920929035247480e-01 4.050065751835413286e-01
4.456531699238333033e-01 4.125791586263893307e-01
4.482290499966203323e-01 4.264164378955388468e-01
4.508198186836865351e-01 4.347545791883346000e-01
4.534255620413813470e-01 4.386918360558697549e-01
4.560463666234608748e-01 4.448763987240460516e-01
4.586823194839622087e-01 4.529662703215782682e-01
4.613335081800964965e-01 4.585619973724582854e-01
4.640000207751556194e-01 4.561358229152873145e-01
4.666819458414390720e-01 4.433202414122363044e-01
4.693793724631949438e-01 4.259692662542142738e-01
4.720923902395786631e-01 4.117606556541086871e-01
4.748210892876304490e-01 4.070585564112518817e-01
4.775655602452679171e-01 4.172726721737327060e-01
4.803258942742961168e-01 4.474671323452244498e-01
4.831021830634371073e-01 4.888723644333813345e-01
4.858945188313745223e-01 5.042135713666339170e-01
4.887029943298164536e-01 4.985491587516465151e-01
4.915277028465775411e-01 4.976769951824069338e-01
4.943687382086768833e-01 4.991845002196405034e-01
4.972261947854541564e-01 5.009610237162951396e-01
5.001001674917054940e-01 5.106921941061453030e-01
5.029907517908354109e-01 5.181159588267604255e-01
5.058980436980275996e-01 5.157656246799580124e-01
5.088221397834349347e-01 5.073437728559063720e-01
5.117631371753864622e-01 5.001460981171450548e-01
5.147211335636141527e-01 4.900471737694694352e-01
5.176962272024980827e-01 4.778812432269348154e-01
5.206885169143288250e-01 4.796162691952744472e-01
5.236981020925914887e-01 4.862465725555231155e-01
5.267250827052667450e-01 4.944587903141217655e-01
5.297695592981502832e-01 5.028248351173361108e-01
5.328316329981945820e-01 5.045684467811891727e-01
5.359114055168668900e-01 5.082109281027631376e-01
5.390089791535270791e-01 5.094887657850124540e-01
5.421244567988269258e-01 4.935665934553509215e-01
5.452579419381275994e-01 4.685958135291569682e-01
5.484095386549359130e-01 4.591730127031642961e-01
5.515793516343632241e-01 4.696232350922644461e-01
5.547674861666017643e-01 4.833775193047841756e-01
5.579740481504216199e-01 4.954761952324636121e-01
5.611991440966896949e-01 4.929698876171672572e-01
5.644428811319066597e-01 4.677193571121607274e-01
5.677053670017649933e-01 4.408311051879668652e-01
5.709867100747291202e-01 4.206489969343902291e-01
5.742870193456336425e-01 4.113914707470310850e-01
5.776064044393048880e-01 4.104620692077018962e-01
5.809449756142023302e-01 4.138076285594363690e-01
5.843028437660793273e-01 4.200751862842424522e-01
5.876801204316687288e-01 4.286150914216038665e-01
5.910769177923870243e-01 4.380572100625018117e-01
5.944933486780595855e-01 4.440514564801303354e-01
5.979295265706701112e-01 4.411802568055131490e-01
6.013855656081297241e-01 4.271741255245993796e-01
6.048615805880666052e-01 4.153001086295214916e-01
6.083576869716416091e-01 4.106817199179205735e-01
6.118740008873820857e-01 4.109013706281392508e-01
6.154106391350390171e-01 4.121584595462310929e-01
6.189677191894675801e-01 4.146254160570908565e-01
6.225453592045292472e-01 4.180253514804103121e-01
6.261436780170150929e-01 4.300467561484688228e-01
6.297627951505950783e-01 4.511754373324013967e-01
6.334028308197864332e-01 4.667219854833502546e-01
6.370639059339481269e-01 4.759015249364624278e-01
6.407461421012968783e-01 4.840672368443633133e-01
6.444496616329448146e-01 4.953466943251360055e-01
6.481745875469649976e-01 5.062512431018220127e-01
6.519210435724759334e-01 5.036590785313913576e-01
6.556891541537508417e-01 4.854380862280081588e-01
6.594790444543533470e-01 4.649011025598763225e-01
6.632908403612935988e-01 4.482656020279737197e-01
6.671246684892090384e-01 4.382625512801980872e-01
6.709806561845721440e-01 4.378947973223726864e-01
6.748589315299192704e-01 4.533619277898223721e-01
6.787596233481042463e-01 4.868697509548731150e-01
6.826828612065795054e-01 5.166814322013909555e-01
6.866287754216984229e-01 5.171715323202827896e-01
6.905974970630435195e-01 5.148526790570296940e-01
6.945891579577818664e-01 5.065882316507243077e-01
6.986038906950429173e-01 4.794066351298214568e-01
7.026418286303216520e-01 4.468768657786759135e-01
7.067031058899108098e-01 4.066764929609040791e-01
7.107878573753529938e-01 3.701100157691928350e-01
7.148962187679240854e-01 3.467869739069519563e-01
7.190283265331394169e-01 3.398754890186383992e-01
7.231843179252852583e-01 3.499364932111296844e-01
7.273643309919801681e-01 3.807126342536564789e-01
7.315685045787596597e-01 4.201116754901745298e-01
7.357969783336865133e-01 4.335754770044897843e-01
7.400498927119919523e-01 4.487714425886401570e-01
7.443273889807401344e-01 4.738502591833780309e-01
7.486296092235191768e-01 4.735225718046153220e-01
7.529566963451627126e-01 4.714469799142428919e-01
7.573087940764960946e-01 4.634293712539486743e-01
7.616860469791092436e-01 4.633478071465710890e-01
7.660886004501606950e-01 4.732621390407078521e-01
7.705166007272060691e-01 4.713210563800458996e-01
7.749701948930545203e-01 4.382339322951532834e-01
7.794495308806568268e-01 4.174830217138117971e-01
7.839547574780165728e-01 4.070864599216704738e-01
7.884860243331343055e-01 4.012074049188472658e-01
7.930434819589780027e-01 4.011015146741815918e-01
7.976272817384808533e-01 3.973345407676628360e-01
8.022375759295721220e-01 3.930180823482843366e-01
8.068745176702336597e-01 3.990144751897912734e-01
8.115382609835852801e-01 4.126621536830191728e-01
8.162289607830032212e-01 4.191228895568774870e-01
8.209467728772645856e-01 4.154746844382946058e-01
8.256918539757219788e-01 4.076617015210705075e-01
8.304643616935105666e-01 4.048699195299525488e-01
8.352644545567829981e-01 4.083256619741093552e-01
8.400922920079733069e-01 4.082383740697227981e-01
8.449480344110958940e-01 4.085674923977377637e-01
8.498318430570707127e-01 4.054358599592129964e-01
8.547438801690798726e-01 3.967156552160695515e-01
8.596843089079587719e-01 4.018534785062330972e-01
8.646532933776126528e-01 4.208858190356357665e-01
8.696509986304700179e-01 4.234600967404134608e-01
8.746775906729644667e-01 4.072424333901645266e-01
8.797332364710471753e-01 3.932112604973366232e-01
8.848181039557355687e-01 3.875647347480021820e-01
8.899323620286901937e-01 3.902184301362790486e-01
8.950761805678236760e-01 4.050380560670906460e-01
9.002497304329459826e-01 4.372709034483965862e-01
9.054531834714387717e-01 4.755158841129840663e-01
9.106867125239620497e-01 5.192077731062185730e-01
9.159504914301977996e-01 5.498150621369812807e-01
9.212446950346235841e-01 5.502643802021842667e-01
9.265694991923183466e-01 5.374409284782458718e-01
9.319250807748065135e-01 5.348501948570675291e-01
9.373116176759319629e-01 5.259768785439344896e-01
9.427292888177655206e-01 4.961673437212949511e-01
9.481782741565508710e-01 4.687932845259659698e-01
9.536587546886805544e-01 4.483464506607252043e-01
9.591709124567069367e-01 4.345156106632107051e-01
9.647149305553922582e-01 4.204186141047797642e-01
9.702909931377862174e-01 4.116347321199116949e-01
9.758992854213467405e-01 4.049708014522354071e-01
9.815399936940907288e-01 3.963135584761904306e-01
9.872133053207802211e-01 3.858805074781170297e-01
9.929194087491489684e-01 3.753859256621974172e-01
9.986584935161608723e-01 3.714365057260182179e-01
1.004430750254303728e+00 3.820255301925856717e-01
1.010236370697924935e+00 4.052941959832414009e-01
1.016075547689597958e+00 4.446653337093408043e-01
1.021948475186527761e+00 4.693864129910189642e-01
1.027855348266994762e+00 4.714684441530265224e-01
1.033796363136834096e+00 4.727698924979377160e-01
1.039771717135951290e+00 4.684162293980010383e-01
1.045781608744880131e+00 4.617494368318202924e-01
1.051826237591374280e+00 4.552972866534753527e-01
1.057905804457035748e+00 4.686916871290570108e-01
1.064020511283988890e+00 4.784629240979699771e-01
1.070170561181583713e+00 4.767472159445355073e-01
1.076356158433145582e+00 4.564871209567119559e-01
1.082577508502760022e+00 4.297834614860568392e-01
1.088834818042095476e+00 4.171174141798647539e-01
1.095128294897270704e+00 4.135014054194572353e-01
1.101458148115757263e+00 4.276019793510187350e-01
1.107824587953321727e+00 4.561658728495843196e-01
1.114227825881013212e+00 4.715750498723182416e-01
1.120668074592185315e+00 4.758514417126340490e-01
1.127145548009560017e+00 4.823780012520954008e-01
1.133660461292336441e+00 4.976970284719382520e-01
1.140213030843336250e+00 4.736871309686227494e-01
1.146803474316190341e+00 4.139249663981199312e-01
1.153432010622570836e+00 3.727565564112085839e-01
1.160098859939462601e+00 3.502126664168117576e-01
1.166804243716473621e+00 3.549770119521409861e-01
1.173548384683194445e+00 3.707725452729794258e-01
1.180331506856595603e+00 3.836167457610752396e-01
1.187153835548465874e+00 4.001320465557897665e-01
1.194015597372901416e+00 4.254004639264493126e-01
1.200917020253827294e+00 4.588689359870635198e-01
1.207858333432573428e+00 4.811237742325080724e-01
1.214839767475487387e+00 4.786103118709504889e-01
1.221861554281590267e+00 4.680756634759681845e-01
1.228923927090283863e+00 4.386281588141451304e-01
1.236027120489096909e+00 4.035720485581719696e-01
1.243171370421473965e+00 3.900588792946544370e-01
1.250356914194617142e+00 3.853532026786670173e-01
1.257583990487367132e+00 3.860393428451155962e-01
1.264852839358128644e+00 3.831824526630207561e-01
1.272163702252848472e+00 3.806618355552019994e-01
1.279516822013033517e+00 3.847049826674028838e-01
1.286912442883815677e+00 3.846577613420789632e-01
1.294350810522067352e+00 3.889291448600118994e-01
1.301832172004561583e+00 4.022870561296614245e-01
1.309356775836174380e+00 4.175896274331036273e-01
1.316924871958146337e+00 4.240446395099529697e-01
1.324536711756377994e+00 4.244882337781470394e-01
1.332192548069784932e+00 4.324528973161084200e-01
1.339892635198694837e+00 4.466107092177595272e-01
1.347637228913291185e+00 4.596974556041097948e-01
1.355426586462114891e+00 4.863309985614051589e-01
1.363260966580605249e+00 4.927116012771381448e-01
1.371140629499693731e+00 4.601152927857635189e-01
1.379065836954451285e+00 4.265108805461866326e-01
1.387036852192779834e+00 4.064296542148929103e-01
1.395053939984155722e+00 4.243737578379679354e-01
1.403117366628427343e+00 4.493552698835536208e-01
1.411227399964658957e+00 4.248731591269993002e-01
1.419384309380025577e+00 3.892461001193828207e-01
1.427588365818764915e+00 3.746733129345825031e-01
1.435839841791175742e+00 3.637401451728516366e-01
1.444139011382666204e+00 3.446684535390123760e-01
1.452486150262864761e+00 3.415303818288525917e-01
1.460881535694769973e+00 3.608317408176761609e-01
1.469325446543965796e+00 3.742604840753115947e-01
1.477818163287882181e+00 3.732344934614563181e-01
1.486359968025109168e+00 3.810560620741937909e-01
1.494951144484772509e+00 4.096657459488310393e-01
1.503591978035954568e+00 4.426169298547609210e-01
1.512282755697172298e+00 4.557058226649895460e-01
1.521023766145914724e+00 4.372608868036309548e-01
1.529815299728230382e+00 4.392720859776526043e-01
1.538657648468367833e+00 4.643430323515032043e-01
1.547551106078482119e+00 4.600008168455844149e-01
1.556495967968387184e+00 4.385315697396190426e-01
1.565492531255366693e+00 4.360660441780114804e-01
1.574541094774047689e+00 4.347517172898301419e-01
1.583641959086324214e+00 4.280584521624829497e-01
1.592795426491339539e+00 4.449415069150228774e-01
1.602001801035530804e+00 4.720880451792459076e-01
1.611261388522727822e+00 4.581649089549619802e-01
1.620574496524306296e+00 4.602755591020142867e-01
1.629941434389411858e+00 4.975160133915300653e-01
1.639362513255227638e+00 4.987373285783159305e-01
1.648838046057315765e+00 4.525677509548298172e-01
1.658368347540009280e+00 4.134663471627773590e-01
1.667953734266863997e+00 4.098381753337258515e-01
1.677594524631179640e+00 4.124210387340169759e-01
1.687291038866571835e+00 4.192416583448133616e-01
1.697043599057607821e+00 4.296303499160673001e-01
1.706852529150509445e+00 4.508620594461610898e-01
1.716718154963911225e+00 4.600058251679672860e-01
1.726640804199680579e+00 4.749842864657772834e-01
1.736620806453807120e+00 4.992102573061808490e-01
1.746658493227349673e+00 5.069223583011220891e-01
1.756754197937443251e+00 4.719091765227160229e-01
1.766908255928380411e+00 4.381537991370279550e-01
1.777121004482747679e+00 4.397278433144906629e-01
1.787392782832625482e+00 4.463481300299736443e-01
1.797723932170862682e+00 4.581813648713627396e-01
1.808114795662403074e+00 4.375971598779070382e-01
1.818565718455690483e+00 4.052612841504398822e-01
1.829077047694130043e+00 4.273715965214082702e-01
1.839649132527616748e+00 4.618231307183106038e-01
1.850282324124138622e+00 4.608414995312747342e-01
1.860976975681438272e+00 4.504728412495521139e-01
1.871733442438742401e+00 4.344254608603196899e-01
1.882552081688566581e+00 4.259928769168762064e-01
1.893433252788581767e+00 4.007960070088286142e-01
1.904377317173546302e+00 3.878244520372834958e-01
1.915384638367318981e+00 4.085560448037198200e-01
1.926455581994929611e+00 4.166995769982110298e-01
1.937590515794722412e+00 4.072703369005832297e-01
1.948789809630575354e+00 3.966526934489710832e-01
1.960053835504184105e+00 3.900653185662895095e-01
1.971382967567415045e+00 3.958764034796314335e-01
1.982777582134739092e+00 4.222881493028298183e-01
1.994238057695728816e+00 4.360875084167951110e-01
2.005764774927627947e+00 4.241669856710194031e-01
2.017358116708002580e+00 4.292318305493187935e-01
2.029018468127450348e+00 4.301268893065942067e-01
2.040746216502401289e+00 4.243372686320358578e-01
2.052541751387976898e+00 4.190019743450633105e-01
2.064405464590929995e+00 4.050573738819958636e-01
2.076337750182662312e+00 4.070013184411623297e-01
2.088339004512313135e+00 4.035083713164473451e-01
2.100409626219920778e+00 3.981215628563942177e-01
2.112550016249669760e+00 4.053714672428622712e-01
2.124760577863207711e+00 4.043862586826958427e-01
2.137041716653034662e+00 3.996555404547942891e-01
2.149393840555982482e+00 4.217036065332903094e-01
2.161817359866763155e+00 4.430512229528153489e-01
2.174312687251592546e+00 4.232697804898656879e-01
2.186880237761905654e+00 3.759926481451467128e-01
2.199520428848138476e+00 3.563464303865335192e-01
2.212233680373592026e+00 3.360240891062375446e-01
2.225020414628386511e+00 3.182080554412379247e-01
2.237881056343477670e+00 3.164665902012632204e-01
2.250816032704775704e+00 3.290303246359202460e-01
2.263825773367328598e+00 3.525887576501543497e-01
2.276910710469592924e+00 3.798240147680161938e-01
2.290071278647793029e+00 3.783594382083497742e-01
2.303307915050354371e+00 3.915191630065641970e-01
2.316621059352423018e+00 3.927032735127918284e-01
2.330011153770474852e+00 4.230994975288492332e-01
2.343478643077001600e+00 5.162220974914222271e-01
2.357023974615280792e+00 5.419133603661183685e-01
2.370647598314243876e+00 4.544086671678350120e-01
2.384349966703414481e+00 4.053056435772593447e-01
2.398131534927939956e+00 3.663330252179083923e-01
2.411992760763713051e+00 3.613175480888112800e-01
2.425934104632577970e+00 3.541048483829014049e-01
2.439956029617617261e+00 3.287190931735582966e-01
2.454059001478542612e+00 3.259852646271559906e-01
2.468243488667162033e+00 3.443071388528220478e-01
2.482509962342935861e+00 3.474072904077974977e-01
2.496858896388636673e+00 3.342504275080875331e-01
2.511290767426078485e+00 3.340486636635218720e-01
2.525806054831960523e+00 3.487774243168161870e-01
2.540405240753779381e+00 3.761514835121451683e-01
2.555088810125852206e+00 3.957304466559030676e-01
2.569857250685421590e+00 3.780002699460378035e-01
2.584711052988855506e+00 3.514239649588319359e-01
2.599650710427946265e+00 3.354989307306659452e-01
2.614676719246288084e+00 3.316997604659717713e-01
2.629789578555775442e+00 3.181522484204005741e-01
2.644989790353173831e+00 3.140389847948400481e-01
2.660277859536794409e+00 3.170625805648206730e-01
2.675654293923265481e+00 3.266964464055187034e-01
2.691119604264405218e+00 3.431366223644907176e-01
2.706674304264172548e+00 3.530559625810103519e-01
2.722318910595750374e+00 3.271765298796448507e-01
2.738053942918694972e+00 2.898430638887334876e-01
2.753879923896200843e+00 2.784777494528265507e-01
2.769797379212459720e+00 2.894409671488544222e-01
2.785806837590128815e+00 2.956498559543187521e-01
2.801908830807877226e+00 2.836148572683639402e-01
2.818103893718070019e+00 2.765939047622540947e-01
2.834392564264522019e+00 2.814140573184206184e-01
2.850775383500368410e+00 2.918735808776604101e-01
2.867252895606037466e+00 3.022393772608785723e-01
2.883825647907329426e+00 3.074666348793070880e-01
2.900494190893583735e+00 3.085613110572698048e-01
2.917259078235983960e+00 2.986369625183672993e-01
2.934120866805935979e+00 2.965449147115941098e-01
2.951080116693567401e+00 3.087552046809481365e-01
2.968137391226336685e+00 3.152209488771893220e-01
2.985293256987731514e+00 3.215872421003999060e-01
3.002548283836107057e+00 3.266291917906634645e-01
3.019903044923603730e+00 3.282869464993821706e-01
3.037358116715186629e+00 3.414588343662406378e-01
3.054914079007794214e+00 3.607966825609963402e-01
3.072571514949601568e+00 3.628193293290359334e-01
3.090331011059376021e+00 3.548990252178939597e-01
3.108193157245980220e+00 3.333875651089874825e-01
3.126158546827951579e+00 3.231841814658984458e-01
3.144227776553216724e+00 3.297837194172240083e-01
3.162401446618910317e+00 3.328180473065964207e-01
3.180680160691316427e+00 3.295347342473343710e-01
3.199064525925907621e+00 3.308576468310292507e-01
3.217555152987530587e+00 3.361163853330069173e-01
3.236152656070678812e+00 3.274806065957455714e-01
3.254857652919894928e+00 3.306551675118374334e-01
3.273670764850296955e+00 3.456622477946922345e-01
3.292592616768199143e+00 3.567699913651962706e-01
3.311623837191892683e+00 3.392845069774637623e-01
3.330765058272506351e+00 3.123826610353735433e-01
3.350016915815009710e+00 3.023595769980666481e-01
3.369380049299332214e+00 3.130566381331780779e-01
3.388855101901607103e+00 3.192776900072864521e-01
3.408442720515521884e+00 3.300749175900545840e-01
3.428143555773827789e+00 3.316704260063009224e-01
3.447958262069935831e+00 3.356370173335069818e-01
3.467887497579658529e+00 3.192948613983132566e-01
3.487931924283071528e+00 3.028031712662606623e-01
3.508092207986506228e+00 3.102204967152407122e-01
3.528369018344649444e+00 3.178703514177094736e-01
3.548763028882812254e+00 3.120213463491832706e-01
3.569274917019284565e+00 3.180728307369012908e-01
3.589905364087840223e+00 3.238066443906223446e-01
3.610655055360374899e+00 3.349186808088830403e-01
3.631524680069651456e+00 3.433083362747593736e-01
3.652514931432215839e+00 3.290510734000776649e-01
3.673626506671410219e+00 3.274856149181284426e-01
3.694860107040534913e+00 3.343856522124240560e-01
3.716216437846141751e+00 3.321319071401479528e-01
3.737696208471465109e+00 3.245543153749171350e-01
3.759300132399972405e+00 3.232578753523887571e-01
3.781028927239082016e+00 3.338633557353569148e-01
3.802883314743989107e+00 3.509667766727416205e-01
3.824864020841640233e+00 3.631720583197128316e-01
3.846971775654848713e+00 3.637415761221038379e-01
3.869207313526548564e+00 3.569424207500909718e-01
3.891571373044171445e+00 3.752535628563652970e-01
3.914064697064205678e+00 3.735679046372279433e-01
3.936688032736852527e+00 3.811154464681617005e-01
3.959442131530850340e+00 4.052240794698817039e-01
3.982327749258438132e+00 4.145560150183572601e-01
4.005345646100446189e+00 4.244288493841791299e-01
4.028496586631570509e+00 4.153966977040475794e-01
4.051781339845751617e+00 4.151562982296714832e-01
4.075200679181723906e+00 4.241369357367223980e-01
4.098755382548707082e+00 4.270417627187672593e-01
4.122446232352245943e+00 4.121462964775870486e-01
4.146274015520188705e+00 4.045157595900234493e-01
4.170239523528843861e+00 4.111381927293847882e-01
4.194343552429258715e+00 4.188009259751237501e-01
4.218586902873665778e+00 4.184038375576275004e-01
4.242970380142073950e+00 4.115381430453856071e-01
4.267494794169023997e+00 4.219454369569186625e-01
4.292160959570472833e+00 4.230250881677328212e-01
4.316969695670882068e+00 4.231345557855291095e-01
4.341921826530410478e+00 4.295130120773837379e-01
4.367018180972294772e+00 4.179938705968611057e-01
4.392259592610382235e+00 4.074084235034242663e-01
4.417646899876805477e+00 3.968344240040053705e-01
4.443180946049855251e+00 3.810267276145229420e-01
4.468862579281975833e+00 3.729998177840891938e-01
4.494692652627942486e+00 3.568987767978977210e-01
4.520672024073195239e+00 3.594172474818381202e-01
4.546801556562344082e+00 3.746260916092585824e-01
4.573082118027814502e+00 3.559536348167939845e-01
4.599514581418703507e+00 3.483982227649728980e-01
4.626099824729760002e+00 3.574983445345858435e-01
4.652838731030551678e+00 3.349337057760315428e-01
4.679732188494796219e+00 3.275857813657850892e-01
4.706781090429870140e+00 3.241207377514887522e-01
4.733986335306464177e+00 3.211715513426245394e-01
4.761348826788450062e+00 3.272545166138918216e-01
4.788869473762884077e+00 3.226454290724305451e-01
4.816549190370198019e+00 3.102004634257093385e-01
4.844388896034566017e+00 2.871321305303670135e-01
4.872389515494448098e+00 2.789993304552675912e-01
4.900551978833287414e+00 2.835891001818236501e-01
4.928877221510434836e+00 2.888628636509498748e-01
4.957366184392200559e+00 2.886947271138118332e-01
4.986019813783113541e+00 2.704350991806181437e-01
5.014839061457356806e+00 2.755171154499443942e-01
5.043824884690362609e+00 2.788333403420079071e-01
5.072978246290641202e+00 2.779440053817414658e-01
5.102300114631742822e+00 2.946260117643418330e-01
5.131791463684423960e+00 2.947054294478410608e-01
5.161453273049005475e+00 2.804653379641862676e-01
5.191286527987911903e+00 2.864238106505087589e-01
5.221292219458380401e+00 2.990619544462821966e-01
5.251471344145405951e+00 2.960419360494321306e-01
5.281824904494829553e+00 2.961106216135396263e-01
5.312353908746639597e+00 3.104344236284504177e-01
5.343059370968462396e+00 3.155450588828214165e-01
5.373942311089249912e+00 3.200318002632162595e-01
5.405003754933139781e+00 3.218498212881857334e-01
5.436244734253559585e+00 3.161031290911945901e-01
5.467666286767478567e+00 3.063776824983532876e-01
5.499269456189878724e+00 2.928645132348358104e-01
5.531055292268432844e+00 2.901650274704872245e-01
5.563024850818350409e+00 3.174575225584386762e-01
5.595179193757479297e+00 3.210563599278193347e-01
5.627519389141558470e+00 3.298867477633851686e-01
5.660046511199702479e+00 3.501010523751371672e-01
5.692761640370078702e+00 3.599810414872202102e-01
5.725665863335805739e+00 3.747355592270548708e-01
5.758760273061025892e+00 3.726120305367324748e-01
5.792045968827241431e+00 3.780489222206139255e-01
5.825524056269808071e+00 3.760899526942989013e-01
5.859195647414667363e+00 3.579934529758604933e-01
5.893061860715279821e+00 3.391686000880324015e-01
5.927123821089786304e+00 3.435301334088563530e-01
5.961382659958350594e+00 3.705278529508465590e-01
5.995839515280771082e+00 3.835201566865490963e-01
6.030495531594262104e+00 3.913910930484888473e-01
6.065351860051475086e+00 3.944554708721583203e-01
6.100409658458743500e+00 4.034518488209838383e-01
6.135670091314512575e+00 4.311414323264315396e-01
6.171134329848062094e+00 4.464218239164639557e-01
6.206803552058381079e+00 4.299079540710016301e-01
6.242678942753306259e+00 4.377667273642973367e-01
6.278761693588877257e+00 4.319957090300181046e-01
6.315053003108923591e+00 4.127930855395989806e-01
6.351554076784851510e+00 4.139228199742415737e-01
6.388266127055725718e+00 4.173020066334035549e-01
6.425190373368511843e+00 4.104155633570041872e-01
6.462328042218596025e+00 3.894793448474977438e-01
6.499680367190518560e+00 3.987196996438300278e-01
6.537248588998957999e+00 4.195307100937655798e-01
6.575033955529916874e+00 4.147570633882968205e-01
6.613037721882214726e+00 4.022598680938689331e-01
6.651261150409145451e+00 4.029173892752727082e-01
6.689705510760421525e+00 4.096049306056108730e-01
6.728372079924347382e+00 4.380700886057720123e-01
6.767262142270216607e+00 4.357333484768659559e-01
6.806376989591010229e+00 4.372773427200317142e-01
6.845717921146279750e+00 4.539071194549253452e-01
6.885286243705309062e+00 4.620549444971733255e-01
6.925083271590525058e+00 4.669817027726316239e-01
6.965110326721157818e+00 4.516290482453610977e-01
7.005368738657123728e+00 4.282201494279859744e-01
7.045859844643230119e+00 4.418034352048630931e-01
7.086584989653569089e+00 4.628205023471210766e-01
7.127545526436194656e+00 5.004172630004443123e-01
7.168742815558059256e+00 5.641588974414234459e-01
7.210178225450215805e+00 5.287400415500076445e-01
7.251853132453240036e+00 4.993461974851435836e-01
7.293768920862992111e+00 4.807395643582819122e-01
7.335926982976571864e+00 4.776208104630274009e-01
7.378328719138569802e+00 4.714147835560675293e-01
7.420975537787583676e+00 4.619662256435345116e-01
7.463868855503007715e+00 4.719292098122473966e-01
7.507010097052058128e+00 4.986207062142584134e-01
7.550400695437144982e+00 4.916949118334224544e-01
7.594042091943437711e+00 4.695438174087652183e-01
7.637935736186750368e+00 4.932117180407956103e-01
7.682083086161699548e+00 5.074324917095451859e-01
7.726485608290103890e+00 4.988954484706882853e-01
7.771144777469737974e+00 5.042886962023764852e-01
7.816062077123293150e+00 4.960113702528008983e-01
7.861238999247660786e+00 4.829768535141573671e-01
7.906677044463489068e+00 5.022467316194316744e-01
7.952377722065040011e+00 7.270152318387256285e-01
7.998342550070284496e+00 7.830583593026596567e-01
