2.511886431509579437e-02 8.976045245961360441e-01
2.526405161860213050e-02 8.945264115700869434e-01
2.541007810627042562e-02 8.930472268207270137e-01
2.555694862859406516e-02 8.906629218794968050e-01
2.570466806410236227e-02 8.886026288357453673e-01
2.585324131952258450e-02 8.866057294241095343e-01
2.600267332994290678e-02 8.848342295933283586e-01
2.615296905897638788e-02 8.832881293434021730e-01
2.630413349892583852e-02 8.820026473588393756e-01
2.645617167094958117e-02 8.809848273765416016e-01
2.660908862522835469e-02 8.802522787387633274e-01
2.676288944113292337e-02 8.798578294722674276e-01
2.691757922739292791e-02 8.799106574990301910e-01
2.707316312226650673e-02 8.804424596351095866e-01
2.722964629371095457e-02 8.814180171959969945e-01
2.738703393955444973e-02 8.828514176554957960e-01
2.754533128766867636e-02 8.847391391451552289e-01
2.770454359614242176e-02 8.870952691387785638e-01
2.786467615345633933e-02 8.899303732417186419e-01
2.802573427865854422e-02 8.927302586601498779e-01
2.818772332154127064e-02 8.950300387585595763e-01
2.835064866281864979e-02 8.970621568547041402e-01
2.851451571430539678e-02 8.990414469240857187e-01
2.867932991909653145e-02 9.011123055731896647e-01
2.884509675174826843e-02 9.033909544608942355e-01
2.901182171845980567e-02 9.059478309562165599e-01
2.917951035725619563e-02 9.081489987380020334e-01
2.934816823817239240e-02 9.080961707112392700e-01
2.951780096343814899e-02 9.057224313753615696e-01
2.968841416766421215e-02 9.022921315042268242e-01
2.986001351802944001e-02 8.982595921279955542e-01
3.003260471446899879e-02 8.940861780137299153e-01
3.020619348986378766e-02 8.900184199529900253e-01
3.038078561023081769e-02 8.861302771832437752e-01
3.055638687491469066e-02 8.822280469396941438e-01
3.073300311678033025e-02 8.784349946181210234e-01
3.091064020240668481e-02 8.750434352999457710e-01
3.108930403228154019e-02 8.721555031702429295e-01
3.126900054099761295e-02 8.698486793349315960e-01
3.144973569744963920e-02 8.681757918207745339e-01
3.163151550503255638e-02 8.672354529443956350e-01
3.181434600184106232e-02 8.672143217336905074e-01
3.199823326087009728e-02 8.682145323737339160e-01
3.218318339021652985e-02 8.702818691543870999e-01
3.236920253328214730e-02 8.735114225238228558e-01
3.255629686897762443e-02 8.779701079826079946e-01
3.274447261192782455e-02 8.837354066366609473e-01
3.293373601267822470e-02 8.917053949409504687e-01
3.312409335790250653e-02 9.028098461665028385e-01
3.331555097061136145e-02 9.170241072341619448e-01
3.350811521036261426e-02 9.347109305943661628e-01
3.370179247347232510e-02 9.560781064857158951e-01
3.389658919322740410e-02 9.814566905425918808e-01
3.409251184009919750e-02 1.010050740495100463e+00
3.428956692195841288e-02 1.039652044824553867e+00
3.448776098429136294e-02 1.073324629083198367e+00
3.468710061041735404e-02 1.117943180487106503e+00
3.488759242170727526e-02 1.179854105984722956e+00
3.508924307780367929e-02 1.263745012484138064e+00
3.529205927684192501e-02 1.356271540425054711e+00
3.549604775567258980e-02 1.416012994956943105e+00
3.570121529008542238e-02 1.428043697585070770e+00
3.590756869503420462e-02 1.405052940337875977e+00
3.611511482486330638e-02 1.357947949807662757e+00
3.632386057353523962e-02 1.298946087650454384e+00
3.653381287485973905e-02 1.228346712684573516e+00
3.674497870272393912e-02 1.147054945101890988e+00
3.695736507132423021e-02 1.064991888328470582e+00
3.717097903539903075e-02 9.890005327643277555e-01
3.738582769046329413e-02 9.213771366394212237e-01
3.760191817304411876e-02 8.627450706695528604e-01
3.781925766091774610e-02 8.192394296961156286e-01
3.803785337334809891e-02 7.894479444703157434e-01
3.825771257132654091e-02 7.674397885209098824e-01
3.847884255781295476e-02 7.513413278320423272e-01
3.870125067797849233e-02 7.397755118394276908e-01
3.892494431944945599e-02 7.332530114684403522e-01
3.914993091255265789e-02 7.335664577605666148e-01
3.937621793056233360e-02 7.405045386087552028e-01
3.960381288994833243e-02 7.529684310563383720e-01
3.983272335062570252e-02 7.709017852081023747e-01
4.006295691620595512e-02 7.943433416170069261e-01
4.029452123424955012e-02 8.263500820983959994e-01
4.052742399651988042e-02 8.695915829380190809e-01
4.076167293923887297e-02 9.239938848984080577e-01
4.099727584334383890e-02 9.916137591548636054e-01
4.123424053474603751e-02 1.073947999799000019e+00
4.147257488459059338e-02 1.154362822137419364e+00
4.171228680951784978e-02 1.213459774742800867e+00
4.195338427192649156e-02 1.256056773655917169e+00
4.219587528023795858e-02 1.285168538270701433e+00
4.243976788916238585e-02 1.307060472561228925e+00
4.268507019996626434e-02 1.305384063178621101e+00
4.293179036074151744e-02 1.273525241172168032e+00
4.317993656667604152e-02 1.228455890606550360e+00
4.342951706032609216e-02 1.179558269034850726e+00
4.368054013188996804e-02 1.133509839039894773e+00
4.393301411948334623e-02 1.094755198606663482e+00
4.418694740941636612e-02 1.062491361728362005e+00
4.444234843647213579e-02 1.035615983579871724e+00
4.469922568418681352e-02 1.013977623817805984e+00
4.495758768513159753e-02 9.975621949683611822e-01
4.521744302119593689e-02 9.860315976602551657e-01
4.547880032387276866e-02 9.784349274117564166e-01
4.574166827454511502e-02 9.744904347467966410e-01
4.600605560477452616e-02 9.741910759284737598e-01
4.627197109659098723e-02 9.773889324818519908e-01
4.653942358278480296e-02 9.841368324336942086e-01
4.680842194719982141e-02 9.953081991598127232e-01
4.707897512502866311e-02 1.011899721431800403e+00
4.735109210310945588e-02 1.034555901176163806e+00
4.762478192022426976e-02 1.059987313259802555e+00
4.790005366739954334e-02 1.086418935983484824e+00
4.817691648820784933e-02 1.116090677681955690e+00
4.845537957907175564e-02 1.149051844513526932e+00
4.873545218956924774e-02 1.173144946585840120e+00
4.901714362274099679e-02 1.173736620485584137e+00
4.930046323539925834e-02 1.156405505838916437e+00
4.958542043843887359e-02 1.129368121741686659e+00
4.987202469714965836e-02 1.098925090852478359e+00
5.016028553153097091e-02 1.069309699049221241e+00
5.045021251660784106e-02 1.041884909422397421e+00
5.074181528274907677e-02 1.016943037053427590e+00
5.103510351598705003e-02 9.950827995789578440e-01
5.133008695833959217e-02 9.775826352466491231e-01
5.162677540813340182e-02 9.637733890508386470e-01
5.192517872032970105e-02 9.524012758230211428e-01
5.222530680685147364e-02 9.432162429031859530e-01
5.252716963691266006e-02 9.365599115310659917e-01
5.283077723734942721e-02 9.321963165204540935e-01
5.313613969295318679e-02 9.295443495769587505e-01
5.344326714680543849e-02 9.285230077262102144e-01
5.375216980061491706e-02 9.291358128366592473e-01
5.406285791505632127e-02 9.313545899606991973e-01
5.437534181011107609e-02 9.350948142555095544e-01
5.468963186541032917e-02 9.401451736140384874e-01
5.500573852057948770e-02 9.453610607897579010e-01
5.532367227558519784e-02 9.502423704626457024e-01
5.564344369108398941e-02 9.552258143206086016e-01
5.596506338877313413e-02 9.588322076142862249e-01
5.628854205174332881e-02 9.582651867936980983e-01
5.661389042483377931e-02 9.539896384943575836e-01
5.694111931498885282e-02 9.481750336819926295e-01
5.727023959161724881e-02 9.414588305462081586e-01
5.760126218695296035e-02 9.343798749599855347e-01
5.793419809641841417e-02 9.276284531396926658e-01
5.826905837898961604e-02 9.216342330363338498e-01
5.860585415756369709e-02 9.166613547837236808e-01
5.894459661932811845e-02 9.126992527765094287e-01
5.928529701613251268e-02 9.097232739355353148e-01
5.962796666486229469e-02 9.078707711303843908e-01
5.997261694781454155e-02 9.073389689943049952e-01
6.031925931307623168e-02 9.081595643433546527e-01
6.066790527490428103e-02 9.103114259668283470e-01
6.101856641410823012e-02 9.140058659717773537e-01
6.137125437843479747e-02 9.193555841486292790e-01
6.172598088295483398e-02 9.263359274182280112e-01
6.208275771045231733e-02 9.346475369622507801e-01
6.244159671181598315e-02 9.437903074606757148e-01
6.280250980643269088e-02 9.538734168354793264e-01
6.316550898258359303e-02 9.650729585092048257e-01
6.353060629784218483e-02 9.766422963702703353e-01
6.389781387947492119e-02 9.888033081310797501e-01
6.426714392484385308e-02 1.002513942010266224e+00
6.463860870181208085e-02 1.018922327122809390e+00
6.501222054915094251e-02 1.039183636320589965e+00
6.538799187695008841e-02 1.063509181710659668e+00
6.576593516702965159e-02 1.091965878793584865e+00
6.614606297335466623e-02 1.124328327988510345e+00
6.652838792245242827e-02 1.160871235034603322e+00
6.691292271383147972e-02 1.197621932319296700e+00
6.729968012040381253e-02 1.226046932586164040e+00
6.768867298890894613e-02 1.246699169181989975e+00
6.807991424034069705e-02 1.260448543614135941e+00
6.847341687037629410e-02 1.253908433900894348e+00
6.886919394980822728e-02 1.227723341968772086e+00
6.926725862497820629e-02 1.194434641371270978e+00
6.966762411821400547e-02 1.159529403154826666e+00
7.007030372826857090e-02 1.128635573103908607e+00
7.047531083076181979e-02 1.105743428173337595e+00
7.088265887862478520e-02 1.094262137023543691e+00
7.129236140254673060e-02 1.096107596091792535e+00
7.170443201142430445e-02 1.109687920838297481e+00
7.211888439281383123e-02 1.120971987354843602e+00
7.253573231338585059e-02 1.111561554854153533e+00
7.295498961938230720e-02 1.086056183533046671e+00
7.337667023707672431e-02 1.057296605763347941e+00
7.380078817323644513e-02 1.034415026438129548e+00
7.422735751558823258e-02 1.020658608269081835e+00
7.465639243328600627e-02 1.015551899015339155e+00
7.508790717738160481e-02 1.017626279532893863e+00
7.552191608129793510e-02 1.022426586231412138e+00
7.595843356130543844e-02 1.023564149741038820e+00
7.639747411700059665e-02 1.020781873664861950e+00
7.683905233178781047e-02 1.008796955326595413e+00
7.728318287336367887e-02 9.859822915019431644e-01
7.772988049420428980e-02 9.588462950880896063e-01
7.817916003205507836e-02 9.309284438781455506e-01
7.863103641042397396e-02 9.056484721378935676e-01
7.908552463907676799e-02 8.853871629401129928e-01
7.954263981453599253e-02 8.660908456978670955e-01
8.000239712058217212e-02 8.393211236029024525e-01
8.046481182875830918e-02 8.112553539180226148e-01
8.092989929887701994e-02 7.863029159437002757e-01
8.139767497953076525e-02 7.638932669908968798e-01
8.186815440860513438e-02 7.439277947429880911e-01
8.234135321379483508e-02 7.258958282746000856e-01
8.281728711312283386e-02 7.093958745823347734e-01
8.329597191546232737e-02 6.942342309013950219e-01
8.377742352106211376e-02 6.802805880990993037e-01
8.426165792207447602e-02 6.673201121999453589e-01
8.474869120308657633e-02 6.552964533087193288e-01
8.523853954165466762e-02 6.442941362682418349e-01
8.573121920884146929e-02 6.342603330517501137e-01
8.622674656975649887e-02 6.253183090550240575e-01
8.672513808409994251e-02 6.176969857273693076e-01
8.722641030670905127e-02 6.114914535169592158e-01
8.773057988810836760e-02 6.069130245308450577e-01
8.823766357506258873e-02 6.042434482450953492e-01
8.874767821113291322e-02 6.035707713709816957e-01
8.926064073723644077e-02 6.052612682273930123e-01
8.977656819220893036e-02 6.094205948678552698e-01
9.029547771337091688e-02 6.163938944005521448e-01
9.081738653709675591e-02 6.263889570640845950e-01
9.134231199938727674e-02 6.391064240401294061e-01
9.187027153644546085e-02 6.544335955382594161e-01
9.240128268525588107e-02 6.716837072105572570e-01
9.293536308416693037e-02 6.890711717524385937e-01
9.347253047347692245e-02 7.062156273712107968e-01
9.401280269602330097e-02 7.202573168847778984e-01
9.455619769777530437e-02 7.304742572607142437e-01
9.510273352842993355e-02 7.375884315314454875e-01
9.565242834201181932e-02 7.418322830147282554e-01
9.620530039747586526e-02 7.462804028681607749e-01
9.676136805931405405e-02 7.530740871098638989e-01
9.732064979816532069e-02 7.664149248017104732e-01
9.788316419142908953e-02 7.922548736256488366e-01
9.844892992388228070e-02 8.381096008558076571e-01
9.901796578830000806e-02 9.225745719127126376e-01
9.959029068607995472e-02 1.064502348613801441e+00
1.001659236278700377e-01 1.194336029054646975e+00
1.007448837341998471e-01 1.165012952332810992e+00
1.013271902361159299e-01 1.053478900362618820e+00
1.019128624758204177e-01 9.445193342300030048e-01
1.025019199073136378e-01 8.644883955527270514e-01
1.030943820970401520e-01 8.108890795991334777e-01
1.036902687245389171e-01 7.737333674425915797e-01
1.042895995830967204e-01 7.478159375127343411e-01
1.048923945804057928e-01 7.293085188034805766e-01
1.054986737392250712e-01 7.161930806924887705e-01
1.061084571980452224e-01 7.073602346177393363e-01
1.067217652117575799e-01 7.022253504163896709e-01
1.073386181523270227e-01 7.009363465633760004e-01
1.079590365094685589e-01 7.037855381401193489e-01
1.085830408913279893e-01 7.122063256061186287e-01
1.092106520251663743e-01 7.279807743975074130e-01
1.098418907580486492e-01 7.556309636051862233e-01
1.104767780575359459e-01 8.017709621798645436e-01
1.111153350123821049e-01 8.561345235872941384e-01
1.117575828332342536e-01 9.016370639723674252e-01
1.124035428533372433e-01 9.085223167937930278e-01
1.130532365292423180e-01 8.708277587642698769e-01
1.137066854415197809e-01 8.311891293498735456e-01
1.143639112954759340e-01 8.021548458410079352e-01
1.150249359218739331e-01 7.844081507171393186e-01
1.156897812776589568e-01 7.766565182568028192e-01
1.163584694466876512e-01 7.766882150728605660e-01
1.170310226404614878e-01 7.841158356357180725e-01
1.177074631988646730e-01 7.986787616800120615e-01
1.183878135909062629e-01 8.221625805103268680e-01
1.190720964154663303e-01 8.576594926265151964e-01
1.197603344020467531e-01 9.039579752814822511e-01
1.204525504115261381e-01 9.582722305305998445e-01
1.211487674369193246e-01 1.022578026574798793e+00
1.218490086041408849e-01 1.099548461568280011e+00
1.225532971727734816e-01 1.179857627853173607e+00
1.232616565368404721e-01 1.232523648667290139e+00
1.239741102255828148e-01 1.216791462297311499e+00
1.246906819042407494e-01 1.171331184333648689e+00
1.254113953748399735e-01 1.128135467783886847e+00
1.261362745769819826e-01 1.098442594874710965e+00
1.268653435886395453e-01 1.083851493882810102e+00
1.275986266269562852e-01 1.080597287434218234e+00
1.283361480490512463e-01 1.085725127898665932e+00
1.290779323528278288e-01 1.097664261947071562e+00
1.298240041777875831e-01 1.114917895487820276e+00
1.305743883058487209e-01 1.137320500703721926e+00
1.313291096621690413e-01 1.164111354009391697e+00
1.320881933159741561e-01 1.192529310539357512e+00
1.328516644813900749e-01 1.215720814288250962e+00
1.336195485182806453e-01 1.227755038784829722e+00
1.343918709330900185e-01 1.233256197305068413e+00
1.351686573796898327e-01 1.236313179120412498e+00
1.359499336602315311e-01 1.237950847950060940e+00
1.367357257260030934e-01 1.237017552810583787e+00
1.375260596782912625e-01 1.233516815570431913e+00
1.383209617692485738e-01 1.229022911427138265e+00
1.391204584027652402e-01 1.224803713023011609e+00
1.399245761353461737e-01 1.222070743105146295e+00
1.407333416769932510e-01 1.221327628862015402e+00
1.415467818920924381e-01 1.222500411056150815e+00
1.423649238003061035e-01 1.225518652318535517e+00
1.431877945774705507e-01 1.230723973888902201e+00
1.440154215564987683e-01 1.239496948199987125e+00
1.448478322282882313e-01 1.255038953673619284e+00
1.456850542426340045e-01 1.281463532660400029e+00
1.465271154091474515e-01 1.328881969482739400e+00
1.473740436981796631e-01 1.393797048768936619e+00
1.482258672417506584e-01 1.440408977716030048e+00
1.490826143344838317e-01 1.440387846505324809e+00
1.499443134345459228e-01 1.413723780463886026e+00
1.508109931645919832e-01 1.371475446527404607e+00
1.516826823127164214e-01 1.303693566322209563e+00
1.525594098334091819e-01 1.220848654752698881e+00
1.534412048485173929e-01 1.139081434929150483e+00
1.543280966482127869e-01 1.066287935918386109e+00
1.552201146919646169e-01 1.007835485239511275e+00
1.561172886095181789e-01 9.670909891315460083e-01
1.570196482018790252e-01 9.449736552601635253e-01
1.579272234423027277e-01 9.422618165530036727e-01
1.588400444772908315e-01 9.602409549946290257e-01
1.597581416275917487e-01 9.926879290323750160e-01
1.606815453892082024e-01 1.025258168465901232e+00
1.616102864344102497e-01 1.048058744816749766e+00
1.625443956127538836e-01 1.063311957077411662e+00
1.634839039521058524e-01 1.078135501387069040e+00
1.644288426596743347e-01 1.092747733589674919e+00
1.653792431230455828e-01 1.106891557288317118e+00
1.663351369112262834e-01 1.120676150404971594e+00
1.672965557756923849e-01 1.133192870879317526e+00
1.682635316514438095e-01 1.142356772588447589e+00
1.692360966580649384e-01 1.145205964165191048e+00
1.702142831007917856e-01 1.142539909747892324e+00
1.711981234715850009e-01 1.137348675651328911e+00
1.721876504502090899e-01 1.131727773603760978e+00
1.731828969053178791e-01 1.128170686468395356e+00
1.741838958955464201e-01 1.129086372265618143e+00
1.751906806706090836e-01 1.133263308248334766e+00
1.762032846724038426e-01 1.131629161287137197e+00
1.772217415361232173e-01 1.110663478399184889e+00
1.782460850913716033e-01 1.073690903402087393e+00
1.792763493632887617e-01 1.034770735151666177e+00
1.803125685736800821e-01 1.002996437988033840e+00
1.813547771421535060e-01 9.831507092674541815e-01
1.824030096872625850e-01 9.782693995945661580e-01
1.834573010276564775e-01 9.856195390515049004e-01
1.845176861832364401e-01 9.510700095485972172e-01
1.855842003763193415e-01 8.668128287302927504e-01
1.866568790328071992e-01 7.852780522245008665e-01
1.877357577833641822e-01 7.149815579453939751e-01
1.888208724646001924e-01 6.569728626913272640e-01
1.899122591202609955e-01 6.120831274167032321e-01
1.910099540024255971e-01 5.814534374995992128e-01
1.921139935727104175e-01 5.594981095769563373e-01
1.932244145034804905e-01 5.222825256567497076e-01
1.943412536790674328e-01 4.742195869079035009e-01
1.954645481969946030e-01 4.387860684238305553e-01
1.965943353692096995e-01 4.166793001578007472e-01
1.977306527233236300e-01 4.052684463770238610e-01
1.988735380038573475e-01 4.019825431123742465e-01
2.000230291734956534e-01 4.051768777973016045e-01
2.011791644143479663e-01 4.134145281038563158e-01
2.023419821292166965e-01 4.253360528100074145e-01
2.035115209428728922e-01 4.396594917996430874e-01
2.046878197033392410e-01 4.553529376166621234e-01
2.058709174831803157e-01 4.717789320714594892e-01
2.070608535808005912e-01 4.887895566890991250e-01
2.082576675217497619e-01 5.066841702879038012e-01
2.094613990600355524e-01 5.261037529259297019e-01
2.106720881794442723e-01 5.480766901908269428e-01
2.118897750948690872e-01 5.742864352021052055e-01
2.131145002536455058e-01 6.077300980114438422e-01
2.143463043368951104e-01 6.529720201311536298e-01
2.155852282608767823e-01 7.079589522543849878e-01
2.168313131783459469e-01 7.483653489910679912e-01
2.180846004799212312e-01 7.504996012722874310e-01
2.193451317954595303e-01 7.334784110492952314e-01
2.206129489954388734e-01 7.285125765335868087e-01
2.218880941923488948e-01 7.580469653624741788e-01
2.231706097420899648e-01 8.038911269872806020e-01
2.244605382453801201e-01 7.870072896338717872e-01
2.257579225491697927e-01 7.183590297897658461e-01
2.270628057480653939e-01 6.424451553315418950e-01
2.283752311857605299e-01 5.855352830341427062e-01
2.296952424564759343e-01 5.450056209016795883e-01
2.310228834064072811e-01 5.104631351356735403e-01
2.323581981351817149e-01 4.783436948638570274e-01
2.337012309973229007e-01 4.518486785080594315e-01
2.350520266037238737e-01 4.343344267019472182e-01
2.364106298231291869e-01 4.261918668435656921e-01
2.377770857836252472e-01 4.262552604756811303e-01
2.391514398741393099e-01 4.333166067196494997e-01
2.405337377459470793e-01 4.466151819900857634e-01
2.419240253141889951e-01 4.659044554954299144e-01
2.433223487593957901e-01 4.915894421075305276e-01
2.447287545290218747e-01 5.243463405689520185e-01
2.461432893389885190e-01 5.637877453501002334e-01
2.475660001752356676e-01 6.063741786578639159e-01
2.489969342952823017e-01 6.444068360586693300e-01
2.504361392297964617e-01 6.723563840846709105e-01
2.518836627841739007e-01 6.903108694471402629e-01
2.533395530401260642e-01 6.904728753958797594e-01
2.548038583572773130e-01 6.661191550582030718e-01
2.562766273747711931e-01 6.342110268934381123e-01
2.577579090128856998e-01 6.046202881693371056e-01
2.592477524746588102e-01 5.883844746108860546e-01
2.607462072475227322e-01 5.970377053946418489e-01
2.622533231049470337e-01 6.276814827855491385e-01
2.637691501080930423e-01 6.536623063475216489e-01
2.652937386074759596e-01 6.394586108852151618e-01
2.668271392446371348e-01 5.945125257153772713e-01
2.683694029538270520e-01 5.544512720868782774e-01
2.699205809636965880e-01 5.379759714737688547e-01
2.714807247989985406e-01 5.412513091330658499e-01
2.730498862822996475e-01 5.499010180483708821e-01
2.746281175357012105e-01 5.607378072716581174e-01
2.762154709825712651e-01 5.770827987520856794e-01
2.778119993492854656e-01 5.986049368552732730e-01
2.794177556669779627e-01 6.230290945619669785e-01
2.810327932733039380e-01 6.495839826814291396e-01
2.826571658142107979e-01 6.755471969011473954e-01
2.842909272457196934e-01 6.923993374384984634e-01
2.859341318357184192e-01 7.022570472324474178e-01
2.875868341657639160e-01 7.129846585337579201e-01
2.892490891328946545e-01 7.261846214875702366e-01
2.909209519514548425e-01 7.400889581315539534e-01
2.926024781549284581e-01 7.554865669987010923e-01
2.942937235977828858e-01 7.697254811455161994e-01
2.959947444573255426e-01 7.620125892381391930e-01
2.977055972355692748e-01 7.113012054142483498e-01
2.994263387611086902e-01 6.387260622474368876e-01
3.011570261910088142e-01 5.762727690083885301e-01
3.028977170127025720e-01 5.348203773418008788e-01
3.046484690459013711e-01 5.124283377312517374e-01
3.064093404445150659e-01 5.042082967669513360e-01
3.081803896985833569e-01 5.069976165800301748e-01
3.099616756362194026e-01 5.188980100754762015e-01
3.117532574255635347e-01 5.400785269389305476e-01
3.135551945767480198e-01 5.665277590048670708e-01
3.153675469438748658e-01 5.723001013958217698e-01
3.171903747270033436e-01 5.473547071584011769e-01
3.190237384741493876e-01 5.109702841925969352e-01
3.208676990832974307e-01 4.797418766388473199e-01
3.227223178044230090e-01 4.590755525692181149e-01
3.245876562415266342e-01 4.519860313776428162e-01
3.264637763546810456e-01 4.573251839491421222e-01
3.283507404620888970e-01 4.740681465645166237e-01
3.302486112421523790e-01 5.007709531589148444e-01
3.321574517355558864e-01 5.299742863534215864e-01
3.340773253473591775e-01 5.514295089560428131e-01
3.360082958491044103e-01 5.643794192498442497e-01
3.379504273809338932e-01 5.695917845571126792e-01
3.399037844537201591e-01 5.597798590530249641e-01
3.418684319512097503e-01 5.429594153317315319e-01
3.438444351321779946e-01 5.267482548524364816e-01
3.458318596325960503e-01 5.093044404153415083e-01
3.478307714678123830e-01 4.814640703113164388e-01
3.498412370347446232e-01 4.458298053255446702e-01
3.518633231140849693e-01 4.232264536079440864e-01
3.538970968725191901e-01 4.242477954586925670e-01
3.559426258649572294e-01 4.321473463939649595e-01
3.579999780367765227e-01 4.064623597818644019e-01
3.600692217260801353e-01 3.685740989875441187e-01
3.621504256659661136e-01 3.398451614733678516e-01
3.642436589868098817e-01 3.215832169951387542e-01
3.663489912185618480e-01 3.140862156237992919e-01
3.684664922930561692e-01 3.173330261486443926e-01
3.705962325463332818e-01 3.293397800713063206e-01
3.727382827209774208e-01 3.415983475882045095e-01
3.748927139684648524e-01 3.472139668330960771e-01
3.770595978515288715e-01 3.526482098527685127e-01
3.792390063465359562e-01 3.539407355742330563e-01
3.814310118458763554e-01 3.555572731931764818e-01
3.836356871603694985e-01 3.616712368238642616e-01
3.858531055216822825e-01 3.807210232745502076e-01
3.880833405847607942e-01 4.221170650459241114e-01
3.903264664302779630e-01 4.765721950330760182e-01
3.925825575670940371e-01 5.237828416168148760e-01
3.948516889347303827e-01 5.667285055065659494e-01
3.971339359058604912e-01 5.997706753125069401e-01
3.994293742888124776e-01 6.161790604250498848e-01
4.017380803300868997e-01 6.145026510424419497e-01
4.040601307168905088e-01 6.008800638745268596e-01
4.063956025796829352e-01 5.846583377898791900e-01
4.087445734947380283e-01 5.733320088519229252e-01
4.111071214867221824e-01 5.717682992597423741e-01
4.134833250312844322e-01 5.804285737803999146e-01
4.158732630576643108e-01 5.845245067887466783e-01
4.182770149513134750e-01 5.707223043298378373e-01
4.206946605565314856e-01 5.464671963087852635e-01
4.231262801791195738e-01 5.137631258741265361e-01
4.255719545890473410e-01 4.757445559471245589e-01
4.280317650231349469e-01 4.425685551400510009e-01
4.305057931877529498e-01 4.216979627002720998e-01
4.329941212615355806e-01 4.132208253390591279e-01
4.354968318981098929e-01 4.122734427257785383e-01
4.380140082288422887e-01 4.201694717926001132e-01
4.405457338655994204e-01 4.450761254770612685e-01
4.430920929035247480e-01 4.805554282509952868e-01
4.456531699238333033e-01 5.016478984031782495e-01
4.482290499966203323e-01 5.269032170642742319e-01
4.508198186836865351e-01 5.578498751419552759e-01
4.534255620413813470e-01 5.601883957933243563e-01
4.560463666234608748e-01 5.343237938902301032e-01
4.586823194839622087e-01 5.022078754868645190e-01
4.613335081800964965e-01 4.818761289200667042e-01
4.640000207751556194e-01 4.755966374721886103e-01
4.666819458414390720e-01 4.804004660391575920e-01
4.693793724631949438e-01 4.809005713591792963e-01
4.720923902395786631e-01 4.663799077362956735e-01
4.748210892876304490e-01 4.469532813613680822e-01
4.775655602452679171e-01 4.385888437905826054e-01
4.803258942742961168e-01 4.447063292897212583e-01
4.831021830634371073e-01 4.578745954274758279e-01
4.858945188313745223e-01 4.771603470643691614e-01
4.887029943298164536e-01 5.004363756560834542e-01
4.915277028465775411e-01 5.198136958726989887e-01
4.943687382086768833e-01 5.328058685879106804e-01
4.972261947854541564e-01 5.222825256567497076e-01
5.001001674917054940e-01 4.945266803955453150e-01
5.029907517908354109e-01 4.858945808224946483e-01
5.058980436980275996e-01 5.045816148227422193e-01
5.088221397834349347e-01 5.464848056510395180e-01
5.117631371753864622e-01 6.042011858236850941e-01
5.147211335636141527e-01 6.902122571305162602e-01
5.176962272024980827e-01 7.966395998469657513e-01
5.206885169143288250e-01 8.418568688875196493e-01
5.236981020925914887e-01 8.156999519030042611e-01
5.267250827052667450e-01 7.774207637106387292e-01
5.297695592981502832e-01 7.607341509904780308e-01
5.328316329981945820e-01 7.689224951387206852e-01
5.359114055168668900e-01 7.959352261567944620e-01
5.390089791535270791e-01 8.552998407644409884e-01
5.421244567988269258e-01 9.525491942979571469e-01
5.452579419381275994e-01 9.812277690932861285e-01
5.484095386549359130e-01 9.205178007374120730e-01
5.515793516343632241e-01 8.961605585312847344e-01
5.547674861666017643e-01 9.444524187294367490e-01
5.579740481504216199e-01 1.058388384983113495e+00
5.611991440966896949e-01 1.173426696061908636e+00
5.644428811319066597e-01 1.140722625627250020e+00
5.677053670017649933e-01 9.543559128132468317e-01
5.709867100747291202e-01 7.633931616708751200e-01
5.742870193456336425e-01 6.329783729356380784e-01
5.776064044393048880e-01 5.700778024033309466e-01
5.809449756142023302e-01 5.646048188306991289e-01
5.843028437660793273e-01 5.842145823650711778e-01
5.876801204316687288e-01 5.664009717406361943e-01
5.910769177923870243e-01 5.071032726335558127e-01
5.944933486780595855e-01 4.519050284032731235e-01
5.979295265706701112e-01 4.072794332624632974e-01
6.013855656081297241e-01 3.706836981896075023e-01
6.048615805880666052e-01 3.691446416765829519e-01
6.083576869716416091e-01 4.029264038572039075e-01
6.118740008873820857e-01 4.571385249212467361e-01
6.154106391350390171e-01 5.283119644446170327e-01
6.189677191894675801e-01 5.837884362825175311e-01
6.225453592045292472e-01 6.056592393623398962e-01
6.261436780170150929e-01 6.100615749259111764e-01
6.297627951505950783e-01 6.033629811323810710e-01
6.334028308197864332e-01 5.968052620768852234e-01
6.370639059339481269e-01 5.978899975597492533e-01
6.407461421012968783e-01 6.114527129639997227e-01
6.444496616329448146e-01 6.071032054271913170e-01
6.481745875469649976e-01 5.654324579166505327e-01
6.519210435724759334e-01 5.081633550372638419e-01
6.556891541537508417e-01 4.542118522385845125e-01
6.594790444543533470e-01 4.220501495453578000e-01
6.632908403612935988e-01 4.120903055663340253e-01
6.671246684892090384e-01 4.188980772818406972e-01
6.709806561845721440e-01 4.452627845049567101e-01
6.748589315299192704e-01 4.750331385200514678e-01
6.787596233481042463e-01 4.859297995070032128e-01
6.826828612065795054e-01 4.876026870211603303e-01
6.866287754216984229e-01 4.870532755428266247e-01
6.905974970630435195e-01 4.958121623801081124e-01
6.945891579577818664e-01 5.106392285582163071e-01
6.986038906950429173e-01 4.898531609612579718e-01
7.026418286303216520e-01 4.504293655223640114e-01
7.067031058899108098e-01 4.410471079692808161e-01
7.107878573753529938e-01 4.493763268555577284e-01
7.148962187679240854e-01 4.701377413733601185e-01
7.190283265331394169e-01 5.073850221096243285e-01
7.231843179252852583e-01 5.358593285348037805e-01
7.273643309919801681e-01 5.293016094793079329e-01
7.315685045787596597e-01 4.955797190623514870e-01
7.357969783336865133e-01 4.507850742359005847e-01
7.400498927119919523e-01 4.384127503680397275e-01
7.443273889807401344e-01 4.420437967408732960e-01
7.486296092235191768e-01 4.650486414618716369e-01
7.529566963451627126e-01 5.280126056262941514e-01
7.573087940764960946e-01 5.798122468014998976e-01
7.616860469791092436e-01 6.251739124485389265e-01
7.660886004501606950e-01 6.275018674945553876e-01
7.705166007272060691e-01 5.683591305993127563e-01
7.749701948930545203e-01 5.210111311459904027e-01
7.794495308806568268e-01 5.043597371103382132e-01
7.839547574780165728e-01 4.955515441147447242e-01
7.884860243331343055e-01 4.692255774445881489e-01
7.930434819589780027e-01 4.447556354480332597e-01
7.976272817384808533e-01 4.476189144985800450e-01
8.022375759295721220e-01 4.447063292897212583e-01
8.068745176702336597e-01 4.378105108629431474e-01
8.115382609835852801e-01 4.518522003765103046e-01
8.162289607830032212e-01 5.111322901413363207e-01
8.209467728772645856e-01 6.082302033314654910e-01
8.256918539757219788e-01 6.161262323982871214e-01
8.304643616935105666e-01 5.464495869665310090e-01
8.352644545567829981e-01 4.848556296294918022e-01
8.400922920079733069e-01 4.419275750819950388e-01
8.449480344110958940e-01 4.210569826422160822e-01
8.498318430570707127e-01 4.298053038741450615e-01
8.547438801690798726e-01 4.523980899863930816e-01
8.596843089079587719e-01 4.641364775330997228e-01
8.646532933776126528e-01 4.751810569949874163e-01
8.696509986304700179e-01 4.943188901569446903e-01
8.746775906729644667e-01 4.981612486368297565e-01
8.797332364710471753e-01 4.838589408578992113e-01
8.848181039557355687e-01 4.534757817323553652e-01
8.899323620286901937e-01 4.372787087268637518e-01
8.950761805678236760e-01 4.275900486185559290e-01
9.002497304329459826e-01 4.228813104997600769e-01
9.054531834714387717e-01 4.442062239696995540e-01
9.106867125239620497e-01 4.913288238421670839e-01
9.159504914301977996e-01 5.165454019503036287e-01
9.212446950346235841e-01 4.706484122987343865e-01
9.265694991923183466e-01 4.175069392437522064e-01
9.319250807748065135e-01 3.969075306746892573e-01
9.373116176759319629e-01 4.100300125225826431e-01
9.427292888177655206e-01 4.522853901959656420e-01
9.481782741565508710e-01 5.073251503459598188e-01
9.536587546886805544e-01 5.168518045055281451e-01
9.591709124567069367e-01 4.974357437359532286e-01
9.647149305553922582e-01 5.010527026349834712e-01
9.702909931377862174e-01 4.928714022236424519e-01
9.758992854213467405e-01 4.558389554628805018e-01
9.815399936940907288e-01 4.300025285073930115e-01
9.872133053207802211e-01 4.027115698817016476e-01
9.929194087491489684e-01 3.671125235804384990e-01
9.986584935161608723e-01 3.679542501401932841e-01
1.004430750254303728e+00 4.419663156349544764e-01
1.010236370697924935e+00 5.020810882226337535e-01
1.016075547689597958e+00 4.810555335710169911e-01
1.021948475186527761e+00 4.843872211255277893e-01
1.027855348266994762e+00 5.091670875457581236e-01
1.033796363136834096e+00 5.062192836523907724e-01
1.039771717135951290e+00 4.898848577773157187e-01
1.045781608744880131e+00 4.779985517556730734e-01
1.051826237591374280e+00 4.451536065829801436e-01
1.057905804457035748e+00 4.398038884061282738e-01
1.064020511283988890e+00 4.756741185781074299e-01
1.070170561181583713e+00 5.418218518221048496e-01
1.076356158433145582e+00 5.694051255292172931e-01
1.082577508502760022e+00 5.661297878699201869e-01
1.088834818042095476e+00 5.974391983980394949e-01
1.095128294897270704e+00 6.362994948847963128e-01
1.101458148115757263e+00 6.018380120931600130e-01
1.107824587953321727e+00 5.327072562712866777e-01
1.114227825881013212e+00 4.758361245268468154e-01
1.120668074592185315e+00 4.707399808784566431e-01
1.127145548009560017e+00 4.672040249537962042e-01
1.133660461292336441e+00 4.590297682793569312e-01
1.140213030843336250e+00 4.359932267423008989e-01
1.146803474316190341e+00 4.128827259677768646e-01
1.153432010622570836e+00 4.118825153277334561e-01
1.160098859939462601e+00 4.172463209783887628e-01
1.166804243716473621e+00 3.948190626833310013e-01
1.173548384683194445e+00 3.738181611108703506e-01
1.180331506856595603e+00 3.855952892105363183e-01
1.187153835548465874e+00 4.203314777413395542e-01
1.194015597372901416e+00 4.491826240907605960e-01
1.200917020253827294e+00 4.589452434365363653e-01
1.207858333432573428e+00 4.523769587756880095e-01
1.214839767475487387e+00 4.365884225104957328e-01
1.221861554281590267e+00 4.332743442982392446e-01
1.228923927090283863e+00 4.346020887042124081e-01
1.236027120489096909e+00 4.200145095807624185e-01
1.243171370421473965e+00 4.055607614584450515e-01
1.250356914194617142e+00 4.038808302073861878e-01
1.257583990487367132e+00 4.206132272174081255e-01
1.264852839358128644e+00 4.661685956292441757e-01
1.272163702252848472e+00 4.764066672158857041e-01
1.279516822013033517e+00 4.236209028744400973e-01
1.286912442883815677e+00 3.784599837290999469e-01
1.294350810522067352e+00 3.653198925389522511e-01
1.301832172004561583e+00 4.072723895255615512e-01
1.309356775836174380e+00 4.680105328290424804e-01
1.316924871958146337e+00 5.536518079485336363e-01
1.324536711756377994e+00 6.871658409205249063e-01
1.332192548069784932e+00 7.390817037546087986e-01
1.339892635198694837e+00 6.384372690344666257e-01
1.347637228913291185e+00 5.214865833868560507e-01
1.355426586462114891e+00 4.527784517790856555e-01
1.363260966580605249e+00 4.185775872528127439e-01
1.371140629499693731e+00 3.665138059437927920e-01
1.379065836954451285e+00 3.404674756286342752e-01
1.387036852192779834e+00 3.381349421536316568e-01
1.395053939984155722e+00 3.444975496969500117e-01
1.403117366628427343e+00 3.693453881782818859e-01
1.411227399964658957e+00 3.610513879765134271e-01
1.419384309380025577e+00 3.340090732634525827e-01
1.427588365818764915e+00 3.445479124157972972e-01
1.435839841791175742e+00 3.706167826890412464e-01
1.444139011382666204e+00 3.995982381711439824e-01
1.452486150262864761e+00 4.357889583721511473e-01
1.460881535694769973e+00 4.221100213090223652e-01
1.469325446543965796e+00 4.038244803121724957e-01
1.477818163287882181e+00 4.297031696890701857e-01
1.486359968025109168e+00 4.814711140482181295e-01
1.494951144484772509e+00 4.871765409386065726e-01
1.503591978035954568e+00 4.275970923554576753e-01
1.512282755697172298e+00 3.596532062015232456e-01
1.521023766145914724e+00 3.258003022781949531e-01
1.529815299728230382e+00 3.303910578038871115e-01
1.538657648468367833e+00 3.473590678132713605e-01
1.547551106078482119e+00 3.567969708878781510e-01
1.556495967968387184e+00 3.773329858248256619e-01
1.565492531255366693e+00 3.765476091602845132e-01
1.574541094774047689e+00 3.664856309961859182e-01
1.583641959086324214e+00 3.625763570157345961e-01
1.592795426491339539e+00 3.543105317615730665e-01
1.602001801035530804e+00 3.376813254971612888e-01
1.611261388522727822e+00 3.244947456434622568e-01
1.620574496524306296e+00 3.083867759097773109e-01
1.629941434389411858e+00 2.933931253539435735e-01
1.639362513255227638e+00 3.152258922544966535e-01
1.648838046057315765e+00 3.485575596470980586e-01
1.658368347540009280e+00 3.853487584189763671e-01
1.667953734266863997e+00 3.945725318917709945e-01
1.677594524631179640e+00 3.630975935464614279e-01
1.687291038866571835e+00 3.216173791191120346e-01
1.697043599057607821e+00 2.977285454169485979e-01
1.706852529150509445e+00 3.094817248111487729e-01
1.716718154963911225e+00 3.368367814426457274e-01
1.726640804199680579e+00 3.786149459409376417e-01
1.736620806453807120e+00 3.971646270716017724e-01
1.746658493227349673e+00 3.895538693492996973e-01
1.756754197937443251e+00 3.850177027845957944e-01
1.766908255928380411e+00 4.000525592013045584e-01
1.777121004482747679e+00 4.117205093789940706e-01
1.787392782832625482e+00 4.336441404855792547e-01
1.797723932170862682e+00 4.120409994080220240e-01
1.808114795662403074e+00 3.629109345185660418e-01
1.818565718455690483e+00 3.744415318266720583e-01
1.829077047694130043e+00 4.301293157716238880e-01
1.839649132527616748e+00 4.607413963464734863e-01
1.850282324124138622e+00 4.680105328290424804e-01
1.860976975681438272e+00 4.821085722378232741e-01
1.871733442438742401e+00 4.310238703581416031e-01
1.882552081688566581e+00 3.997954628043920433e-01
1.893433252788581767e+00 4.376555486511054527e-01
1.904377317173546302e+00 5.154853195465957105e-01
1.915384638367318981e+00 5.319218796067455290e-01
1.926455581994929611e+00 4.907899779691859421e-01
1.937590515794722412e+00 4.491896678276623422e-01
1.948789809630575354e+00 4.098609628369414559e-01
1.960053835504184105e+00 3.796151565809810502e-01
1.971382967567415045e+00 3.839047923541249463e-01
1.982777582134739092e+00 3.753959581768543385e-01
1.994238057695728816e+00 3.860143915561883299e-01
2.005764774927627947e+00 4.294707263713136713e-01
2.017358116708002580e+00 4.446675887367618762e-01
2.029018468127450348e+00 4.542188959754861477e-01
2.040746216502401289e+00 4.756987716572634306e-01
2.052541751387976898e+00 4.733708166112469140e-01
2.064405464590929995e+00 4.882260577369619825e-01
2.076337750182662312e+00 5.059128810971661450e-01
2.088339004512313135e+00 4.874829434938312001e-01
2.100409626219920778e+00 4.587022345134272872e-01
2.112550016249669760e+00 4.629179110491031812e-01
2.124760577863207711e+00 4.370779622251648733e-01
2.137041716653034662e+00 3.964496877760778082e-01
2.149393840555982482e+00 3.979253506569869203e-01
2.161817359866763155e+00 4.274949581703827994e-01
2.174312687251592546e+00 4.964601861750658207e-01
2.186880237761905654e+00 5.579273562478741511e-01
2.199520428848138476e+00 6.371165683653950973e-01
2.212233680373592026e+00 7.215287113955372034e-01
2.225020414628386511e+00 6.274596050731451324e-01
2.237881056343477670e+00 5.481259963491388332e-01
2.250816032704775704e+00 5.306047008061249848e-01
2.263825773367328598e+00 4.970589038117115277e-01
2.276910710469592924e+00 4.118754715908317654e-01
2.290071278647793029e+00 3.530778778037730326e-01
2.303307915050354371e+00 3.434300713694952711e-01
2.316621059352423018e+00 3.415786251248796868e-01
2.330011153770474852e+00 3.327200694104389123e-01
2.343478643077001600e+00 3.025499833261718896e-01
2.357023974615280792e+00 2.924534908512548825e-01
2.370647598314243876e+00 3.054819388115104228e-01
2.384349966703414481e+00 3.122393478081698648e-01
2.398131534927939956e+00 3.146564061259930489e-01
2.411992760763713051e+00 3.290668352663648766e-01
2.425934104632577970e+00 3.366582227121872606e-01
2.439956029617617261e+00 2.894299667861940928e-01
2.454059001478542612e+00 2.550371604293494299e-01
2.468243488667162033e+00 2.657887204361258915e-01
2.482509962342935861e+00 3.188766610906550447e-01
2.496858896388636673e+00 3.660947035981407804e-01
2.511290767426078485e+00 3.902723305132744791e-01
2.525806054831960523e+00 3.740400388232743012e-01
2.540405240753779381e+00 3.400934531991532950e-01
2.555088810125852206e+00 2.877588402062624118e-01
2.569857250685421590e+00 2.717058116204108531e-01
2.584711052988855506e+00 2.629113539117756693e-01
2.599650710427946265e+00 2.675052791190736245e-01
2.614676719246288084e+00 3.023245837453170659e-01
2.629789578555775442e+00 3.351462845862343554e-01
2.644989790353173831e+00 3.442210830235577501e-01
2.660277859536794409e+00 3.555255763771187349e-01
2.675654293923265481e+00 3.488009207570522685e-01
2.691119604264405218e+00 3.234603728794455124e-01
2.706674304264172548e+00 3.156823264057276868e-01
2.722318910595750374e+00 3.157953783830002026e-01
2.738053942918694972e+00 3.155946318813013796e-01
2.753879923896200843e+00 3.287826204823807164e-01
2.769797379212459720e+00 3.714937279333047071e-01
2.785806837590128815e+00 4.048352565575684125e-01
2.801908830807877226e+00 4.499081289916371795e-01
2.818103893718070019e+00 4.570363907361718048e-01
2.834392564264522019e+00 3.674787978993276361e-01
2.850775383500368410e+00 3.315652487454028852e-01
2.867252895606037466e+00 3.461764243874735913e-01
2.883825647907329426e+00 3.338319232803745318e-01
2.900494190893583735e+00 3.218205909287265021e-01
2.917259078235983960e+00 3.557756290371295593e-01
2.934120866805935979e+00 4.106533832383843508e-01
2.951080116693567401e+00 4.189790802562104455e-01
2.968137391226336685e+00 3.876872790703454474e-01
2.985293256987731514e+00 3.748465466985206329e-01
3.002548283836107057e+00 3.712155003256869534e-01
3.019903044923603730e+00 3.727404693649080669e-01
3.037358116715186629e+00 4.078429322146003844e-01
3.054914079007794214e+00 4.332109506661238063e-01
3.072571514949601568e+00 4.070012056548455437e-01
3.090331011059376021e+00 3.494133736806563362e-01
3.108193157245980220e+00 3.529264374603862109e-01
3.126158546827951579e+00 3.816754496247324879e-01
3.144227776553216724e+00 3.657037762000956982e-01
3.162401446618910317e+00 3.546803279489130212e-01
3.180680160691316427e+00 3.463806927576232875e-01
3.199064525925907621e+00 3.512500280777782757e-01
3.217555152987530587e+00 3.819290241531941299e-01
3.236152656070678812e+00 4.086036557999855323e-01
3.254857652919894928e+00 4.056593737750689987e-01
3.273670764850296955e+00 4.499363039392439978e-01
3.292592616768199143e+00 5.215957613088326728e-01
3.311623837191892683e+00 5.375568691281168432e-01
3.330765058272506351e+00 4.826967242691164173e-01
3.350016915815009710e+00 4.869511413577516934e-01
3.369380049299332214e+00 4.953754506922018463e-01
3.388855101901607103e+00 4.695425456051652846e-01
3.408442720515521884e+00 4.561242268073998907e-01
3.428143555773827789e+00 4.024579953532400056e-01
3.447958262069935831e+00 3.546134124483467653e-01
3.467887497579658529e+00 3.575119101834021151e-01
3.487931924283071528e+00 3.345355925968557242e-01
3.508092207986506228e+00 2.842140796104747902e-01
3.528369018344649444e+00 2.498286691773769219e-01
3.548763028882812254e+00 2.755256301422104315e-01
3.569274917019284565e+00 3.223238659303539477e-01
3.589905364087840223e+00 3.306393495296726104e-01
3.610655055360374899e+00 3.089742235673802462e-01
3.631524680069651456e+00 3.007813009901514900e-01
3.652514931432215839e+00 3.220202808698900410e-01
3.673626506671410219e+00 3.236734459207223913e-01
3.694860107040534913e+00 3.005992203912421501e-01
3.716216437846141751e+00 2.975027936492486424e-01
3.737696208471465109e+00 3.075679414949530344e-01
3.759300132399972405e+00 3.199201907126440481e-01
3.781028927239082016e+00 3.302124990734287002e-01
3.802883314743989107e+00 3.637174423938122625e-01
3.824864020841640233e+00 4.086212651422397868e-01
3.846971775654848713e+00 4.449176413967727561e-01
3.869207313526548564e+00 4.555360747761067475e-01
3.891571373044171445e+00 4.510104738167554084e-01
3.914064697064205678e+00 4.215958285151972240e-01
3.936688032736852527e+00 3.785480304403713858e-01
3.959442131530850340e+00 3.805731047996141481e-01
3.982327749258438132e+00 3.893143822946414367e-01
4.005345646100446189e+00 3.655347265144545110e-01
4.028496586631570509e+00 3.243447140474557400e-01
4.051781339845751617e+00 3.290555652873221049e-01
4.075200679181723906e+00 3.068861077628670664e-01
4.098755382548707082e+00 2.760489797940077761e-01
4.122446232352245943e+00 2.857242568022022589e-01
4.146274015520188705e+00 3.043834680416880878e-01
4.170239523528843861e+00 3.083779712386501282e-01
4.194343552429258715e+00 3.026295775531612775e-01
4.218586902873665778e+00 3.158999778759906674e-01
4.242970380142073950e+00 3.163201367821779075e-01
4.267494794169023997e+00 3.254058530116989423e-01
4.292160959570472833e+00 3.254879125466039191e-01
4.316969695670882068e+00 3.585402957710523975e-01
4.341921826530410478e+00 3.742126103773663059e-01
4.367018180972294772e+00 3.373013158913137910e-01
4.392259592610382235e+00 3.222382845269981533e-01
4.417646899876805477e+00 3.231803843376023777e-01
4.443180946049855251e+00 2.987185426384845188e-01
4.468862579281975833e+00 2.914863857746495257e-01
4.494692652627942486e+00 3.020136027611063922e-01
4.520672024073195239e+00 2.806760105647437831e-01
4.546801556562344082e+00 2.812042908323723611e-01
4.573082118027814502e+00 2.908316704296352029e-01
4.599514581418703507e+00 3.112570986972258424e-01
4.626099824729760002e+00 3.146204830677942765e-01
4.652838731030551678e+00 2.898825268821291767e-01
4.679732188494796219e+00 2.817086223945350909e-01
4.706781090429870140e+00 2.841471641099084788e-01
4.733986335306464177e+00 3.174207206730707553e-01
4.761348826788450062e+00 3.290900795981405724e-01
4.788869473762884077e+00 3.125027835682939736e-01
4.816549190370198019e+00 3.053350768971096474e-01
4.844388896034566017e+00 3.117093066063158502e-01
4.872389515494448098e+00 3.360147773462157095e-01
4.900551978833287414e+00 3.158612373230312298e-01
4.928877221510434836e+00 3.223854986282439494e-01
4.957366184392200559e+00 3.700462400000024132e-01
4.986019813783113541e+00 3.910823602569716839e-01
5.014839061457356806e+00 3.829045817140815933e-01
5.043824884690362609e+00 3.150346547976151101e-01
5.072978246290641202e+00 3.045010984479467053e-01
5.102300114631742822e+00 3.072238549473043090e-01
5.131791463684423960e+00 3.441809337232180077e-01
5.161453273049005475e+00 3.798511217671884377e-01
5.191286527987911903e+00 3.643936411363767891e-01
5.221292219458380401e+00 3.565469182278673266e-01
5.251471344145405951e+00 3.216078700742947549e-01
5.281824904494829553e+00 2.947627799944818605e-01
5.312353908746639597e+00 2.987664400494161598e-01
5.343059370968462396e+00 3.455308659004314720e-01
5.373942311089249912e+00 3.748359810931680691e-01
5.405003754933139781e+00 3.712683283524497724e-01
5.436244734253559585e+00 3.434659944276939880e-01
5.467666286767478567e+00 3.044415788711272164e-01
5.499269456189878724e+00 3.181127678236641554e-01
5.531055292268432844e+00 3.598750839139271962e-01
5.563024850818350409e+00 3.751811242013520231e-01
5.595179193757479297e+00 3.522467168493708112e-01
5.627519389141558470e+00 3.335050938881349847e-01
5.660046511199702479e+00 2.955076551718380795e-01
5.692761640370078702e+00 3.095303265957706218e-01
5.725665863335805739e+00 3.530391372508137060e-01
5.758760273061025892e+00 3.623861761193883368e-01
5.792045968827241431e+00 3.778929629085119868e-01
5.825524056269808071e+00 3.902124587496099140e-01
5.859195647414667363e+00 3.790622232341965270e-01
5.893061860715279821e+00 3.557439322210718680e-01
5.927123821089786304e+00 4.021269397188593775e-01
5.961382659958350594e+00 4.342217269115198341e-01
5.995839515280771082e+00 4.025918263543725173e-01
6.030495531594262104e+00 3.783543276755742535e-01
6.065351860051475086e+00 3.854755456832071880e-01
6.100409658458743500e+00 3.464697960294299550e-01
6.135670091314512575e+00 3.070290956219718925e-01
6.171134329848062094e+00 3.375876437963684640e-01
6.206803552058381079e+00 3.976964292076811680e-01
6.242678942753306259e+00 4.271181182461411541e-01
6.278761693588877257e+00 4.156086521487402097e-01
6.315053003108923591e+00 3.684226586441572970e-01
6.351554076784851510e+00 3.953579085563120876e-01
6.388266127055725718e+00 3.827284882915386599e-01
6.425190373368511843e+00 3.646401719279368514e-01
6.462328042218596025e+00 4.032081533332725343e-01
6.499680367190518560e+00 4.130517756534179963e-01
6.537248588998957999e+00 4.106287301592283501e-01
6.575033955529916874e+00 3.863454471905688470e-01
6.613037721882214726e+00 3.953015586610983956e-01
6.651261150409145451e+00 3.702328990278977994e-01
6.689705510760421525e+00 3.730856124730920209e-01
6.728372079924347382e+00 4.089981050664815432e-01
6.767262142270216607e+00 4.569941283147616051e-01
6.806376989591010229e+00 4.122910520680329038e-01
6.845717921146279750e+00 3.627313192275723464e-01
6.885286243705309062e+00 3.779317034614713688e-01
6.925083271590525058e+00 3.732793152378892088e-01
6.965110326721157818e+00 3.730750468677394571e-01
7.005368738657123728e+00 3.997919409359411702e-01
7.045859844643230119e+00 4.572617903170266840e-01
7.086584989653569089e+00 4.774315309350851133e-01
7.127545526436194656e+00 5.023804470409565237e-01
7.168742815558059256e+00 5.669503832189698445e-01
7.210178225450215805e+00 5.168764575846841458e-01
7.251853132453240036e+00 4.764841483218045237e-01
7.293768920862992111e+00 4.734518195856166067e-01
7.335926982976571864e+00 4.603539908168791661e-01
7.378328719138569802e+00 4.304568495375535875e-01
7.420975537787583676e+00 4.335455281689552520e-01
7.463868855503007715e+00 4.480978886078966217e-01
7.507010097052058128e+00 4.891100467181270783e-01
7.550400695437144982e+00 5.289459007657713041e-01
7.594042091943437711e+00 5.470166077871189136e-01
7.637935736186750368e+00 5.960515822284018217e-01
7.682083086161699548e+00 6.540039275872547853e-01
7.726485608290103890e+00 6.299671754101553445e-01
7.771144777469737974e+00 5.949527592717344104e-01
7.816062077123293150e+00 5.604208391110808707e-01
7.861238999247660786e+00 6.222683709765818305e-01
7.906677044463489068e+00 6.459458925716938804e-01
7.952377722065040011e+00 5.885887429810356952e-01
7.998342550070284496e+00 8.656858308260184653e-01
