2.511886431509579437e-02 9.792967347457693927e-01
2.526405161860213050e-02 1.037784943442351615e+00
2.541007810627042562e-02 1.064287384092367672e+00
2.555694862859406516e-02 1.111449921622264858e+00
2.570466806410236227e-02 1.127389138249496714e+00
2.585324131952258450e-02 1.124052506694997788e+00
2.600267332994290678e-02 1.105985100224352813e+00
2.615296905897638788e-02 1.081122291053696838e+00
2.630413349892583852e-02 1.053718608269992085e+00
2.645617167094958117e-02 1.026725758656059195e+00
2.660908862522835469e-02 1.001572405306780711e+00
2.676288944113292337e-02 9.787915209829418650e-01
2.691757922739292791e-02 9.583386912878103514e-01
2.707316312226650673e-02 9.402879402159399769e-01
2.722964629371095457e-02 9.247299471606585941e-01
2.738703393955444973e-02 9.115740327286382394e-01
2.754533128766867636e-02 9.007054597283209452e-01
2.770454359614242176e-02 8.919798813703273543e-01
2.786467615345633933e-02 8.852548014651421271e-01
2.802573427865854422e-02 8.798029342662769814e-01
2.818772332154127064e-02 8.743196068697266510e-01
2.835064866281864979e-02 8.685957014908773921e-01
2.851451571430539678e-02 8.627718637193810824e-01
2.867932991909653145e-02 8.570387053412126255e-01
2.884509675174826843e-02 8.515609297442537917e-01
2.901182171845980567e-02 8.464514235201986425e-01
2.917951035725619563e-02 8.414159412906969671e-01
2.934816823817239240e-02 8.355569421217875492e-01
2.951780096343814899e-02 8.289891632050284676e-01
2.968841416766421215e-02 8.223954758901758089e-01
2.986001351802944001e-02 8.159886991615705742e-01
3.003260471446899879e-02 8.099649966047796079e-01
3.020619348986378766e-02 8.044131970132674114e-01
3.038078561023081769e-02 7.993462545860804402e-01
3.055638687491469066e-02 7.946105695345204722e-01
3.073300311678033025e-02 7.901561756622637045e-01
3.091064020240668481e-02 7.860793041622298194e-01
3.108930403228154019e-02 7.824077140323763002e-01
3.126900054099761295e-02 7.791747160702523489e-01
3.144973569744963920e-02 7.763932644749046430e-01
3.163151550503255638e-02 7.741373832408867672e-01
3.181434600184106232e-02 7.725292119592120921e-01
3.199823326087009728e-02 7.715798542290634998e-01
3.218318339021652985e-02 7.712504474533004029e-01
3.236920253328214730e-02 7.715557964308336070e-01
3.255629686897762443e-02 7.724921999619354107e-01
3.274447261192782455e-02 7.740707616457886964e-01
3.293373601267822470e-02 7.769928588307879469e-01
3.312409335790250653e-02 7.817174402831650326e-01
3.331555097061136145e-02 7.879669160233440106e-01
3.350811521036261426e-02 7.957542402503720025e-01
3.370179247347232510e-02 8.050442515668360111e-01
3.389658919322740410e-02 8.158887667689234124e-01
3.409251184009919750e-02 8.300754653251011250e-01
3.428956692195841288e-02 8.502821652383422135e-01
3.448776098429136294e-02 8.770048272721548965e-01
3.468710061041735404e-02 9.103803958164631283e-01
3.488759242170727526e-02 9.512064794125808520e-01
3.508924307780367929e-02 1.000336204597737089e+00
3.529205927684192501e-02 1.056216918086172685e+00
3.549604775567258980e-02 1.114112934826327006e+00
3.570121529008542238e-02 1.172967562295949007e+00
3.590756869503420462e-02 1.234261280386109050e+00
3.611511482486330638e-02 1.298417876465625564e+00
3.632386057353523962e-02 1.366445927460289589e+00
3.653381287485973905e-02 1.408532269563680828e+00
3.674497870272393912e-02 1.383491802806096516e+00
3.695736507132423021e-02 1.307321112410547492e+00
3.717097903539903075e-02 1.211210208482149886e+00
3.738582769046329413e-02 1.113690998057371928e+00
3.760191817304411876e-02 1.024710455404340248e+00
3.781925766091774610e-02 9.601485779546433674e-01
3.803785337334809891e-02 9.170351529268225832e-01
3.825771257132654091e-02 8.842702823375805377e-01
3.847884255781295476e-02 8.585635996290147398e-01
3.870125067797849233e-02 8.376240621696940947e-01
3.892494431944945599e-02 8.216422817455939498e-01
3.914993091255265789e-02 8.118674132648046049e-01
3.937621793056233360e-02 8.073723061955434543e-01
3.960381288994833243e-02 8.067356998423833581e-01
3.983272335062570252e-02 8.098280522148557647e-01
4.006295691620595512e-02 8.166067995160922743e-01
4.029452123424955012e-02 8.254101030683669293e-01
4.052742399651988042e-02 8.333602800834125635e-01
4.076167293923887297e-02 8.406534941467960209e-01
4.099727584334383890e-02 8.481798837930228929e-01
4.123424053474603751e-02 8.575735287018616537e-01
4.147257488459059338e-02 8.664545574484175949e-01
4.171228680951784978e-02 8.718009404550438601e-01
4.195338427192649156e-02 8.748174182330989979e-01
4.219587528023795858e-02 8.758056385603881777e-01
4.243976788916238585e-02 8.756464869720981259e-01
4.268507019996626434e-02 8.701409523771816978e-01
4.293179036074151744e-02 8.580176726691827183e-01
4.317993656667604152e-02 8.439327571055159627e-01
4.342951706032609216e-02 8.305381152910604747e-01
4.368054013188996804e-02 8.191735815272348509e-01
4.393301411948334623e-02 8.118933216628981819e-01
4.418694740941636612e-02 8.078368067613667103e-01
4.444234843647213579e-02 8.054143715396033798e-01
4.469922568418681352e-02 8.042096310282451643e-01
4.495758768513159753e-02 8.039172362497588598e-01
4.521744302119593689e-02 8.042818044229348429e-01
4.547880032387276866e-02 8.050757117645211958e-01
4.574166827454511502e-02 8.062693486766963069e-01
4.600605560477452616e-02 8.078516115602772940e-01
4.627197109659098723e-02 8.095486116354162487e-01
4.653942358278480296e-02 8.110624023240352587e-01
4.680842194719982141e-02 8.126206074093864640e-01
4.707897512502866311e-02 8.144915638717261652e-01
4.735109210310945588e-02 8.168122161009782056e-01
4.762478192022426976e-02 8.192531573213797103e-01
4.790005366739954334e-02 8.219106187258504725e-01
4.817691648820784933e-02 8.252639056791237770e-01
4.845537957907175564e-02 8.295036299671754154e-01
4.873545218956924774e-02 8.330567817057433766e-01
4.901714362274099679e-02 8.340986694290838388e-01
4.930046323539925834e-02 8.335083280725196220e-01
4.958542043843887359e-02 8.325404643437326335e-01
4.987202469714965836e-02 8.326440979361076078e-01
5.016028553153097091e-02 8.358900500972783476e-01
5.045021251660784106e-02 8.441122652923082059e-01
5.074181528274907677e-02 8.587838210128114769e-01
5.103510351598705003e-02 8.810853999719163721e-01
5.133008695833959217e-02 9.000558991761139493e-01
5.162677540813340182e-02 8.992953026320767984e-01
5.192517872032970105e-02 8.815480499378758328e-01
5.222530680685147364e-02 8.613802126217753319e-01
5.252716963691266006e-02 8.550844718850003634e-01
5.283077723734942721e-02 8.608213314628964108e-01
5.313613969295318679e-02 8.739568892964145741e-01
5.344326714680543849e-02 8.947409763671728689e-01
5.375216980061491706e-02 9.269987825937232584e-01
5.406285791505632127e-02 9.741465153247097497e-01
5.437534181011107609e-02 1.037053956496135854e+00
5.468963186541032917e-02 1.116446541254625835e+00
5.500573852057948770e-02 1.183595557313967594e+00
5.532367227558519784e-02 1.208345479892929397e+00
5.564344369108398941e-02 1.208610115673458330e+00
5.596506338877313413e-02 1.212224337207532754e+00
5.628854205174332881e-02 1.219119672300190915e+00
5.661389042483377931e-02 1.218388685353975376e+00
5.694111931498885282e-02 1.210758662115373641e+00
5.727023959161724881e-02 1.195306153252330805e+00
5.760126218695296035e-02 1.172577085724679335e+00
5.793419809641841417e-02 1.146511386642528940e+00
5.826905837898961604e-02 1.120147740982300855e+00
5.860585415756369709e-02 1.095988159759903047e+00
5.894459661932811845e-02 1.073749501196168632e+00
5.928529701613251268e-02 1.052837722734805359e+00
5.962796666486229469e-02 1.033186202780715712e+00
5.997261694781454155e-02 1.014546960952144916e+00
6.031925931307623168e-02 9.968126624569907390e-01
6.066790527490428103e-02 9.801461600832708232e-01
6.101856641410823012e-02 9.651081855897276629e-01
6.137125437843479747e-02 9.519744783560734058e-01
6.172598088295483398e-02 9.406154963918391676e-01
6.208275771045231733e-02 9.314679812648907209e-01
6.244159671181598315e-02 9.249982841409150058e-01
6.280250980643269088e-02 9.210731618297157697e-01
6.316550898258359303e-02 9.193058389597510427e-01
6.353060629784218483e-02 9.187932227974681121e-01
6.389781387947492119e-02 9.188950057899791801e-01
6.426714392484385308e-02 9.198776743176768633e-01
6.463860870181208085e-02 9.183453776304194571e-01
6.501222054915094251e-02 9.124715736625994555e-01
6.538799187695008841e-02 9.046398350388393794e-01
6.576593516702965159e-02 8.951351541381702415e-01
6.614606297335466623e-02 8.841629475454779730e-01
6.652838792245242827e-02 8.731962927523774232e-01
6.691292271383147972e-02 8.637027154508912785e-01
6.729968012040381253e-02 8.565871589744362691e-01
6.768867298890894613e-02 8.520291315098047491e-01
6.807991424034069705e-02 8.501896352451502326e-01
6.847341687037629410e-02 8.517237825322715450e-01
6.886919394980822728e-02 8.562447979996264946e-01
6.926725862497820629e-02 8.631493860916038541e-01
6.966762411821400547e-02 8.726799753903666801e-01
7.007030372826857090e-02 8.847921514991828884e-01
7.047531083076181979e-02 8.989658958563137015e-01
7.088265887862478520e-02 9.120496368936443776e-01
7.129236140254673060e-02 9.210083908344814940e-01
7.170443201142430445e-02 9.280758317144766067e-01
7.211888439281383123e-02 9.362018157165868937e-01
7.253573231338585059e-02 9.463486547700075135e-01
7.295498961938230720e-02 9.588772158481870811e-01
7.337667023707672431e-02 9.744241053042853595e-01
7.380078817323644513e-02 9.934020069079383397e-01
7.422735751558823258e-02 1.016277271824832962e+00
7.465639243328600627e-02 1.043884520593559850e+00
7.508790717738160481e-02 1.077015809955841563e+00
7.552191608129793510e-02 1.116178204274369534e+00
7.595843356130543844e-02 1.160773959793124366e+00
7.639747411700059665e-02 1.210780869313739627e+00
7.683905233178781047e-02 1.269872373565932966e+00
7.728318287336367887e-02 1.342332611234487771e+00
7.772988049420428980e-02 1.429457002224090889e+00
7.817916003205507836e-02 1.523473027106624356e+00
7.863103641042397396e-02 1.613458445485719706e+00
7.908552463907676799e-02 1.697051891935120738e+00
7.954263981453599253e-02 1.767248845970202709e+00
8.000239712058217212e-02 1.832162337394028562e+00
8.046481182875830918e-02 1.892719516738381236e+00
8.092989929887701994e-02 1.944314240942168981e+00
8.139767497953076525e-02 1.989987045581677050e+00
8.186815440860513438e-02 1.990745791525850406e+00
8.234135321379483508e-02 1.930619801949772008e+00
8.281728711312283386e-02 1.830752180297784415e+00
8.329597191546232737e-02 1.699013527790788736e+00
8.377742352106211376e-02 1.558712149713816775e+00
8.426165792207447602e-02 1.433169305550948680e+00
8.474869120308657633e-02 1.327329798138357608e+00
8.523853954165466762e-02 1.240936394094970474e+00
8.573121920884146929e-02 1.174649757572177267e+00
8.622674656975649887e-02 1.124533662659595645e+00
8.672513808409994251e-02 1.090216138784594113e+00
8.722641030670905127e-02 1.070240763854332755e+00
8.773057988810836760e-02 1.062788398202659357e+00
8.823766357506258873e-02 1.067298310070831091e+00
8.874767821113291322e-02 1.080881713071398131e+00
8.926064073723644077e-02 1.094370735478909173e+00
8.977656819220893036e-02 1.102802068458552442e+00
9.029547771337091688e-02 1.096758009303259396e+00
9.081738653709675591e-02 1.070301833649839329e+00
9.134231199938727674e-02 1.033077017388749352e+00
9.187027153644546085e-02 9.899154767644685604e-01
9.240128268525588107e-02 9.471166537135000674e-01
9.293536308416693037e-02 9.094328886861783312e-01
9.347253047347692245e-02 8.779486332027118811e-01
9.401280269602330097e-02 8.548698023007952340e-01
9.455619769777530437e-02 8.408774167303202374e-01
9.510273352842993355e-02 8.313042636346892333e-01
9.565242834201181932e-02 8.149727198363238001e-01
9.620530039747586526e-02 7.960003700322624276e-01
9.676136805931405405e-02 7.832923007672906168e-01
9.732064979816532069e-02 7.768355578423618013e-01
9.788316419142908953e-02 7.758658435137110176e-01
9.844892992388228070e-02 7.795781468405689196e-01
9.901796578830000806e-02 7.875560828535721480e-01
9.959029068607995472e-02 7.994961531750512940e-01
1.001659236278700377e-01 8.137994395226508804e-01
1.007448837341998471e-01 8.296220683584609734e-01
1.013271902361159299e-01 8.438106175145027033e-01
1.019128624758204177e-01 8.552972908693416976e-01
1.025019199073136378e-01 8.595610729556230067e-01
1.030943820970401520e-01 8.521956854975500928e-01
1.036902687245389171e-01 8.375759465732343090e-01
1.042895995830967204e-01 8.182464309954522452e-01
1.048923945804057928e-01 8.016206418187367122e-01
1.054986737392250712e-01 7.900969564666209255e-01
1.061084571980452224e-01 7.822855744413630408e-01
1.067217652117575799e-01 7.752107311619125252e-01
1.073386181523270227e-01 7.693646861920500069e-01
1.079590365094685589e-01 7.682839358715689571e-01
1.085830408913279893e-01 7.678101823064266140e-01
1.092106520251663743e-01 7.585035155911881155e-01
1.098418907580486492e-01 7.365183892087994177e-01
1.104767780575359459e-01 7.061722526415930012e-01
1.111153350123821049e-01 6.795735807986574839e-01
1.117575828332342536e-01 6.577864686016992035e-01
1.124035428533372433e-01 6.395228985454874948e-01
1.130532365292423180e-01 6.236243951152601328e-01
1.137066854415197809e-01 6.091119909830468027e-01
1.143639112954759340e-01 5.952991135993642713e-01
1.150249359218739331e-01 5.819303801830024714e-01
1.156897812776589568e-01 5.687781669507098181e-01
1.163584694466876512e-01 5.558239679038478043e-01
1.170310226404614878e-01 5.425514656804055758e-01
1.177074631988646730e-01 5.287385882967229334e-01
1.183878135909062629e-01 5.140041121808491820e-01
1.190720964154663303e-01 4.984146589278826700e-01
1.197603344020467531e-01 4.825161554976551970e-01
1.204525504115261381e-01 4.665639846713764416e-01
1.211487674369193246e-01 4.510948204095592273e-01
1.218490086041408849e-01 4.362715155002213629e-01
1.225532971727734816e-01 4.224105225200789904e-01
1.232616565368404721e-01 4.096376822598729595e-01
1.239741102255828148e-01 3.981454571054424130e-01
1.246906819042407494e-01 3.880707914467113606e-01
1.254113953748399735e-01 3.794506972809565948e-01
1.261362745769819826e-01 3.724498779960595529e-01
1.268653435886395453e-01 3.674717643623368057e-01
1.275986266269562852e-01 3.651677675318591998e-01
1.283361480490512463e-01 3.664187730398133502e-01
1.290779323528278288e-01 3.726997089776775685e-01
1.298240041777875831e-01 3.850080486720604545e-01
1.305743883058487209e-01 4.049982284012324518e-01
1.313291096621690413e-01 4.337713550841769683e-01
1.320881933159741561e-01 4.707759499614704857e-01
1.328516644813900749e-01 5.118777729373000795e-01
1.336195485182806453e-01 5.514954148223319974e-01
1.343918709330900185e-01 5.645421438623858812e-01
1.351686573796898327e-01 5.349103388426207362e-01
1.359499336602315311e-01 4.838041730028860843e-01
1.367357257260030934e-01 4.254566098959554066e-01
1.375260596782912625e-01 3.728773665646060165e-01
1.383209617692485738e-01 3.277153274875170830e-01
1.391204584027652402e-01 2.892635635167027375e-01
1.399245761353461737e-01 2.573259110665961913e-01
1.407333416769932510e-01 2.318598063403291554e-01
1.415467818920924381e-01 2.117993038163313024e-01
1.423649238003061035e-01 1.954177938216422605e-01
1.431877945774705507e-01 1.816232373766115960e-01
1.440154215564987683e-01 1.698112285657099596e-01
1.448478322282882313e-01 1.595677881993969871e-01
1.456850542426340045e-01 1.506199527977565567e-01
1.465271154091474515e-01 1.427386180976456531e-01
1.473740436981796631e-01 1.357823982694671139e-01
1.482258672417506584e-01 1.297973732498304278e-01
1.490826143344838317e-01 1.249051274497897795e-01
1.499443134345459228e-01 1.210595809327355832e-01
1.508109931645919832e-01 1.180366260551571206e-01
1.516826823127164214e-01 1.156269599724543823e-01
1.525594098334091819e-01 1.136201694801090706e-01
1.534412048485173929e-01 1.118889333074891412e-01
1.543280966482127869e-01 1.103694057592922162e-01
1.552201146919646169e-01 1.088833740686307450e-01
1.561172886095181789e-01 1.071767508741998665e-01
1.570196482018790252e-01 1.051744018215277493e-01
1.579272234423027277e-01 1.029740385834250344e-01
1.588400444772908315e-01 1.007557245266430951e-01
1.597581416275917487e-01 9.874116151486965476e-02
1.606815453892082024e-01 9.708987125636751869e-02
1.616102864344102497e-01 9.591196444303498603e-02
1.625443956127538836e-01 9.534512570474157345e-02
1.634839039521058524e-01 9.552481895152017954e-02
1.644288426596743347e-01 9.640311364689743701e-02
1.653792431230455828e-01 9.760674379833730874e-02
1.663351369112262834e-01 9.937832304798888128e-02
1.672965557756923849e-01 1.023418736699381604e-01
1.682635316514438095e-01 1.074206599362536318e-01
1.692360966580649384e-01 1.154061834086985844e-01
1.702142831007917856e-01 1.245994083522838358e-01
1.711981234715850009e-01 1.262164625133049833e-01
1.721876504502090899e-01 1.192378504267739975e-01
1.731828969053178791e-01 1.118297141118463345e-01
1.741838958955464201e-01 1.068131080009558087e-01
1.751906806706090836e-01 1.048953313620610700e-01
1.762032846724038426e-01 1.059290764460006501e-01
1.772217415361232173e-01 1.098934314743132135e-01
1.782460850913716033e-01 1.146087599273710317e-01
1.792763493632887617e-01 1.148739508878589416e-01
1.803125685736800821e-01 1.102470811082925661e-01
1.813547771421535060e-01 1.045820248051133883e-01
1.824030096872625850e-01 9.964888074808192497e-02
1.834573010276564775e-01 9.480549078444656941e-02
1.845176861832364401e-01 9.003816047521494281e-02
1.855842003763193415e-01 8.589614785997398694e-02
1.866568790328071992e-01 8.261651478128126391e-02
1.877357577833641822e-01 8.026199657452089131e-02
1.888208724646001924e-01 7.887145583683344285e-02
1.899122591202609955e-01 7.851632572296303458e-02
1.910099540024255971e-01 7.934520940197581362e-02
1.921139935727104175e-01 8.162792433401930281e-02
1.932244145034804905e-01 8.567777707604116999e-02
1.943412536790674328e-01 9.171276829200143699e-02
1.954645481969946030e-01 9.786175645957409519e-02
1.965943353692096995e-01 1.021235028860053434e-01
1.977306527233236300e-01 1.071906303731786358e-01
1.988735380038573475e-01 1.137091833335596436e-01
2.000230291734956534e-01 1.168281843440712731e-01
2.011791644143479663e-01 1.109725162549168448e-01
2.023419821292166965e-01 9.990093244953657248e-02
2.035115209428728922e-01 8.958161748880623387e-02
2.046878197033392410e-01 8.201136862580642173e-02
2.058709174831803157e-01 7.711190548629678898e-02
2.070608535808005912e-01 7.433878159033638355e-02
2.082576675217497619e-01 7.287384673812268010e-02
2.094613990600355524e-01 7.198259784369856473e-02
2.106720881794442723e-01 7.130194721377915157e-02
2.118897750948690872e-01 7.111818264730009054e-02
2.131145002536455058e-01 7.175460394047378232e-02
2.143463043368951104e-01 7.311979146002667296e-02
2.155852282608767823e-01 7.493485980647843214e-02
2.168313131783459469e-01 7.686744124428386560e-02
2.180846004799212312e-01 7.878965932285182661e-02
2.193451317954595303e-01 8.075925275793401081e-02
2.206129489954388734e-01 8.300551087265989336e-02
2.218880941923488948e-01 8.597220751437770203e-02
2.231706097420899648e-01 8.999078511870070574e-02
2.244605382453801201e-01 9.532513922621212166e-02
2.257579225491697927e-01 1.026196487095001608e-01
2.270628057480653939e-01 1.130549962816931042e-01
2.283752311857605299e-01 1.251181314941174627e-01
2.296952424564759343e-01 1.313220824776460960e-01
2.310228834064072811e-01 1.321616996358691565e-01
2.323581981351817149e-01 1.333088864914619698e-01
2.337012309973229007e-01 1.356880176764113932e-01
2.350520266037238737e-01 1.372514044413812861e-01
2.364106298231291869e-01 1.371731240671409391e-01
2.377770857836252472e-01 1.362976052715594577e-01
2.391514398741393099e-01 1.350769496013722593e-01
2.405337377459470793e-01 1.331786042610478282e-01
2.419240253141889951e-01 1.303788317270481445e-01
2.433223487593957901e-01 1.275783189531029538e-01
2.447287545290218747e-01 1.260854400429453070e-01
2.461432893389885190e-01 1.267749735522111232e-01
2.475660001752356676e-01 1.295821484856661265e-01
2.489969342952823017e-01 1.322605216685980578e-01
2.504361392297964617e-01 1.315391578416742480e-01
2.518836627841739007e-01 1.278435099135908637e-01
2.533395530401260642e-01 1.241421251259296060e-01
2.548038583572773130e-01 1.221253413943195615e-01
2.562766273747711931e-01 1.210825283710471739e-01
2.577579090128856998e-01 1.194871262284328967e-01
2.592477524746588102e-01 1.168211520645886931e-01
2.607462072475227322e-01 1.132815097050268172e-01
2.622533231049470337e-01 1.091763240270762214e-01
2.637691501080930423e-01 1.052191863382326148e-01
2.652937386074759596e-01 1.021014807476256919e-01
2.668271392446371348e-01 1.001089398742319031e-01
2.683694029538270520e-01 9.939571868670896149e-02
2.699205809636965880e-01 1.009098794953007527e-01
2.714807247989985406e-01 1.050507817506234204e-01
2.730498862822996475e-01 1.113900115841985616e-01
2.746281175357012105e-01 1.207098175584702948e-01
2.762154709825712651e-01 1.362035947984764905e-01
2.778119993492854656e-01 1.614605817401298937e-01
2.794177556669779627e-01 1.934672615651575889e-01
2.810327932733039380e-01 2.160926955004341399e-01
2.826571658142107979e-01 2.201436586023743092e-01
2.842909272457196934e-01 2.175454163935465479e-01
2.859341318357184192e-01 2.183726345326818807e-01
2.875868341657639160e-01 2.266355629247160663e-01
2.892490891328946545e-01 2.461908516858863083e-01
2.909209519514548425e-01 2.744124996094072788e-01
2.926024781549284581e-01 2.921412463049699593e-01
2.942937235977828858e-01 2.907551470069557054e-01
2.959947444573255426e-01 2.795127528341432299e-01
2.977055972355692748e-01 2.669619845575977313e-01
2.994263387611086902e-01 2.576035010461718011e-01
3.011570261910088142e-01 2.534655597506312863e-01
3.028977170127025720e-01 2.574573036569286488e-01
3.046484690459013711e-01 2.789612740747197117e-01
3.064093404445150659e-01 2.933237796179620771e-01
3.081803896985833569e-01 2.525310068193933333e-01
3.099616756362194026e-01 2.134611424940573154e-01
3.117532574255635347e-01 1.943907108972124931e-01
3.135551945767480198e-01 1.898956038279513425e-01
3.153675469438748658e-01 1.947959922673928868e-01
3.171903747270033436e-01 2.065213930046669311e-01
3.190237384741493876e-01 2.241187471098971262e-01
3.208676990832974307e-01 2.384072286585860179e-01
3.227223178044230090e-01 2.398044315557832928e-01
3.245876562415266342e-01 2.359588850387291104e-01
3.264637763546810456e-01 2.312361541862159309e-01
3.283507404620888970e-01 2.271851910842757893e-01
3.302486112421523790e-01 2.266670231224013066e-01
3.321574517355558864e-01 2.284232423931830125e-01
3.340773253473591775e-01 2.323465141045183979e-01
3.360082958491044103e-01 2.370118763612525936e-01
3.379504273809338932e-01 2.338621553930012587e-01
3.399037844537201591e-01 2.308937932114059899e-01
3.418684319512097503e-01 2.357645720530261724e-01
3.438444351321779946e-01 2.398766049504729436e-01
3.458318596325960503e-01 2.417086988156720018e-01
3.478307714678123830e-01 2.425433193542626820e-01
3.498412370347446232e-01 2.434723204859090828e-01
3.518633231140849693e-01 2.478267819655186055e-01
3.538970968725191901e-01 2.536136077397382893e-01
3.559426258649572294e-01 2.574721084558393436e-01
3.579999780367765227e-01 2.590469689399649833e-01
3.600692217260801353e-01 2.499512706092039960e-01
3.621504256659661136e-01 2.334661270221400631e-01
3.642436589868098817e-01 2.165368394677551489e-01
3.663489912185618480e-01 2.047355641360637801e-01
3.684664922930561692e-01 2.005976228405232653e-01
3.705962325463332818e-01 2.017338911569194482e-01
3.727382827209774208e-01 2.046300799438250384e-01
3.748927139684648524e-01 2.081258630866139603e-01
3.770595978515288715e-01 2.155560215399212887e-01
3.792390063465359562e-01 2.297445706959629630e-01
3.814310118458763554e-01 2.387162788358468679e-01
3.836356871603694985e-01 2.344099329526971587e-01
3.858531055216822825e-01 2.321688565175900054e-01
3.880833405847607942e-01 2.300610232726791327e-01
3.903264664302779630e-01 2.245295802796690443e-01
3.925825575670940371e-01 2.270482466943518074e-01
3.948516889347303827e-01 2.344543473494292429e-01
3.971339359058604912e-01 2.362438774177600675e-01
3.994293742888124776e-01 2.314915369674254986e-01
4.017380803300868997e-01 2.271148682894499615e-01
4.040601307168905088e-01 2.247183414657804856e-01
4.063956025796829352e-01 2.136388000809857080e-01
4.087445734947380283e-01 1.987303675779112655e-01
4.111071214867221824e-01 1.874953758045541929e-01
4.134833250312844322e-01 1.807954640575171190e-01
4.158732630576643108e-01 1.792376290921387505e-01
4.182770149513134750e-01 1.819741111107951725e-01
4.206946605565314856e-01 1.883688589402854607e-01
4.231262801791195738e-01 1.962820239580543580e-01
4.255719545890473410e-01 2.049132217229922004e-01
4.280317650231349469e-01 2.166682320580876064e-01
4.305057931877529498e-01 2.275071954605834834e-01
4.329941212615355806e-01 2.325833908870895972e-01
4.354968318981098929e-01 2.327184846771497284e-01
4.380140082288422887e-01 2.311288193941133662e-01
4.405457338655994204e-01 2.260193131700581892e-01
4.430920929035247480e-01 2.135074074906532504e-01
4.456531699238333033e-01 1.996482651103746453e-01
4.482290499966203323e-01 1.900584566159690125e-01
4.508198186836865351e-01 1.869920126415904049e-01
4.534255620413813470e-01 1.784929477069305548e-01
4.560463666234608748e-01 1.624599056666021224e-01
4.586823194839622087e-01 1.507829906457606450e-01
4.613335081800964965e-01 1.470544020401009788e-01
4.640000207751556194e-01 1.498491779544682545e-01
4.666819458414390720e-01 1.539708339712070051e-01
4.693793724631949438e-01 1.578998425421203056e-01
4.720923902395786631e-01 1.647688991167120809e-01
4.748210892876304490e-01 1.685478240386681370e-01
4.775655602452679171e-01 1.559839165030893759e-01
4.803258942742961168e-01 1.393168589494102327e-01
4.831021830634371073e-01 1.284497664289840080e-01
4.858945188313745223e-01 1.256762724130508491e-01
4.887029943298164536e-01 1.287886112640526659e-01
4.915277028465775411e-01 1.324759314927487497e-01
4.943687382086768833e-01 1.346279940744053161e-01
4.972261947854541564e-01 1.357568599913461516e-01
5.001001674917054940e-01 1.332076586789100736e-01
5.029907517908354109e-01 1.287360542279196718e-01
5.058980436980275996e-01 1.299339475197816562e-01
5.088221397834349347e-01 1.325310793686911015e-01
5.117631371753864622e-01 1.322048186126965619e-01
5.147211335636141527e-01 1.348306347594954990e-01
5.176962272024980827e-01 1.413155068023546623e-01
5.206885169143288250e-01 1.481455157198195149e-01
5.236981020925914887e-01 1.611382072438494184e-01
5.267250827052667450e-01 1.686958720277751678e-01
5.297695592981502832e-01 1.533954824735399292e-01
5.328316329981945820e-01 1.351681841746594781e-01
5.359114055168668900e-01 1.209618692599249701e-01
5.390089791535270791e-01 1.137347216116806059e-01
5.421244567988269258e-01 1.164273444135640878e-01
5.452579419381275994e-01 1.235532642492565281e-01
5.484095386549359130e-01 1.253855431744419768e-01
5.515793516343632241e-01 1.229512641135502155e-01
5.547674861666017643e-01 1.212888702558650444e-01
5.579740481504216199e-01 1.214228536860068736e-01
5.611991440966896949e-01 1.190947990572993609e-01
5.644428811319066597e-01 1.127694487227030029e-01
5.677053670017649933e-01 1.077759751101104169e-01
5.709867100747291202e-01 1.016571517203183062e-01
5.742870193456336425e-01 9.279351861248250066e-02
5.776064044393048880e-01 8.703149087643825832e-02
5.809449756142023302e-01 8.526805426618755401e-02
5.843028437660793273e-01 8.241072807642255138e-02
5.876801204316687288e-01 7.919401539310030880e-02
5.910769177923870243e-01 7.873414132693670742e-02
5.944933486780595855e-01 8.182075683983117131e-02
5.979295265706701112e-01 8.466808979033145499e-02
6.013855656081297241e-01 8.173896032584955507e-02
6.048615805880666052e-01 7.930486632494415655e-02
6.083576869716416091e-01 7.820912614556600750e-02
6.118740008873820857e-01 7.753088129546958918e-02
6.154106391350390171e-01 7.908686566098410697e-02
6.189677191894675801e-01 8.176671932380710772e-02
6.225453592045292472e-01 8.176190776416113193e-02
6.261436780170150929e-01 8.056568001217660757e-02
6.297627951505950783e-01 8.065839506535486814e-02
6.334028308197864332e-01 7.972143635429397579e-02
6.370639059339481269e-01 7.926637384777635020e-02
6.407461421012968783e-01 7.990075948109982840e-02
6.444496616329448146e-01 8.107440991474552938e-02
6.481745875469649976e-01 8.338710456458317544e-02
6.519210435724759334e-01 8.749266036250653855e-02
6.556891541537508417e-01 9.440150483417086846e-02
6.594790444543533470e-01 1.010244316268722881e-01
6.632908403612935988e-01 1.010945693617117253e-01
6.671246684892090384e-01 9.789488219713679551e-02
6.709806561845721440e-01 9.427344332359331724e-02
6.748589315299192704e-01 8.804376900195733102e-02
6.787596233481042463e-01 8.227470898643048092e-02
6.826828612065795054e-01 8.208391214046885376e-02
6.866287754216984229e-01 8.421672848354148921e-02
6.905974970630435195e-01 8.224565456856824941e-02
6.945891579577818664e-01 7.523613746431116744e-02
6.986038906950429173e-01 6.757224824820116937e-02
7.026418286303216520e-01 6.107849332599558922e-02
7.067031058899108098e-01 5.693722095070016809e-02
7.107878573753529938e-01 5.546025719937150433e-02
7.148962187679240854e-01 5.626008646052204493e-02
7.190283265331394169e-01 5.828279211169636737e-02
7.231843179252852583e-01 6.278789242022222994e-02
7.273643309919801681e-01 6.934586315770296938e-02
7.315685045787596597e-01 7.471223264285878352e-02
7.357969783336865133e-01 8.001679209256243319e-02
7.400498927119919523e-01 8.762146211302961063e-02
7.443273889807401344e-01 9.389795661122068982e-02
7.486296092235191768e-01 9.843618265730923189e-02
7.529566963451627126e-01 9.875208005406629908e-02
7.573087940764960946e-01 9.466984181442729407e-02
7.616860469791092436e-01 9.227701619048546411e-02
7.660886004501606950e-01 9.196130385371480143e-02
7.705166007272060691e-01 9.178364626678640892e-02
7.749701948930545203e-01 9.135245649851228555e-02
7.794495308806568268e-01 8.980702055222163083e-02
7.839547574780165728e-01 8.341245778271774713e-02
7.884860243331343055e-01 7.428974069394470026e-02
7.930434819589780027e-01 7.002984486737728886e-02
7.976272817384808533e-01 7.065867870110925653e-02
8.022375759295721220e-01 6.977131606639920547e-02
8.068745176702336597e-01 6.072928513168946579e-02
8.115382609835852801e-01 5.381673946029746913e-02
8.162289607830032212e-01 5.081155034141185411e-02
8.209467728772645856e-01 4.814742677743146654e-02
8.256918539757219788e-01 4.551124727139503612e-02
8.304643616935105666e-01 4.277680091258883460e-02
8.352644545567829981e-01 3.975292073507845358e-02
8.400922920079733069e-01 3.846804924961611666e-02
8.449480344110958940e-01 3.958211036764625740e-02
8.498318430570707127e-01 4.288635642452801044e-02
8.547438801690798726e-01 4.888285516332047109e-02
8.596843089079587719e-01 5.620882484429374354e-02
8.646532933776126528e-01 6.250271498120488212e-02
8.696509986304700179e-01 6.417528713814116270e-02
8.746775906729644667e-01 6.291280791103126546e-02
8.797332364710471753e-01 6.139587120264370507e-02
8.848181039557355687e-01 5.929969673687503912e-02
8.899323620286901937e-01 5.853003225350505295e-02
8.950761805678236760e-01 5.655192605904921233e-02
9.002497304329459826e-01 5.484197178486341362e-02
9.054531834714387717e-01 5.207995148808603619e-02
9.106867125239620497e-01 4.980463895549789438e-02
9.159504914301977996e-01 4.586082558567392692e-02
9.212446950346235841e-01 4.183243980207258100e-02
9.265694991923183466e-01 4.128595766228138758e-02
9.319250807748065135e-01 4.318134204282370048e-02
9.373116176759319629e-01 4.517961977579536270e-02
9.427292888177655206e-01 4.512003046017980246e-02
9.481782741565508710e-01 4.581048926937755089e-02
9.536587546886805544e-01 4.734167559671665498e-02
9.591709124567069367e-01 4.706501091707294970e-02
9.647149305553922582e-01 4.735222401594051805e-02
9.702909931377862174e-01 4.882659692745981023e-02
9.758992854213467405e-01 4.891376018104656026e-02
9.815399936940907288e-01 4.936142028810883153e-02
9.872133053207802211e-01 5.234976894823353821e-02
9.929194087491489684e-01 5.554501467313525259e-02
9.986584935161608723e-01 5.811827378380121645e-02
1.004430750254303728e+00 6.173934253737194122e-02
1.010236370697924935e+00 6.402890468891161979e-02
1.016075547689597958e+00 6.373225353073848354e-02
1.021948475186527761e+00 6.264817213050249967e-02
1.027855348266994762e+00 5.644403608698748964e-02
1.033796363136834096e+00 4.963678954784784408e-02
1.039771717135951290e+00 4.489666305661462603e-02
1.045781608744880131e+00 4.325629133730911347e-02
1.051826237591374280e+00 4.377112821942868992e-02
1.057905804457035748e+00 4.352407313760639496e-02
1.064020511283988890e+00 4.386865483225291934e-02
1.070170561181583713e+00 4.355127695560480350e-02
1.076356158433145582e+00 4.234061452468234482e-02
1.082577508502760022e+00 4.052073461858460984e-02
1.088834818042095476e+00 3.988468344538367849e-02
1.095128294897270704e+00 4.114993857228933793e-02
1.101458148115757263e+00 4.565022732116922471e-02
1.107824587953321727e+00 5.119740041302195399e-02
1.114227825881013212e+00 5.337481621281308514e-02
1.120668074592185315e+00 5.341552940981751652e-02
1.127145548009560017e+00 5.193319891888372591e-02
1.133660461292336441e+00 5.181735136740749786e-02
1.140213030843336250e+00 5.347345318555563054e-02
1.146803474316190341e+00 5.307316843500758941e-02
1.153432010622570836e+00 5.302172175879291127e-02
1.160098859939462601e+00 5.225483317521866650e-02
1.166804243716473621e+00 5.140059627807130882e-02
1.173548384683194445e+00 5.076991184447551125e-02
1.180331506856595603e+00 5.070588108918673564e-02
1.187153835548465874e+00 5.122682495085697368e-02
1.194015597372901416e+00 5.208624352762308146e-02
1.200917020253827294e+00 5.264604998643390016e-02
1.207858333432573428e+00 5.144075429511658221e-02
1.214839767475487387e+00 5.056412513961678484e-02
1.221861554281590267e+00 5.067756691127002500e-02
1.228923927090283863e+00 5.260256088963372739e-02
1.236027120489096909e+00 5.332670061635332026e-02
1.243171370421473965e+00 5.290624432728945059e-02
1.250356914194617142e+00 5.337389091288117365e-02
1.257583990487367132e+00 5.606780913466933441e-02
1.264852839358128644e+00 5.989059327339833066e-02
1.272163702252848472e+00 6.478006317364323752e-02
1.279516822013033517e+00 6.193661648285701121e-02
1.286912442883815677e+00 5.331874303693881489e-02
1.294350810522067352e+00 4.966602902569647315e-02
1.301832172004561583e+00 4.714736261101372394e-02
1.309356775836174380e+00 4.623631229804654741e-02
1.316924871958146337e+00 4.729096916044750465e-02
1.324536711756377994e+00 4.785706765879537555e-02
1.332192548069784932e+00 4.701874592047701473e-02
1.339892635198694837e+00 4.763573591508041272e-02
1.347637228913291185e+00 4.756282228044522026e-02
1.355426586462114891e+00 4.444641210974297624e-02
1.363260966580605249e+00 4.261653896438050843e-02
1.371140629499693731e+00 4.402595582067910657e-02
1.379065836954451285e+00 4.272701977625160269e-02
1.387036852192779834e+00 3.908651972411059106e-02
1.395053939984155722e+00 3.845805601035139770e-02
1.403117366628427343e+00 3.952862803158135874e-02
1.411227399964658957e+00 4.008010679100491164e-02
1.419384309380025577e+00 3.848488970837703887e-02
1.427588365818764915e+00 3.988930994504327060e-02
1.435839841791175742e+00 4.548755959313791758e-02
1.444139011382666204e+00 4.881086682861719706e-02
1.452486150262864761e+00 4.640231110583276780e-02
1.460881535694769973e+00 4.498974822976564703e-02
1.469325446543965796e+00 4.683997797363032012e-02
1.477818163287882181e+00 4.889488406243541752e-02
1.486359968025109168e+00 5.041570703053702140e-02
1.494951144484772509e+00 5.085948087788524224e-02
1.503591978035954568e+00 5.236050242744379191e-02
1.512282755697172298e+00 5.283666177240915751e-02
1.521023766145914724e+00 5.062556505509618887e-02
1.529815299728230382e+00 4.893245123967131932e-02
1.538657648468367833e+00 5.012164671217325673e-02
1.547551106078482119e+00 5.141114469729518577e-02
1.556495967968387184e+00 4.751156066421692581e-02
1.565492531255366693e+00 4.253455739041251543e-02
1.574541094774047689e+00 3.913482038055675349e-02
1.583641959086324214e+00 3.896104905334241142e-02
1.592795426491339539e+00 4.002532903503532719e-02
1.602001801035530804e+00 4.001144953605654392e-02
1.611261388522727822e+00 3.925196335193765346e-02
1.620574496524306296e+00 4.301959961472430483e-02
1.629941434389411858e+00 4.685755867233677707e-02
1.639362513255227638e+00 4.519738553448820334e-02
1.648838046057315765e+00 4.269426415866168362e-02
1.658368347540009280e+00 4.104778545980551641e-02
1.667953734266863997e+00 3.900694392996558596e-02
1.677594524631179640e+00 3.760252369329934730e-02
1.687291038866571835e+00 3.973922629608606094e-02
1.697043599057607821e+00 4.066545152793669959e-02
1.706852529150509445e+00 4.000571267647864970e-02
1.716718154963911225e+00 4.153541852392667738e-02
1.726640804199680579e+00 4.255565422886026239e-02
1.736620806453807120e+00 3.821932862791636853e-02
1.746658493227349673e+00 3.549598586829318808e-02
1.756754197937443251e+00 3.589145905919524648e-02
1.766908255928380411e+00 3.661726432579229251e-02
1.777121004482747679e+00 3.462453839241213388e-02
1.787392782832625482e+00 3.464563523085988778e-02
1.797723932170862682e+00 3.591533179743874871e-02
1.808114795662403074e+00 3.622604751457705885e-02
1.818565718455690483e+00 3.823505872675898865e-02
1.829077047694130043e+00 4.132926169909519054e-02
1.839649132527616748e+00 4.258341322681782198e-02
1.850282324124138622e+00 4.360549953161523690e-02
1.860976975681438272e+00 4.738534975350321143e-02
1.871733442438742401e+00 5.514584028250552744e-02
1.882552081688566581e+00 5.759862534203566420e-02
1.893433252788581767e+00 5.609279223283113874e-02
1.904377317173546302e+00 5.910427339125380597e-02
1.915384638367318981e+00 5.894475168299101453e-02
1.926455581994929611e+00 5.605392963569055809e-02
1.937590515794722412e+00 5.562699624710325252e-02
1.948789809630575354e+00 5.243230570216068226e-02
1.960053835504184105e+00 4.815871543660087822e-02
1.971382967567415045e+00 4.661383467026938149e-02
1.982777582134739092e+00 4.646911776091729174e-02
1.994238057695728816e+00 4.370728252412629800e-02
2.005764774927627947e+00 4.270425739792640257e-02
2.017358116708002580e+00 4.657423183318325915e-02
2.029018468127450348e+00 5.254019567422240494e-02
2.040746216502401289e+00 5.528926177195291752e-02
2.052541751387976898e+00 5.841436976201520859e-02
2.064405464590929995e+00 6.245885576443193504e-02
2.076337750182662312e+00 6.743993035793678648e-02
2.088339004512313135e+00 7.391702988136783503e-02
2.100409626219920778e+00 7.067866517963870832e-02
2.112550016249669760e+00 6.565706244911580225e-02
2.124760577863207711e+00 5.673902170528317968e-02
2.137041716653034662e+00 5.124385046960427958e-02
2.149393840555982482e+00 5.118740717375723503e-02
2.161817359866763155e+00 4.889506912242179426e-02
2.174312687251592546e+00 4.918764896089449640e-02
2.186880237761905654e+00 5.501740865195520191e-02
2.199520428848138476e+00 6.088177456046967029e-02
2.212233680373592026e+00 6.432611102704391404e-02
2.225020414628386511e+00 6.113160554208772052e-02
2.237881056343477670e+00 5.555075153271315375e-02
2.250816032704775704e+00 5.211955432517215159e-02
2.263825773367328598e+00 4.919283064051323956e-02
2.276910710469592924e+00 4.582658948819293143e-02
2.290071278647793029e+00 4.617265166273053917e-02
2.303307915050354371e+00 4.713329805204855699e-02
2.316621059352423018e+00 4.699376282231521040e-02
2.330011153770474852e+00 4.837116430096941727e-02
2.343478643077001600e+00 4.961106620974050502e-02
2.357023974615280792e+00 5.052859362223110357e-02
2.370647598314243876e+00 4.633661481066653903e-02
2.384349966703414481e+00 4.383978547437705764e-02
2.398131534927939956e+00 4.353628709670771813e-02
2.411992760763713051e+00 4.503730864626626779e-02
2.425934104632577970e+00 4.740033961240029681e-02
2.439956029617617261e+00 4.513224441928112562e-02
2.454059001478542612e+00 4.491850013500790079e-02
2.468243488667162033e+00 4.478951332449843115e-02
2.482509962342935861e+00 4.184520894113306216e-02
2.496858896388636673e+00 4.218756991594298927e-02
2.511290767426078485e+00 4.414198843214171136e-02
2.525806054831960523e+00 4.533247932454833456e-02
2.540405240753779381e+00 5.128733956640445235e-02
2.555088810125852206e+00 6.013450233545210993e-02
2.569857250685421590e+00 6.593113628895012901e-02
2.584711052988855506e+00 6.103333868931795636e-02
2.599650710427946265e+00 5.427920436627044209e-02
2.614676719246288084e+00 4.623094555844141362e-02
2.629789578555775442e+00 4.708925377528922623e-02
2.644989790353173831e+00 4.880494490905291222e-02
2.660277859536794409e+00 4.826234902897577617e-02
2.675654293923265481e+00 5.083782885947834423e-02
2.691119604264405218e+00 4.888970238281667435e-02
2.706674304264172548e+00 4.323389907895668072e-02
2.722318910595750374e+00 4.176933434671573075e-02
2.738053942918694972e+00 4.454060764281229934e-02
2.753879923896200843e+00 5.066461271222316015e-02
2.769797379212459720e+00 5.347086234574625202e-02
2.785806837590128815e+00 5.801001369176672640e-02
2.801908830807877226e+00 5.733750570124820922e-02
2.818103893718070019e+00 5.913610370891181356e-02
2.834392564264522019e+00 6.200231277802323998e-02
2.850775383500368410e+00 5.359929397629657061e-02
2.867252895606037466e+00 5.167115397816433864e-02
2.883825647907329426e+00 5.618680270591408510e-02
2.900494190893583735e+00 5.699514472643827517e-02
2.917259078235983960e+00 5.391334077318978707e-02
2.934120866805935979e+00 4.811300561996409431e-02
2.951080116693567401e+00 4.566725283991653062e-02
2.968137391226336685e+00 4.594706353932875159e-02
2.985293256987731514e+00 4.517480821614938691e-02
3.002548283836107057e+00 4.726302510250355443e-02
3.019903044923603730e+00 4.791758227434286116e-02
3.037358116715186629e+00 4.776916416526309772e-02
3.054914079007794214e+00 4.838208284016605465e-02
3.072571514949601568e+00 4.561710158360653133e-02
3.090331011059376021e+00 4.951390971688903603e-02
3.108193157245980220e+00 5.831869374905480907e-02
3.126158546827951579e+00 5.738006949811647051e-02
3.144227776553216724e+00 5.605170891585395387e-02
3.162401446618910317e+00 5.394295037101119045e-02
3.180680160691316427e+00 5.616200466773866445e-02
3.199064525925907621e+00 5.557925077061624808e-02
3.217555152987530587e+00 5.885222168979914459e-02
3.236152656070678812e+00 6.707536218476081724e-02
3.254857652919894928e+00 6.770752709824769122e-02
3.273670764850296955e+00 6.683904058214877597e-02
3.292592616768199143e+00 7.033445360496493048e-02
3.311623837191892683e+00 6.399374329149871976e-02
3.330765058272506351e+00 6.057568534299095225e-02
3.350016915815009710e+00 6.813446048683498291e-02
3.369380049299332214e+00 6.973745008889097041e-02
3.388855101901607103e+00 7.193078104751111923e-02
3.408442720515521884e+00 7.312737891946839708e-02
3.428143555773827789e+00 7.639183707927765798e-02
3.447958262069935831e+00 7.918032095410790228e-02
3.467887497579658529e+00 6.569851588606576143e-02
3.487931924283071528e+00 5.972996120521724406e-02
3.508092207986506228e+00 6.925740448421155437e-02
3.528369018344649444e+00 8.108810435373790815e-02
3.548763028882812254e+00 8.606233172774657714e-02
3.569274917019284565e+00 7.765080016664624440e-02
3.589905364087840223e+00 6.513519328751364579e-02
3.610655055360374899e+00 6.496715881987720487e-02
3.631524680069651456e+00 6.182909663076805590e-02
3.652514931432215839e+00 5.741523089552937748e-02
3.673626506671410219e+00 6.010785369741285245e-02
3.694860107040534913e+00 6.179560077323260209e-02
3.716216437846141751e+00 6.479412773260841141e-02
3.737696208471465109e+00 5.656451013812330286e-02
3.759300132399972405e+00 5.704103960306144278e-02
3.781028927239082016e+00 5.871287152005218862e-02
3.802883314743989107e+00 5.630949747688650253e-02
3.824864020841640233e+00 5.802463343069104440e-02
3.846971775654848713e+00 5.972496458558488458e-02
3.869207313526548564e+00 6.325128262612712826e-02
3.891571373044171445e+00 6.948188224769502597e-02
3.914064697064205678e+00 7.164856456827591036e-02
3.936688032736852527e+00 6.493125718251875622e-02
3.959442131530850340e+00 7.002225740793556474e-02
3.982327749258438132e+00 7.930283066509392909e-02
4.005345646100446189e+00 7.435543698911091515e-02
4.028496586631570509e+00 7.639239225923680210e-02
4.051781339845751617e+00 7.585423781883288141e-02
4.075200679181723906e+00 6.576273170134092072e-02
4.098755382548707082e+00 6.201082553739688946e-02
4.122446232352245943e+00 5.846822221805287462e-02
4.146274015520188705e+00 5.941184308862359348e-02
4.170239523528843861e+00 6.685606610089608881e-02
4.194343552429258715e+00 6.593779844845994165e-02
4.218586902873665778e+00 5.818785633868150953e-02
4.242970380142073950e+00 5.433213152237619664e-02
4.267494794169023997e+00 5.588311926825836190e-02
4.292160959570472833e+00 5.902488265709517762e-02
4.316969695670882068e+00 5.669479236853745829e-02
4.341921826530410478e+00 5.418371341329644014e-02
4.367018180972294772e+00 5.756975598415979556e-02
4.392259592610382235e+00 5.885740336941789469e-02
4.417646899876805477e+00 5.987264245471911328e-02
4.443180946049855251e+00 5.598231142096004448e-02
4.468862579281975833e+00 5.194004613837992224e-02
4.494692652627942486e+00 5.428586652578026167e-02
4.520672024073195239e+00 5.603172243732450208e-02
4.546801556562344082e+00 5.300414106008645432e-02
4.573082118027814502e+00 5.309204455361873215e-02
4.599514581418703507e+00 6.146452845759207972e-02
4.626099824729760002e+00 5.740912391597870895e-02
4.652838731030551678e+00 5.681156521994560477e-02
4.679732188494796219e+00 6.387678538010418960e-02
4.706781090429870140e+00 5.898083838033585380e-02
4.733986335306464177e+00 5.558665317007159545e-02
4.761348826788450062e+00 6.085771676223977744e-02
4.788869473762884077e+00 6.385420806176536623e-02
4.816549190370198019e+00 6.418509531741950491e-02
4.844388896034566017e+00 5.874266617785996875e-02
4.872389515494448098e+00 5.888719802722567481e-02
4.900551978833287414e+00 5.913943478866671988e-02
4.928877221510434836e+00 5.522467583670499780e-02
4.957366184392200559e+00 5.758252512322027672e-02
4.986019813783113541e+00 6.159573598793815358e-02
5.014839061457356806e+00 5.817656767951210478e-02
5.043824884690362609e+00 5.089723311510752080e-02
5.072978246290641202e+00 4.501824746766874136e-02
5.102300114631742822e+00 4.512687767967599878e-02
5.131791463684423960e+00 5.330523365793280594e-02
5.161453273049005475e+00 5.414225997634648097e-02
5.191286527987911903e+00 5.420055387205735542e-02
5.221292219458380401e+00 5.751090690848977005e-02
5.251471344145405951e+00 6.383459170320868181e-02
5.281824904494829553e+00 7.825742680201218382e-02
5.312353908746639597e+00 7.705065063080376864e-02
5.343059370968462396e+00 6.907178931786865650e-02
5.373942311089249912e+00 7.224871410411838613e-02
5.405003754933139781e+00 6.957163634109114758e-02
5.436244734253559585e+00 6.640525997406528103e-02
5.467666286767478567e+00 6.538835534888660928e-02
5.499269456189878724e+00 6.346761775020973162e-02
5.531055292268432844e+00 7.204163197935496699e-02
5.563024850818350409e+00 7.114131514559805802e-02
5.595179193757479297e+00 6.763072720389842751e-02
5.627519389141558470e+00 6.697857581188211562e-02
5.660046511199702479e+00 6.005529666127986527e-02
5.692761640370078702e+00 5.633392539508916275e-02
5.725665863335805739e+00 5.767172403665724728e-02
5.758760273061025892e+00 5.967037188960168381e-02
5.792045968827241431e+00 6.020519525025070512e-02
5.825524056269808071e+00 5.713356959625331272e-02
5.859195647414667363e+00 5.668942562893233145e-02
5.893061860715279821e+00 6.071188949296939252e-02
5.927123821089786304e+00 5.793006777764894699e-02
5.961382659958350594e+00 6.069153289446718030e-02
5.995839515280771082e+00 6.736997768308373991e-02
6.030495531594262104e+00 6.271830986534195074e-02
6.065351860051475086e+00 6.060196386105744931e-02
6.100409658458743500e+00 6.204099031517744389e-02
6.135670091314512575e+00 5.826669189288098682e-02
6.171134329848062094e+00 5.562921696693985674e-02
6.206803552058381079e+00 6.284433571606927449e-02
6.242678942753306259e+00 6.151838091362975269e-02
6.278761693588877257e+00 6.333289408012235389e-02
6.315053003108923591e+00 6.856250423534059057e-02
6.351554076784851510e+00 7.034518708417519806e-02
6.388266127055725718e+00 6.514888772650603843e-02
6.425190373368511843e+00 6.480282555196843763e-02
6.462328042218596025e+00 6.874219748211919667e-02
6.499680367190518560e+00 7.043216527777555747e-02
6.537248588998957999e+00 7.109468002902935568e-02
6.575033955529916874e+00 6.938509587481632435e-02
6.613037721882214726e+00 6.846294196266612675e-02
6.651261150409145451e+00 6.929016010180147345e-02
6.689705510760421525e+00 7.350175527192270852e-02
6.728372079924347382e+00 7.507550539613007390e-02
6.767262142270216607e+00 7.728086525386514138e-02
6.806376989591010229e+00 8.554138786607633216e-02
6.845717921146279750e+00 9.811399322101514719e-02
6.885286243705309062e+00 1.052798860137664771e-01
6.925083271590525058e+00 1.115650783313175964e-01
6.965110326721157818e+00 1.031676113291824237e-01
7.005368738657123728e+00 9.899358333629708351e-02
7.045859844643230119e+00 1.181030625902688841e-01
7.086584989653569089e+00 1.128146033593806358e-01
7.127545526436194656e+00 1.036332222549239401e-01
7.168742815558059256e+00 1.320586212234534096e-01
7.210178225450215805e+00 1.393560916665235738e-01
7.251853132453240036e+00 1.217718768203265994e-01
7.293768920862992111e+00 1.278048323764366667e-01
7.335926982976571864e+00 1.472563024852456270e-01
7.378328719138569802e+00 1.460374974149222793e-01
7.420975537787583676e+00 1.189099241309020116e-01
7.463868855503007715e+00 1.161005284776103902e-01
7.507010097052058128e+00 1.270057433552316539e-01
7.550400695437144982e+00 1.405985844151040332e-01
7.594042091943437711e+00 1.589332175060871322e-01
7.637935736186750368e+00 1.656638492108638838e-01
7.682083086161699548e+00 1.918294806856614687e-01
7.726485608290103890e+00 2.322188227139136141e-01
7.771144777469737974e+00 2.342877933616838715e-01
7.816062077123293150e+00 3.015274888143534837e-01
7.861238999247660786e+00 3.493451386960491067e-01
7.906677044463489068e+00 3.080230943364228868e-01
7.952377722065040011e+00 3.507219849947441070e-01
7.998342550070284496e+00 3.670350227944711996e-01
