2.511886431509579437e-02 5.418204297754752874e-01
2.526405161860213050e-02 5.469389078113232605e-01
2.541007810627042562e-02 5.493504984243670064e-01
2.555694862859406516e-02 5.539959547186541489e-01
2.570466806410236227e-02 5.571649269641391067e-01
2.585324131952258450e-02 5.602245300208237300e-01
2.600267332994290678e-02 5.633606915096686096e-01
2.615296905897638788e-02 5.670054197264342566e-01
2.630413349892583852e-02 5.712298046438407662e-01
2.645617167094958117e-02 5.761924315856483680e-01
2.660908862522835469e-02 5.819589220651372186e-01
2.676288944113292337e-02 5.885538841497874873e-01
2.691757922739292791e-02 5.959581782315588327e-01
2.707316312226650673e-02 6.043303896342117065e-01
2.722964629371095457e-02 6.138427748301064080e-01
2.738703393955444973e-02 6.246320453052430777e-01
2.754533128766867636e-02 6.368075702484218281e-01
2.770454359614242176e-02 6.504705161592828633e-01
2.786467615345633933e-02 6.657329864563463762e-01
2.802573427865854422e-02 6.780233490477654001e-01
2.818772332154127064e-02 6.819989190606515761e-01
2.835064866281864979e-02 6.799455125409282763e-01
2.851451571430539678e-02 6.752317005036410080e-01
2.867932991909653145e-02 6.702690735618334061e-01
2.884509675174826843e-02 6.663946700485874342e-01
2.901182171845980567e-02 6.637780122065433108e-01
2.917951035725619563e-02 6.629741486688621732e-01
2.934816823817239240e-02 6.652380908770255674e-01
2.951780096343814899e-02 6.699983848195529834e-01
2.968841416766421215e-02 6.763992165940828638e-01
2.986001351802944001e-02 6.843120774037750875e-01
3.003260471446899879e-02 6.936221296003893810e-01
3.020619348986378766e-02 7.043375758730859859e-01
3.038078561023081769e-02 7.163681866411044652e-01
3.055638687491469066e-02 7.291561790415641564e-01
3.073300311678033025e-02 7.426277288720249947e-01
3.091064020240668481e-02 7.573296820764876536e-01
3.108930403228154019e-02 7.737213892479128940e-01
3.126900054099761295e-02 7.923032144250615749e-01
3.144973569744963920e-02 8.135946612547344525e-01
3.163151550503255638e-02 8.350392249487273988e-01
3.181434600184106232e-02 8.491123053175891888e-01
3.199823326087009728e-02 8.538397885034764156e-01
3.218318339021652985e-02 8.529046819392349654e-01
3.236920253328214730e-02 8.492189402766693318e-01
3.255629686897762443e-02 8.453691448309034184e-01
3.274447261192782455e-02 8.427552212185792646e-01
3.293373601267822470e-02 8.421700960584984630e-01
3.312409335790250653e-02 8.433075356220202101e-01
3.331555097061136145e-02 8.461511345308245780e-01
3.350811521036261426e-02 8.500720199493105866e-01
3.370179247347232510e-02 8.539764999894766673e-01
3.389658919322740410e-02 8.579383988537627737e-01
3.409251184009919750e-02 8.619686534610488948e-01
3.428956692195841288e-02 8.657008770288547872e-01
3.448776098429136294e-02 8.697666766225010671e-01
3.468710061041735404e-02 8.751394380223092018e-01
3.488759242170727526e-02 8.825765428607206253e-01
3.508924307780367929e-02 8.919084688950951190e-01
3.529205927684192501e-02 9.009806431060691789e-01
3.549604775567258980e-02 9.056042255625963433e-01
3.570121529008542238e-02 9.050163661727953501e-01
3.590756869503420462e-02 9.021454249667909542e-01
3.611511482486330638e-02 8.993264341254665339e-01
3.632386057353523962e-02 8.982382106969047930e-01
3.653381287485973905e-02 8.996736812999071020e-01
3.674497870272393912e-02 9.034059048677127723e-01
3.695736507132423021e-02 9.093829310356420503e-01
3.717097903539903075e-02 9.179574754375753320e-01
3.738582769046329413e-02 9.295369383017930698e-01
3.760191817304411876e-02 9.444521614244162366e-01
3.781925766091774610e-02 9.668673766690107918e-01
3.803785337334809891e-02 1.000465591468422621e+00
3.825771257132654091e-02 1.045148373552731380e+00
3.847884255781295476e-02 1.105003396353343659e+00
3.870125067797849233e-02 1.184440972408626225e+00
3.892494431944945599e-02 1.276857936944768568e+00
3.914993091255265789e-02 1.340636579393586825e+00
3.937621793056233360e-02 1.347958846583758197e+00
3.960381288994833243e-02 1.310078828042819943e+00
3.983272335062570252e-02 1.243825707697397753e+00
4.006295691620595512e-02 1.169506609677962938e+00
4.029452123424955012e-02 1.103630813033901648e+00
4.052742399651988042e-02 1.048161494704176189e+00
4.076167293923887297e-02 1.000044520091541989e+00
4.099727584334383890e-02 9.588724889677184837e-01
4.123424053474603751e-02 9.244075233470653297e-01
4.147257488459059338e-02 8.992471414635864191e-01
4.171228680951784978e-02 8.819203277279198394e-01
4.195338427192649156e-02 8.700127572973013201e-01
4.219587528023795858e-02 8.631197641731707115e-01
4.243976788916238585e-02 8.616706224215684440e-01
4.268507019996626434e-02 8.632099937539308154e-01
4.293179036074151744e-02 8.601449222378061421e-01
4.317993656667604152e-02 8.500310065035106000e-01
4.342951706032609216e-02 8.366223439566098374e-01
4.368054013188996804e-02 8.253135698346724114e-01
4.393301411948334623e-02 8.182838652245415512e-01
4.418694740941636612e-02 8.149945868713764918e-01
4.444234843647213579e-02 8.131107025942936328e-01
4.469922568418681352e-02 8.121017718276121178e-01
4.495758768513159753e-02 8.116697635318514958e-01
4.521744302119593689e-02 8.061110745110828812e-01
4.547880032387276866e-02 7.936484554473035580e-01
4.574166827454511502e-02 7.788672095809608953e-01
4.600605560477452616e-02 7.635992708244573324e-01
4.627197109659098723e-02 7.499089826163962691e-01
4.653942358278480296e-02 7.382611640091781835e-01
4.680842194719982141e-02 7.283523155038830188e-01
4.707897512502866311e-02 7.200648652225501989e-01
4.735109210310945588e-02 7.134972454351000692e-01
4.762478192022426976e-02 7.086029742362924821e-01
4.790005366739954334e-02 7.048570795198867422e-01
4.817691648820784933e-02 7.020326202191223830e-01
4.845537957907175564e-02 7.000530379018393701e-01
4.873545218956924774e-02 6.981527482464363610e-01
4.901714362274099679e-02 6.954759373505522424e-01
4.930046323539925834e-02 6.923835235372275410e-01
4.958542043843887359e-02 6.893649339263427933e-01
4.987202469714965836e-02 6.867510103140188615e-01
5.016028553153097091e-02 6.847796306858957571e-01
5.045021251660784106e-02 6.837433576220141029e-01
5.074181528274907677e-02 6.839484248510144804e-01
5.103510351598705003e-02 6.855014673319769214e-01
5.133008695833959217e-02 6.874865181086999844e-01
5.162677540813340182e-02 6.891297901704225293e-01
5.192517872032970105e-02 6.901988739909441506e-01
5.222530680685147364e-02 6.903383197066643717e-01
5.252716963691266006e-02 6.888262906715020284e-01
5.283077723734942721e-02 6.859334756277375433e-01
5.313613969295318679e-02 6.831172190161332036e-01
5.344326714680543849e-02 6.809927225236899195e-01
5.375216980061491706e-02 6.803884577555689983e-01
5.406285791505632127e-02 6.813372354684105181e-01
5.437534181011107609e-02 6.835765696090938537e-01
5.468963186541032917e-02 6.872076266772595421e-01
5.500573852057948770e-02 6.925776538473478183e-01
5.532367227558519784e-02 6.998014887675989559e-01
5.564344369108398941e-02 7.087642937897727924e-01
5.596506338877313413e-02 7.197176180481097418e-01
5.628854205174332881e-02 7.328173126366498424e-01
5.661389042483377931e-02 7.479649452854731928e-01
5.694111931498885282e-02 7.651987952106598101e-01
5.727023959161724881e-02 7.845051912636095137e-01
5.760126218695296035e-02 8.060290476194826859e-01
5.793419809641841417e-02 8.296965400758391507e-01
5.826905837898961604e-02 8.557947627532794810e-01
5.860585415756369709e-02 8.785927701586745409e-01
5.894459661932811845e-02 8.942161587787788024e-01
5.928529701613251268e-02 9.071025834491586171e-01
5.962796666486229469e-02 9.152123087986910877e-01
5.997261694781454155e-02 9.144357875582099782e-01
6.031925931307623168e-02 9.069467323551182458e-01
6.066790527490428103e-02 8.984651517636653706e-01
6.101856641410823012e-02 8.917088701255347916e-01
6.137125437843479747e-02 8.861392441858862989e-01
6.172598088295483398e-02 8.833339244931619483e-01
6.208275771045231733e-02 8.847147105017639790e-01
6.244159671181598315e-02 8.881297634220494119e-01
6.280250980643269088e-02 8.917334781930149612e-01
6.316550898258359303e-02 8.958512281513412168e-01
6.353060629784218483e-02 8.997283658943072693e-01
6.389781387947492119e-02 9.038597870012335944e-01
6.426714392484385308e-02 9.097821285747627051e-01
6.463860870181208085e-02 9.188023524210566784e-01
6.501222054915094251e-02 9.302642434073142841e-01
6.538799187695008841e-02 9.452423538134974157e-01
6.576593516702965159e-02 9.570925054199956872e-01
6.614606297335466623e-02 9.515720956153070897e-01
6.652838792245242827e-02 9.299525412192337637e-01
6.691292271383147972e-02 8.984022644801050728e-01
6.729968012040381253e-02 8.594230855917249778e-01
6.768867298890894613e-02 8.209989553365059090e-01
6.807991424034069705e-02 7.917454315621806904e-01
6.847341687037629410e-02 7.742108163677936528e-01
6.886919394980822728e-02 7.632738974877768534e-01
6.926725862497820629e-02 7.574992043191278723e-01
6.966762411821400547e-02 7.581253429250088827e-01
7.007030372826857090e-02 7.627051777060159798e-01
7.047531083076181979e-02 7.702297778954675378e-01
7.088265887862478520e-02 7.803600990080832300e-01
7.129236140254673060e-02 7.933805009347432158e-01
7.170443201142430445e-02 8.055040755132419905e-01
7.211888439281383123e-02 8.113033767493709192e-01
7.253573231338585059e-02 8.128919642166932968e-01
7.295498961938230720e-02 8.134142020932141337e-01
7.337667023707672431e-02 8.113170478979708777e-01
7.380078817323644513e-02 8.063954344019632625e-01
7.422735751558823258e-02 8.005441828011542471e-01
7.465639243328600627e-02 7.906490054444589299e-01
7.508790717738160481e-02 7.763380470899569064e-01
7.552191608129793510e-02 7.624071466665355290e-01
7.595843356130543844e-02 7.513581243679984256e-01
7.639747411700059665e-02 7.436093173415064816e-01
7.683905233178781047e-02 7.382256190228182469e-01
7.728318287336367887e-02 7.326833353803696713e-01
7.772988049420428980e-02 7.275156412095616920e-01
7.817916003205507836e-02 7.230889232928747745e-01
7.863103641042397396e-02 7.207949045577912717e-01
7.908552463907676799e-02 7.235783504127556442e-01
7.954263981453599253e-02 7.304549381585662138e-01
8.000239712058217212e-02 7.374381608634570373e-01
8.046481182875830918e-02 7.469860910457116754e-01
8.092989929887701994e-02 7.610126895093333177e-01
8.139767497953076525e-02 7.797995819154822650e-01
8.186815440860513438e-02 8.027206296582776179e-01
8.234135321379483508e-02 8.261803206559138468e-01
8.281728711312283386e-02 8.495743901402698084e-01
8.329597191546232737e-02 8.774772044329128828e-01
8.377742352106211376e-02 9.153353491360912697e-01
8.426165792207447602e-02 9.550527700488724570e-01
8.474869120308657633e-02 9.845933879437981373e-01
8.523853954165466762e-02 9.990383235545804430e-01
8.573121920884146929e-02 9.890365112388049829e-01
8.622674656975649887e-02 9.686500944464534468e-01
8.672513808409994251e-02 9.544785818076715334e-01
8.722641030670905127e-02 9.434377621982945605e-01
8.773057988810836760e-02 9.356807524826424860e-01
8.823766357506258873e-02 9.331515899916388301e-01
8.874767821113291322e-02 9.355905229018824931e-01
8.926064073723644077e-02 9.420597104194126103e-01
8.977656819220893036e-02 9.512248484408665217e-01
9.029547771337091688e-02 9.573960049189160770e-01
9.081738653709675591e-02 9.560945115721940502e-01
9.134231199938727674e-02 9.482910199513021610e-01
9.187027153644546085e-02 9.346116686621209757e-01
9.240128268525588107e-02 9.192480318654172589e-01
9.293536308416693037e-02 9.055003248332360588e-01
9.347253047347692245e-02 8.922885268261757652e-01
9.401280269602330097e-02 8.801567495585170819e-01
9.455619769777530437e-02 8.700729103511415374e-01
9.510273352842993355e-02 8.622092656764093199e-01
9.565242834201181932e-02 8.556744566455992684e-01
9.620530039747586526e-02 8.496236062752299256e-01
9.676136805931405405e-02 8.438707869443410337e-01
9.732064979816532069e-02 8.387085612329731044e-01
9.788316419142908953e-02 8.300574583988797883e-01
9.844892992388228070e-02 8.160035176380581179e-01
9.901796578830000806e-02 8.009570514888749715e-01
9.959029068607995472e-02 7.871573940920136847e-01
1.001659236278700377e-01 7.763353128602369368e-01
1.007448837341998471e-01 7.674709401079832238e-01
1.013271902361159299e-01 7.589592829896101289e-01
1.019128624758204177e-01 7.515795969753187311e-01
1.025019199073136378e-01 7.451514229035889336e-01
1.030943820970401520e-01 7.372522332424966685e-01
1.036902687245389171e-01 7.291206340552041087e-01
1.042895995830967204e-01 7.206964722878711482e-01
1.048923945804057928e-01 7.140003437035807865e-01
1.054986737392250712e-01 7.105634169455355975e-01
1.061084571980452224e-01 7.103638181759752701e-01
1.067217652117575799e-01 7.134917769756600192e-01
1.073386181523270227e-01 7.185145569713078384e-01
1.079590365094685589e-01 7.234963235211554489e-01
1.085830408913279893e-01 7.320845390716886891e-01
1.092106520251663743e-01 7.478555760966730803e-01
1.098418907580486492e-01 7.760673583476765947e-01
1.104767780575359459e-01 8.239874684204704369e-01
1.111153350123821049e-01 9.115183644469653235e-01
1.117575828332342536e-01 1.068222538159846913e+00
1.124035428533372433e-01 1.231092399891338118e+00
1.130532365292423180e-01 1.258995214183981082e+00
1.137066854415197809e-01 1.226597326231651186e+00
1.143639112954759340e-01 1.201494363172292523e+00
1.150249359218739331e-01 1.135998624459311435e+00
1.156897812776589568e-01 1.033683748336753805e+00
1.163584694466876512e-01 9.393254806994083550e-01
1.170310226404614878e-01 8.664063082966158014e-01
1.177074631988646730e-01 8.120060737874119638e-01
1.183878135909062629e-01 7.736913127209928964e-01
1.190720964154663303e-01 7.473852885848323302e-01
1.197603344020467531e-01 7.298506733904452926e-01
1.204525504115261381e-01 7.214101062447922930e-01
1.211487674369193246e-01 7.229932252526747316e-01
1.218490086041408849e-01 7.290659494608040525e-01
1.225532971727734816e-01 7.279121045189622663e-01
1.232616565368404721e-01 7.050594125191670392e-01
1.239741102255828148e-01 6.585693045899353448e-01
1.246906819042407494e-01 6.079423070943373864e-01
1.254113953748399735e-01 5.617447617451460928e-01
1.261362745769819826e-01 5.197415247864413113e-01
1.268653435886395453e-01 4.819271277587829916e-01
1.275986266269562852e-01 4.486761601338117855e-01
1.283361480490512463e-01 4.195730189940868882e-01
1.290779323528278288e-01 3.948364427172087465e-01
1.298240041777875831e-01 3.743570621143771926e-01
1.305743883058487209e-01 3.573692928639909949e-01
1.313291096621690413e-01 3.435094824132896019e-01
1.320881933159741561e-01 3.319792356840318703e-01
1.328516644813900749e-01 3.221879590566967266e-01
1.336195485182806453e-01 3.139442564508840294e-01
1.343918709330900185e-01 3.075735012032742577e-01
1.351686573796898327e-01 3.034612197043878301e-01
1.359499336602315311e-01 3.018015422643453571e-01
1.367357257260030934e-01 3.024850996943463932e-01
1.375260596782912625e-01 3.047709157402698765e-01
1.383209617692485738e-01 3.090773275492765260e-01
1.391204584027652402e-01 3.133208520747230441e-01
1.399245761353461737e-01 3.109092614616793537e-01
1.407333416769932510e-01 3.051919871171505094e-01
1.415467818920924381e-01 2.993051905299814464e-01
1.423649238003061035e-01 2.929152956743316105e-01
1.431877945774705507e-01 2.864023604812815926e-01
1.440154215564987683e-01 2.798456776127114520e-01
1.448478322282882313e-01 2.735678861755818092e-01
1.456850542426340045e-01 2.676791756276087342e-01
1.465271154091474515e-01 2.628125201489732166e-01
1.473740436981796631e-01 2.594732053919320824e-01
1.482258672417506584e-01 2.588183573739910037e-01
1.490826143344838317e-01 2.610057411499944191e-01
1.499443134345459228e-01 2.663552615971826465e-01
1.508109931645919832e-01 2.749787487111040041e-01
1.516826823127164214e-01 2.827904430211559683e-01
1.525594098334091819e-01 2.789761925617501026e-01
1.534412048485173929e-01 2.623690280883885229e-01
1.543280966482127869e-01 2.436447495428276377e-01
1.552201146919646169e-01 2.283666941363600988e-01
1.561172886095181789e-01 2.178519403251118758e-01
1.570196482018790252e-01 2.113838464994699240e-01
1.579272234423027277e-01 2.081112469475968618e-01
1.588400444772908315e-01 2.076166247912480944e-01
1.597581416275917487e-01 2.092232581747225928e-01
1.606815453892082024e-01 2.117931606885545270e-01
1.616102864344102497e-01 2.135496298606852361e-01
1.625443956127538836e-01 2.130252046003884570e-01
1.634839039521058524e-01 2.077951699919644013e-01
1.644288426596743347e-01 1.977157055521408524e-01
1.653792431230455828e-01 1.862231911930191108e-01
1.663351369112262834e-01 1.759310036809792477e-01
1.672965557756923849e-01 1.680867720372591634e-01
1.682635316514438095e-01 1.627572114670269576e-01
1.692360966580649384e-01 1.594099674437977898e-01
1.702142831007917856e-01 1.574413220453947382e-01
1.711981234715850009e-01 1.553302232785794823e-01
1.721876504502090899e-01 1.532396312346642753e-01
1.731828969053178791e-01 1.525167008966951676e-01
1.741838958955464201e-01 1.527346190053794905e-01
1.751906806706090836e-01 1.534072395165005098e-01
1.762032846724038426e-01 1.545238989341502500e-01
1.772217415361232173e-01 1.567733497247977281e-01
1.782460850913716033e-01 1.614953644512449882e-01
1.792763493632887617e-01 1.688911824208843837e-01
1.803125685736800821e-01 1.746822809678533206e-01
1.813547771421535060e-01 1.729813166590387086e-01
1.824030096872625850e-01 1.655122213329031922e-01
1.834573010276564775e-01 1.560485054260246085e-01
1.845176861832364401e-01 1.466479502256781142e-01
1.855842003763193415e-01 1.394172797311269418e-01
1.866568790328071992e-01 1.347051082316716719e-01
1.877357577833641822e-01 1.323052748064239836e-01
1.888208724646001924e-01 1.317237041449791091e-01
1.899122591202609955e-01 1.323531238265240606e-01
1.910099540024255971e-01 1.329029774232169114e-01
1.921139935727104175e-01 1.318839300065713371e-01
1.932244145034804905e-01 1.294898384637356570e-01
1.943412536790674328e-01 1.268411901339675518e-01
1.954645481969946030e-01 1.247287242522923112e-01
1.965943353692096995e-01 1.235467167443344699e-01
1.977306527233236300e-01 1.226766848474291349e-01
1.988735380038573475e-01 1.204231327122016609e-01
2.000230291734956534e-01 1.161164474802230256e-01
2.011791644143479663e-01 1.112142470152274604e-01
2.023419821292166965e-01 1.077021289398820553e-01
2.035115209428728922e-01 1.060364361944554912e-01
2.046878197033392410e-01 1.059582372244633613e-01
2.058709174831803157e-01 1.073707402978175407e-01
2.070608535808005912e-01 1.096756959517811020e-01
2.082576675217497619e-01 1.117731235699963438e-01
2.094613990600355524e-01 1.132621850755106269e-01
2.106720881794442723e-01 1.147025772920088477e-01
2.118897750948690872e-01 1.169405443178322956e-01
2.131145002536455058e-01 1.206437850506060089e-01
2.143463043368951104e-01 1.250406998633447897e-01
2.155852282608767823e-01 1.285582863981302171e-01
2.168313131783459469e-01 1.305236507208692442e-01
2.180846004799212312e-01 1.327933348114447298e-01
2.193451317954595303e-01 1.354080786926847579e-01
2.206129489954388734e-01 1.337161373419461785e-01
2.218880941923488948e-01 1.286621871274903628e-01
2.231706097420899648e-01 1.242680065444716070e-01
2.244605382453801201e-01 1.218848519205159298e-01
2.257579225491697927e-01 1.216849797279836165e-01
2.270628057480653939e-01 1.239059945295430260e-01
2.283752311857605299e-01 1.282629895883697635e-01
2.296952424564759343e-01 1.329612165162530057e-01
2.310228834064072811e-01 1.364755219753744087e-01
2.323581981351817149e-01 1.393188474612068184e-01
2.337012309973229007e-01 1.406419412227168375e-01
2.350520266037238737e-01 1.406572529091488499e-01
2.364106298231291869e-01 1.412237853071337257e-01
2.377770857836252472e-01 1.424107144285875759e-01
2.391514398741393099e-01 1.440630094483860979e-01
2.405337377459470793e-01 1.467053690497981677e-01
2.419240253141889951e-01 1.506224265466762358e-01
2.433223487593957901e-01 1.550393012363710243e-01
2.447287545290218747e-01 1.588841750686409704e-01
2.461432893389885190e-01 1.613064291775926917e-01
2.475660001752356676e-01 1.603119898284271760e-01
2.489969342952823017e-01 1.556044665194959153e-01
2.504361392297964617e-01 1.494508091116544257e-01
2.518836627841739007e-01 1.434215591560731307e-01
2.533395530401260642e-01 1.382943315851212218e-01
2.548038583572773130e-01 1.341508798674268255e-01
2.562766273747711931e-01 1.310912768107421189e-01
2.577579090128856998e-01 1.292008303823312110e-01
2.592477524746588102e-01 1.270276646008718646e-01
2.607462072475227322e-01 1.230717810419697522e-01
2.622533231049470337e-01 1.186527189684989381e-01
2.637691501080930423e-01 1.157087738289704071e-01
2.652937386074759596e-01 1.155444466227981554e-01
2.668271392446371348e-01 1.177110502529294805e-01
2.683694029538270520e-01 1.189488360471754047e-01
2.699205809636965880e-01 1.190021535267154762e-01
2.714807247989985406e-01 1.188564190826392614e-01
2.730498862822996475e-01 1.190330503225515285e-01
2.746281175357012105e-01 1.203758305380455834e-01
2.762154709825712651e-01 1.237446749760627851e-01
2.778119993492854656e-01 1.285437949806141900e-01
2.794177556669779627e-01 1.326782237402325815e-01
2.810327932733039380e-01 1.354953006207529065e-01
2.826571658142107979e-01 1.379254839958926615e-01
2.842909272457196934e-01 1.404387879545205275e-01
2.859341318357184192e-01 1.421993584712312464e-01
2.875868341657639160e-01 1.419795264017428837e-01
2.892490891328946545e-01 1.410129761957214234e-01
2.909209519514548425e-01 1.405626485608367227e-01
2.926024781549284581e-01 1.392548664857587160e-01
2.942937235977828858e-01 1.374858198569159640e-01
2.959947444573255426e-01 1.365116138076784558e-01
2.977055972355692748e-01 1.359409800651135980e-01
2.994263387611086902e-01 1.353878453927567505e-01
3.011570261910088142e-01 1.338703478981544126e-01
3.028977170127025720e-01 1.311284623349341927e-01
3.046484690459013711e-01 1.268671653163076229e-01
3.064093404445150659e-01 1.216726756942436011e-01
3.081803896985833569e-01 1.174373538579570470e-01
3.099616756362194026e-01 1.162703846134592600e-01
3.117532574255635347e-01 1.177167921353414887e-01
3.135551945767480198e-01 1.189220405959193483e-01
3.153675469438748658e-01 1.190130904455954930e-01
3.171903747270033436e-01 1.187913444153031461e-01
3.190237384741493876e-01 1.170157356351324146e-01
3.208676990832974307e-01 1.145037987913645333e-01
3.227223178044230090e-01 1.126221018980576444e-01
3.245876562415266342e-01 1.107436860804147521e-01
3.264637763546810456e-01 1.092272822777004132e-01
3.283507404620888970e-01 1.100273178937736379e-01
3.302486112421523790e-01 1.136635699984072517e-01
3.321574517355558864e-01 1.182540682753223382e-01
3.340773253473591775e-01 1.193545957376240113e-01
3.360082958491044103e-01 1.174354398971530766e-01
3.379504273809338932e-01 1.164390865871835212e-01
3.399037844537201591e-01 1.179295152075578307e-01
3.418684319512097503e-01 1.225651282748529691e-01
3.438444351321779946e-01 1.284885635402701065e-01
3.458318596325960503e-01 1.308881235425458089e-01
3.478307714678123830e-01 1.299743439701203929e-01
3.498412370347446232e-01 1.286649213572103601e-01
3.518633231140849693e-01 1.268811098878796229e-01
3.538970968725191901e-01 1.250117170283127355e-01
3.559426258649572294e-01 1.248503974748324946e-01
3.579999780367765227e-01 1.262568852428026522e-01
3.600692217260801353e-01 1.282069378791096670e-01
3.621504256659661136e-01 1.310292097960980284e-01
3.642436589868098817e-01 1.351100476532043348e-01
3.663489912185618480e-01 1.384860010884935155e-01
3.684664922930561692e-01 1.387889537414699892e-01
3.705962325463332818e-01 1.378418165664605233e-01
3.727382827209774208e-01 1.370740448610833218e-01
3.748927139684648524e-01 1.373176647291357300e-01
3.770595978515288715e-01 1.386197049218017285e-01
3.792390063465359562e-01 1.416052103530743289e-01
3.814310118458763554e-01 1.445521631452948708e-01
3.836356871603694985e-01 1.450976419744356982e-01
3.858531055216822825e-01 1.458377979596408580e-01
3.880833405847607942e-01 1.491344587330499238e-01
3.903264664302779630e-01 1.539092440930933114e-01
3.925825575670940371e-01 1.572132872867463838e-01
3.948516889347303827e-01 1.593536423115656797e-01
3.971339359058604912e-01 1.600065763687026910e-01
3.994293742888124776e-01 1.559908131789325136e-01
4.017380803300868997e-01 1.496370101555867249e-01
4.040601307168905088e-01 1.432916832443729416e-01
4.063956025796829352e-01 1.368446429875750103e-01
4.087445734947380283e-01 1.314396176770706581e-01
4.111071214867221824e-01 1.267443984018793990e-01
4.134833250312844322e-01 1.227029334527411780e-01
4.158732630576643108e-01 1.201710367320172751e-01
4.182770149513134750e-01 1.185917456457428465e-01
4.206946605565314856e-01 1.172279118614047433e-01
4.231262801791195738e-01 1.167393050104399838e-01
4.255719545890473410e-01 1.175535586210572497e-01
4.280317650231349469e-01 1.193078404094119332e-01
4.305057931877529498e-01 1.213270690576350591e-01
4.329941212615355806e-01 1.227950769943053355e-01
4.354968318981098929e-01 1.247183341793562938e-01
4.380140082288422887e-01 1.262754780048986891e-01
4.405457338655994204e-01 1.276953634984968888e-01
4.430920929035247480e-01 1.290250194113349291e-01
4.456531699238333033e-01 1.296164332997718216e-01
4.482290499966203323e-01 1.303418244444889407e-01
4.508198186836865351e-01 1.310778790851140907e-01
4.534255620413813470e-01 1.291223579893670814e-01
4.560463666234608748e-01 1.267151421438753867e-01
4.586823194839622087e-01 1.262065754159545916e-01
4.613335081800964965e-01 1.277516886307289712e-01
4.640000207751556194e-01 1.297517776709120330e-01
4.666819458414390720e-01 1.326396711011804952e-01
4.693793724631949438e-01 1.375930016619401342e-01
4.720923902395786631e-01 1.437245118090496043e-01
4.748210892876304490e-01 1.482305223876165534e-01
4.775655602452679171e-01 1.520693809145024500e-01
4.803258942742961168e-01 1.523660448391229161e-01
4.831021830634371073e-01 1.463223034660255939e-01
4.858945188313745223e-01 1.390424168365143875e-01
4.887029943298164536e-01 1.340097936138746060e-01
4.915277028465775411e-01 1.299912961943844314e-01
4.943687382086768833e-01 1.284393474053100448e-01
4.972261947854541564e-01 1.301165239155606113e-01
5.001001674917054940e-01 1.342722796669950369e-01
5.029907517908354109e-01 1.384318633400374310e-01
5.058980436980275996e-01 1.394640350593390199e-01
5.088221397834349347e-01 1.370026814653912406e-01
5.117631371753864622e-01 1.331692913979453108e-01
5.147211335636141527e-01 1.286851546571384231e-01
5.176962272024980827e-01 1.239141972187030455e-01
5.206885169143288250e-01 1.223138525635845686e-01
5.236981020925914887e-01 1.236919043424667131e-01
5.267250827052667450e-01 1.222279977503764603e-01
5.297695592981502832e-01 1.200474495486730797e-01
5.328316329981945820e-01 1.197302789011526064e-01
5.359114055168668900e-01 1.195047049492522495e-01
5.390089791535270791e-01 1.201614669279972569e-01
5.421244567988269258e-01 1.214933102246113089e-01
5.452579419381275994e-01 1.227272680972492230e-01
5.484095386549359130e-01 1.226583655083051255e-01
5.515793516343632241e-01 1.214807327678993076e-01
5.547674861666017643e-01 1.192881539554279252e-01
5.579740481504216199e-01 1.145535617722686222e-01
5.611991440966896949e-01 1.102777733361260115e-01
5.644428811319066597e-01 1.079091101296863753e-01
5.677053670017649933e-01 1.077754062963781623e-01
5.709867100747291202e-01 1.088037500940717550e-01
5.742870193456336425e-01 1.089869434853120295e-01
5.776064044393048880e-01 1.082776842959429497e-01
5.809449756142023302e-01 1.072435986158373489e-01
5.843028437660793273e-01 1.064441098457081097e-01
5.876801204316687288e-01 1.052104253960422092e-01
5.910769177923870243e-01 1.051095323193740605e-01
5.944933486780595855e-01 1.051311327341620944e-01
5.979295265706701112e-01 1.049113006646737456e-01
6.013855656081297241e-01 1.066499973436244308e-01
6.048615805880666052e-01 1.094613323417327755e-01
6.083576869716416091e-01 1.105386188514144302e-01
6.118740008873820857e-01 1.071139961271091456e-01
6.154106391350390171e-01 1.019807532507732289e-01
6.189677191894675801e-01 9.881724946472834892e-02
6.225453592045292472e-01 9.855913817915995523e-02
6.261436780170150929e-01 1.008580785277395087e-01
6.297627951505950783e-01 1.029623417202547575e-01
6.334028308197864332e-01 1.043876956732929517e-01
6.370639059339481269e-01 1.025418171893181102e-01
6.407461421012968783e-01 9.694676291327346263e-02
6.444496616329448146e-01 9.149470885158507427e-02
6.481745875469649976e-01 8.715493943999437498e-02
6.519210435724759334e-01 8.396190597297345515e-02
6.556891541537508417e-01 8.143247005899754976e-02
6.594790444543533470e-01 7.908267303762592237e-02
6.632908403612935988e-01 7.634488881898571222e-02
6.671246684892090384e-01 7.339656891190515786e-02
6.709806561845721440e-01 7.244615066123169522e-02
6.748589315299192704e-01 7.338153064844513129e-02
6.787596233481042463e-01 7.388654287772991602e-02
6.826828612065795054e-01 7.422066574951444173e-02
6.866287754216984229e-01 7.500265544943564289e-02
6.905974970630435195e-01 7.730132237504318271e-02
6.945891579577818664e-01 8.074508470738850363e-02
6.986038906950429173e-01 8.333959528870049649e-02
7.026418286303216520e-01 8.414646647907372823e-02
7.067031058899108098e-01 8.373633202107311213e-02
7.107878573753529938e-01 8.448414384949425038e-02
7.148962187679240854e-01 8.614300102062080744e-02
7.190283265331394169e-01 8.677132701027777395e-02
7.231843179252852583e-01 8.734496840553467034e-02
7.273643309919801681e-01 8.728508877466657767e-02
7.315685045787596597e-01 8.570771164919614715e-02
7.357969783336865133e-01 8.238780992316702134e-02
7.400498927119919523e-01 7.928445919096224759e-02
7.443273889807401344e-01 7.840841198867289086e-02
7.486296092235191768e-01 7.907638430926991480e-02
7.529566963451627126e-01 8.006808942871544710e-02
7.573087940764960946e-01 8.007547184895946746e-02
7.616860469791092436e-01 7.825693566218465402e-02
7.660886004501606950e-01 7.496738388604758108e-02
7.705166007272060691e-01 7.183122239720275692e-02
7.749701948930545203e-01 6.963563593203936364e-02
7.794495308806568268e-01 6.856053680613370671e-02
7.839547574780165728e-01 6.808751506457298708e-02
7.884860243331343055e-01 6.925120323340677730e-02
7.930434819589780027e-01 7.199199510473899832e-02
7.976272817384808533e-01 7.331563571219304465e-02
8.022375759295721220e-01 7.312861439934474628e-02
8.068745176702336597e-01 7.269141106711607403e-02
8.115382609835852801e-01 7.319122825993285009e-02
8.162289607830032212e-01 7.342418463207719959e-02
8.209467728772645856e-01 7.182274628507072378e-02
8.256918539757219788e-01 6.933514408581090138e-02
8.304643616935105666e-01 6.662333504951072072e-02
8.352644545567829981e-01 6.337507014214570356e-02
8.400922920079733069e-01 6.112479908258224015e-02
8.449480344110958940e-01 5.987634979242831973e-02
8.498318430570707127e-01 5.986295206680029846e-02
8.547438801690798726e-01 6.068404125171755759e-02
8.596843089079587719e-01 6.187343117991939145e-02
8.646532933776126528e-01 6.380735186087838073e-02
8.696509986304700179e-01 6.588728040888558457e-02
8.746775906729644667e-01 6.673461819911490067e-02
8.797332364710471753e-01 6.596083118835369130e-02
8.848181039557355687e-01 6.521411305182055196e-02
8.899323620286901937e-01 6.436513472375923750e-02
8.950761805678236760e-01 6.446657464637138568e-02
9.002497304329459826e-01 6.502435750925225633e-02
9.054531834714387717e-01 6.430607536180714401e-02
9.106867125239620497e-01 6.389238640517050372e-02
9.159504914301977996e-01 6.352135143216593172e-02
9.212446950346235841e-01 6.150923178121483342e-02
9.265694991923183466e-01 5.905170610887505028e-02
9.319250807748065135e-01 5.761486839101283286e-02
9.373116176759319629e-01 5.709782555096003243e-02
9.427292888177655206e-01 5.828174701972185789e-02
9.481782741565508710e-01 6.039257236356510711e-02
9.536587546886805544e-01 6.233086781207610588e-02
9.591709124567069367e-01 6.260921239757252788e-02
9.647149305553922582e-01 6.135420095609060015e-02
9.702909931377862174e-01 5.981838412236422514e-02
9.758992854213467405e-01 5.998353159745248298e-02
9.815399936940907288e-01 6.210064566965174671e-02
9.872133053207802211e-01 6.507986237256833950e-02
9.929194087491489684e-01 6.694406019566721822e-02
9.986584935161608723e-01 6.574099911886535641e-02
1.004430750254303728e+00 6.323808523317349384e-02
1.010236370697924935e+00 6.145290664898274413e-02
1.016075547689597958e+00 6.034991837993304575e-02
1.021948475186527761e+00 6.078712171216172494e-02
1.027855348266994762e+00 6.188655548257541300e-02
1.033796363136834096e+00 6.240906678206821490e-02
1.039771717135951290e+00 6.230872055134407256e-02
1.045781608744880131e+00 6.232512592966409776e-02
1.051826237591374280e+00 6.157047852694293166e-02
1.057905804457035748e+00 6.090578728200989750e-02
1.064020511283988890e+00 5.989056778697233324e-02
1.070170561181583713e+00 5.682303546409960687e-02
1.076356158433145582e+00 5.346184686929842528e-02
1.082577508502760022e+00 5.070574331153417796e-02
1.088834818042095476e+00 4.906438521061565194e-02
1.095128294897270704e+00 4.820884473122633018e-02
1.101458148115757263e+00 4.826599013237441865e-02
1.107824587953321727e+00 4.870565427135109537e-02
1.114227825881013212e+00 5.013073480141728988e-02
1.120668074592185315e+00 5.153640230047145526e-02
1.127145548009560017e+00 5.314248883800193335e-02
1.133660461292336441e+00 5.335056371969425920e-02
1.140213030843336250e+00 5.295027248868563324e-02
1.146803474316190341e+00 5.293277341847760914e-02
1.153432010622570836e+00 5.302956515056576198e-02
1.160098859939462601e+00 5.349028285838647312e-02
1.166804243716473621e+00 5.206711628912427670e-02
1.173548384683194445e+00 4.834911071586254355e-02
1.180331506856595603e+00 4.537208139672195550e-02
1.187153835548465874e+00 4.408453262157197017e-02
1.194015597372901416e+00 4.496522801438532918e-02
1.200917020253827294e+00 4.737299070582104421e-02
1.207858333432573428e+00 4.951553311441634492e-02
1.214839767475487387e+00 5.163018637986760417e-02
1.221861554281590267e+00 5.297925532371768054e-02
1.228923927090283863e+00 5.415907544789950318e-02
1.236027120489096909e+00 5.421895507876758891e-02
1.243171370421473965e+00 5.203895372300823552e-02
1.250356914194617142e+00 4.937171263114412123e-02
1.257583990487367132e+00 4.877701766704320430e-02
1.264852839358128644e+00 5.006784751785719328e-02
1.272163702252848472e+00 5.021002746329741168e-02
1.279516822013033517e+00 5.011815734470526779e-02
1.286912442883815677e+00 4.945373952274424723e-02
1.294350810522067352e+00 4.924703175591192694e-02
1.301832172004561583e+00 4.996640759524503816e-02
1.309356775836174380e+00 5.013100822438929655e-02
1.316924871958146337e+00 4.935311986904809128e-02
1.324536711756377994e+00 4.991855857514496814e-02
1.332192548069784932e+00 5.065215240902209287e-02
1.339892635198694837e+00 5.048864547176584727e-02
1.347637228913291185e+00 5.001234265454111011e-02
1.355426586462114891e+00 4.850496180990278294e-02
1.363260966580605249e+00 4.672552510812404136e-02
1.371140629499693731e+00 4.620820884509924814e-02
1.379065836954451285e+00 4.652127814803972555e-02
1.387036852192779834e+00 4.669763596497999297e-02
1.395053939984155722e+00 4.694152925600437315e-02
1.403117366628427343e+00 4.778695308542967729e-02
1.411227399964658957e+00 4.974821606358870163e-02
1.419384309380025577e+00 5.069480639265416116e-02
1.427588365818764915e+00 4.974329445009269268e-02
1.435839841791175742e+00 5.014932756351331983e-02
1.444139011382666204e+00 5.150413838977541126e-02
1.452486150262864761e+00 5.213656572401238060e-02
1.460881535694769973e+00 5.126899463385505007e-02
1.469325446543965796e+00 5.078749678016230423e-02
1.477818163287882181e+00 4.993441710752098694e-02
1.486359968025109168e+00 4.756876155377334076e-02
1.494951144484772509e+00 4.576006859399055215e-02
1.503591978035954568e+00 4.499639823319337428e-02
1.512282755697172298e+00 4.584455629233868262e-02
1.521023766145914724e+00 4.815306644493824034e-02
1.529815299728230382e+00 5.015042125540132567e-02
1.538657648468367833e+00 5.122305957455897119e-02
1.547551106078482119e+00 5.160065669889155743e-02
1.556495967968387184e+00 5.098162709028260242e-02
1.565492531255366693e+00 4.994097925884900119e-02
1.574541094774047689e+00 5.069125189401815779e-02
1.583641959086324214e+00 5.094991002553055787e-02
1.592795426491339539e+00 4.793432806733790436e-02
1.602001801035530804e+00 4.433225383420435345e-02
1.611261388522727822e+00 4.297252139444625307e-02
1.620574496524306296e+00 4.241966014506140525e-02
1.629941434389411858e+00 4.245411143953345401e-02
1.639362513255227638e+00 4.304525190499836756e-02
1.648838046057315765e+00 4.414140459974805891e-02
1.658368347540009280e+00 4.625660471114331762e-02
1.667953734266863997e+00 4.751845172692526625e-02
1.677594524631179640e+00 4.793077356870190098e-02
1.687291038866571835e+00 4.928476412604798629e-02
1.697043599057607821e+00 4.940069546617616852e-02
1.706852529150509445e+00 4.862827557027497166e-02
1.716718154963911225e+00 4.914887290896377547e-02
1.726640804199680579e+00 4.872698126316712952e-02
1.736620806453807120e+00 4.738830239225306357e-02
1.746658493227349673e+00 4.914121706574776927e-02
1.756754197937443251e+00 5.100404777398664241e-02
1.766908255928380411e+00 4.909008696998368865e-02
1.777121004482747679e+00 4.520447311488570014e-02
1.787392782832625482e+00 4.374822236601145359e-02
1.797723932170862682e+00 4.424284452236021403e-02
1.808114795662403074e+00 4.492038664697725614e-02
1.818565718455690483e+00 4.555035317446622795e-02
1.829077047694130043e+00 4.631648434201141029e-02
1.839649132527616748e+00 4.904579244851962200e-02
1.850282324124138622e+00 5.347606486384244573e-02
1.860976975681438272e+00 5.763182061527685751e-02
1.871733442438742401e+00 6.158797759715094883e-02
1.882552081688566581e+00 6.481081416811992901e-02
1.893433252788581767e+00 6.471374901305977645e-02
1.904377317173546302e+00 6.161176539571499439e-02
1.915384638367318981e+00 5.646758560049906089e-02
1.926455581994929611e+00 5.179123251037585224e-02
1.937590515794722412e+00 4.866846874715903548e-02
1.948789809630575354e+00 4.493597175638128216e-02
1.960053835504184105e+00 4.280081176802998794e-02
1.971382967567415045e+00 4.391200272623969891e-02
1.982777582134739092e+00 4.448373016069258334e-02
1.994238057695728816e+00 4.282022479904201706e-02
2.005764774927627947e+00 4.203632113831681089e-02
2.017358116708002580e+00 4.437463439486441508e-02
2.029018468127450348e+00 4.728358139397689786e-02
2.040746216502401289e+00 4.838793677788660180e-02
2.052541751387976898e+00 4.986469424966088332e-02
2.064405464590929995e+00 5.265087433434517683e-02
2.076337750182662312e+00 5.587125009856614560e-02
2.088339004512313135e+00 5.177510055502782677e-02
2.100409626219920778e+00 4.796850593883796032e-02
2.112550016249669760e+00 4.739459112060907114e-02
2.124760577863207711e+00 4.910403154155570937e-02
2.137041716653034662e+00 4.925824209776394347e-02
2.149393840555982482e+00 4.824192891083838031e-02
2.161817359866763155e+00 4.507897197073749973e-02
2.174312687251592546e+00 4.286889408805809321e-02
2.186880237761905654e+00 4.297224797147425335e-02
2.199520428848138476e+00 4.228103469825719024e-02
2.212233680373592026e+00 4.293642956214219902e-02
2.225020414628386511e+00 4.547242762744610478e-02
2.237881056343477670e+00 4.358991046522320972e-02
2.250816032704775704e+00 4.131393764629169574e-02
2.263825773367328598e+00 4.035941805103823027e-02
2.276910710469592924e+00 3.926244508737253280e-02
2.290071278647793029e+00 4.069545488362674018e-02
2.303307915050354371e+00 4.292576606623418195e-02
2.316621059352423018e+00 4.250414784340952878e-02
2.330011153770474852e+00 4.227748019962117992e-02
2.343478643077001600e+00 4.052347183423848226e-02
2.357023974615280792e+00 3.902839502334017052e-02
2.370647598314243876e+00 3.820949322219891614e-02
2.384349966703414481e+00 3.795876435687452199e-02
2.398131534927939956e+00 4.126390124241562096e-02
2.411992760763713051e+00 4.168497261929626774e-02
2.425934104632577970e+00 4.072252375785478939e-02
2.439956029617617261e+00 4.293178137161818980e-02
2.454059001478542612e+00 4.517002182041364444e-02
2.468243488667162033e+00 4.805053283043808632e-02
2.482509962342935861e+00 5.392037719334313861e-02
2.496858896388636673e+00 5.190661700456003502e-02
2.511290767426078485e+00 4.875569067522717015e-02
2.525806054831960523e+00 4.704925790697254279e-02
2.540405240753779381e+00 4.618606158436720788e-02
2.555088810125852206e+00 5.057395343902997692e-02
2.569857250685421590e+00 4.650569303863570647e-02
2.584711052988855506e+00 4.352893714246711815e-02
2.599650710427946265e+00 4.532122472392988155e-02
2.614676719246288084e+00 4.551015999758217107e-02
2.629789578555775442e+00 4.733416464379697902e-02
2.644989790353173831e+00 4.700004177201246719e-02
2.660277859536794409e+00 4.626453397733133049e-02
2.675654293923265481e+00 4.717667301192474127e-02
2.691119604264405218e+00 4.723545895090482810e-02
2.706674304264172548e+00 4.440717172853246575e-02
2.722318910595750374e+00 4.152392648878801967e-02
2.738053942918694972e+00 4.107551281470733090e-02
2.753879923896200843e+00 4.118132750487149552e-02
2.769797379212459720e+00 4.245383801656145428e-02
2.785806837590128815e+00 4.298154435252226485e-02
2.801908830807877226e+00 4.164395917349621168e-02
2.818103893718070019e+00 4.209237284757690045e-02
2.834392564264522019e+00 4.444490409866852509e-02
2.850775383500368410e+00 4.456247597662870569e-02
2.867252895606037466e+00 4.314286390600251264e-02
2.883825647907329426e+00 4.199776849926475236e-02
2.900494190893583735e+00 4.219764069179705868e-02
2.917259078235983960e+00 4.444763832838852929e-02
2.934120866805935979e+00 4.458407639141673956e-02
2.951080116693567401e+00 4.431202053427632515e-02
2.968137391226336685e+00 4.763219568327743680e-02
2.985293256987731514e+00 5.052528415001390077e-02
3.002548283836107057e+00 5.051270669330187868e-02
3.019903044923603730e+00 4.881064869259925387e-02
3.037358116715186629e+00 4.910594550235971439e-02
3.054914079007794214e+00 5.002382641936512636e-02
3.072571514949601568e+00 4.886697382483134316e-02
3.090331011059376021e+00 4.691610091960833617e-02
3.108193157245980220e+00 4.503823194790943646e-02
3.126158546827951579e+00 4.550168388545015180e-02
3.144227776553216724e+00 4.936104913523610416e-02
3.162401446618910317e+00 5.257923751568106818e-02
3.180680160691316427e+00 5.303968180052977960e-02
3.199064525925907621e+00 4.957076455476042837e-02
3.217555152987530587e+00 4.705582005830055009e-02
3.236152656070678812e+00 4.641081526735155866e-02
3.254857652919894928e+00 4.925660155993194511e-02
3.273670764850296955e+00 4.464586998308883031e-02
3.292592616768199143e+00 4.104598313373128415e-02
3.311623837191892683e+00 4.246860285704948113e-02
3.330765058272506351e+00 4.131940610573170414e-02
3.350016915815009710e+00 3.801563633505061074e-02
3.369380049299332214e+00 3.718907869069333627e-02
3.388855101901607103e+00 3.664250616966449603e-02
3.408442720515521884e+00 3.750296826254981980e-02
3.428143555773827789e+00 4.015954585850591702e-02
3.447958262069935831e+00 4.057897669755456543e-02
3.467887497579658529e+00 4.332277622157879732e-02
3.487931924283071528e+00 4.740470777057308877e-02
3.508092207986506228e+00 4.643460306591559034e-02
3.528369018344649444e+00 4.544098398566605995e-02
3.548763028882812254e+00 4.428358454518827730e-02
3.569274917019284565e+00 4.318278365991457673e-02
3.589905364087840223e+00 4.193160014004064517e-02
3.610655055360374899e+00 4.176563239603639510e-02
3.631524680069651456e+00 4.235403863178129752e-02
3.652514931432215839e+00 4.520310600002569457e-02
3.673626506671410219e+00 4.726116071027286480e-02
3.694860107040534913e+00 4.568104935508243009e-02
3.716216437846141751e+00 4.600396188501493233e-02
3.737696208471465109e+00 4.564359040791837741e-02
3.759300132399972405e+00 4.367439816357134019e-02
3.781028927239082016e+00 4.383681140893958689e-02
3.802883314743989107e+00 4.020083272727797974e-02
3.824864020841640233e+00 3.837354700539916813e-02
3.846971775654848713e+00 3.827976292600301922e-02
3.869207313526548564e+00 3.811188122119476412e-02
3.891571373044171445e+00 3.773674490361018236e-02
3.914064697064205678e+00 3.923865728880849418e-02
3.936688032736852527e+00 4.105309213100329091e-02
3.959442131530850340e+00 4.131721872195569939e-02
3.982327749258438132e+00 4.323965563809066548e-02
4.005345646100446189e+00 4.608216085500705522e-02
4.028496586631570509e+00 4.526845409033379564e-02
4.051781339845751617e+00 4.353522587082312573e-02
4.075200679181723906e+00 4.420894007383216473e-02
4.098755382548707082e+00 4.367767923923534384e-02
4.122446232352245943e+00 4.370502153643538584e-02
4.146274015520188705e+00 4.586424274632271841e-02
4.170239523528843861e+00 4.960330188842847904e-02
4.194343552429258715e+00 4.814185610308622382e-02
4.218586902873665778e+00 4.252000637578555453e-02
4.242970380142073950e+00 4.046359220337038265e-02
4.267494794169023997e+00 4.219873438368506452e-02
4.292160959570472833e+00 4.344691025086698521e-02
4.316969695670882068e+00 4.671322107438402593e-02
4.341921826530410478e+00 4.563046610526235586e-02
4.367018180972294772e+00 4.213967502173297103e-02
4.392259592610382235e+00 4.309392119401444371e-02
4.417646899876805477e+00 4.051116780049845989e-02
4.443180946049855251e+00 3.985085132311744216e-02
4.468862579281975833e+00 3.793087521373048054e-02
4.494692652627942486e+00 3.891601818184799860e-02
4.520672024073195239e+00 3.980436941787737076e-02
4.546801556562344082e+00 4.126800258699562379e-02
4.573082118027814502e+00 4.803713510481006504e-02
4.599514581418703507e+00 4.628066593267935597e-02
4.626099824729760002e+00 4.163931098297220246e-02
4.652838731030551678e+00 4.097379946912317605e-02
4.679732188494796219e+00 4.236388185877331541e-02
4.706781090429870140e+00 4.269034888734182104e-02
4.733986335306464177e+00 4.249375777047351838e-02
4.761348826788450062e+00 4.115289151578345461e-02
4.788869473762884077e+00 3.967394666023316835e-02
4.816549190370198019e+00 4.187882950644456620e-02
4.844388896034566017e+00 4.349065792638705241e-02
4.872389515494448098e+00 4.324676463536267917e-02
4.900551978833287414e+00 4.029789788233813230e-02
4.928877221510434836e+00 3.936224447215268957e-02
4.957366184392200559e+00 4.260066615252568190e-02
4.986019813783113541e+00 4.510740795982554757e-02
5.014839061457356806e+00 4.669490173525998877e-02
5.043824884690362609e+00 4.501307703448539921e-02
5.072978246290641202e+00 4.389614419386367317e-02
5.102300114631742822e+00 4.371814583909140045e-02
5.131791463684423960e+00 4.481757960950509545e-02
5.161453273049005475e+00 4.428549850599227539e-02
5.191286527987911903e+00 4.181949672152047298e-02
5.221292219458380401e+00 4.493241725774527878e-02
5.251471344145405951e+00 4.601954699441895141e-02
5.281824904494829553e+00 4.452802468215665693e-02
5.312353908746639597e+00 4.334300952150682562e-02
5.343059370968462396e+00 4.052866687070648399e-02
5.373942311089249912e+00 4.015927243553391729e-02
5.405003754933139781e+00 4.329242627168675139e-02
5.436244734253559585e+00 4.633617079599543914e-02
5.467666286767478567e+00 4.645893771042362841e-02
5.499269456189878724e+00 4.873108260774713235e-02
5.531055292268432844e+00 4.818040874213828234e-02
5.563024850818350409e+00 4.460212230756877005e-02
5.595179193757479297e+00 4.522935460533773766e-02
5.627519389141558470e+00 4.344116836845497709e-02
5.660046511199702479e+00 4.136479431908377663e-02
5.692761640370078702e+00 4.430545838294831090e-02
5.725665863335805739e+00 4.361643249350724560e-02
5.758760273061025892e+00 4.291455572438216542e-02
5.792045968827241431e+00 4.448755808230058645e-02
5.825524056269808071e+00 4.537754985616196390e-02
5.859195647414667363e+00 4.872452045641911811e-02
5.893061860715279821e+00 4.564413725386236992e-02
5.927123821089786304e+00 4.268433358195781319e-02
5.961382659958350594e+00 4.315790216946253921e-02
5.995839515280771082e+00 4.357241139501517868e-02
6.030495531594262104e+00 4.510576742199354228e-02
6.065351860051475086e+00 4.370994314993138785e-02
6.100409658458743500e+00 4.289022107987412735e-02
6.135670091314512575e+00 4.394426663693574986e-02
6.171134329848062094e+00 4.541008718983001458e-02
6.206803552058381079e+00 4.699949492606846774e-02
6.242678942753306259e+00 4.736806909232503526e-02
6.278761693588877257e+00 4.917129359266780853e-02
6.315053003108923591e+00 5.020866034843741305e-02
6.351554076784851510e+00 4.799912931170200597e-02
6.388266127055725718e+00 4.725705936569286197e-02
6.425190373368511843e+00 4.406019797706393210e-02
6.462328042218596025e+00 4.142221314320386483e-02
6.499680367190518560e+00 4.138612131089981078e-02
6.537248588998957999e+00 4.475742655566500999e-02
6.575033955529916874e+00 4.438939923535244192e-02
6.613037721882214726e+00 4.397844450843580583e-02
6.651261150409145451e+00 4.404133179199590242e-02
6.689705510760421525e+00 4.376162009163947486e-02
6.728372079924347382e+00 4.261679810787370737e-02
6.767262142270216607e+00 4.001654564414969945e-02
6.806376989591010229e+00 4.074986605505482445e-02
6.845717921146279750e+00 4.466090824654885688e-02
6.885286243705309062e+00 4.516181913125363184e-02
6.925083271590525058e+00 4.480636926765307892e-02
6.965110326721157818e+00 4.652455922370372920e-02
7.005368738657123728e+00 4.447279324181256654e-02
7.045859844643230119e+00 4.168141812066026436e-02
7.086584989653569089e+00 4.431010657347232012e-02
7.127545526436194656e+00 4.657268166677580590e-02
7.168742815558059256e+00 4.350241511418306839e-02
7.210178225450215805e+00 3.989514584458150881e-02
7.251853132453240036e+00 4.151545037665600735e-02
7.293768920862992111e+00 4.711050465270063409e-02
7.335926982976571864e+00 4.625578444222731844e-02
7.378328719138569802e+00 4.369271750269536347e-02
7.420975537787583676e+00 4.470875726664893385e-02
7.463868855503007715e+00 4.975969982841271788e-02
7.507010097052058128e+00 4.863128322296698253e-02
7.550400695437144982e+00 4.405664347842792178e-02
7.594042091943437711e+00 4.410503934447199820e-02
7.637935736186750368e+00 4.364295452179128842e-02
7.682083086161699548e+00 4.086032893574299829e-02
7.726485608290103890e+00 4.015681162878591282e-02
7.771144777469737974e+00 3.889387092111596528e-02
7.816062077123293150e+00 3.797325577439054911e-02
7.861238999247660786e+00 3.855509985880744422e-02
7.906677044463489068e+00 3.827894265708702004e-02
7.952377722065040011e+00 5.465315075830426417e-02
7.998342550070284496e+00 6.408214194773879935e-02
