133.904 -23.666
125.64 -18.0982
141.596 -31.8757
134.351 -19.9428
134.359 -19.9036
134.366 -19.8782
134.367 -19.855
134.38 -19.8408
134.381 -19.8139
134.384 -19.7914
134.339 -19.9243
134.365 -19.9254
134.372 -19.9587
134.34 -19.9619
134.339 -19.9426
134.362 -19.9469
134.387 -19.9485
134.407 -19.9503
134.43 -19.9522
134.476 -19.9552
134.501 -19.9558
134.515 -19.9577
123.305 -75.1065
148.628 -32.2334
148.996 -35.3188
145.901 -41.0809
-143.628 -85.3066
136.059 -32.8102
145.692 -31.5375
149.363 -35.315
143.175 -13.9574
128.059 -30.779
140.746 -27.741
132.473 -12.6869
138.216 -30.4472
134.059 -30.2818
135.688 -27.7944
139.605 -20.5577
144.235 -26.5837
128.296 -25.0375
119.752 -5.0142
146.255 -20.0882
147.16 -9.4047
144.438 -89.9289
112.214 2.4529
