-149.739 61.0889
141.596 -31.8757
134.351 -19.9428
-112.812 31.9559
-109.736 35.1181
-144.605 60.9677
-145.775 61.1292
-145.75 60.5487
-148.937 63.7318
-148.332 61.807
-149.453 60.1043
-167.927 65.5598
137.029 35.35
158.315 6.8367
98.9237 2.6938
62.871 -67.604
136.059 -32.8102
145.692 -31.5375
149.363 -35.315
143.175 -13.9574
128.059 -30.779
147.19 -42.4417
131.133 -12.8436
145.491 -37.5714
148.396 -34.298
-115.454 33.6552
-116.863 36.4672
-116.806 35.3018
-115.145 34.1574
-118.474 35.6628
-117.489 36.058
-114.142 34.3034
-116.275 35.8996
101.025 4.4795
116.215 6.0443
103.847 1.7922
100.649 5.2902
118.498 5.1777
112.214 2.4529
121.595 24.1738
121.376 24.6695
121.297 23.3925
110.308 1.4733
