-149.739 61.0889
-149.131 61.5922
-160.477 55.3493
-152.372 61.2591
-140.148 -8.85492
-120.666 47.2545
-150.987 64.0997
-145.775 61.1292
-171.704 63.7758
-148.937 63.7318
-167.927 65.5598
-166.505 53.8452
151.629 -30.4183
116.709 -30.6147
143.175 -13.9574
121.882 -31.3669
147.19 -42.4417
116.208 -31.9783
145.491 -37.5714
105.652 -10.4807
148.396 -34.298
-116.667 33.4915
-116.737 33.5654
-116.848 33.63
-117.171 33.4577
-116.613 33.5519
-116.426 33.5234
-116.675 33.5736
-118.83 35.1269
-116.921 34.2623
-115.454 33.6552
-115.998 34.0006
-117.659 34.2388
-118.026 34.3334
-118.415 33.4019
-115.381 34.6375
-118.334 34.2535
-117.009 33.65
-117.994 34.8811
-116.863 36.4672
-117.366 36.9961
-116.806 35.3018
-116.335 34.8294
-115.145 34.1574
-118.474 35.6628
-117.682 35.4795
-118.836 37.6302
-119.814 34.8885
-117.195 33.6
-118.724 34.6145
-114.142 34.3034
-120.546 35.4077
-116.863 33.3536
-116.997 34.8753
-118.547 32.9799
-117.662 33.5526
-116.275 35.8996
-117.283 35.8909
-119.996 35.3142
-117.098 34.1065
-115.8 32.9451
-118.23 37.0542
-119.085 35.8409
-117.33 34.5606
116.215 6.0443
100.649 5.2902
-117.105 32.8889
118.388 24.4638
121.595 24.1738
120.954 23.7876
120.63 23.3005
121.08 22.8177
121.376 24.6695
121.297 23.3925
-116.712 33.7141
-116.562 33.3516
110.308 1.4733
