-149.739 61.0889
-149.131 61.5922
-160.477 55.3493
141.596 -31.8757
-152.372 61.2591
-122.825 47.5641
-145.775 61.1292
-145.75 60.5487
-171.704 63.7758
-149.453 60.1043
-166.505 53.8452
-121.81 46.7506
158.315 6.8367
98.9237 2.6938
136.059 -32.8102
128.059 -30.779
131.133 -12.8436
148.396 -34.298
-114.827 33.0515
-115.66 34.7846
-115.145 34.1574
-118.474 35.6628
-117.489 36.058
-116.997 34.8753
101.025 4.4795
116.215 6.0443
103.847 1.7922
100.649 5.2902
118.498 5.1777
112.214 2.4529
118.388 24.4638
121.595 24.1738
120.954 23.7876
120.63 23.3005
121.08 22.8177
121.376 24.6695
121.297 23.3925
110.308 1.4733
