125.64 -18.0982
141.596 -31.8757
134.351 -19.9428
134.355 -19.923
134.359 -19.9036
134.366 -19.8782
134.367 -19.855
134.38 -19.8408
134.381 -19.8139
134.384 -19.7914
134.339 -19.9243
134.365 -19.9254
134.34 -19.9619
134.339 -19.9426
134.362 -19.9469
134.387 -19.9485
134.407 -19.9503
134.43 -19.9522
134.453 -19.9542
134.501 -19.9558
134.515 -19.9577
98.9237 2.6938
136.059 -32.8102
145.692 -31.5375
149.363 -35.315
143.175 -13.9574
128.059 -30.779
131.133 -12.8436
148.396 -34.298
119.752 -5.0142
146.255 -20.0882
147.16 -9.4047
101.025 4.4795
118.498 5.1777
110.308 1.4733
