-149.739 61.0889
125.64 -18.0982
141.596 -31.8757
134.393 -19.7671
134.351 -19.9428
134.355 -19.923
134.359 -19.9036
134.366 -19.8782
134.367 -19.855
134.38 -19.8408
134.381 -19.8139
134.384 -19.7914
134.339 -19.9243
134.365 -19.9254
134.372 -19.9587
134.34 -19.9619
134.339 -19.9426
134.54 -19.9597
134.362 -19.9469
134.387 -19.9485
134.407 -19.9503
134.43 -19.9522
134.453 -19.9542
134.476 -19.9552
134.501 -19.9558
134.515 -19.9577
-152.408 60.5726
-151.835 61.4982
-144.154 62.0746
125.26 43.48
127.41 50.253
-122.143 42.9077
-121.253 43.739
-122.049 46.9183
-122.033 46.9034
-121.989 46.9298
-121.949 46.8417
-121.963 44.2098
-121.355 43.6727
-122.189 46.2142
-121.817 44.0597
-118.155 38.4328
142.76 46.9587
-115.828 43.4151
137.354 35.604
147.409 -19.5774
145.868 -41.0405
148.628 -32.2334
142.318 -38.1068
138.636 -34.8916
139.286 -35.134
143.877 -37.6089
148.996 -35.3188
149.115 -35.2839
-107.785 32.5324
-164.039 64.9941
-145.157 62.3987
-154.478 64.7962
-160.602 63.2842
-156.715 63.465
-154.147 64.1767
-161.531 62.2938
-158.301 62.7161
-154.07 63.3569
-158.959 61.0224
-153.132 61.8823
-150.12 61.7531
-147.726 61.7929
-146.175 62.1067
-144.598 61.6061
-154.32 60.1952
-149.724 60.4814
-138.576 60.3024
-157.991 59.0314
-156.439 59.1953
-137.738 59.6304
-115.585 38.3489
-130.026 55.9154
-117.306 44.8525
-119.533 46.3925
-116.249 36.9488
-111.374 35.5169
-118.637 42.4339
-117.228 45.9734
-121.689 47.6947
-143.628 -85.3066
-121.368 43.8206
-122.224 46.2375
-152.155 61.2655
-165.373 64.5646
-142.092 60.4896
-142.493 60.403
-143.7 60.3932
-144.605 60.9677
-152.084 63.4188
-152.315 63.8827
-143.093 60.7523
-141.34 60.9649
-147.376 63.0753
-145.775 61.1292
-148.926 61.771
-143.812 61.4417
-144.729 60.5805
-142.341 60.6024
-143.251 60.4427
-142.361 60.9231
-148.458 61.4131
-150.923 63.5527
-141.005 60.824
-143.024 61.3836
-148.937 63.7318
-141.95 60.1782
-145.47 62.9699
-152.189 62.8962
-142.467 61.1871
-148.86 63.4056
-148.332 61.807
-147.329 61.832
-151.532 61.98
-150.223 60.5117
-150.747 61.4636
-141.144 60.4399
-167.927 65.5598
-150.289 63.4501
-143.454 61.2275
-147.74 62.5808
-148.848 62.8331
-142.853 60.448
-122.218 46.2753
-121.815 46.8997
-121.529 45.4643
-122.217 46.1783
-121.81 46.7506
-122.972 47.7172
136.059 -32.8102
145.692 -31.5375
149.363 -35.315
143.175 -13.9574
128.059 -30.779
140.746 -27.741
132.473 -12.6869
138.216 -30.4472
131.133 -12.8436
134.059 -30.2818
135.688 -27.7944
119.846 -21.5725
119.847 -21.5628
119.855 -21.5781
119.861 -21.5548
119.855 -21.5933
119.809 -21.5336
119.83 -21.4547
119.78 -21.6432
139.605 -20.5577
144.235 -26.5837
128.296 -25.0375
148.396 -34.298
-116.667 33.4915
-116.737 33.5654
-116.848 33.63
-117.171 33.4577
-116.613 33.5519
-116.426 33.5234
-116.675 33.5736
-120.387 38.0345
-122.957 42.6071
-117.434 34.5505
-119.104 35.3444
-116.672 32.68
-116.921 34.2623
-115.454 33.6552
-115.998 34.0006
-117.659 34.2388
-118.026 34.3334
-118.08 36.4399
-115.381 34.6375
-118.334 34.2535
-117.994 34.8811
-116.863 36.4672
-115.66 34.7846
-117.366 36.9961
-116.806 35.3018
-116.335 34.8294
-116.109 32.6501
-115.145 34.1574
-118.474 35.6628
-117.682 35.4795
-118.836 37.6302
-117.489 36.058
-119.814 34.8885
-117.195 33.6
-118.058 34.2236
-114.619 34.7676
-118.185 34.1714
-114.142 34.3034
-116.863 33.3536
-116.997 34.8753
-116.275 35.8996
-117.283 35.8909
-119.996 35.3142
-117.098 34.1065
-115.8 32.9451
-118.23 37.0542
-115.924 35.4358
-119.085 35.8409
-117.33 34.5606
109.494 30.2762
129.593 44.6176
146.255 -20.0882
147.16 -9.4047
103.773 1.3608
-116 45.0876
-116.712 33.7141
-116.562 33.3516
110.308 1.4733
-115.239 40.7448
-101.227 19.6467
-105.664 26.9368
