-116.667 33.4915
-116.737 33.5654
-116.602 33.4947
-116.712 33.7141
-116.562 33.3516
-116.423 32.8927
-116.848 33.63
-116.426 33.5234
-116.354 33.1666
-116.455 33.6092
-120.584 35.9602
-120.571 36.0148
-120.562 35.982
-120.605 35.9613
-112.856 27.2933
116.567 38.4
-115.905 31.6897
-116.863 33.3536
120.63 23.3005
116.85 38.2167
117.886 36.3598
121.158 24.2527
-123.305 44.5855
147.16 -9.4047
-118.415 33.4019
-121.403 36.598
120.954 23.7876
121.297 23.3925
117.593 37.8263
117.392 38.2167
-115.381 34.6375
117.533 36.3792
117.089 36.4197
117.233 38.0167
-118.455 34.1062
116.667 38.3333
117.833 37.6667
118.388 24.4638
110.535 -66.2792
138.204 36.5457
158.65 53.0233
-117.223 38.075
146.255 -20.0882
116.767 38.2833
-118.474 35.6628
-118.23 37.0542
103.773 1.3608
121.595 24.1738
-116.672 32.68
-118.82 34.1561
-176.684 51.8823
126.624 37.4776
0 -90
142.76 46.9587
-116.596 33.0859
137.029 35.35
121.08 22.8177
-120.387 38.0345
129.591 44.617
-118.724 34.6145
-117.33 34.5606
121.191 31.0948
120.812 21.9409
-118.171 34.1484
-117.098 34.1065
