-116.667 33.4915
-116.737 33.5654
-116.602 33.4947
-116.712 33.7141
-116.562 33.3516
-116.848 33.63
-116.613 33.5519
-116.675 33.5736
-68.5451 63.7469
-121.882 50.609
-94.8962 74.6892
-66.8332 54.8324
-73.6678 43.3843
-123.048 48.0737
-74.566 40.6828
-115.381 34.6375
-82.982 40.2319
-121.81 46.7506
-118.23 37.0542
-117.662 33.5526
-119.533 46.3925
-114.414 43.5625
-2.8379 -71.6707
-116.249 36.9488
-105.613 39.7997
-83.6567 42.3012
-117.223 38.075
-89.2174 37.7148
-117.009 33.65
-77.8876 40.6358
-118.724 34.6145
-118.118 34.4837
-118.455 34.1062
-116.96 33.0262
-118.474 35.6628
-117.594 36.277
-89.932 35.123
-87.666 37.965
-92.3429 34.7751
-73.9079 41.0056
-118.836 37.6302
-121.403 36.598
-89.6997 36.4137
-90.2364 38.6361
