-144.605 60.9677
-152.315 63.8827
-145.775 61.1292
-145.75 60.5487
-150.178 61.1656
-150.923 63.5527
-167.927 65.5598
-150.289 63.4502
141.595 -31.8769
-116.667 33.4915
-116.737 33.5654
-116.712 33.7141
-116.562 33.3516
-116.423 32.8927
-116.848 33.63
-116.613 33.5519
-118.299 38.3343
-110.802 34.329
-112.813 40.195
-118.637 42.4339
-116.806 35.3018
-117.283 35.8909
-118.836 37.6302
-116.921 34.2623
-116.335 34.8294
-152.189 62.8962
-117.682 35.4795
-116.275 35.8995
142.76 46.9587
-121.5 39.5545
-117.009 33.65
129.591 44.617
-115.381 34.6375
-115.924 35.4358
109.494 30.2762
-118.118 34.4837
-118.474 35.6628
-116.997 34.8753
-117.434 34.5505
-116.101 32.6591
-115.8 32.9451
-122.957 42.6071
-117.994 34.8811
-117.489 36.058
-112.32 30.5
-116.863 33.3536
-119.244 36.3052
-119.085 35.8409
-119.319 37.3236
-120.303 41.9025
-122.71 41.732
-114.827 33.0515
138.204 36.5457
-120.542 35.9452
-118.724 34.6145
116.168 40.0183
-115.454 33.6552
150.77 59.5756
-117.366 36.9961
147.16 -9.4047
-117.33 34.5606
-116.455 33.6092
