-150.987 64.0997
-152.315 63.8827
-150.178 61.1656
-171.704 63.7758
-167.927 65.5598
-150.289 63.4502
-166.505 53.8452
151.628 -30.4198
141.595 -31.8769
145.491 -37.5714
73.6941 42.1311
73.7772 42.6615
74.9478 42.6564
75.2496 42.0778
74.4997 43.2669
78.6202 50.7154
140.11 36.2108
82.2904 46.7937
36.5674 55.1146
70.2828 53.058
-150.204 67.2269
-152.189 62.8962
87.7049 43.8138
146.255 -20.0882
142.76 46.9587
158.315 6.8367
116.168 40.0183
107.053 47.8651
151.082 -25.3691
108.924 34.0313
38.6798 8.8952
129.591 44.617
70.2107 -49.351
128.867 71.6341
166.453 68.0653
119.741 49.2704
91.127 29.7031
129.68 62.031
-152.583 57.7828
