-150.987 64.0997
-152.315 63.8827
-148.937 63.7318
-149.453 60.1043
-167.927 65.5598
-150.289 63.4502
-166.505 53.8452
-165.772 54.1352
-149.131 61.5922
-160.477 55.3493
151.628 -30.4198
145.491 -37.5714
166.444 -22.0716
73.6941 42.1311
74.7513 42.9986
73.7772 42.6615
74.9478 42.6564
75.2496 42.0778
74.4997 43.2669
78.6202 50.7154
140.11 36.2108
82.2904 46.7937
153.978 24.29
70.2828 53.058
110.535 -66.2792
-150.204 67.2269
-152.189 62.8962
146.255 -20.0882
44.741 40.148
158.65 53.0233
142.76 46.9587
158.315 6.8367
116.168 40.0183
107.053 47.8651
174.103 52.7308
151.082 -25.3691
108.924 34.0313
140.002 -66.6649
-158.011 21.42
129.591 44.617
166.453 68.0653
119.741 49.2704
91.127 29.7031
129.68 62.031
-152.583 57.7828
