125.639 -18.102
134.351 -19.9428
134.355 -19.923
134.381 -19.8139
134.453 -19.9542
134.515 -19.9577
134.393 -19.7671
134.359 -19.9036
134.366 -19.8782
134.367 -19.855
134.339 -19.9243
134.365 -19.9254
134.372 -19.9587
134.34 -19.9619
134.54 -19.9597
134.339 -19.9426
134.362 -19.9469
134.387 -19.9485
134.43 -19.9522
146.255 -20.0882
147.16 -9.4047
134.384 -19.7914
134.501 -19.9558
134.407 -19.9503
110.308 1.4733
121.595 24.1738
121.376 24.6695
121.297 23.3925
128.059 -30.779
143.176 -13.9563
121.08 22.8177
134.36 -19.9336
