-116.737 33.5654
-116.712 33.7141
-116.562 33.3516
-116.423 32.8927
-116.848 33.63
-116.613 33.5519
-116.675 33.5736
-121.403 36.598
-119.104 35.3444
-118.415 33.4019
-118.404 33.7435
-118.474 35.6628
158.65 53.0233
120.58 16.4108
-119.066 34.1082
147.16 -9.4047
-115.381 34.6375
-116.806 35.3018
-118.23 37.0542
-116.667 33.4915
-118.455 34.1062
-116.596 33.0859
-118.836 37.6302
-118.118 34.4837
-117.248 32.841
-118.724 34.6145
-114.827 33.0515
-118.171 34.1484
-118.286 34.0192
-117.009 33.65
-110.785 32.3098
-118.026 34.3334
110.535 -66.2792
129.591 44.617
-117.283 35.8909
-118.82 34.1561
-116.672 32.68
-118.058 34.2236
-116.863 33.3536
-117.098 34.1065
-158.011 21.42
