-145.75 60.5487
-150.178 61.1656
-171.704 63.7758
-149.739 61.0889
-149.453 60.1043
-166.505 53.8452
-149.131 61.5922
-160.477 55.3493
148.396 -34.298
-155.284 58.2702
-152.372 61.2591
-121.989 47.1881
-121.227 44.6473
-122.854 41.392
-120.477 41.2047
-120.076 38.7028
-119.849 37.8817
143.157 42.015
-120.873 43.811
-122.957 42.6071
-118.474 35.6628
150.77 59.5756
158.65 53.0233
142.76 46.9587
-122.71 41.732
146.255 -20.0882
120.58 16.4108
121.191 31.0948
-115.145 34.1574
-116.997 34.8753
116.215 6.0443
110.308 1.4733
100.649 5.2902
-121.461 40.8161
-119.023 36.6801
121.595 24.1738
121.376 24.6695
121.297 23.3925
120.63 23.3005
126.624 37.4776
-120.303 41.9025
109.844 19.0291
-121.5 39.5545
-114.827 33.0515
-110.785 32.3098
120.954 23.7876
-119.319 37.3236
-111.374 35.5169
-119.709 37.0069
-121.761 46.5605
-122.419 45.9325
-120.33 37.346
-109.636 28.9183
129.591 44.617
140.002 -66.6649
121.08 22.8177
118.388 24.4638
144.868 13.5893
138.204 36.5457
-152.583 57.7828
134.36 -19.9336
