-145.75 60.5487
-150.178 61.1656
-171.704 63.7758
-168.869 52.9378
-149.739 61.0889
-170.248 57.1766
-149.453 60.1043
-166.505 53.8452
-149.131 61.5922
-160.477 55.3493
-155.284 58.2702
-152.372 61.2591
-116.737 33.5654
-116.602 33.4947
-116.712 33.7141
-116.562 33.3516
-116.423 32.8927
-116.848 33.63
-116.613 33.5519
-116.675 33.5736
-122.224 46.2375
-121.403 36.598
-119.335 45.916
-122.707 48.7197
-123.504 48.0575
-124.566 47.9475
-121.989 47.1881
-123.559 45.9306
-121.459 45.8839
-122.478 45.2059
-121.317 45.2422
-123.292 44.6765
-122.186 44.6837
-121.227 44.6473
-123.83 44.0035
-121.268 44.1626
-123.575 43.3654
-123.602 42.156
-120.74 38.7552
-121.839 41.7826
-121.146 41.3593
-120.477 41.2047
-123.82 40.1398
-122.788 40.1767
-122.032 39.9971
-123.338 39.469
-122.015 38.6333
-120.936 38.2571
-120.076 38.7028
-119.047 38.089
-119.849 37.8817
-118.171 37.4993
-120.674 36.8953
-120.783 36.3627
-143.779 60.072
-115.998 34.0006
-122.716 39.6547
-115.8 32.9451
-155.773 19.079
-120.873 43.811
-117.366 36.9961
-122.458 38.3453
-121.757 37.6221
-118.334 34.2535
-122.957 42.6071
-119.104 35.3444
-123.048 48.0737
-124.082 43.7433
-119.085 35.8409
-118.415 33.4019
-124.396 47.9331
-118.404 33.7435
-120.546 35.4077
-116.863 36.4672
-123.07 44.0292
150.77 59.5756
-119.814 34.8885
158.65 53.0233
-123.072 38.9935
-119.715 34.4408
142.76 46.9587
-122.71 41.732
146.255 -20.0882
120.58 16.4108
-123.755 45.2135
-116.101 32.6591
-117.171 33.4577
-123.877 46.2661
-117.659 34.2388
-119.066 34.1082
-118.294 33.7126
-119.244 36.3052
-122.825 47.5641
-116.921 34.2623
-115.145 34.1574
-116.997 34.8753
-123.413 48.1001
-116.96 33.0262
-115.381 34.6375
-118.637 42.4339
-121.287 37.008
-117.434 34.5505
-116.806 35.3018
-123.001 37.6978
-118.23 37.0542
-116.667 33.4915
-122.443 38.8787
-118.83 35.1269
-117.994 34.8811
-117.682 35.4795
-118.547 32.9799
-119.635 33.9954
-115.924 35.4358
116.215 6.0443
110.308 1.4733
-117.105 32.8889
-120.728 40.6183
-121.551 36.3887
-121.461 40.8161
-119.023 36.6801
-120.87 35.636
-114.524 33.7503
121.595 24.1738
121.376 24.6695
120.63 23.3005
-118.455 34.1062
-116.596 33.0859
-118.836 37.6302
136.058 -32.8096
-143.969 60.2361
-116.275 35.8996
-121.866 37.954
-116.335 34.8294
-118.118 34.4837
-120.303 41.9025
-120.542 35.9452
-117.248 32.841
-118.724 34.6145
-121.5 39.5545
-114.827 33.0515
-122.239 37.4037
-117.009 33.65
-110.785 32.3098
120.954 23.7876
-119.319 37.3236
-111.374 35.5169
-119.709 37.0069
-122.096 48.2641
-122.173 37.1311
-122.972 47.7172
-122.803 47.1109
-123.563 46.5459
-122.72 46.5934
-121.761 46.5605
-122.419 45.9325
-122.854 41.392
-122.122 41.2742
-123.306 40.822
-121.086 40.32
-120.918 39.962
-120.608 39.3028
-119.451 38.5226
-121.328 37.5049
-120.33 37.346
-120.12 36.3356
-121.236 36.0214
144.438 -89.9289
-118.026 34.3334
110.535 -66.2792
-112.32 30.5
-109.636 28.9183
129.591 44.617
140.002 -66.6649
-116.672 32.68
-118.058 34.2236
-116.863 33.3536
-117.662 33.5526
-117.098 34.1065
144.868 13.5893
-117.33 34.5606
-123.305 44.5855
-152.583 57.7828
-116.455 33.6092
134.36 -19.9336
