-116.737 33.5654
-116.602 33.4947
-116.562 33.3516
-116.848 33.63
-116.675 33.5736
-121.403 36.598
140.11 36.2108
-122.854 41.392
-115.998 34.0006
-115.8 32.9451
-114.142 34.3034
-117.366 36.9961
-122.957 42.6071
-124.082 43.7433
-120.546 35.4077
-116.863 36.4672
-118.474 35.6628
-123.244 43.1187
-119.814 34.8885
142.76 46.9587
146.255 -20.0882
120.58 16.4108
-117.659 34.2388
-119.244 36.3052
-115.145 34.1574
-116.997 34.8753
-116.96 33.0262
-115.381 34.6375
-117.434 34.5505
-116.806 35.3018
-118.23 37.0542
-116.667 33.4915
-117.994 34.8811
-117.682 35.4795
-115.924 35.4358
116.215 6.0443
110.308 1.4733
-117.105 32.8889
-114.524 33.7503
121.595 24.1738
121.376 24.6695
121.297 23.3925
-118.836 37.6302
-116.335 34.8294
-115.454 33.6552
-118.724 34.6145
-114.827 33.0515
-117.009 33.65
120.954 23.7876
-121.839 41.7826
129.591 44.617
-117.283 35.8909
-118.058 34.2236
-116.863 33.3536
-152.583 57.7828
134.36 -19.9336
