-171.704 63.7758
-149.739 61.0889
-149.453 60.1043
-116.737 33.5654
-116.562 33.3516
-116.848 33.63
-116.675 33.5736
-122.854 41.392
-115.998 34.0006
-115.8 32.9451
-114.142 34.3034
-117.366 36.9961
-119.085 35.8409
-116.863 36.4672
-118.474 35.6628
-123.244 43.1187
-119.814 34.8885
125.64 -18.0982
-117.659 34.2388
-115.145 34.1574
-115.381 34.6375
-117.434 34.5505
-116.806 35.3018
-118.23 37.0542
-117.994 34.8811
-117.682 35.4795
-117.105 32.8889
-118.836 37.6302
-116.275 35.8996
-116.335 34.8294
-118.118 34.4837
-115.454 33.6552
-118.724 34.6145
-114.827 33.0515
-117.009 33.65
-121.839 41.7826
-116.863 33.3536
