-171.704 63.7758
-152.372 61.2591
-122.224 46.2375
-122.189 46.2142
-120.979 46.5433
-122.419 45.9325
-122.478 45.2059
-121.317 45.2422
-121.227 44.6473
-118.569 43.9104
-121.236 43.2843
-119.311 43.3736
-120.893 42.7258
-118.486 42.7308
-116.87 42.7779
-117.667 42.0192
-115.754 42.1669
-122.122 41.2742
-121.146 41.3593
-120.477 41.2047
-119.171 41.3884
-118.379 41.4483
-117.45 41.423
-118.971 40.7797
-119.827 40.165
-118.877 40.1614
-119.898 39.6785
-118.889 39.5399
-117.14 39.5516
-116.464 39.6202
-118.808 38.9383
-116.4 38.8247
-114.02 38.9551
-119.451 38.5226
-119.849 37.8817
-118.171 37.4993
-115.747 37.6444
-114.849 37.6083
-116.33 36.4193
-113.18 36.4182
-121.966 47.3052
-121.78 47.4473
-121.788 47.2909
-121.636 47.1453
-121.482 47.2165
-123.027 47.0401
-122.731 46.8394
-122.381 46.8668
-122.244 46.9805
-121.535 46.9896
-121.108 46.9801
-148.932 60.8049
-120.559 43.8359
-119.703 43.4872
-117.302 42.9656
-118.977 42.6329
-118.836 37.6302
-120.36 39.8666
-121.461 40.8161
-120.303 41.9025
-121.989 47.1881
-119.565 44.5913
-120.211 43.9437
-119.504 44.082
-122.109 43.2406
-117.754 43.3471
-120.251 42.7991
-120.834 42.0472
-118.344 42.1901
-116.54 41.522
-115.791 41.4311
-120.608 39.3028
-118.08 39.6946
-115.754 39.553
-117.932 38.8606
-118.106 38.3489
-116.302 38.2886
-116.595 37.923
-115.383 36.423
-113.965 36.4151
-112.333 33.9535
-112.946 33.3627
