-145.775 61.1292
-167.927 65.5598
-146.887 64.7714
69.0432 34.5408
73.6941 42.1311
74.7513 42.9986
73.7772 42.6615
74.9478 42.6564
75.2496 42.0778
75.5966 42.9208
76.2417 42.2456
77.6672 42.7861
74.6127 42.8418
70.2828 53.0581
76.9658 43.2172
78.6202 50.7154
82.2904 46.7937
25.2002 47.644
59.9431 49.2556
70.5115 43.1034
6.678 45.052
-152.084 63.4188
-150.923 63.5527
-152.189 62.8962
29.2242 50.7012
116.215 6.0443
110.308 1.4733
118.498 5.1777
112.214 2.4529
-142.467 61.187
125.579 7.0697
166.453 68.0653
44.741 40.148
91.127 29.7031
