133.904 -23.666
128.059 -30.779
97.5 31
94.8145 36.1984
99.8167 39.4
127.41 50.253
111.564 40.85
75.923 39.517
103.844 36.087
116.079 43.9
-146.887 64.7714
69.0432 34.5408
71.9667 41.8
74.3289 41.8544
70.818 40.0575
75.97 41.4222
58.0164 50.4348
70.3885 53.0249
78.5304 50.6226
78.6202 50.7154
82.2904 46.7937
59.9431 49.2556
70.5115 43.1034
78.5634 50.7216
78.5566 50.7017
78.55 50.682
78.5434 50.6622
78.5366 50.6424
78.5239 50.6028
78.5172 50.5831
78.5108 50.5632
78.5043 50.5433
78.4977 50.5236
78.6862 50.6019
78.6551 50.6061
78.6242 50.6102
78.5927 50.6144
78.5615 50.6185
78.4993 50.6269
78.469 50.6317
78.4368 50.6353
78.4057 50.6394
78.3746 50.6436
76.9658 43.2172
-149.299 64.1732
-148.937 63.7318
36.5674 55.1146
44.741 40.148
119.741 49.2704
136.059 -32.8102
121.882 -31.3669
118.614 -26.6376
139.605 -20.5577
144.235 -26.5837
128.296 -25.0375
45.5032 23.5225
56.2042 24.9453
138.204 36.5457
91.127 29.7031
116.168 40.0183
129.591 44.617
129.68 62.031
38.6798 8.8952
107.053 47.8651
70.2828 53.0581
42.6863 43.9553
