-152.315 63.8827
-150.289 63.4502
128.059 -30.779
148.396 -34.298
97.5 31
103.758 30.91
125.26 43.48
121.628 38.906
94.8145 36.1984
99.8167 39.4
127.41 50.253
111.564 40.85
75.923 39.517
103.844 36.087
123.578 41.8278
117.124 36.21
98.52 25.029
116.079 43.9
166.444 -22.0716
178.053 -17.7448
-146.887 64.7714
69.0432 34.5408
74.7513 42.9986
73.7772 42.6615
74.9478 42.6564
75.5966 42.9208
76.2417 42.2456
74.4997 43.2669
77.6672 42.7861
74.3289 41.8544
75.9422 42.4922
58.0164 50.4348
78.5304 50.6226
78.6202 50.7154
82.2904 46.7937
59.9431 49.2556
70.5115 43.1034
78.5634 50.7216
78.5566 50.7017
78.55 50.682
78.5366 50.6424
78.5239 50.6028
78.5172 50.5831
78.5108 50.5632
78.5043 50.5433
78.4977 50.5236
78.6862 50.6019
78.6551 50.6061
78.6242 50.6102
78.5927 50.6144
78.5615 50.6185
78.4993 50.6269
78.469 50.6317
78.4368 50.6353
78.4057 50.6394
78.3746 50.6436
76.9658 43.2172
-150.987 64.0997
-149.299 64.1732
-147.805 64.6453
-150.204 67.2269
-147.376 63.0753
-146.948 64.4095
-148.937 63.7318
-150.744 65.0304
-152.189 62.8962
36.5674 55.1146
44.741 40.148
174.704 -41.3087
119.741 49.2704
151.629 -30.4183
136.059 -32.8102
116.709 -30.6147
145.692 -31.5375
149.363 -35.315
151.082 -25.3691
121.882 -31.3669
159.061 -31.52
158.956 -54.4986
118.614 -26.6376
147.19 -42.4417
116.04 -29.0679
167.939 -29.0433
139.605 -20.5577
144.235 -26.5837
152.164 -4.1912
145.491 -37.5714
128.296 -25.0375
80.7022 7.2728
147.32 -42.9099
56.2042 24.9453
-171.777 -13.9093
159.947 -9.4387
-171.719 -2.7744
172.923 1.3549
91.127 29.7031
110.535 -66.2792
116.168 40.0183
129.591 44.617
146.255 -20.0882
103.644 51.6807
129.68 62.031
38.6798 8.8952
107.053 47.8651
58.5615 56.4293
70.2828 53.0581
42.6863 43.9553
108.924 34.0313
