-152.315 63.8827
-145.775 61.1292
-150.289 63.4502
-166.505 53.8452
-149.131 61.5922
-160.477 55.3493
-155.622 61.1082
133.904 -23.666
128.059 -30.779
148.396 -34.298
-155.284 58.2702
-155.063 58.2963
-168.166 53.426
-152.023 61.2913
-164.126 54.7718
97.5 31
103.758 30.91
125.26 43.48
121.628 38.906
94.8145 36.1984
99.8167 39.4
127.41 50.253
111.564 40.85
75.923 39.517
103.844 36.087
123.578 41.8278
98.52 25.029
116.079 43.9
166.444 -22.0716
178.053 -17.7448
-146.887 64.7714
69.0432 34.5408
142.593 44.1188
74.7513 42.9986
73.7772 42.6615
74.9478 42.6564
75.2496 42.0778
75.5966 42.9208
76.2417 42.2456
74.4997 43.2669
77.6672 42.7861
74.3289 41.8544
70.818 40.0575
75.97 41.4222
70.3885 53.0249
78.6202 50.7154
82.2904 46.7937
140.11 36.2108
44.9824 12.7759
122.41 42.8204
126.654 43.0745
128.753 43.393
122.35 44.1095
123.258 44.1229
125.34 44.3552
125.961 44.0959
129.601 44.1076
117.063 44.8025
127.598 44.9049
116.164 45.5353
119.954 44.3083
126.878 45.4932
129.736 45.107
130.535 45.4624
132.497 45.9207
129.689 45.8258
116.635 46.0697
117.915 46.1709
118.801 46.2132
125.09 46.1856
127.88 46.1191
128.56 46.4609
131.427 46.1078
120.732 46.9265
122.43 46.927
123.343 46.896
126.63 47.312
129.795 46.9462
133.287 47.0196
120.286 47.4937
132.599 47.6744
132.526 47.2994
59.9431 49.2556
70.5115 43.1034
78.5634 50.7216
78.5566 50.7017
78.55 50.682
78.5434 50.6622
78.5366 50.6424
78.5239 50.6028
78.5172 50.5831
78.5108 50.5632
78.5043 50.5433
78.4977 50.5236
78.6862 50.6019
78.6551 50.6061
78.6242 50.6102
78.5927 50.6144
78.5615 50.6185
78.4993 50.6269
78.469 50.6317
78.4368 50.6353
78.4057 50.6394
78.3746 50.6436
76.9658 43.2172
-150.987 64.0997
-149.299 64.1732
-152.084 63.4188
-147.805 64.6453
-150.204 67.2269
-163.418 54.8564
-145.234 66.5657
-146.948 64.4095
-148.937 63.7318
-148.232 64.9602
-150.744 65.0304
-168.855 52.9721
-145.47 62.9699
-152.189 62.8962
-148.86 63.4056
-148.332 61.807
-148.092 64.4716
36.5674 55.1146
118.803 43.4251
120.603 43.3725
44.741 40.148
174.704 -41.3087
119.741 49.2704
137.029 35.35
-155.533 19.7573
143.157 42.015
72.4525 -7.4121
116.111 42.0066
118.15 42.3784
116.082 42.6961
117.07 42.6708
118.772 42.9024
120.584 42.5254
121.547 42.6822
116.123 43.3073
116.958 43.4028
121.495 43.3884
115.956 44.24
117.053 44.1316
118.984 44.0618
121.568 44.1859
117.814 44.7865
118.763 44.7838
120.704 45.0041
121.739 44.8796
118.028 45.4442
118.806 45.5136
120.636 46.1764
122.508 46.3497
123.289 46.1681
126.056 46.2072
124.206 46.8931
151.629 -30.4183
136.059 -32.8102
116.709 -30.6147
145.692 -31.5375
149.363 -35.315
151.082 -25.3691
114.234 -22.643
159.061 -31.52
158.956 -54.4986
118.614 -26.6376
147.19 -42.4417
116.04 -29.0679
167.939 -29.0433
144.235 -26.5837
152.164 -4.1912
145.491 -37.5714
148.996 -35.3187
80.7022 7.2728
45.5032 23.5225
147.32 -42.9099
56.2042 24.9453
-171.777 -13.9093
-147.862 64.8736
126.624 37.4776
-171.719 -2.7744
138.204 36.5457
172.923 1.3549
166.652 19.2834
121.495 45.4249
140.002 -66.6649
91.127 29.7031
116.168 40.0183
34.6514 67.8979
55.4792 -4.6737
125.218 42.4564
121.514 46.7856
131.668 47.6025
124.053 42.8599
123.287 42.9786
127.816 42.7654
128.738 42.7441
124.318 43.4586
127.615 43.5932
129.674 43.3914
130.548 43.3375
126.907 44.0739
127.911 44.3347
130.557 44.0605
122.845 44.8973
123.727 44.8374
124.54 44.8055
125.97 44.8011
130.543 44.8533
131.201 45.2959
116.976 45.4352
120.576 45.5346
125.97 45.4855
126.915 46.1855
130.532 46.2147
125.052 46.879
125.959 46.8976
128.057 47.0656
131.921 46.7781
121.292 47.5623
127.988 47.6717
146.255 -20.0882
166.307 -22.0986
103.644 51.6807
38.6798 8.8952
107.053 47.8651
58.5615 56.4293
70.2828 53.0581
42.6863 43.9553
-152.583 57.7828
