39.7635 13.3535
40.8585 13.204
41.4422 11.5607
40.316 12.0681
40.4612 12.2526
40.9849 12.4948
39.5343 12.7832
40.977 12.0401
41.0043 11.7926
40.3148 12.4812
-152.315 63.8827
-145.775 61.1292
-145.75 60.5487
-149.739 61.0889
-170.248 57.1766
-149.453 60.1043
-167.927 65.5598
-150.289 63.4502
-166.505 53.8452
-165.772 54.1352
-146.339 59.4278
-149.131 61.5922
-160.477 55.3493
174.103 52.7308
-155.622 61.1082
133.904 -23.666
128.059 -30.779
148.396 -34.298
-166.071 54.1292
-155.284 58.2702
-155.063 58.2963
-168.166 53.426
-167.911 53.4107
-152.372 61.2591
97.5 31
103.758 30.91
125.26 43.48
121.628 38.906
94.8145 36.1984
99.8167 39.4
127.41 50.253
111.564 40.85
75.923 39.517
103.844 36.087
92.25 32.25
123.578 41.8278
117.124 36.21
116.079 43.9
-146.887 64.7714
69.0432 34.5408
142.593 44.1188
139.814 33.1153
74.7513 42.9986
73.7772 42.6615
74.9478 42.6564
75.5966 42.9208
76.2417 42.2456
74.4997 43.2669
77.6672 42.7861
74.3289 41.8544
75.9422 42.4922
73.7936 42.6719
74.6127 42.8418
75.97 41.4222
82.2904 46.7937
140.11 36.2108
56.5529 19.092
122.41 42.8204
126.654 43.0745
122.35 44.1095
123.258 44.1229
125.34 44.3552
125.961 44.0959
129.601 44.1076
117.063 44.8025
127.598 44.9049
116.164 45.5353
119.954 44.3083
126.878 45.4932
129.736 45.107
130.535 45.4624
132.497 45.9207
129.689 45.8258
116.635 46.0697
117.915 46.1709
118.801 46.2132
125.09 46.1856
127.88 46.1191
131.427 46.1078
120.732 46.9265
122.43 46.927
123.343 46.896
126.63 47.312
129.795 46.9462
133.287 47.0196
120.286 47.4937
132.599 47.6744
149.388 -9.9312
150.362 -9.3763
150.186 -9.4385
149.672 -10.3383
150.87 -9.2247
150.102 -10.0946
150.78 -9.2864
151.085 -8.5073
150.881 -9.9483
149.794 -9.6207
149.467 -9.7562
151.184 -8.8523
150.138 -9.2442
59.9431 49.2556
70.5115 43.1034
77.5692 -37.7963
153.978 24.29
76.9658 43.2172
-165.373 64.5646
-174.197 52.2016
-150.987 64.0997
-150.906 59.7511
-149.299 64.1732
-152.084 63.4188
-147.805 64.6453
-150.204 67.2269
-147.376 63.0753
-163.418 54.8564
-150.178 61.1656
-145.234 66.5657
-151.652 59.6572
-145.923 61.4924
-148.937 63.7318
-150.744 65.0304
-168.855 52.9721
-145.47 62.9699
-152.189 62.8962
-148.86 63.4056
-148.332 61.807
-147.329 61.832
-151.532 61.98
-150.747 61.4636
-148.092 64.4716
118.803 43.4251
120.603 43.3725
44.741 40.148
158.65 53.0233
119.741 49.2704
137.029 35.35
158.315 6.8367
143.157 42.015
90.058 23.815
116.111 42.0066
118.15 42.3784
116.082 42.6961
117.07 42.6708
118.772 42.9024
120.584 42.5254
116.123 43.3073
116.958 43.4028
121.495 43.3884
115.956 44.24
117.053 44.1316
118.984 44.0618
121.568 44.1859
118.763 44.7838
121.739 44.8796
118.028 45.4442
118.806 45.5136
123.223 45.5075
120.636 46.1764
122.508 46.3497
123.289 46.1681
126.056 46.2072
124.206 46.8931
151.629 -30.4183
136.059 -32.8102
116.709 -30.6147
145.692 -31.5375
151.082 -25.3691
114.234 -22.643
121.882 -31.3669
118.614 -26.6376
116.04 -29.0679
139.605 -20.5577
144.235 -26.5837
152.164 -4.1912
145.491 -37.5714
128.296 -25.0375
47.3388 29.8032
138.922 -33.4306
121.495 45.4249
124.143 45.491
140.002 -66.6649
91.127 29.7031
110.535 -66.2792
58.1189 37.9304
129.591 44.617
125.218 42.4564
121.514 46.7856
131.668 47.6025
124.053 42.8599
123.287 42.9786
127.816 42.7654
124.318 43.4586
127.615 43.5932
129.674 43.3914
130.548 43.3375
126.907 44.0739
127.911 44.3347
130.557 44.0605
122.845 44.8973
123.727 44.8374
124.54 44.8055
130.543 44.8533
131.201 45.2959
116.976 45.4352
120.576 45.5346
125.97 45.4855
130.532 46.2147
133.656 45.9943
125.052 46.879
125.959 46.8976
128.057 47.0656
131.921 46.7781
121.292 47.5623
124.037 47.6486
127.988 47.6717
146.255 -20.0882
129.68 62.031
38.6798 8.8952
107.053 47.8651
70.2828 53.0581
108.924 34.0313
-152.583 57.7828
