134.351 -19.9428
134.355 -19.923
134.366 -19.8782
134.367 -19.855
134.38 -19.8408
134.381 -19.8139
134.384 -19.7914
134.339 -19.9243
134.365 -19.9254
134.34 -19.9619
134.339 -19.9426
134.362 -19.9469
134.387 -19.9485
134.407 -19.9503
134.43 -19.9522
134.453 -19.9542
134.501 -19.9558
134.515 -19.9577
106.664 26.46
113.652 23.6525
112.47 34.55
118.854 32.0517
114.354 30.5428
130.877 33.125
123.011 24.4672
109.844 19.0291
102.74 25.1233
98.9237 2.6938
143.175 -13.9574
147.366 -2.0432
131.133 -12.8436
110.523 -7.9125
144.868 13.5893
103.847 1.7922
110.308 1.4733
100.649 5.2902
112.214 2.4529
108.481 11.952
103.907 21.3252
121.595 24.1738
120.954 23.7876
121.08 22.8177
121.376 24.6695
121.297 23.3925
119.731 -21.159
109.494 30.2762
