-116.667 33.4915
-116.737 33.5654
-116.675 33.5736
-112.813 40.195
-114.414 43.5625
-111.374 35.5169
-118.637 42.4339
129.591 44.617
109.494 30.2762
120.58 16.4108
-122.825 47.5641
-115.381 34.6375
-114.827 33.0515
-117.489 36.058
-118.058 34.2236
-116.863 33.3536
-117.662 33.5526
-117.283 35.8909
-117.098 34.1065
-118.118 34.4837
-117.33 34.5606
134.36 -19.9336
150.77 59.5756
138.204 36.5457
147.16 -9.4047
-110.785 32.3098
120.63 23.3005
142.76 46.9587
116.168 40.0183
-117.221 40.4314
-119.533 46.3925
-116.249 36.9488
146.255 -20.0882
