133.904 -23.666
134.393 -19.7671
134.351 -19.9428
134.355 -19.923
134.38 -19.8408
134.339 -19.9426
134.387 -19.9485
134.407 -19.9503
134.43 -19.9522
134.453 -19.9542
134.501 -19.9558
134.515 -19.9577
-122.189 46.2142
-117.228 45.9734
-171.202 -84.7199
51.1588 -81.1841
96.7692 -82.0086
77.2238 -84.4996
125.579 7.0697
120.58 16.4108
98.9237 2.6938
-116.863 36.4672
-118.836 37.6302
-115.924 35.4358
148.996 -35.3187
134.36 -19.9336
147.16 -9.4047
101.025 4.4795
116.215 6.0443
110.308 1.4733
118.498 5.1777
112.214 2.4529
116.168 40.0183
-53.2006 -82.8619
152.735 -81.3466
129.612 -83.8596
146.255 -20.0882
