-86.8561 12.6177
-86.8519 12.5918
-86.8348 12.6064
-34.6269 -77.875
-44.7361 -60.7381
-116.667 33.4915
-116.737 33.5654
-116.602 33.4947
-116.712 33.7141
-116.562 33.3516
-116.422 32.892
-116.848 33.63
-117.171 33.4577
-116.613 33.5519
-117.248 32.841
-116.426 33.5234
-116.675 33.5736
-75.4776 45.7032
-76.4934 44.2272
-73.6228 45.5003
-95.875 50.2503
-71.1327 21.5115
-75.1108 19.9268
-77.5345 18.226
-71.2878 18.9821
-87.273 14.057
-61.1463 14.735
-84.1114 10.0021
5.52838 22.7915
-4.85656 6.67016
-83.774 35.658
-103.668 29.334
-110.943 43.893
-86.522 39.172
-87.581 38.367
-106.965 33.937
-93.574 32.6408
-92.9049 32.6046
-91.9457 32.5488
-90.4226 32.6304
-112.812 31.9559
-93.7626 32.0387
-92.9188 32.0227
-92.1521 32.0617
-91.4827 31.8803
-90.6856 32.0422
-89.8958 32.0322
-88.6102 32.053
-87.7393 32.094
-93.1681 31.3334
-92.3249 31.3747
-90.7318 31.4527
-89.4649 31.3876
-87.9023 31.4129
-97.585 30.7827
-93.1898 30.7498
-92.4314 30.7119
-89.3645 30.7912
-87.8608 30.9309
-91.8557 30.0856
-99.3939 28.3236
-97.1888 48.932
-96.4935 48.9172
-95.3904 48.9371
-99.6431 32.6238
-97.6495 48.4236
-96.5363 48.3951
-95.588 48.2722
-94.6501 48.486
-93.7261 48.3603
-98.1502 41.4083
-97.7336 47.7927
-95.7725 47.7586
-94.9106 47.6501
-93.9763 47.7007
-92.1853 47.7283
-91.2732 47.7171
-90.1289 47.8171
-97.7226 47.0481
-97.0164 47.1354
-95.8448 47.1404
-95.1952 47.0851
-94.0529 47.081
-93.1645 47.1765
-92.4262 47.1581
-97.8879 46.5583
-97.0701 46.5927
-96.0054 46.5035
-95.1691 46.5136
-94.4043 46.5572
-93.2557 46.5177
-92.4 46.5658
-91.5542 46.6058
-98.2525 45.8598
-97.1264 45.8705
-96.2929 45.8398
-95.2581 45.7954
-93.5241 45.8618
-92.6264 45.7243
-91.8775 45.9588
-90.1217 45.919
-98.2083 45.2254
-97.4994 45.2555
-96.4383 45.1946
-94.4855 45.2199
-91.8549 45.1693
-90.2006 45.2684
-89.1816 45.2118
-98.4772 44.4795
-96.7434 44.6812
-95.777 44.6673
-94.8311 44.6985
-93.9281 44.5775
-92.9181 44.5812
-92.282 44.6753
-98.5352 44.0297
-96.7989 44.0475
-95.86 44.0392
-94.0143 44.0191
-93.4003 44.0148
-92.3306 44.0405
-91.5231 43.8543
-89.8697 44.0592
-97.8476 43.3719
-96.9667 43.3185
-95.9579 43.2844
-95.2078 43.3655
-94.3395 43.3292
-93.5527 43.3103
-92.4755 43.319
-90.7406 43.3965
-90.0137 43.3655
-106.524 42.6507
-98.7546 42.6229
-97.9723 42.6597
-97.0012 42.6052
-96.0957 42.6865
-95.2328 42.7218
-94.4507 42.6381
-92.7709 42.6472
-91.8878 42.705
-90.3046 42.6071
-102.627 39.0112
-98.008 42.0045
-97.2724 42.1659
-96.3762 41.9666
-95.5448 42.1123
-94.6676 42.1009
-92.0007 42.1234
-91.2218 42.0628
-90.4977 42.0751
-97.195 41.5726
-96.583 41.5025
-95.6945 41.4665
-94.8021 41.4537
-94.0575 41.4028
-92.1725 41.4786
-91.5121 41.406
-90.5422 41.375
-89.7581 41.4546
-79.6647 41.5079
-99.6029 47.8481
-102.772 33.9696
-105.944 40.8947
-97.4506 40.7384
-96.5005 40.8378
-95.6425 40.8612
-94.9604 40.8156
-94.2095 40.7582
-93.235 40.7931
-92.5023 40.8776
-91.5837 40.8841
-90.8552 40.7077
-90.0345 40.829
-79.9892 40.9617
-108.242 40.1348
-97.5845 40.0755
-96.6936 40.1831
-95.9097 40.2665
-94.9645 40.1315
-94.1461 40.1664
-92.5438 40.2544
-91.874 40.1212
-90.0812 40.1956
-89.313 40.2856
-96.8268 39.5471
-96.0188 39.5286
-95.206 39.6204
-94.3491 39.5882
-93.5321 39.6248
-92.7541 39.4876
-92.0483 39.5299
-90.3443 39.5853
-89.5213 39.6409
-105.149 38.9641
-96.9408 38.9214
-96.0368 38.8586
-95.4609 38.9612
-94.4522 38.8763
-93.6182 38.9609
-92.9759 39.0455
-92.0748 38.9946
-91.2317 38.9539
-90.5331 38.912
-89.6991 38.941
-115.585 38.3489
-97.247 38.3008
-96.1988 38.3231
-95.504 38.3237
-93.9056 38.1868
-93.0383 38.3138
-92.2684 38.2909
-91.3795 38.2976
-90.7944 38.2804
-89.0809 38.2475
-106.829 37.7461
-93.9078 37.6304
-93.3226 37.691
-92.5014 37.5988
-91.7458 37.5877
-90.7939 37.77
-89.2551 37.6936
-88.5804 37.6774
-87.0967 40.379
-92.8037 45.2246
-98.9556 44.4429
-104.411 37.1388
-97.1883 37.0222
-96.5121 36.9161
-94.293 37.0354
-93.3774 37.0241
-91.7636 37.0436
-91.0927 37.0301
-90.2878 37.0833
-95.7919 35.9104
-93.4805 36.3823
-92.8535 36.3563
-91.9203 36.344
-90.4057 36.3693
-89.6863 36.5047
-89.3507 36.3391
-88.7635 36.3481
-93.645 35.8389
-92.8232 35.8044
-92.1554 35.7851
-91.39 35.806
-90.5443 35.7857
-89.8954 35.8282
-88.9591 35.7403
-109.736 35.1181
-93.784 35.196
-93.0693 35.1923
-92.2479 35.1736
-91.5224 35.2732
-89.8161 35.1395
-89.186 35.1568
-97.4561 31.9913
-94.1138 34.5105
-91.6262 34.5532
-90.8812 34.518
-90.1462 34.4998
-89.3931 34.4241
-93.2798 34.0124
-92.6113 33.8807
-90.9285 33.9121
-90.2112 33.9618
-89.5431 33.8656
-88.8577 33.8828
-87.8494 33.9025
-93.3995 33.2584
-92.803 33.2577
-91.9474 33.2739
-91.2441 33.21
-90.4322 33.2773
-89.6913 33.3705
-88.9414 33.1933
-88.0696 33.199
-87.5556 33.3764
-82.982 40.2319
-95.8619 48.2977
-101.681 34.8837
-80.4205 37.2113
-99.7374 38.814
-77.3732 38.2046
-89.1369 46.1003
-96.6141 43.7337
-79.9891 42.1175
-91.4953 47.9462
-84.6175 44.8245
-89.294 40.5559
-105.613 39.7997
-99.8022 30.4794
-90.2481 42.9142
-96.6094 39.1009
-97.8929 27.5459
-106.223 46.6885
-93.5765 34.5454
-105.382 31.6985
-108.493 37.1996
-89.4092 34.5118
-109.267 45.1221
-105.501 37.7456
-116.249 36.9488
-90.5177 32.2185
-98.7807 34.7379
-5.3471 35.6101
-5.7713 35.5104
-5.1525 35.4026
-5.639 35.3086
-4.9863 35.2275
-5.1145 35.0273
-4.3119 34.9308
-4.9354 34.6723
-4.6997 34.4694
-5.2954 34.3914
-5.3197 33.7205
-5.1024 33.3079
-5.03 33.128
-4.8979 32.9953
-4.888 32.8757
-4.5659 32.5245
-4.6537 32.3499
-4.6171 32.2317
-4.3913 32.0844
-4.2718 31.8634
-4.1914 31.568
-4.2427 31.4318
-4.1068 31.2912
-3.9958 31.0463
-3.1506 34.9507
-5.6236 36.08
-5.3708 36.2564
-5.415 36.3932
-5.3228 36.6051
-5.5144 36.7314
-5.5178 37.1475
-5.9442 36.667
-5.0434 36.5282
-116.339 32.6645
-116.256 32.6861
-116.125 32.7101
-116.012 32.7497
-115.865 32.7908
-115.745 32.8203
-115.035 33.0245
-114.879 33.1191
-114.764 33.2211
-92.179 46.251
-92.538 45.986
-93.484 44.667
-93.211 46.749
-92.31 46.248
-91.281 45.59
-94.488 44.064
-94.269 44.042
-92.876 44.043
-92.741 44.027
-111.851 -74.5476
-117.392 -84.5731
-53.2006 -82.8619
-72.185 -75.2808
-171.202 -84.7199
-111.778 -79.4181
-115.373 40.7451
-115.562 40.6307
-115.526 40.5576
-115.532 40.4682
-115.558 40.4211
-115.652 40.7863
-115.615 40.7553
-115.198 40.5828
-116.059 40.6768
-115.209 40.2319
-115.051 40.187
-114.926 40.1524
-83.8587 32.404
-83.886 32.5234
-83.8967 32.6437
-83.8658 34.4657
-83.9204 34.8376
129.612 -83.8596
122.59 -81.6517
-4.8195 34.15
-5.1267 34.5522
77.2238 -84.4996
-62.1943 16.7948
-74.3984 42.6968
-7.5902 38.8672
-116.847 32.5779
-116.571 32.6183
-114.814 33.1643
-91.769 46.472
-92.635 45.655
-93.421 44.582
-93.387 44.46
-93.305 44.243
-93.035 46.657
-92.657 46.4
-92.001 46.072
-93.514 44.042
-92.375 43.97
-91.611 43.998
-115.313 40.7752
-115.396 40.7076
-115.146 40.5176
-114.938 40.4012
-111.565 41.6069
-0.36842 6.19232
-67.458 44.7102
-97.0345 28.8759
-98.31 30.262
-116.71 32.5749
-116.469 32.629
-116.42 32.6563
-115.638 32.8605
-114.988 33.0498
-87.357 48.888
-85.856 49.084
-84.588 47.305
-93.381 44.381
-92.92 46.61
-92.835 46.527
-92.685 46.446
-91.585 45.833
-91.461 45.698
-94.796 44.018
-93.885 44.057
-93.735 44.058
-92.586 44.023
-92.041 44.064
-115.824 40.8929
-115.574 40.7369
-115.368 40.6323
-115.28 40.5998
-116.006 40.6388
-115.918 40.5546
-115.747 40.4509
-115.396 40.3007
96.7692 -82.0086
-117.594 36.277
-2.8379 -71.6707
-111.1 42.7654
9.328 4.234
-106.506 31.7718
-111.027 43.6381
-110.604 43.6124
-110.745 43.7486
-105.458 41.3016
-110.852 43.3624
-106.974 39.1776
-110.754 43.4599
-80.1448 41.6492
-74.5065 44.8399
-78.6042 42.4062
-110.524 39.1108
-96.9667 28.7467
-97.2505 29.06
-97.2929 29.2135
-97.3376 29.3485
-97.4368 29.459
-98.1602 30.0323
-98.213 30.1664
-98.4044 30.3099
-97.0106 28.8301
-116.921 32.578
-116.66 32.5918
-115.586 32.8771
-115.173 32.9731
-114.934 33.0843
-89.443 48.28
-86.755 49.74
-91.987 46.438
-92.221 46.061
-93.051 43.63
-92.189 46.138
-92.068 46.127
-91.889 46.011
-91.556 45.775
-93.637 44.009
-91.835 44.021
-89.0459 37.5957
-88.7941 37.6691
-91.182 37.6053
-90.3541 37.5574
-115.455 40.6683
-115.553 40.5182
-115.538 40.3541
-115.535 40.3014
-115.511 40.7093
-115.09 40.4729
-114.851 40.349
-115.78 40.4841
-115.641 40.3828
-115.582 40.3668
-115.504 40.3366
-115.462 40.3178
-117.434 34.5505
-118.83 35.1269
-119.104 35.3444
-116.672 32.68
-116.921 34.2623
-115.454 33.6552
-115.998 34.0006
-117.659 34.2388
-118.026 34.3334
-118.415 33.4019
-118.08 36.4399
-115.381 34.6375
-118.334 34.2535
-117.009 33.65
-118.455 34.1062
-117.994 34.8811
-116.863 36.4672
-115.66 34.7846
-117.366 36.9961
-116.806 35.3018
-116.335 34.8294
-116.109 32.6501
-115.145 34.1574
-118.474 35.6628
-119.066 34.1082
-117.682 35.4795
-118.836 37.6302
-117.489 36.058
-119.814 34.8885
-117.195 33.6
-118.058 34.2236
-114.619 34.7676
-118.724 34.6145
-114.142 34.3034
-120.546 35.4077
-116.863 33.3536
-118.404 33.7435
-119.715 34.4408
-119.635 33.9954
-117.662 33.5526
-116.275 35.8996
-117.283 35.8909
-119.996 35.3142
-117.098 34.1065
-115.8 32.9451
-118.23 37.0542
-115.924 35.4358
-119.085 35.8409
-117.33 34.5606
-14.3601 -7.9327
-36.4879 -54.2836
-106.457 34.946
-91.2446 38.0557
28.1882 -15.2779
-78.4508 0.2376
144.438 -89.9289
-35.9014 -5.8274
-104.036 44.1212
-70.634 8.8839
-66.15 18.1091
-110.785 32.3098
-87.83 36.1297
-63.2426 17.6205
-92.2687 37.154
-89.932 35.123
-88.0991 38.7338
-90.4297 36.7785
-89.2174 37.7148
-92.3429 34.7751
-117.105 32.8889
-114.524 33.7503
-106.846 33.9573
-121.403 36.598
-75.6549 43.981
-97.7709 29.7641
-4.6084 34.8505
-3.6948 35.1304
-5.1308 34.1427
-3.7359 34.8894
-5.0938 36.6457
-5.2325 36.8235
-116.774 32.5693
-116.609 32.606
-116.045 32.7392
-115.934 32.7695
-115.791 32.8162
-115.521 32.8978
-115.23 32.9628
-115.072 32.9954
-114.716 33.2457
-115.481 32.9798
-89.675 49.624
-83.817 49.753
-84.763 49.189
-92.37 46.027
-92.634 45.564
-93.126 46.717
-91.724 45.875
-91.096 45.534
-90.6346 37.5549
-115.256 40.8556
-115.297 40.8241
-115.585 40.2233
-115.603 40.1802
-115.919 40.9366
-115.404 40.6516
-115.32 40.6154
-115.169 40.5489
-115.844 40.5183
-115.678 40.4148
-115.302 40.2677
-115.148 40.1988
-119.244 36.3052
-92.615 45.86
-115.945 40.5924
-116.96 33.0262
-109.558 42.7667
-89.6997 36.4137
-107.785 32.5324
-91.4036 32.7032
-89.9287 32.6035
-89.0573 32.6368
-96.5281 47.8255
-92.8378 47.758
-95.638 45.2419
-93.7509 45.2344
-110.576 44.3951
-97.4363 44.5041
-97.4643 44.0271
-94.9829 43.8565
-98.7396 43.2915
-91.7062 43.3354
-91.1383 42.6999
-93.4731 40.1215
-116.454 33.606
-91.2383 36.3514
-90.7061 35.0877
-92.8342 34.4873
-92.5137 34.4949
-91.7871 33.8364
-112.813 40.195
-110.4 44.5652
-94.661 31.7598
-102.033 40.9451
-111.374 35.5169
-119.474 -80.017
-143.628 -85.3066
-86.7694 -77.5286
152.735 -81.3466
156.252 -83.3063
-125.966 -77.1332
-97.5606 -72.5301
-109.037 -77.5781
-85.174 11.968
-86.3692 13.1017
-7.7173 37.4037
-16.9555 14.392
-99.1781 19.3297
