-116.667 33.4915
-116.737 33.5654
-116.602 33.4947
-116.562 33.3516
-116.848 33.63
-116.613 33.5519
-116.426 33.5234
140.11 36.2108
109.844 19.0291
98.9237 2.6938
-116.672 32.68
-118.026 34.3334
-118.415 33.4019
-118.08 36.4399
-117.009 33.65
-118.455 34.1062
-114.827 33.0515
-117.489 36.058
-118.058 34.2236
-116.863 33.3536
-118.404 33.7435
-117.283 35.8909
110.523 -7.9125
121.595 24.1738
120.954 23.7876
120.63 23.3005
121.08 22.8177
121.297 23.3925
140.002 -66.6649
-121.403 36.598
129.591 44.617
