134.351 -19.9428
148.396 -34.298
-116.737 33.5654
-116.712 33.7141
-116.562 33.3516
140.11 36.2108
98.9237 2.6938
143.175 -13.9574
128.059 -30.779
145.491 -37.5714
-117.434 34.5505
-116.672 32.68
-115.998 34.0006
-117.659 34.2388
-118.026 34.3334
-115.381 34.6375
-117.009 33.65
-117.994 34.8811
-116.863 36.4672
-114.827 33.0515
-117.366 36.9961
-116.806 35.3018
-116.335 34.8294
-115.145 34.1574
-118.474 35.6628
-117.682 35.4795
-118.836 37.6302
-117.489 36.058
-116.863 33.3536
-116.997 34.8753
-116.275 35.8996
-117.283 35.8909
-117.098 34.1065
-118.23 37.0542
-115.924 35.4358
116.215 6.0443
110.308 1.4733
100.649 5.2902
-114.524 33.7503
121.595 24.1738
-119.244 36.3052
142.76 46.9587
129.591 44.617
