133.904 -23.666
134.351 -19.9428
99.7929 12.4726
98.9237 2.6938
136.059 -32.8102
116.709 -30.6147
143.175 -13.9574
128.059 -30.779
114.234 -22.643
140.746 -27.741
138.216 -30.4472
147.366 -2.0432
118.614 -26.6376
116.04 -29.0679
134.059 -30.2818
116.208 -31.9783
135.688 -27.7944
139.605 -20.5577
144.235 -26.5837
152.164 -4.1912
128.296 -25.0375
105.688 -10.4501
105.652 -10.4807
110.523 -7.9125
103.773 1.3608
101.025 4.4795
116.215 6.0443
103.847 1.7922
100.649 5.2902
118.498 5.1777
112.214 2.4529
108.481 11.952
