141.596 -31.8757
-166.878 53.7938
-166.686 53.8829
97.5 31
103.758 30.91
125.26 43.48
121.628 38.906
94.8145 36.1984
99.8167 39.4
106.664 26.46
113.652 23.6525
127.41 50.253
111.564 40.85
75.923 39.517
112.47 34.55
103.844 36.087
118.854 32.0517
123.578 41.8278
117.124 36.21
98.52 25.029
114.354 30.5428
166.444 -22.0716
166.307 -22.0986
161.853 -77.5173
142.184 27.0957
137.354 35.604
133.114 35.0018
140.79 37.869
133.876 33.7315
128.273 26.836
138.257 38.04
130.453 31.5093
141.065 40.7895
140.191 36.2308
123.011 24.4672
70.2828 53.0581
78.6202 50.7154
81.977 46.808
148.628 -32.2334
138.636 -34.8916
148.996 -35.3188
149.115 -35.2839
151.967 -27.5452
98.9443 18.8138
99.1212 14.3948
152.735 -81.3466
59.9431 49.2556
70.5115 43.1034
76.9658 43.2172
82.2904 46.7937
-168.855 52.9721
137.029 35.35
62.871 -67.604
151.629 -30.4183
145.692 -31.5375
149.363 -35.315
151.082 -25.3691
145.491 -37.5714
127.364 36.3772
103.907 21.3252
118.388 24.4638
121.595 24.1738
120.954 23.7876
120.63 23.3005
121.376 24.6695
121.297 23.3925
69.0432 34.5408
161.973 -81.4755
