97.5 31
103.758 30.91
125.26 43.48
121.628 38.906
99.8167 39.4
106.664 26.46
113.652 23.6525
127.41 50.253
111.564 40.85
75.923 39.517
112.47 34.55
103.844 36.087
118.854 32.0517
123.578 41.8278
117.124 36.21
98.52 25.029
114.354 30.5428
116.079 43.9
42.8466 11.5307
166.444 -22.0716
161.853 -77.5173
129.68 62.031
142.184 27.0957
142.593 44.1188
137.354 35.604
133.114 35.0018
142.593 44.1188
140.79 37.869
133.876 33.7315
131.224 25.8198
128.273 26.836
138.257 38.04
138.183 34.6777
130.453 31.5093
141.065 40.7895
129.396 34.5275
123.011 24.4672
77.6672 42.7861
74.3289 41.8544
72.785 40.5244
58.0164 50.4348
70.2828 53.0581
78.6202 50.7154
81.977 46.808
148.628 -32.2334
148.996 -35.3188
150.894 -31.099
151.967 -27.5452
103.146 18.0635
-144.012 -78.7515
-140.457 -78.4744
-162.974 -81.4016
-143.628 -85.3066
162.565 -78.9276
-149.427 -87.4158
152.735 -81.3466
156.252 -83.3063
96.7558 -82.0104
59.9431 49.2556
70.5115 43.1034
76.9658 43.2172
78.5634 50.7216
78.5566 50.7017
78.55 50.682
78.5434 50.6622
78.5239 50.6028
78.5172 50.5831
78.5108 50.5632
78.5043 50.5433
78.4977 50.5236
78.6862 50.6019
78.6551 50.6061
78.6242 50.6102
78.5615 50.6185
78.4993 50.6269
78.469 50.6317
78.4368 50.6353
78.4057 50.6394
78.3746 50.6436
78.5304 50.6226
82.2904 46.7937
79.4849 43.3276
137.029 35.35
62.871 -67.604
151.629 -30.4183
145.692 -31.5375
149.363 -35.315
151.082 -25.3691
159.061 -31.52
145.491 -37.5714
114.142 22.2776
116.168 40.0183
109.494 30.2762
102.74 25.1233
91.127 29.7031
129.593 44.6176
121.191 31.0948
87.7049 43.8138
108.924 34.0313
47.229 -19.018
58.5615 56.4293
72.4525 -7.4121
55.4792 -4.6737
178.053 -17.7448
80.7022 7.2728
56.2042 24.9453
110.535 -66.2792
159.947 -9.4387
126.624 37.4777
138.204 36.5457
166.757 -77.8492
172.923 1.3549
121.497 24.9735
128.867 71.6341
107.053 47.8651
127.364 36.3772
103.907 21.3252
118.388 24.4638
121.595 24.1738
120.954 23.7876
120.63 23.3005
121.08 22.8177
121.376 24.6695
121.297 23.3925
69.0432 34.5408
167.283 -77.5523
-141.848 -77.3231
161.973 -81.4755
-148.955 -81.6405
129.361 -86.9858
158.65 53.0233
142.76 46.9587
