-152.315 63.8827
-150.262 62.4058
-146.948 64.4091
-149.069 64.5928
-149.739 61.0889
-149.131 61.5922
-160.477 55.3493
133.904 -23.666
134.367 -19.855
-152.155 61.2655
97.5 31
103.758 30.91
94.8145 36.1984
99.8167 39.4
75.923 39.517
103.844 36.087
98.52 25.029
-121.368 43.8206
-121.149 43.751
-121.233 43.722
-121.253 43.739
-121.815 46.8997
-121.963 44.2098
-122.224 46.2375
-121.355 43.6727
-122.189 46.2142
36.5674 55.1146
-146.887 64.7714
-115.828 43.4151
35.8472 38.8522
37.2097 37.1722
74.3289 41.8544
75.9422 42.4922
71.8044 39.4833
77.1944 42.1272
72.5067 42.4894
78.4 42.5
70.2828 53.0581
81.977 46.808
-117.02 58.5561
-110.576 44.3951
-152.805 65.6571
-149.543 65.8251
-147.878 65.8371
-145.157 62.3987
-151.982 65.18
-149.36 65.1479
-142.076 64.0292
-154.854 62.1816
-141.827 63.0618
-154.391 61.9037
-146.175 62.1067
-155.89 60.6801
-154.484 60.8132
-144.598 61.6061
-155.208 59.8542
-154.32 60.1952
-149.724 60.4814
-147.434 65.1171
-117.306 44.8525
-112.813 40.195
-109.755 48.024
-119.533 46.3925
-114.414 43.5625
-117.123 48.2642
-123.869 47.3917
-116.249 36.9488
-118.637 42.4339
-118.274 47.8006
-121.651 45.3223
-119.333 48.3584
-121.803 47.4255
59.9431 49.2556
70.5115 43.1034
76.9658 43.2172
78.5634 50.7216
78.5566 50.7017
78.55 50.682
78.5366 50.6424
78.5239 50.6028
78.5172 50.5831
78.5108 50.5632
78.5043 50.5433
78.4977 50.5236
78.6862 50.6019
78.6551 50.6061
78.6242 50.6102
78.5927 50.6144
78.5615 50.6185
78.4993 50.6269
78.469 50.6317
78.4368 50.6353
78.4057 50.6394
78.3746 50.6436
78.5304 50.6226
82.2904 46.7937
-122.218 46.2753
-120.941 43.7921
-120.666 47.2545
-123.799 46.4218
-144.605 60.9677
-150.987 64.0997
-149.299 64.1732
-147.805 64.6453
-159.589 54.831
-143.093 60.7523
-145.775 61.1292
-144.07 63.6482
-143.812 61.4417
-147.096 60.8792
-145.923 61.4924
-148.458 61.4131
-150.923 63.5527
-143.024 61.3836
-148.937 63.7318
-148.232 64.9602
-150.744 65.0304
-168.855 52.9721
-145.47 62.9699
-152.189 62.8962
-142.467 61.1871
-148.333 60.8584
-148.86 63.4056
-148.332 61.807
-147.329 61.832
-143.99 63.9761
-151.532 61.98
-150.747 61.4636
-142.829 60.7541
-143.454 61.2275
-147.74 62.5808
-148.848 62.8331
-148.092 64.4716
98.9237 2.6938
-112.596 45.3625
-110.699 44.0827
-110.852 43.3624
-110.957 43.4897
128.059 -30.779
132.473 -12.6869
139.605 -20.5577
-120.387 38.0345
-116.863 36.4672
-115.924 35.4358
102.74 25.1233
91.127 29.7031
87.7049 43.8138
58.5615 56.4293
42.6863 43.9553
73.2686 33.6506
56.2042 24.9453
166.453 68.0653
-123.305 44.5855
146.255 -20.0882
44.741 40.148
150.77 59.5756
107.053 47.8651
129.68 62.031
103.773 1.3608
103.907 21.3252
-115.239 40.7448
69.0432 34.5408
78.6202 50.7154
-122.825 47.5641
-121.81 46.7506
-141.158 64.7774
-111.565 41.6069
23.1808 54.0125
77.8048 41.7291
