-70.2347 -27.5937
-70.7993 -30.1727
-71.9303 -35.0099
-71.0739 -28.2046
-71.0848 -34.3917
-70.6891 -30.8389
-71.2509 -33.8641
-71.1377 -33.2591
-70.7381 -33.3919
-70.9887 -33.7762
-71.6374 -33.0229
-70.5508 -32.7637
-78.8299 -33.6427
-71.6143 -33.6571
-61.7856 17.6685
-59.5588 13.1434
-79.8373 9.1665
-71.2878 18.9821
-87.273 14.057
-61.1463 14.735
-84.1114 10.0021
-52.6445 5.11011
-70.6749 -33.1436
-57.331 -26.3307
-67.1112 18.4675
-67.1096 18.0064
-66.5295 18.4771
-66.1068 17.9654
-68.9579 12.1803
-67.0442 17.9694
-60.8753 14.7745
-69.9169 18.4632
-66.754 18.3466
-66.6062 18.0428
-60.8588 14.447
-71.2817 18.1663
-70.7814 -34.7924
-84.9525 10.2908
-70.7005 -29.011
-68.9111 -22.6127
-78.4508 0.2376
-90.2861 -0.6742
-63.2426 17.6205
-62.9814 17.4928
-63.0746 18.05
-61.654 12.1324
-77.5345 18.226
-85.174 11.968
-86.6985 12.5
-84.3003 12.195
-61.066 14.518
