-88.7186 38.765
-88.6662 38.7301
-88.109 38.4907
-87.9108 38.4007
-87.6154 38.2538
-87.5649 38.238
-87.2862 38.1201
-86.9233 37.9298
-86.6141 37.7986
-88.7299 39.0224
-83.8183 40.7181
-81.0524 39.4555
-77.6398 37.8001
-81.3821 39.5715
-78.1437 38.1657
-78.4765 38.2965
-133.123 55.4689
-73.4779 -42.8324
-67.63 -54.9322
-72.5032 -51.6784
-109.435 -27.1603
-121.368 43.8206
-122.218 46.2753
-121.815 46.8997
-121.643 46.859
-121.963 44.2098
-122.217 46.1783
-121.355 43.6727
-121.664 44.2408
-122.189 46.2142
-121.817 44.0597
-128.113 52.1847
-122.134 56.0449
-125.365 50.0315
-130.027 58.4372
-57.5032 49.2562
-127.122 49.873
-94.0866 58.7616
-68.5451 63.7469
-75.4776 45.7032
-66.842 45.1184
-67.2715 49.5223
-82.5077 49.451
-115.09 67.8227
-64.8063 45.8544
-73.6228 45.5003
-123.988 49.2271
-125.498 48.961
-123.452 48.6498
-127.433 50.7067
-119.625 49.3224
-79.1411 44.7695
-66.8332 54.8324
-123.877 49.5985
-118.133 51.1685
-95.875 50.2503
-77.7572 48.1901
-113.911 49.0595
-114.484 62.4822
-114.61 62.5616
-16.9555 14.392
-99.1781 19.3297
-4.85653 6.67015
-118.155 38.4328
-103.668 29.334
-56.1395 72.7829
-74.5065 44.8399
-74.5657 40.6827
-74.0119 41.414
-114.283 47.7467
-91.4036 32.7032
-89.0573 32.6368
-84.7188 32.6686
-83.1066 32.6131
-95.8084 32.0015
-86.2677 31.9778
-82.4758 31.9263
-92.3249 31.3747
-90.7319 31.4527
-89.4649 31.3876
-84.9274 31.4793
-93.1898 30.7498
-85.7467 30.616
-82.0223 30.7248
-90.4894 30.0441
-84.4317 30.189
-97.8082 28.8553
-93.7261 48.3603
-97.0164 47.1355
-88.5657 47.0605
-69.0501 47.0819
-100.693 46.5748
-91.5542 46.6058
-86.9954 46.3758
-84.3062 46.3665
-69.5227 46.6201
-68.4623 46.422
-96.2929 45.8398
-93.5241 45.8618
-88.1347 45.7587
-69.9664 45.8968
-69.1029 45.703
-68.3496 45.8633
-90.2006 45.2684
-85.6571 45.0404
-70.5319 45.2186
-67.5632 45.2002
-87.7704 44.4697
-71.1559 44.5743
-93.4003 44.0149
-90.6177 43.8916
-88.9134 43.8908
-86.2348 44.0361
-82.8246 43.94
-71.3359 43.8743
-70.5809 44.0505
-84.8214 43.2382
-78.6392 43.2728
-77.8167 43.2657
-76.8579 43.276
-75.9968 43.4099
-75.2852 43.3603
-74.5041 43.4647
-72.5535 43.3462
-98.7547 42.6229
-92.7709 42.6472
-88.332 42.7044
-82.6231 42.7749
-76.5163 42.7313
-72.2345 42.6651
-96.3762 41.9666
-91.2218 42.0628
-89.667 42.004
-86.2955 42.0127
-84.4329 41.9438
-77.5591 42.1365
-75.0426 42.1902
-70.8391 41.9359
-88.0432 41.3882
-83.0428 41.4035
-81.357 41.5405
-78.7649 41.4686
-77.128 41.3372
-72.0464 41.4038
-97.4511 40.7371
-95.6424 40.8612
-93.235 40.7931
-90.8552 40.7077
-85.6942 40.8801
-84.1825 40.922
-82.3748 40.9183
-80.8377 40.8065
-76.7158 40.8396
-73.4677 40.9313
-88.4671 40.1526
-84.3353 40.188
-81.8361 40.1158
-80.3778 40.1821
-93.5321 39.6248
-92.0483 39.5298
-89.5213 39.6409
-87.2067 39.6178
-85.4258 39.4605
-81.3896 39.4868
-78.0126 39.4835
-74.7919 39.6734
-89.0169 38.9033
-83.3456 39.026
-82.2669 38.9622
-80.8338 38.9836
-79.1871 39.0401
-98.7111 38.4225
-92.2684 38.2909
-85.1714 38.2916
-84.3274 38.2816
-81.9522 38.3307
-80.1195 38.2825
-77.8787 37.9636
-75.339 38.3303
-93.3226 37.6909
-89.2551 37.6936
-83.5935 37.6392
-81.3114 37.7997
-78.9536 37.7605
-75.6727 37.6804
-96.5119 36.9162
-88.6459 37.0159
-87.1055 36.9881
-84.8384 37.0204
-79.2538 36.9983
-77.5541 36.9716
-76.7349 37.1397
-94.3857 36.4394
-85.7796 36.5129
-81.8204 36.5209
-80.3829 36.3472
-77.7925 36.3526
-86.8219 35.74
-84.3511 35.8033
-83.5959 35.8417
-82.8124 35.6694
-81.2149 35.8518
-76.5776 35.7912
-89.186 35.1568
-85.3119 35.2002
-83.9277 35.0935
-79.9928 35.1529
-87.0452 34.4517
-84.8574 34.5658
-79.3388 34.5548
-89.5431 33.8656
-86.4119 33.8577
-84.0626 33.864
-80.3915 34.017
-79.6665 33.9057
-97.253 33.3309
-94.9852 33.2599
-88.0696 33.1989
-85.1747 33.3167
-88.0991 38.7338
-89.6997 36.4137
-90.2364 38.6361
-92.3429 34.7751
-87.666 37.965
-99.0014 36.3795
-95.3713 34.5892
-76.72 40.23
-78.75 41.13
-77.87 40.79
-116.452 33.6125
-116.46 33.6056
-117.02 58.5561
-117.637 56.8554
-119.254 55.1833
-107.785 32.5324
-99.3939 28.3236
-99.6431 32.6238
-122.096 48.2641
-98.1502 41.4083
-120.894 47.9229
-123.089 47.5347
-122.771 47.1786
-123.011 46.0829
-121.46 45.8852
-123.264 45.2115
-121.317 45.2422
-122.738 44.5234
-110.576 44.3951
-123.847 44.1077
-123.349 43.6972
-122.411 43.7941
-123.931 43.1615
-122.109 43.2405
-121.235 43.2848
-123.665 42.6955
-123.603 42.158
-122.305 42.218
-87.9119 42.1782
-72.6802 42.4498
-122.854 41.392
-121.839 41.7826
-99.6029 47.8481
-122.705 40.974
-105.944 40.8947
-79.9892 40.9617
-75.7703 40.9168
-122.788 40.1766
-121.802 40.2946
-108.242 40.1348
-85.1553 40.2571
-78.5663 40.2683
-82.1325 39.6337
-75.6358 39.8113
-105.149 38.9641
-75.3256 38.8799
-106.829 37.7461
-92.8037 45.2246
-104.411 37.1388
-83.5898 31.4389
-95.7919 35.9104
-109.736 35.1181
-93.784 35.196
-92.2479 35.1736
-106.921 34.0739
-92.803 33.2577
-118.274 47.8006
-123.504 48.0575
-119.333 48.3584
-121.677 48.8528
-121.861 46.3899
-121.658 46.3447
-122.806 46.2639
-121.974 46.2538
-122.565 46.1591
-121.921 46.1842
-122.046 46.1174
-121.602 46.1525
-122.684 46.0197
-122.345 46.0153
-121.68 45.9816
-159.848 -79.4246
-151.526 -79.1504
177.335 -81.5937
-117.392 -84.5731
-143.628 -85.3066
-149.427 -87.4158
-155.022 -78.0297
-68.5525 -85.6124
-66.3959 -83.8714
129.361 -86.9858
-97.5606 -72.5301
-28.4207 -81.5784
-89.5321 39.1229
-89.2151 38.9878
-86.8248 37.8975
-80.8364 39.4048
-80.6398 39.3802
-74.3984 42.6968
-72.9918 43.9537
-75.6549 43.981
-8.21994 37.8395
-121.651 45.3223
-122.249 47.5563
-122.042 46.6238
-121.707 46.5029
-122.002 46.4256
-122.735 46.3737
-122.342 46.3059
-122.217 46.3501
-122.031 46.3529
-121.929 46.3417
-121.801 46.2977
-122.666 46.2162
-122.41 46.1959
-122.073 46.2482
-122.391 46.1127
-121.771 46.1447
-122.516 46.0624
-121.88 46.0781
-122.257 46.0412
-122.082 45.9926
-121.842 46.0007
-122.196 45.8314
-89.4338 39.0869
-88.8071 38.8009
-88.2679 38.5552
-87.5223 38.216
-87.0096 37.9931
-86.5226 37.7231
-79.4412 38.7199
-79.3004 38.5182
-78.5861 38.4047
-83.6352 40.6265
-78.3198 38.1591
-79.8367 38.8543
-73.6678 43.3843
-73.9602 40.7911
-73.4843 41.7261
-70.865 43.0927
-121.689 47.6947
-122.281 46.6209
-122.278 46.5232
-122.197 46.4633
-122.476 46.3381
-121.578 46.2707
-122.292 46.2311
-121.834 46.2294
-121.678 46.2193
-122.811 46.1937
-122.701 46.1388
-122.261 46.167
-122.056 46.1788
-121.751 46.0528
-122.084 45.8851
-122.107 45.8082
-2.8379 -71.6707
-98.5665 17.5627
-89.1286 38.9451
-88.9141 38.8615
-88.504 38.6782
-88.3116 38.5804
-78.0853 37.9908
-84.5478 41.136
-80.3295 39.1602
-79.5812 38.9441
-83.1818 40.4291
-121.529 45.4643
-80.1448 41.6492
-78.8551 42.9273
-75.7682 41.557
-75.606 39.9324
-78.6042 42.4062
-123.244 43.1187
-120.941 43.7921
-123.789 44.6213
-122.972 47.7172
-124.566 47.9475
-123.755 45.2135
-124.049 43.7516
-120.666 47.2545
-123.799 46.4218
-121.803 47.4255
-123.771 47.117
-122.226 46.7547
-122.157 46.552
-121.963 46.5533
-121.221 46.4769
-122.707 46.4392
-122.576 46.4521
-121.866 46.4619
-122.387 46.3904
-122.427 46.2795
-122.082 46.2798
-122.193 46.1184
-122.117 46.1527
-122.115 46.0743
-122.206 45.9321
-121.801 45.8987
-83.774 35.658
-116.667 33.4915
-116.737 33.5654
-116.422 32.892
-116.848 33.63
-117.171 33.4577
-116.613 33.5519
-117.248 32.841
-116.426 33.5234
-116.675 33.5736
-120.387 38.0345
-122.957 42.6071
-122.88 38.1448
-121.447 36.764
-122.541 40.5799
-117.434 34.5505
-118.83 35.1269
-119.104 35.3444
-116.672 32.68
-116.921 34.2623
-115.454 33.6552
-115.998 34.0006
-117.659 34.2388
-118.026 34.3334
-118.415 33.4019
-118.08 36.4399
-115.381 34.6375
-118.334 34.2535
-117.009 33.65
-118.455 34.1062
-117.994 34.8811
-118.294 33.7126
-116.863 36.4672
-114.827 33.0515
-115.66 34.7846
-116.806 35.3018
-116.335 34.8294
-116.109 32.6501
-115.145 34.1574
-118.474 35.6628
-117.682 35.4795
-118.836 37.6302
-119.814 34.8885
-117.195 33.6
-118.058 34.2236
-114.619 34.7676
-118.724 34.6145
-118.185 34.1714
-114.142 34.3034
-120.546 35.4077
-116.863 33.3536
-118.404 33.7435
-116.997 34.8753
-119.715 34.4408
-118.547 32.9799
-117.662 33.5526
-116.275 35.8996
-117.283 35.8909
-119.996 35.3142
-117.098 34.1065
-115.8 32.9451
-118.23 37.0542
-115.924 35.4358
-118.286 34.0192
-118.118 34.4837
-119.085 35.8409
-119.382 36.321
-117.33 34.5606
-75.0514 44.1651
-73.5883 44.835
-74.2231 43.9735
-74.1435 41.7546
-74.6056 41.0829
-73.9079 41.0056
-74.7029 40.3769
-9.1505 38.7185
-92.2687 37.154
-89.932 35.123
-90.4297 36.7785
-89.2174 37.7148
-116.596 33.5982
-116.531 33.5575
-116.621 33.375
-8.4124 40.208
-117.105 32.8889
-87.9811 38.4237
-87.6589 38.2793
-87.4597 38.1878
-87.3188 38.1424
-87.2098 38.0693
-77.2083 37.3315
-79.2454 38.6271
-79.3324 38.637
-79.0173 38.4913
-77.8439 37.8643
-75.9709 42.0893
-73.8852 40.8603
-75.3718 40.5987
-74.2244 41.145
-72.2255 41.7943
-122.986 44.1973
-116.562 33.3516
-106.965 33.937
-88.3896 38.3813
-122.706 48.7201
-115.585 38.3489
-141.848 -77.3231
-86.7694 -77.5286
-82.524 -79.7746
-7.5902 38.8672
-7.7173 37.4037
