133.904 -23.666
141.596 -31.8757
134.384 -19.7914
125.26 43.48
121.628 38.906
118.854 32.0517
123.578 41.8278
117.124 36.21
114.354 30.5428
-121.368 43.8206
-121.149 43.751
-121.233 43.722
-121.253 43.739
-121.815 46.8997
-122.224 46.2375
-121.355 43.6727
-121.664 44.2408
-121.145 43.6019
-118.155 38.4328
142.593 44.1188
147.409 -19.5774
-112.812 31.9559
-122.567 46.5566
-123.011 46.0829
-122.411 43.7941
-121.34 44.3386
-122.109 43.2405
-121.235 43.2848
-121.754 42.6246
-122.305 42.218
-118.637 42.4339
-53.2006 -82.8619
-148.955 -81.6405
-86.2349 -84.1863
-171.704 63.7758
-150.223 60.5117
116.709 -30.6147
145.692 -31.5375
143.175 -13.9574
128.059 -30.779
140.746 -27.741
132.473 -12.6869
128.763 -15.6769
138.216 -30.4472
147.366 -2.0432
116.04 -29.0679
131.133 -12.8436
134.059 -30.2818
135.688 -27.7944
119.846 -21.5725
119.836 -21.5767
119.847 -21.5628
119.855 -21.5781
119.822 -21.5689
119.861 -21.5548
119.855 -21.5933
119.809 -21.5336
119.901 -21.5625
119.828 -21.6215
119.83 -21.4547
119.963 -21.6173
119.78 -21.6432
139.605 -20.5577
144.235 -26.5837
152.164 -4.1912
128.296 -25.0375
-116.667 33.4915
-116.613 33.5519
-116.426 33.5234
-116.675 33.5736
-120.387 38.0345
-122.957 42.6071
-117.434 34.5505
-115.454 33.6552
-115.998 34.0006
-118.08 36.4399
-115.381 34.6375
-114.827 33.0515
-115.66 34.7846
-117.366 36.9961
-116.335 34.8294
-118.474 35.6628
-118.836 37.6302
-114.142 34.3034
-116.863 33.3536
-116.275 35.8996
-117.283 35.8909
-117.098 34.1065
-115.8 32.9451
-118.23 37.0542
-115.924 35.4358
-119.085 35.8409
-119.382 36.321
129.593 44.6176
119.752 -5.0142
134.36 -19.9336
146.255 -20.0882
125.579 7.0697
126.624 37.4777
150.77 59.5756
138.204 36.5457
119.731 -21.159
147.16 -9.4047
101.025 4.4795
103.847 1.7922
110.308 1.4733
100.649 5.2902
112.214 2.4529
-116.621 33.375
121.595 24.1738
120.954 23.7876
-116.602 33.4948
-116.562 33.3516
96.7558 -82.0104
-116.249 36.9488
-117.392 -84.5731
-119.474 -80.017
-120.727 -76.1544
142.76 46.9587
