-116.667 33.4915
-116.737 33.5654
-116.602 33.4947
-116.562 33.3516
-116.848 33.63
-116.613 33.5519
-116.675 33.5736
-57.5032 49.2562
-111.565 41.6069
-80.421 37.2113
-109.558 42.7667
-118.118 34.4837
-81.4327 28.1103
-74.2236 43.9708
-75.9861 42.1993
-79.8456 39.6581
-74.566 40.6828
-112.813 40.195
-116.806 35.3018
-35.9014 -5.8274
-114.827 33.0515
-89.2174 37.7148
-71.9259 44.2401
-84.1114 10.0021
-118.23 37.0542
-111.1 42.7654
-99.8022 30.4794
-117.283 35.8909
-93.5765 34.5454
-90.2481 42.9142
-116.863 33.3536
-118.474 35.6628
-110.4 44.5652
-117.098 34.1065
5.52838 22.7915
-95.8384 29.9618
-91.4953 47.9462
-89.4092 34.5118
-92.3429 34.7751
-118.836 37.6302
-2.8379 -71.6707
-118.026 34.3334
-118.08 36.4399
-115.381 34.6375
-70.634 8.8839
17.5838 -19.2022
-106.457 34.9459
-66.15 18.1091
-110.785 32.3098
-64.0489 -64.7744
-88.0755 34.9824
-77.8876 40.6358
-116.455 33.6092
-117.489 36.058
-90.2364 38.6361
-89.932 35.123
