10972756 0.07793568701823832
10953779 0.05131476105661099
10394345 0.08248872371183422
10087356 0.14259456151326816
9953968 0.29157192636909696
9376197 0.05254021973385471
5183873 0.09072178989662433
5166216 0.22578207942406606
5149896 0.093584797756363
5007016 0.3078345054136533
4225091 0.17685468524363926
3335575 0.188766557445251
3321489 0.08403733947138659
3282255 0.25160626038796696
3275804 0.201844557392743
3207524 0.071523545960567
2878496 0.07377586959296753
2876688 0.08434820382804599
2876682 0.05512161786236969
2841295 0.061750938904196
2841270 0.40734664103838436
2728435 1.24951294350383
2647592 0.636654334434092
2425804 0.064519208788926
2429309 0.182250377973562
2210432 0.06508145762796799
2186449 0.06417501723364134
2186707 0.35243878182940247
2188466 0.48577468873474605
2115376 0.07749787473071514
2009482 0.23256456195896064
1660728 0.12369284098107793
1547900 0.220828961207042
1441973 0.331185693868901
1449061 0.512733780902466
1388787 0.061280580699134335
1097023 0.133966194379851
883990 0.14332658967560682
945196 0.053150056659833
907306 0.47577959171713524
