 v10972756 2197805.5498253056 1.72e+19 -17.8735 -178.9273 540.0 6.8 0.11205888402303972 0.021260937163377375 0.026239325603853184 1028633.3741866364 1933621.2284456505 15.07205300788774
10953779 4613626.461139143 1.27e+19 -18.3604 -178.0633 550.0 6.7 0.15961408740969835 0.016837352075243534 0.01882294464564105 1311443.6395446765 1832276.225934226 10.63930150251146
10944928 9945532221.32287 8.52e+20 -18.4743 179.3502 670.81 7.9 0.5656266600910101 0.05326157791058561 0.058798246548216304 2553276372.574318 3435174992.9866447 3.346544013036101
10447967 2347741.7014635643 1.52e+19 -7.2168 123.0735 553.81 6.7 0.12027034213170767 0.005722016862482221 0.006007847990065984 319400.9924395012 369696.7802809966 14.148935834376156
9953968 307787479.64899623 1e+20 4.4782 122.6171 627.17 7.3 0.3355067260927345 0.02031752316007346 0.021627218236932866 52598889.9226833 63440453.11352116 5.2188606721797095
9376197 2466230.639172139 2.99e+19 -19.7819 -178.2443 596.4 6.9 0.0998291915618404 0.010426699377113616 0.011642728787972415 694858.1207213986 967430.8308110638 17.439680285515703
5166216 77540325.14058053 2.62e+20 -10.5372 -70.9437 606.21 7.6 0.15325627432548122 0.015051016306138781 0.01669012248121604 20675131.131397195 28192225.81028697 11.39157858018895
5007016 44201885.72281638 3.6e+19 -7.2968 122.5348 552.06 7.0 0.23980422960167874 0.026073945406208582 0.029254826541537937 12907353.034371633 18230959.04608302 7.08946158465963
4813335 328237754.8921614 5.74e+19 -19.6903 -177.7587 434.0 7.1 0.37481542085779207 0.05291183779806363 0.06160904629930958 120309449.49966392 189921730.5769782 4.2452226441443655
4725571 123476924.32295045 2.95e+19 -19.8015 -178.4001 615.42 6.9 0.3711003394607985 0.022587307875374885 0.024051202854383558 21202083.118881494 25597380.371732026 4.710547889700719
4225091 1078000.8059566198 7.299999999999998e+18 29.9377 138.8325 402.0 6.5 0.10873239870191896 0.006807053820026943 0.007261660883289139 190050.32326815638 230727.28226363054 14.362408579628237
3322252 147751711.8380419 1.19e+20 -21.611 -179.528 644.8 7.3 0.24851268229668053 0.03656481985557036 0.04287290919259676 56092952.7305564 90420488.654785 7.063134870133126
3321489 206895.3909736474 1.37e+19 -28.398000000000003 -63.028999999999996 578.9 6.7 0.05616089015829162 0.004874421547804653 0.00533770135765381 49331.29709153614 64776.29355471596 30.712554219465883
3275804 25040549.796834156 7.39e+18 26.97300000000001 139.882 512.0 6.4 0.3290531200497576 0.02412589983377278 0.026034745631064893 5113894.654446028 6426303.503291979 5.054282882193946
3207531 93419030.04441969 4.35e+19 -26.803 -63.136 576.8 7.0 0.2928090646815541 0.011588050023332908 0.012065549556952382 10658147.28950192 12030729.358027235 5.884063083476446
3202775 146817728.269422 1.9e+19 28.349 139.187 470.0 6.8 0.4230294877245175 0.03177080363482121 0.034350641488007316 30657208.79654233 38748292.19957614 3.8398805925742447
2876682 5889481.478036717 3.64e+20 6.497000000000001 123.48 578.0 7.6 0.057438975022514695 0.006405551242184837 0.007209555435453742 1758805.4629366724 2507689.3369436506 30.014708293875838
2844629 349449997.6179953 2.61e+19 42.586999999999996 130.703 577.7 6.9 0.5391710617937425 0.052832860614163646 0.058572305210342956 92989506.44669434 126706389.1903376 3.197013775675163
2839291 4208950.293327863 1.79e+19 4.079 122.37100000000001 574.0 6.8 0.1398699578315337 0.008985467127634678 0.009602336392034061 760173.978346766 927730.3590970552 12.299452052970821
2860926 764027196.7752264 1.11e+20 54.203 154.322 492.3 7.3 0.4121827245464961 0.03807981061628335 0.04195594181595241 192794925.78010738 257864574.84213436 3.9908377591755206
2334570 35657089.04439533 2.26e+19 -26.052 -63.283 572.0 6.8 0.26353033957401856 0.011058154104949647 0.011542495665116559 4302967.398952611 4893496.728583559 6.5209900415178765
2188466 130657354.38939472 6.94e+19 -19.926 -178.178 582.9 7.2 0.2811535214103955 0.02724232523743292 0.03016517501927768 34418857.2615677 46728460.70039402 6.148009867807715
1833055 281260378.70812756 4.8e+19 -17.656 -178.76 565.5 7.1 0.4066827857036685 0.04250169004225468 0.04746184222469341 79287347.9130972 110412709.12764609 4.210854602652909
1388787 12727939.861670751 4.26e+20 -23.884 178.495 675.4 7.7 0.0775464730120082 0.009104985866524626 0.010316250716065331 3977492.0736162663 5785450.200888045 24.464885110215082
1388755 270152926.554575 3.4599999999999993e+20 -21.695999999999998 -179.513 580.0 7.7 0.2093424015917016 0.016511193827060122 0.017924966653331542 59013161.2850101 75507227.19630063 8.24419318244992
1039338 14615153.797676323 7.62e+18 -21.178 -179.12400000000005 628.2 6.6 0.2866132526400261 0.017689049408571966 0.01885258346470753 2542457.9809655733 3077888.731736934 6.110028175641644
883990 5294616.791275039 5.83e+18 -17.914 -178.52200000000005 515.8 6.5 0.2126029533616439 0.02030564820990724 0.022449824639728583 1376780.8386570918 1860600.3504022742 7.839181020053881
945196 55755376.48205627 3.08e+19 -28.307 -62.99 608.5 7.0 0.2803674708069433 0.01165467012028859 0.012160159011274263 6668098.801181845 7573904.617332175 6.228937984656452
