15.00 3.1910 5.7933
60.00 4.3919 7.9725
80.00 4.3964 7.9498
100.00 4.3204 7.8673
160.00 4.3339 7.7983
200.00 4.3430 7.7523
265.00 4.6203 8.6056
355.00 4.6825 8.7785
450.00 5.0185 9.3465
500.00 5.1627 9.6012
600.00 5.4510 10.1105
670.00 5.9129 10.7274
871.00 6.2768 11.2192
971.00 6.3436 11.3897
1071.00 6.4075 11.5523
1471.00 6.6371 12.1347
1771.00 6.7882 12.5177
2171.00 6.9726 12.9884
2771.00 7.2265 13.6595
2871.00 7.2256 13.6837
2891.00 0.0000 8.0646
2891.00 7.2254 13.6886
2971.00 0.0000 8.1991
